Year,Month,DOT_ID_Reporting_Airline,Reporting_Airline,OriginAirportID,DestAirportID,Origin,Dest,flights,cancelled,diverted,cancelled_and_diverted,delay_observed,delay_missing_eligible,delayed_15,delayed_60,arrival_delay_sum,cancellation_rate,diversion_rate,delay_15_rate,delay_60_rate,mean_arrival_delay
2023,1,19393,WN,10397,10821,ATL,BWI,163,2,0,0,161,0,19,10,7.0,0.012269938650306749,0.0,0.11801242236024845,0.062111801242236024,0.043478260869565216
2023,1,19393,WN,10397,11278,ATL,DCA,120,2,1,0,117,0,18,7,290.0,0.016666666666666666,0.008333333333333333,0.15384615384615385,0.05982905982905983,2.4786324786324787
2023,1,19393,WN,10397,11292,ATL,DEN,100,4,0,0,96,0,19,6,592.0,0.04,0.0,0.19791666666666666,0.0625,6.166666666666667
2023,1,19393,WN,10397,11697,ATL,FLL,101,1,0,0,100,0,14,3,-145.0,0.009900990099009901,0.0,0.14,0.03,-1.45
2023,1,19393,WN,10397,12889,ATL,LAS,35,0,0,0,35,0,4,1,-69.0,0.0,0.0,0.11428571428571428,0.02857142857142857,-1.9714285714285715
2023,1,19393,WN,10397,12953,ATL,LGA,116,2,1,0,113,0,25,13,1179.0,0.017241379310344827,0.008620689655172414,0.22123893805309736,0.11504424778761062,10.43362831858407
2023,1,19393,WN,10397,13204,ATL,MCO,128,2,0,0,126,0,23,10,634.0,0.015625,0.0,0.18253968253968253,0.07936507936507936,5.031746031746032
2023,1,19393,WN,10397,13232,ATL,MDW,151,5,1,0,145,0,28,8,644.0,0.033112582781456956,0.006622516556291391,0.19310344827586207,0.05517241379310345,4.441379310344828
2023,1,19393,WN,10397,13303,ATL,MIA,62,0,0,0,62,0,8,3,25.0,0.0,0.0,0.12903225806451613,0.04838709677419355,0.4032258064516129
2023,1,19393,WN,10397,14100,ATL,PHL,35,0,0,0,35,0,12,5,570.0,0.0,0.0,0.34285714285714286,0.14285714285714285,16.285714285714285
2023,1,19393,WN,10397,14107,ATL,PHX,35,0,0,0,35,0,1,1,-72.0,0.0,0.0,0.02857142857142857,0.02857142857142857,-2.057142857142857
2023,1,19393,WN,10397,14635,ATL,RSW,35,0,0,0,35,0,9,3,350.0,0.0,0.0,0.2571428571428571,0.08571428571428572,10.0
2023,1,19393,WN,10397,15016,ATL,STL,89,1,0,0,88,0,10,3,13.0,0.011235955056179775,0.0,0.11363636363636363,0.03409090909090909,0.14772727272727273
2023,1,19393,WN,10397,15304,ATL,TPA,124,2,0,0,122,0,20,10,746.0,0.016129032258064516,0.0,0.16393442622950818,0.08196721311475409,6.114754098360656
2023,1,19393,WN,10721,10821,BOS,BWI,179,2,0,0,177,0,23,9,-168.0,0.0111731843575419,0.0,0.12994350282485875,0.05084745762711865,-0.9491525423728814
2023,1,19393,WN,10721,11292,BOS,DEN,31,0,0,0,31,0,6,2,-19.0,0.0,0.0,0.1935483870967742,0.06451612903225806,-0.6129032258064516
2023,1,19393,WN,10721,13204,BOS,MCO,4,0,0,0,4,0,0,0,-3.0,0.0,0.0,0.0,0.0,-0.75
2023,1,19393,WN,10721,13232,BOS,MDW,93,6,1,0,86,0,11,3,-171.0,0.06451612903225806,0.010752688172043012,0.12790697674418605,0.03488372093023256,-1.9883720930232558
2023,1,19393,WN,10721,15016,BOS,STL,54,0,0,0,54,0,11,4,83.0,0.0,0.0,0.2037037037037037,0.07407407407407407,1.537037037037037
2023,1,19393,WN,10821,10397,BWI,ATL,163,1,0,0,162,0,42,12,1353.0,0.006134969325153374,0.0,0.25925925925925924,0.07407407407407407,8.351851851851851
2023,1,19393,WN,10821,10721,BWI,BOS,179,5,0,0,174,0,32,6,200.0,0.027932960893854747,0.0,0.1839080459770115,0.034482758620689655,1.1494252873563218
2023,1,19393,WN,10821,11292,BWI,DEN,121,4,0,0,117,0,26,7,-41.0,0.03305785123966942,0.0,0.2222222222222222,0.05982905982905983,-0.3504273504273504
2023,1,19393,WN,10821,11433,BWI,DTW,66,0,0,0,66,0,12,4,469.0,0.0,0.0,0.18181818181818182,0.06060606060606061,7.106060606060606
2023,1,19393,WN,10821,11697,BWI,FLL,247,0,0,0,247,0,59,12,1801.0,0.0,0.0,0.2388663967611336,0.048582995951417005,7.291497975708502
2023,1,19393,WN,10821,12889,BWI,LAS,93,0,1,0,92,0,15,4,-172.0,0.0,0.010752688172043012,0.16304347826086957,0.043478260869565216,-1.8695652173913044
2023,1,19393,WN,10821,12892,BWI,LAX,35,0,0,0,35,0,7,1,-38.0,0.0,0.0,0.2,0.02857142857142857,-1.0857142857142856
2023,1,19393,WN,10821,13204,BWI,MCO,291,6,0,0,285,0,58,12,600.0,0.020618556701030927,0.0,0.20350877192982456,0.042105263157894736,2.1052631578947367
2023,1,19393,WN,10821,13232,BWI,MDW,172,7,1,0,164,0,29,9,703.0,0.040697674418604654,0.005813953488372093,0.17682926829268292,0.054878048780487805,4.286585365853658
2023,1,19393,WN,10821,13303,BWI,MIA,124,0,0,0,124,0,29,9,639.0,0.0,0.0,0.23387096774193547,0.07258064516129033,5.153225806451613
2023,1,19393,WN,10821,13487,BWI,MSP,23,0,0,0,23,0,5,2,326.0,0.0,0.0,0.21739130434782608,0.08695652173913043,14.173913043478262
2023,1,19393,WN,10821,13930,BWI,ORD,88,3,0,0,85,0,13,7,75.0,0.03409090909090909,0.0,0.15294117647058825,0.08235294117647059,0.8823529411764706
2023,1,19393,WN,10821,14107,BWI,PHX,70,0,0,0,70,0,19,3,449.0,0.0,0.0,0.2714285714285714,0.04285714285714286,6.414285714285715
2023,1,19393,WN,10821,14635,BWI,RSW,132,1,0,0,131,0,25,8,669.0,0.007575757575757576,0.0,0.19083969465648856,0.061068702290076333,5.106870229007634
2023,1,19393,WN,10821,14679,BWI,SAN,31,0,0,0,31,0,6,2,-22.0,0.0,0.0,0.1935483870967742,0.06451612903225806,-0.7096774193548387
2023,1,19393,WN,10821,14869,BWI,SLC,9,0,0,0,9,0,1,0,-41.0,0.0,0.0,0.1111111111111111,0.0,-4.555555555555555
2023,1,19393,WN,10821,15016,BWI,STL,89,2,0,0,87,0,17,4,167.0,0.02247191011235955,0.0,0.19540229885057472,0.04597701149425287,1.9195402298850575
2023,1,19393,WN,10821,15304,BWI,TPA,226,1,0,0,225,0,52,20,1817.0,0.004424778761061947,0.0,0.2311111111111111,0.08888888888888889,8.075555555555555
2023,1,19393,WN,11278,10397,DCA,ATL,120,3,0,0,117,0,14,5,-394.0,0.025,0.0,0.11965811965811966,0.042735042735042736,-3.3675213675213675
2023,1,19393,WN,11278,11697,DCA,FLL,70,1,0,0,69,0,18,7,603.0,0.014285714285714285,0.0,0.2608695652173913,0.10144927536231885,8.73913043478261
2023,1,19393,WN,11278,13204,DCA,MCO,82,0,0,0,82,0,10,3,-30.0,0.0,0.0,0.12195121951219512,0.036585365853658534,-0.36585365853658536
2023,1,19393,WN,11278,13232,DCA,MDW,178,8,0,0,170,0,19,10,-65.0,0.0449438202247191,0.0,0.11176470588235295,0.058823529411764705,-0.38235294117647056
2023,1,19393,WN,11278,14635,DCA,RSW,4,0,0,0,4,0,0,0,-71.0,0.0,0.0,0.0,0.0,-17.75
2023,1,19393,WN,11278,15016,DCA,STL,116,3,0,0,113,0,12,4,-667.0,0.02586206896551724,0.0,0.10619469026548672,0.035398230088495575,-5.902654867256637
2023,1,19393,WN,11278,15304,DCA,TPA,66,1,0,0,65,0,13,4,214.0,0.015151515151515152,0.0,0.2,0.06153846153846154,3.292307692307692
2023,1,19393,WN,11292,10397,DEN,ATL,100,4,0,0,96,0,24,8,890.0,0.04,0.0,0.25,0.08333333333333333,9.270833333333334
2023,1,19393,WN,11292,10721,DEN,BOS,31,0,0,0,31,0,19,4,982.0,0.0,0.0,0.6129032258064516,0.12903225806451613,31.677419354838708
2023,1,19393,WN,11292,10821,DEN,BWI,121,4,0,0,117,0,41,19,2502.0,0.03305785123966942,0.0,0.3504273504273504,0.1623931623931624,21.384615384615383
2023,1,19393,WN,11292,11433,DEN,DTW,31,1,0,0,30,0,14,2,697.0,0.03225806451612903,0.0,0.4666666666666667,0.06666666666666667,23.233333333333334
2023,1,19393,WN,11292,11697,DEN,FLL,39,2,0,0,37,0,14,4,802.0,0.05128205128205128,0.0,0.3783783783783784,0.10810810810810811,21.675675675675677
2023,1,19393,WN,11292,12266,DEN,IAH,94,7,0,0,87,0,26,7,1066.0,0.07446808510638298,0.0,0.2988505747126437,0.08045977011494253,12.25287356321839
2023,1,19393,WN,11292,12889,DEN,LAS,360,20,1,0,339,0,98,42,4132.0,0.05555555555555555,0.002777777777777778,0.2890855457227139,0.12389380530973451,12.188790560471977
2023,1,19393,WN,11292,12892,DEN,LAX,174,9,1,0,164,0,45,14,1459.0,0.05172413793103448,0.005747126436781609,0.27439024390243905,0.08536585365853659,8.896341463414634
2023,1,19393,WN,11292,12953,DEN,LGA,116,6,0,0,110,0,40,19,2183.0,0.05172413793103448,0.0,0.36363636363636365,0.17272727272727273,19.845454545454544
2023,1,19393,WN,11292,13204,DEN,MCO,127,8,0,0,119,0,36,17,1960.0,0.06299212598425197,0.0,0.3025210084033613,0.14285714285714285,16.470588235294116
2023,1,19393,WN,11292,13232,DEN,MDW,239,20,2,0,217,0,68,16,2163.0,0.08368200836820083,0.008368200836820083,0.31336405529953915,0.07373271889400922,9.96774193548387
2023,1,19393,WN,11292,13303,DEN,MIA,12,0,0,0,12,0,6,2,456.0,0.0,0.0,0.5,0.16666666666666666,38.0
2023,1,19393,WN,11292,13487,DEN,MSP,174,17,0,0,157,0,46,14,1806.0,0.09770114942528736,0.0,0.2929936305732484,0.08917197452229299,11.503184713375797
2023,1,19393,WN,11292,13796,DEN,OAK,151,8,0,0,143,0,33,7,1099.0,0.052980132450331126,0.0,0.23076923076923078,0.04895104895104895,7.685314685314685
2023,1,19393,WN,11292,13930,DEN,ORD,170,14,1,0,155,0,34,14,307.0,0.08235294117647059,0.0058823529411764705,0.21935483870967742,0.09032258064516129,1.9806451612903226
2023,1,19393,WN,11292,14100,DEN,PHL,31,1,0,0,30,0,10,2,317.0,0.03225806451612903,0.0,0.3333333333333333,0.06666666666666667,10.566666666666666
2023,1,19393,WN,11292,14107,DEN,PHX,371,23,0,0,348,0,87,30,3688.0,0.06199460916442048,0.0,0.25,0.08620689655172414,10.597701149425287
2023,1,19393,WN,11292,14635,DEN,RSW,5,0,0,0,5,0,3,1,310.0,0.0,0.0,0.6,0.2,62.0
2023,1,19393,WN,11292,14679,DEN,SAN,175,9,0,0,166,0,59,21,2528.0,0.05142857142857143,0.0,0.35542168674698793,0.12650602409638553,15.228915662650602
2023,1,19393,WN,11292,14747,DEN,SEA,97,4,0,0,93,0,24,6,881.0,0.041237113402061855,0.0,0.25806451612903225,0.06451612903225806,9.473118279569892
2023,1,19393,WN,11292,14771,DEN,SFO,93,5,0,0,88,0,34,21,2580.0,0.053763440860215055,0.0,0.38636363636363635,0.23863636363636365,29.318181818181817
2023,1,19393,WN,11292,14869,DEN,SLC,225,7,0,0,218,0,73,26,3895.0,0.03111111111111111,0.0,0.3348623853211009,0.11926605504587157,17.86697247706422
2023,1,19393,WN,11292,15016,DEN,STL,151,7,0,0,144,0,47,16,2277.0,0.046357615894039736,0.0,0.3263888888888889,0.1111111111111111,15.8125
2023,1,19393,WN,11292,15304,DEN,TPA,93,7,0,0,86,0,28,7,1025.0,0.07526881720430108,0.0,0.32558139534883723,0.08139534883720931,11.918604651162791
2023,1,19393,WN,11433,10821,DTW,BWI,66,1,0,0,65,0,11,3,80.0,0.015151515151515152,0.0,0.16923076923076924,0.046153846153846156,1.2307692307692308
2023,1,19393,WN,11433,11292,DTW,DEN,31,1,0,0,30,0,7,2,73.0,0.03225806451612903,0.0,0.23333333333333334,0.06666666666666667,2.433333333333333
2023,1,19393,WN,11433,13204,DTW,MCO,4,0,0,0,4,0,0,0,-25.0,0.0,0.0,0.0,0.0,-6.25
2023,1,19393,WN,11433,13232,DTW,MDW,90,4,0,0,86,0,12,7,3.0,0.044444444444444446,0.0,0.13953488372093023,0.08139534883720931,0.03488372093023256
2023,1,19393,WN,11433,14107,DTW,PHX,4,0,0,0,4,0,1,0,-53.0,0.0,0.0,0.25,0.0,-13.25
2023,1,19393,WN,11433,15016,DTW,STL,53,1,0,0,52,0,17,5,437.0,0.018867924528301886,0.0,0.3269230769230769,0.09615384615384616,8.403846153846153
2023,1,19393,WN,11697,10397,FLL,ATL,101,0,0,0,101,0,29,10,1376.0,0.0,0.0,0.2871287128712871,0.09900990099009901,13.623762376237623
2023,1,19393,WN,11697,10821,FLL,BWI,247,4,0,0,243,0,41,14,1438.0,0.016194331983805668,0.0,0.16872427983539096,0.05761316872427984,5.917695473251029
2023,1,19393,WN,11697,11278,FLL,DCA,70,1,0,0,69,0,12,4,833.0,0.014285714285714285,0.0,0.17391304347826086,0.057971014492753624,12.072463768115941
2023,1,19393,WN,11697,11292,FLL,DEN,39,1,0,0,38,0,6,1,118.0,0.02564102564102564,0.0,0.15789473684210525,0.02631578947368421,3.1052631578947367
2023,1,19393,WN,11697,13204,FLL,MCO,57,0,1,0,56,0,13,4,436.0,0.0,0.017543859649122806,0.23214285714285715,0.07142857142857142,7.785714285714286
2023,1,19393,WN,11697,13232,FLL,MDW,120,2,0,0,118,0,37,8,1859.0,0.016666666666666666,0.0,0.3135593220338983,0.06779661016949153,15.754237288135593
2023,1,19393,WN,11697,14100,FLL,PHL,4,0,0,0,4,0,0,0,-28.0,0.0,0.0,0.0,0.0,-7.0
2023,1,19393,WN,11697,14107,FLL,PHX,4,0,0,0,4,0,1,0,29.0,0.0,0.0,0.25,0.0,7.25
2023,1,19393,WN,11697,15016,FLL,STL,44,1,0,0,43,0,12,4,362.0,0.022727272727272728,0.0,0.27906976744186046,0.09302325581395349,8.418604651162791
2023,1,19393,WN,11697,15304,FLL,TPA,62,0,0,0,62,0,15,7,727.0,0.0,0.0,0.24193548387096775,0.11290322580645161,11.725806451612904
2023,1,19393,WN,12173,12889,HNL,LAS,31,0,0,0,31,0,0,0,-613.0,0.0,0.0,0.0,0.0,-19.774193548387096
2023,1,19393,WN,12173,12892,HNL,LAX,31,0,0,0,31,0,6,1,13.0,0.0,0.0,0.1935483870967742,0.03225806451612903,0.41935483870967744
2023,1,19393,WN,12173,13796,HNL,OAK,62,0,0,0,62,0,9,1,-433.0,0.0,0.0,0.14516129032258066,0.016129032258064516,-6.983870967741935
2023,1,19393,WN,12173,14107,HNL,PHX,31,0,0,0,31,0,3,0,-404.0,0.0,0.0,0.0967741935483871,0.0,-13.03225806451613
2023,1,19393,WN,12173,14679,HNL,SAN,62,0,0,0,62,0,4,1,-369.0,0.0,0.0,0.06451612903225806,0.016129032258064516,-5.951612903225806
2023,1,19393,WN,12266,11292,IAH,DEN,94,7,0,0,87,0,17,5,25.0,0.07446808510638298,0.0,0.19540229885057472,0.05747126436781609,0.28735632183908044
2023,1,19393,WN,12266,12889,IAH,LAS,53,1,1,0,51,0,15,4,576.0,0.018867924528301886,0.018867924528301886,0.29411764705882354,0.0784313725490196,11.294117647058824
2023,1,19393,WN,12266,13204,IAH,MCO,36,0,0,0,36,0,4,2,-51.0,0.0,0.0,0.1111111111111111,0.05555555555555555,-1.4166666666666667
2023,1,19393,WN,12266,13232,IAH,MDW,62,2,1,0,59,0,12,6,533.0,0.03225806451612903,0.016129032258064516,0.2033898305084746,0.1016949152542373,9.033898305084746
2023,1,19393,WN,12889,10397,LAS,ATL,35,0,0,0,35,0,13,2,428.0,0.0,0.0,0.37142857142857144,0.05714285714285714,12.228571428571428
2023,1,19393,WN,12889,10821,LAS,BWI,92,0,0,0,92,0,29,6,937.0,0.0,0.0,0.31521739130434784,0.06521739130434782,10.184782608695652
2023,1,19393,WN,12889,11292,LAS,DEN,359,21,0,0,338,0,92,30,2897.0,0.0584958217270195,0.0,0.27218934911242604,0.08875739644970414,8.571005917159763
2023,1,19393,WN,12889,12173,LAS,HNL,31,0,0,0,31,0,14,3,701.0,0.0,0.0,0.45161290322580644,0.0967741935483871,22.612903225806452
2023,1,19393,WN,12889,12266,LAS,IAH,53,0,0,0,53,0,11,6,1020.0,0.0,0.0,0.20754716981132076,0.11320754716981132,19.245283018867923
2023,1,19393,WN,12889,12892,LAS,LAX,269,5,0,0,264,0,80,29,4384.0,0.01858736059479554,0.0,0.30303030303030304,0.10984848484848485,16.606060606060606
2023,1,19393,WN,12889,13204,LAS,MCO,9,0,0,0,9,0,0,0,-26.0,0.0,0.0,0.0,0.0,-2.888888888888889
2023,1,19393,WN,12889,13232,LAS,MDW,210,4,4,0,202,0,40,14,1301.0,0.01904761904761905,0.01904761904761905,0.19801980198019803,0.06930693069306931,6.4405940594059405
2023,1,19393,WN,12889,13796,LAS,OAK,324,3,0,0,321,0,103,29,4961.0,0.009259259259259259,0.0,0.32087227414330216,0.09034267912772585,15.454828660436137
2023,1,19393,WN,12889,13930,LAS,ORD,62,0,0,0,62,0,5,3,-338.0,0.0,0.0,0.08064516129032258,0.04838709677419355,-5.451612903225806
2023,1,19393,WN,12889,14107,LAS,PHX,332,10,0,0,322,0,69,12,752.0,0.030120481927710843,0.0,0.21428571428571427,0.037267080745341616,2.3354037267080745
2023,1,19393,WN,12889,14679,LAS,SAN,367,8,0,0,359,0,124,25,5117.0,0.021798365122615803,0.0,0.34540389972144847,0.06963788300835655,14.253481894150418
2023,1,19393,WN,12889,14747,LAS,SEA,66,0,0,0,66,0,13,4,295.0,0.0,0.0,0.19696969696969696,0.06060606060606061,4.46969696969697
2023,1,19393,WN,12889,14771,LAS,SFO,103,4,0,0,99,0,45,13,2097.0,0.038834951456310676,0.0,0.45454545454545453,0.13131313131313133,21.181818181818183
2023,1,19393,WN,12889,14869,LAS,SLC,150,1,0,0,149,0,37,9,1195.0,0.006666666666666667,0.0,0.2483221476510067,0.06040268456375839,8.020134228187919
2023,1,19393,WN,12889,15016,LAS,STL,93,0,0,0,93,0,26,6,894.0,0.0,0.0,0.27956989247311825,0.06451612903225806,9.612903225806452
2023,1,19393,WN,12889,15304,LAS,TPA,5,0,0,0,5,0,1,1,66.0,0.0,0.0,0.2,0.2,13.2
2023,1,19393,WN,12892,10821,LAX,BWI,35,0,0,0,35,0,7,1,-10.0,0.0,0.0,0.2,0.02857142857142857,-0.2857142857142857
2023,1,19393,WN,12892,11292,LAX,DEN,174,5,1,0,168,0,21,4,-586.0,0.028735632183908046,0.005747126436781609,0.125,0.023809523809523808,-3.488095238095238
2023,1,19393,WN,12892,12173,LAX,HNL,31,0,0,0,31,0,11,1,229.0,0.0,0.0,0.3548387096774194,0.03225806451612903,7.387096774193548
2023,1,19393,WN,12892,12889,LAX,LAS,270,5,0,0,265,0,73,30,4081.0,0.018518518518518517,0.0,0.27547169811320754,0.11320754716981132,15.4
2023,1,19393,WN,12892,13232,LAX,MDW,96,1,2,0,93,0,15,4,-73.0,0.010416666666666666,0.020833333333333332,0.16129032258064516,0.043010752688172046,-0.7849462365591398
2023,1,19393,WN,12892,13796,LAX,OAK,242,4,0,0,238,0,44,12,1117.0,0.01652892561983471,0.0,0.18487394957983194,0.05042016806722689,4.69327731092437
2023,1,19393,WN,12892,14107,LAX,PHX,178,1,0,0,177,0,36,11,901.0,0.0056179775280898875,0.0,0.2033898305084746,0.062146892655367235,5.090395480225989
2023,1,19393,WN,12892,14771,LAX,SFO,131,2,0,0,129,0,40,13,1729.0,0.015267175572519083,0.0,0.31007751937984496,0.10077519379844961,13.4031007751938
2023,1,19393,WN,12892,14869,LAX,SLC,35,0,0,0,35,0,8,2,281.0,0.0,0.0,0.22857142857142856,0.05714285714285714,8.028571428571428
2023,1,19393,WN,12892,15016,LAX,STL,31,0,0,0,31,0,5,0,-267.0,0.0,0.0,0.16129032258064516,0.0,-8.612903225806452
2023,1,19393,WN,12953,10397,LGA,ATL,116,1,0,0,115,0,20,8,-101.0,0.008620689655172414,0.0,0.17391304347826086,0.06956521739130435,-0.8782608695652174
2023,1,19393,WN,12953,11292,LGA,DEN,116,5,1,0,110,0,20,7,-428.0,0.04310344827586207,0.008620689655172414,0.18181818181818182,0.06363636363636363,-3.890909090909091
2023,1,19393,WN,12953,13204,LGA,MCO,12,0,0,0,12,0,1,0,-56.0,0.0,0.0,0.08333333333333333,0.0,-4.666666666666667
2023,1,19393,WN,12953,13232,LGA,MDW,220,10,1,0,209,0,39,14,272.0,0.045454545454545456,0.004545454545454545,0.18660287081339713,0.06698564593301436,1.3014354066985645
2023,1,19393,WN,12953,15016,LGA,STL,139,3,0,0,136,0,21,8,-872.0,0.02158273381294964,0.0,0.15441176470588236,0.058823529411764705,-6.411764705882353
2023,1,19393,WN,12953,15304,LGA,TPA,35,0,0,0,35,0,12,4,554.0,0.0,0.0,0.34285714285714286,0.11428571428571428,15.82857142857143
2023,1,19393,WN,13204,10397,MCO,ATL,128,0,0,0,128,0,23,8,1277.0,0.0,0.0,0.1796875,0.0625,9.9765625
2023,1,19393,WN,13204,10721,MCO,BOS,4,0,0,0,4,0,0,0,-23.0,0.0,0.0,0.0,0.0,-5.75
2023,1,19393,WN,13204,10821,MCO,BWI,291,5,1,0,285,0,53,10,986.0,0.01718213058419244,0.003436426116838488,0.18596491228070175,0.03508771929824561,3.4596491228070176
2023,1,19393,WN,13204,11278,MCO,DCA,82,1,0,0,81,0,13,5,403.0,0.012195121951219513,0.0,0.16049382716049382,0.06172839506172839,4.9753086419753085
2023,1,19393,WN,13204,11292,MCO,DEN,127,4,0,0,123,0,24,8,1130.0,0.031496062992125984,0.0,0.1951219512195122,0.06504065040650407,9.1869918699187
2023,1,19393,WN,13204,11433,MCO,DTW,4,0,0,0,4,0,0,0,-17.0,0.0,0.0,0.0,0.0,-4.25
2023,1,19393,WN,13204,11697,MCO,FLL,58,0,0,0,58,0,12,3,323.0,0.0,0.0,0.20689655172413793,0.05172413793103448,5.568965517241379
2023,1,19393,WN,13204,12266,MCO,IAH,36,0,0,0,36,0,6,1,-38.0,0.0,0.0,0.16666666666666666,0.027777777777777776,-1.0555555555555556
2023,1,19393,WN,13204,12889,MCO,LAS,9,0,0,0,9,0,2,0,-23.0,0.0,0.0,0.2222222222222222,0.0,-2.5555555555555554
2023,1,19393,WN,13204,12953,MCO,LGA,12,0,0,0,12,0,2,0,68.0,0.0,0.0,0.16666666666666666,0.0,5.666666666666667
2023,1,19393,WN,13204,13232,MCO,MDW,217,11,4,0,202,0,57,13,2253.0,0.05069124423963134,0.018433179723502304,0.28217821782178215,0.06435643564356436,11.153465346534654
2023,1,19393,WN,13204,13930,MCO,ORD,67,2,0,0,65,0,11,4,190.0,0.029850746268656716,0.0,0.16923076923076924,0.06153846153846154,2.923076923076923
2023,1,19393,WN,13204,14100,MCO,PHL,21,0,0,0,21,0,2,0,-92.0,0.0,0.0,0.09523809523809523,0.0,-4.380952380952381
2023,1,19393,WN,13204,14107,MCO,PHX,32,0,0,0,32,0,9,3,413.0,0.0,0.0,0.28125,0.09375,12.90625
2023,1,19393,WN,13204,14635,MCO,RSW,32,2,0,0,30,0,8,2,102.0,0.0625,0.0,0.26666666666666666,0.06666666666666667,3.4
2023,1,19393,WN,13204,15016,MCO,STL,133,2,0,0,131,0,22,3,287.0,0.015037593984962405,0.0,0.16793893129770993,0.022900763358778626,2.1908396946564888
2023,1,19393,WN,13232,10397,MDW,ATL,151,4,0,0,147,0,33,7,1131.0,0.026490066225165563,0.0,0.22448979591836735,0.047619047619047616,7.6938775510204085
2023,1,19393,WN,13232,10721,MDW,BOS,93,4,0,0,89,0,22,5,709.0,0.043010752688172046,0.0,0.24719101123595505,0.056179775280898875,7.966292134831461
2023,1,19393,WN,13232,10821,MDW,BWI,172,11,0,0,161,0,31,11,1234.0,0.06395348837209303,0.0,0.19254658385093168,0.06832298136645963,7.6645962732919255
2023,1,19393,WN,13232,11278,MDW,DCA,178,10,0,0,168,0,34,15,1179.0,0.056179775280898875,0.0,0.20238095238095238,0.08928571428571429,7.017857142857143
2023,1,19393,WN,13232,11292,MDW,DEN,239,17,0,0,222,0,40,18,242.0,0.07112970711297072,0.0,0.18018018018018017,0.08108108108108109,1.09009009009009
2023,1,19393,WN,13232,11433,MDW,DTW,90,5,0,0,85,0,30,8,1297.0,0.05555555555555555,0.0,0.35294117647058826,0.09411764705882353,15.258823529411766
2023,1,19393,WN,13232,11697,MDW,FLL,120,4,0,0,116,0,29,4,613.0,0.03333333333333333,0.0,0.25,0.034482758620689655,5.2844827586206895
2023,1,19393,WN,13232,12266,MDW,IAH,62,3,1,0,58,0,15,5,569.0,0.04838709677419355,0.016129032258064516,0.25862068965517243,0.08620689655172414,9.810344827586206
2023,1,19393,WN,13232,12889,MDW,LAS,210,4,2,0,204,0,55,16,831.0,0.01904761904761905,0.009523809523809525,0.2696078431372549,0.0784313725490196,4.073529411764706
2023,1,19393,WN,13232,12892,MDW,LAX,96,4,0,0,92,0,26,9,857.0,0.041666666666666664,0.0,0.2826086956521739,0.09782608695652174,9.315217391304348
2023,1,19393,WN,13232,12953,MDW,LGA,220,7,1,0,212,0,50,14,1627.0,0.031818181818181815,0.004545454545454545,0.2358490566037736,0.0660377358490566,7.6745283018867925
2023,1,19393,WN,13232,13204,MDW,MCO,217,4,1,0,212,0,46,15,1528.0,0.018433179723502304,0.004608294930875576,0.2169811320754717,0.07075471698113207,7.2075471698113205
2023,1,19393,WN,13232,13303,MDW,MIA,88,2,0,0,86,0,20,7,608.0,0.022727272727272728,0.0,0.23255813953488372,0.08139534883720931,7.069767441860465
2023,1,19393,WN,13232,13487,MDW,MSP,147,12,0,0,135,0,24,11,820.0,0.08163265306122448,0.0,0.17777777777777778,0.08148148148148149,6.074074074074074
2023,1,19393,WN,13232,13796,MDW,OAK,58,0,0,0,58,0,9,4,-73.0,0.0,0.0,0.15517241379310345,0.06896551724137931,-1.2586206896551724
2023,1,19393,WN,13232,14100,MDW,PHL,116,4,0,0,112,0,27,8,1121.0,0.034482758620689655,0.0,0.24107142857142858,0.07142857142857142,10.008928571428571
2023,1,19393,WN,13232,14107,MDW,PHX,181,9,0,0,172,0,44,13,1133.0,0.049723756906077346,0.0,0.2558139534883721,0.0755813953488372,6.587209302325581
2023,1,19393,WN,13232,14635,MDW,RSW,120,3,0,0,117,0,42,12,1943.0,0.025,0.0,0.358974358974359,0.10256410256410256,16.60683760683761
2023,1,19393,WN,13232,14679,MDW,SAN,93,3,0,0,90,0,26,4,54.0,0.03225806451612903,0.0,0.28888888888888886,0.044444444444444446,0.6
2023,1,19393,WN,13232,14747,MDW,SEA,31,1,0,0,30,0,2,0,-444.0,0.03225806451612903,0.0,0.06666666666666667,0.0,-14.8
2023,1,19393,WN,13232,14869,MDW,SLC,62,3,0,0,59,0,14,3,233.0,0.04838709677419355,0.0,0.23728813559322035,0.05084745762711865,3.9491525423728815
2023,1,19393,WN,13232,15016,MDW,STL,170,9,0,0,161,0,28,9,974.0,0.052941176470588235,0.0,0.17391304347826086,0.055900621118012424,6.049689440993789
2023,1,19393,WN,13232,15304,MDW,TPA,124,8,0,0,116,0,33,13,1233.0,0.06451612903225806,0.0,0.28448275862068967,0.11206896551724138,10.629310344827585
2023,1,19393,WN,13303,10397,MIA,ATL,62,2,1,0,59,0,10,6,926.0,0.03225806451612903,0.016129032258064516,0.1694915254237288,0.1016949152542373,15.694915254237289
2023,1,19393,WN,13303,10821,MIA,BWI,124,1,0,0,123,0,28,17,2595.0,0.008064516129032258,0.0,0.22764227642276422,0.13821138211382114,21.097560975609756
2023,1,19393,WN,13303,11292,MIA,DEN,12,0,0,0,12,0,5,1,169.0,0.0,0.0,0.4166666666666667,0.08333333333333333,14.083333333333334
2023,1,19393,WN,13303,13232,MIA,MDW,88,1,2,0,85,0,21,9,1361.0,0.011363636363636364,0.022727272727272728,0.24705882352941178,0.10588235294117647,16.011764705882353
2023,1,19393,WN,13303,15016,MIA,STL,31,0,0,0,31,0,12,3,573.0,0.0,0.0,0.3870967741935484,0.0967741935483871,18.483870967741936
2023,1,19393,WN,13487,10821,MSP,BWI,23,1,0,0,22,0,8,3,475.0,0.043478260869565216,0.0,0.36363636363636365,0.13636363636363635,21.59090909090909
2023,1,19393,WN,13487,11292,MSP,DEN,174,16,2,0,156,0,25,11,-106.0,0.09195402298850575,0.011494252873563218,0.16025641025641027,0.07051282051282051,-0.6794871794871795
2023,1,19393,WN,13487,13232,MSP,MDW,147,13,2,0,132,0,24,8,529.0,0.08843537414965986,0.013605442176870748,0.18181818181818182,0.06060606060606061,4.007575757575758
2023,1,19393,WN,13487,14107,MSP,PHX,35,1,0,0,34,0,3,2,-66.0,0.02857142857142857,0.0,0.08823529411764706,0.058823529411764705,-1.9411764705882353
2023,1,19393,WN,13487,15016,MSP,STL,54,3,0,0,51,0,12,3,382.0,0.05555555555555555,0.0,0.23529411764705882,0.058823529411764705,7.490196078431373
2023,1,19393,WN,13796,11292,OAK,DEN,151,5,2,0,144,0,36,9,1070.0,0.033112582781456956,0.013245033112582781,0.25,0.0625,7.430555555555555
2023,1,19393,WN,13796,12173,OAK,HNL,62,0,0,0,62,0,25,4,676.0,0.0,0.0,0.4032258064516129,0.06451612903225806,10.903225806451612
2023,1,19393,WN,13796,12889,OAK,LAS,314,6,0,0,308,0,87,25,3872.0,0.01910828025477707,0.0,0.2824675324675325,0.08116883116883117,12.571428571428571
2023,1,19393,WN,13796,12892,OAK,LAX,242,4,0,0,238,0,50,13,618.0,0.01652892561983471,0.0,0.21008403361344538,0.0546218487394958,2.596638655462185
2023,1,19393,WN,13796,13232,OAK,MDW,58,1,1,0,56,0,12,4,542.0,0.017241379310344827,0.017241379310344827,0.21428571428571427,0.07142857142857142,9.678571428571429
2023,1,19393,WN,13796,14107,OAK,PHX,182,1,0,0,181,0,41,8,1137.0,0.005494505494505495,0.0,0.2265193370165746,0.04419889502762431,6.281767955801105
2023,1,19393,WN,13796,14679,OAK,SAN,319,4,0,0,315,0,67,15,1929.0,0.012539184952978056,0.0,0.2126984126984127,0.047619047619047616,6.123809523809523
2023,1,19393,WN,13796,14747,OAK,SEA,128,0,0,0,128,0,23,3,-251.0,0.0,0.0,0.1796875,0.0234375,-1.9609375
2023,1,19393,WN,13796,14869,OAK,SLC,88,1,1,0,86,0,26,4,554.0,0.011363636363636364,0.011363636363636364,0.3023255813953488,0.046511627906976744,6.441860465116279
2023,1,19393,WN,13930,10821,ORD,BWI,88,2,0,0,86,0,24,8,553.0,0.022727272727272728,0.0,0.27906976744186046,0.09302325581395349,6.430232558139535
2023,1,19393,WN,13930,11292,ORD,DEN,170,16,0,0,154,0,31,7,-349.0,0.09411764705882353,0.0,0.2012987012987013,0.045454545454545456,-2.2662337662337664
2023,1,19393,WN,13930,12889,ORD,LAS,62,1,1,0,60,0,20,6,571.0,0.016129032258064516,0.016129032258064516,0.3333333333333333,0.1,9.516666666666667
2023,1,19393,WN,13930,13204,ORD,MCO,67,0,0,0,67,0,23,5,788.0,0.0,0.0,0.34328358208955223,0.07462686567164178,11.761194029850746
2023,1,19393,WN,13930,14107,ORD,PHX,93,2,0,0,91,0,31,6,628.0,0.021505376344086023,0.0,0.34065934065934067,0.06593406593406594,6.9010989010989015
2023,1,19393,WN,13930,14635,ORD,RSW,27,1,0,0,26,0,8,2,87.0,0.037037037037037035,0.0,0.3076923076923077,0.07692307692307693,3.3461538461538463
2023,1,19393,WN,13930,15304,ORD,TPA,31,0,0,0,31,0,9,3,579.0,0.0,0.0,0.2903225806451613,0.0967741935483871,18.677419354838708
2023,1,19393,WN,14100,10397,PHL,ATL,35,1,0,0,34,0,6,3,38.0,0.02857142857142857,0.0,0.17647058823529413,0.08823529411764706,1.1176470588235294
2023,1,19393,WN,14100,11292,PHL,DEN,31,0,0,0,31,0,4,1,-94.0,0.0,0.0,0.12903225806451613,0.03225806451612903,-3.032258064516129
2023,1,19393,WN,14100,11697,PHL,FLL,4,0,0,0,4,0,0,0,-49.0,0.0,0.0,0.0,0.0,-12.25
2023,1,19393,WN,14100,13204,PHL,MCO,21,0,0,0,21,0,4,2,139.0,0.0,0.0,0.19047619047619047,0.09523809523809523,6.619047619047619
2023,1,19393,WN,14100,13232,PHL,MDW,116,6,1,0,109,0,8,4,-433.0,0.05172413793103448,0.008620689655172414,0.07339449541284404,0.03669724770642202,-3.9724770642201834
2023,1,19393,WN,14100,15016,PHL,STL,39,0,0,0,39,0,5,2,-102.0,0.0,0.0,0.1282051282051282,0.05128205128205128,-2.6153846153846154
2023,1,19393,WN,14100,15304,PHL,TPA,5,0,0,0,5,0,0,0,-75.0,0.0,0.0,0.0,0.0,-15.0
2023,1,19393,WN,14107,10397,PHX,ATL,35,0,0,0,35,0,8,4,427.0,0.0,0.0,0.22857142857142856,0.11428571428571428,12.2
2023,1,19393,WN,14107,10821,PHX,BWI,70,0,0,0,70,0,17,2,45.0,0.0,0.0,0.24285714285714285,0.02857142857142857,0.6428571428571429
2023,1,19393,WN,14107,11292,PHX,DEN,371,19,0,0,352,0,64,23,508.0,0.05121293800539083,0.0,0.18181818181818182,0.06534090909090909,1.4431818181818181
2023,1,19393,WN,14107,11433,PHX,DTW,4,0,0,0,4,0,1,0,-15.0,0.0,0.0,0.25,0.0,-3.75
2023,1,19393,WN,14107,11697,PHX,FLL,4,0,0,0,4,0,0,0,3.0,0.0,0.0,0.0,0.0,0.75
2023,1,19393,WN,14107,12173,PHX,HNL,31,0,0,0,31,0,15,1,573.0,0.0,0.0,0.4838709677419355,0.03225806451612903,18.483870967741936
2023,1,19393,WN,14107,12889,PHX,LAS,335,7,1,0,327,0,67,19,1924.0,0.020895522388059702,0.0029850746268656717,0.20489296636085627,0.0581039755351682,5.883792048929664
2023,1,19393,WN,14107,12892,PHX,LAX,178,0,0,0,178,0,38,6,674.0,0.0,0.0,0.21348314606741572,0.033707865168539325,3.7865168539325844
2023,1,19393,WN,14107,13204,PHX,MCO,31,0,0,0,31,0,11,2,634.0,0.0,0.0,0.3548387096774194,0.06451612903225806,20.451612903225808
2023,1,19393,WN,14107,13232,PHX,MDW,181,5,2,0,174,0,38,8,472.0,0.027624309392265192,0.011049723756906077,0.21839080459770116,0.04597701149425287,2.7126436781609193
2023,1,19393,WN,14107,13487,PHX,MSP,35,2,0,0,33,0,8,0,20.0,0.05714285714285714,0.0,0.24242424242424243,0.0,0.6060606060606061
2023,1,19393,WN,14107,13796,PHX,OAK,182,1,0,0,181,0,40,8,1382.0,0.005494505494505495,0.0,0.22099447513812154,0.04419889502762431,7.6353591160221
2023,1,19393,WN,14107,13930,PHX,ORD,93,0,1,0,92,0,16,3,-717.0,0.0,0.010752688172043012,0.17391304347826086,0.03260869565217391,-7.793478260869565
2023,1,19393,WN,14107,14679,PHX,SAN,284,3,0,0,281,0,56,10,1481.0,0.01056338028169014,0.0,0.199288256227758,0.03558718861209965,5.270462633451957
2023,1,19393,WN,14107,14747,PHX,SEA,63,0,0,0,63,0,7,2,54.0,0.0,0.0,0.1111111111111111,0.031746031746031744,0.8571428571428571
2023,1,19393,WN,14107,14771,PHX,SFO,89,2,1,0,86,0,24,11,1206.0,0.02247191011235955,0.011235955056179775,0.27906976744186046,0.12790697674418605,14.023255813953488
2023,1,19393,WN,14107,14869,PHX,SLC,147,1,0,0,146,0,30,5,466.0,0.006802721088435374,0.0,0.2054794520547945,0.03424657534246575,3.191780821917808
2023,1,19393,WN,14107,15016,PHX,STL,93,1,1,0,91,0,18,6,392.0,0.010752688172043012,0.010752688172043012,0.1978021978021978,0.06593406593406594,4.3076923076923075
2023,1,19393,WN,14107,15304,PHX,TPA,31,0,0,0,31,0,7,3,310.0,0.0,0.0,0.22580645161290322,0.0967741935483871,10.0
2023,1,19393,WN,14635,10397,RSW,ATL,35,0,0,0,35,0,7,3,217.0,0.0,0.0,0.2,0.08571428571428572,6.2
2023,1,19393,WN,14635,10821,RSW,BWI,132,2,0,0,130,0,19,8,475.0,0.015151515151515152,0.0,0.14615384615384616,0.06153846153846154,3.6538461538461537
2023,1,19393,WN,14635,11278,RSW,DCA,4,0,0,0,4,0,1,0,-3.0,0.0,0.0,0.25,0.0,-0.75
2023,1,19393,WN,14635,11292,RSW,DEN,5,1,0,0,4,0,2,0,21.0,0.2,0.0,0.5,0.0,5.25
2023,1,19393,WN,14635,13204,RSW,MCO,31,0,0,0,31,0,5,2,-9.0,0.0,0.0,0.16129032258064516,0.06451612903225806,-0.2903225806451613
2023,1,19393,WN,14635,13232,RSW,MDW,120,3,2,0,115,0,22,9,1023.0,0.025,0.016666666666666666,0.19130434782608696,0.0782608695652174,8.895652173913044
2023,1,19393,WN,14635,13930,RSW,ORD,27,0,0,0,27,0,3,1,-66.0,0.0,0.0,0.1111111111111111,0.037037037037037035,-2.4444444444444446
2023,1,19393,WN,14635,15016,RSW,STL,76,2,0,0,74,0,16,7,777.0,0.02631578947368421,0.0,0.21621621621621623,0.0945945945945946,10.5
2023,1,19393,WN,14679,10821,SAN,BWI,31,0,0,0,31,0,10,2,295.0,0.0,0.0,0.3225806451612903,0.06451612903225806,9.516129032258064
2023,1,19393,WN,14679,11292,SAN,DEN,186,7,0,0,179,0,35,10,130.0,0.03763440860215054,0.0,0.19553072625698323,0.055865921787709494,0.7262569832402235
2023,1,19393,WN,14679,12173,SAN,HNL,62,0,2,0,60,0,13,6,992.0,0.0,0.03225806451612903,0.21666666666666667,0.1,16.533333333333335
2023,1,19393,WN,14679,12889,SAN,LAS,367,13,0,0,354,0,86,32,3988.0,0.035422343324250684,0.0,0.24293785310734464,0.0903954802259887,11.265536723163843
2023,1,19393,WN,14679,13232,SAN,MDW,93,3,2,0,88,0,15,3,-200.0,0.03225806451612903,0.021505376344086023,0.17045454545454544,0.03409090909090909,-2.272727272727273
2023,1,19393,WN,14679,13796,SAN,OAK,312,6,0,0,306,0,94,22,4093.0,0.019230769230769232,0.0,0.30718954248366015,0.0718954248366013,13.375816993464053
2023,1,19393,WN,14679,14107,SAN,PHX,288,5,0,0,283,0,53,9,-8.0,0.017361111111111112,0.0,0.1872791519434629,0.03180212014134275,-0.028268551236749116
2023,1,19393,WN,14679,14771,SAN,SFO,123,6,0,0,117,0,48,16,2168.0,0.04878048780487805,0.0,0.41025641025641024,0.13675213675213677,18.52991452991453
2023,1,19393,WN,14679,14869,SAN,SLC,36,0,0,0,36,0,9,1,230.0,0.0,0.0,0.25,0.027777777777777776,6.388888888888889
2023,1,19393,WN,14679,15016,SAN,STL,32,0,0,0,32,0,9,2,164.0,0.0,0.0,0.28125,0.0625,5.125
2023,1,19393,WN,14747,11292,SEA,DEN,97,5,0,0,92,0,15,4,204.0,0.05154639175257732,0.0,0.16304347826086957,0.043478260869565216,2.217391304347826
2023,1,19393,WN,14747,12889,SEA,LAS,66,0,0,0,66,0,10,3,-59.0,0.0,0.0,0.15151515151515152,0.045454545454545456,-0.8939393939393939
2023,1,19393,WN,14747,13232,SEA,MDW,31,2,1,0,28,0,5,1,411.0,0.06451612903225806,0.03225806451612903,0.17857142857142858,0.03571428571428571,14.678571428571429
2023,1,19393,WN,14747,13796,SEA,OAK,128,1,0,0,127,0,22,7,74.0,0.0078125,0.0,0.1732283464566929,0.05511811023622047,0.5826771653543307
2023,1,19393,WN,14747,14107,SEA,PHX,63,0,0,0,63,0,7,2,57.0,0.0,0.0,0.1111111111111111,0.031746031746031744,0.9047619047619048
2023,1,19393,WN,14771,11292,SFO,DEN,93,5,0,0,88,0,19,7,548.0,0.053763440860215055,0.0,0.2159090909090909,0.07954545454545454,6.2272727272727275
2023,1,19393,WN,14771,12889,SFO,LAS,115,4,1,0,110,0,45,18,2567.0,0.034782608695652174,0.008695652173913044,0.4090909090909091,0.16363636363636364,23.336363636363636
2023,1,19393,WN,14771,12892,SFO,LAX,119,4,0,0,115,0,29,10,510.0,0.03361344537815126,0.0,0.25217391304347825,0.08695652173913043,4.434782608695652
2023,1,19393,WN,14771,14107,SFO,PHX,89,0,0,0,89,0,17,3,131.0,0.0,0.0,0.19101123595505617,0.033707865168539325,1.4719101123595506
2023,1,19393,WN,14771,14679,SFO,SAN,135,7,1,0,127,0,37,12,1206.0,0.05185185185185185,0.007407407407407408,0.29133858267716534,0.09448818897637795,9.496062992125983
2023,1,19393,WN,14869,10821,SLC,BWI,9,0,0,0,9,0,5,1,220.0,0.0,0.0,0.5555555555555556,0.1111111111111111,24.444444444444443
2023,1,19393,WN,14869,11292,SLC,DEN,225,8,0,0,217,0,72,24,3112.0,0.035555555555555556,0.0,0.3317972350230415,0.11059907834101383,14.341013824884792
2023,1,19393,WN,14869,12889,SLC,LAS,150,2,0,0,148,0,55,24,2533.0,0.013333333333333334,0.0,0.3716216216216216,0.16216216216216217,17.114864864864863
2023,1,19393,WN,14869,12892,SLC,LAX,35,0,0,0,35,0,18,4,1127.0,0.0,0.0,0.5142857142857142,0.11428571428571428,32.2
2023,1,19393,WN,14869,13232,SLC,MDW,62,1,2,0,59,0,14,4,417.0,0.016129032258064516,0.03225806451612903,0.23728813559322035,0.06779661016949153,7.067796610169491
2023,1,19393,WN,14869,13796,SLC,OAK,88,1,0,0,87,0,24,6,906.0,0.011363636363636364,0.0,0.27586206896551724,0.06896551724137931,10.413793103448276
2023,1,19393,WN,14869,14107,SLC,PHX,147,1,0,0,146,0,44,12,1265.0,0.006802721088435374,0.0,0.3013698630136986,0.0821917808219178,8.664383561643836
2023,1,19393,WN,14869,14679,SLC,SAN,36,0,0,0,36,0,10,4,261.0,0.0,0.0,0.2777777777777778,0.1111111111111111,7.25
2023,1,19393,WN,14869,15016,SLC,STL,8,0,0,0,8,0,1,1,-8.0,0.0,0.0,0.125,0.125,-1.0
2023,1,19393,WN,15016,10397,STL,ATL,89,1,0,0,88,0,12,5,206.0,0.011235955056179775,0.0,0.13636363636363635,0.056818181818181816,2.340909090909091
2023,1,19393,WN,15016,10721,STL,BOS,54,0,0,0,54,0,14,3,407.0,0.0,0.0,0.25925925925925924,0.05555555555555555,7.537037037037037
2023,1,19393,WN,15016,10821,STL,BWI,89,2,0,0,87,0,15,8,241.0,0.02247191011235955,0.0,0.1724137931034483,0.09195402298850575,2.7701149425287355
2023,1,19393,WN,15016,11278,STL,DCA,116,2,0,0,114,0,21,1,-315.0,0.017241379310344827,0.0,0.18421052631578946,0.008771929824561403,-2.763157894736842
2023,1,19393,WN,15016,11292,STL,DEN,151,11,1,0,139,0,25,7,-81.0,0.0728476821192053,0.006622516556291391,0.17985611510791366,0.050359712230215826,-0.5827338129496403
2023,1,19393,WN,15016,11433,STL,DTW,53,2,0,0,51,0,9,2,310.0,0.03773584905660377,0.0,0.17647058823529413,0.0392156862745098,6.078431372549019
2023,1,19393,WN,15016,11697,STL,FLL,44,0,0,0,44,0,9,4,353.0,0.0,0.0,0.20454545454545456,0.09090909090909091,8.022727272727273
2023,1,19393,WN,15016,12889,STL,LAS,92,0,0,0,92,0,22,6,504.0,0.0,0.0,0.2391304347826087,0.06521739130434782,5.478260869565218
2023,1,19393,WN,15016,12892,STL,LAX,31,0,0,0,31,0,6,1,42.0,0.0,0.0,0.1935483870967742,0.03225806451612903,1.3548387096774193
2023,1,19393,WN,15016,12953,STL,LGA,139,4,0,0,135,0,28,7,31.0,0.02877697841726619,0.0,0.2074074074074074,0.05185185185185185,0.22962962962962963
2023,1,19393,WN,15016,13204,STL,MCO,133,2,0,0,131,0,18,7,-22.0,0.015037593984962405,0.0,0.13740458015267176,0.05343511450381679,-0.16793893129770993
2023,1,19393,WN,15016,13232,STL,MDW,170,6,1,0,163,0,30,8,764.0,0.03529411764705882,0.0058823529411764705,0.18404907975460122,0.049079754601226995,4.6871165644171775
2023,1,19393,WN,15016,13303,STL,MIA,31,0,0,0,31,0,5,2,324.0,0.0,0.0,0.16129032258064516,0.06451612903225806,10.451612903225806
2023,1,19393,WN,15016,13487,STL,MSP,54,4,0,0,50,0,11,2,200.0,0.07407407407407407,0.0,0.22,0.04,4.0
2023,1,19393,WN,15016,14100,STL,PHL,39,0,0,0,39,0,1,1,-368.0,0.0,0.0,0.02564102564102564,0.02564102564102564,-9.435897435897436
2023,1,19393,WN,15016,14107,STL,PHX,93,1,0,0,92,0,21,6,338.0,0.010752688172043012,0.0,0.22826086956521738,0.06521739130434782,3.6739130434782608
2023,1,19393,WN,15016,14635,STL,RSW,76,1,0,0,75,0,18,8,822.0,0.013157894736842105,0.0,0.24,0.10666666666666667,10.96
2023,1,19393,WN,15016,14679,STL,SAN,32,0,0,0,32,0,8,2,332.0,0.0,0.0,0.25,0.0625,10.375
2023,1,19393,WN,15016,14869,STL,SLC,8,0,0,0,8,0,0,0,-98.0,0.0,0.0,0.0,0.0,-12.25
2023,1,19393,WN,15016,15304,STL,TPA,70,0,0,0,70,0,16,5,555.0,0.0,0.0,0.22857142857142856,0.07142857142857142,7.928571428571429
2023,1,19393,WN,15304,10397,TPA,ATL,124,2,0,0,122,0,22,11,874.0,0.016129032258064516,0.0,0.18032786885245902,0.09016393442622951,7.163934426229508
2023,1,19393,WN,15304,10821,TPA,BWI,225,5,0,0,220,0,26,12,652.0,0.022222222222222223,0.0,0.11818181818181818,0.05454545454545454,2.963636363636364
2023,1,19393,WN,15304,11278,TPA,DCA,66,1,0,0,65,0,12,4,10.0,0.015151515151515152,0.0,0.18461538461538463,0.06153846153846154,0.15384615384615385
2023,1,19393,WN,15304,11292,TPA,DEN,94,3,0,0,91,0,20,9,1182.0,0.031914893617021274,0.0,0.21978021978021978,0.0989010989010989,12.989010989010989
2023,1,19393,WN,15304,11697,TPA,FLL,62,0,0,0,62,0,8,6,102.0,0.0,0.0,0.12903225806451613,0.0967741935483871,1.6451612903225807
2023,1,19393,WN,15304,12889,TPA,LAS,5,0,0,0,5,0,1,0,-23.0,0.0,0.0,0.2,0.0,-4.6
2023,1,19393,WN,15304,12953,TPA,LGA,35,0,0,0,35,0,2,2,57.0,0.0,0.0,0.05714285714285714,0.05714285714285714,1.6285714285714286
2023,1,19393,WN,15304,13232,TPA,MDW,124,5,2,0,117,0,27,6,878.0,0.04032258064516129,0.016129032258064516,0.23076923076923078,0.05128205128205128,7.504273504273504
2023,1,19393,WN,15304,13930,TPA,ORD,31,0,0,0,31,0,6,1,36.0,0.0,0.0,0.1935483870967742,0.03225806451612903,1.1612903225806452
2023,1,19393,WN,15304,14100,TPA,PHL,5,0,0,0,5,0,1,1,135.0,0.0,0.0,0.2,0.2,27.0
2023,1,19393,WN,15304,14107,TPA,PHX,31,0,0,0,31,0,4,3,552.0,0.0,0.0,0.12903225806451613,0.0967741935483871,17.806451612903224
2023,1,19393,WN,15304,15016,TPA,STL,70,0,0,0,70,0,17,5,925.0,0.0,0.0,0.24285714285714285,0.07142857142857142,13.214285714285714
2023,1,19690,HA,10721,12173,BOS,HNL,18,0,0,0,18,0,12,3,1325.0,0.0,0.0,0.6666666666666666,0.16666666666666666,73.61111111111111
2023,1,19690,HA,12173,10721,HNL,BOS,18,0,0,0,18,0,6,1,255.0,0.0,0.0,0.3333333333333333,0.05555555555555555,14.166666666666666
2023,1,19690,HA,12173,12478,HNL,JFK,31,0,0,0,31,0,9,3,580.0,0.0,0.0,0.2903225806451613,0.0967741935483871,18.70967741935484
2023,1,19690,HA,12173,12889,HNL,LAS,93,0,0,0,93,0,15,5,266.0,0.0,0.0,0.16129032258064516,0.053763440860215055,2.860215053763441
2023,1,19690,HA,12173,12892,HNL,LAX,93,1,0,0,92,0,23,4,496.0,0.010752688172043012,0.0,0.25,0.043478260869565216,5.391304347826087
2023,1,19690,HA,12173,13796,HNL,OAK,31,0,0,0,31,0,14,2,468.0,0.0,0.0,0.45161290322580644,0.06451612903225806,15.096774193548388
2023,1,19690,HA,12173,14107,HNL,PHX,31,0,0,0,31,0,4,1,24.0,0.0,0.0,0.12903225806451613,0.03225806451612903,0.7741935483870968
2023,1,19690,HA,12173,14679,HNL,SAN,31,0,1,0,30,0,10,3,408.0,0.0,0.03225806451612903,0.3333333333333333,0.1,13.6
2023,1,19690,HA,12173,14747,HNL,SEA,36,0,0,0,36,0,11,1,232.0,0.0,0.0,0.3055555555555556,0.027777777777777776,6.444444444444445
2023,1,19690,HA,12173,14771,HNL,SFO,31,0,0,0,31,0,13,3,524.0,0.0,0.0,0.41935483870967744,0.0967741935483871,16.903225806451612
2023,1,19690,HA,12478,12173,JFK,HNL,31,1,1,0,29,0,15,4,622.0,0.03225806451612903,0.03225806451612903,0.5172413793103449,0.13793103448275862,21.448275862068964
2023,1,19690,HA,12889,12173,LAS,HNL,92,0,0,0,92,0,40,8,1459.0,0.0,0.0,0.43478260869565216,0.08695652173913043,15.858695652173912
2023,1,19690,HA,12892,12173,LAX,HNL,93,1,0,0,92,0,31,9,4173.0,0.010752688172043012,0.0,0.33695652173913043,0.09782608695652174,45.358695652173914
2023,1,19690,HA,13796,12173,OAK,HNL,31,0,0,0,31,0,16,4,896.0,0.0,0.0,0.5161290322580645,0.12903225806451613,28.903225806451612
2023,1,19690,HA,14107,12173,PHX,HNL,31,0,0,0,31,0,11,4,1383.0,0.0,0.0,0.3548387096774194,0.12903225806451613,44.61290322580645
2023,1,19690,HA,14679,12173,SAN,HNL,31,0,2,0,29,0,17,5,982.0,0.0,0.06451612903225806,0.5862068965517241,0.1724137931034483,33.86206896551724
2023,1,19690,HA,14747,12173,SEA,HNL,37,0,0,0,37,0,10,0,240.0,0.0,0.0,0.2702702702702703,0.0,6.486486486486487
2023,1,19690,HA,14771,12173,SFO,HNL,31,0,0,0,31,0,16,7,1933.0,0.0,0.0,0.5161290322580645,0.22580645161290322,62.354838709677416
2023,1,19790,DL,10397,10721,ATL,BOS,285,2,0,0,283,0,55,20,871.0,0.007017543859649123,0.0,0.19434628975265017,0.0706713780918728,3.07773851590106
2023,1,19790,DL,10397,10821,ATL,BWI,219,1,0,0,218,0,37,8,669.0,0.0045662100456621,0.0,0.16972477064220184,0.03669724770642202,3.0688073394495414
2023,1,19790,DL,10397,11278,ATL,DCA,314,3,0,0,311,0,83,24,4044.0,0.009554140127388535,0.0,0.26688102893890675,0.07717041800643087,13.003215434083602
2023,1,19790,DL,10397,11292,ATL,DEN,229,4,0,0,225,0,69,20,3419.0,0.017467248908296942,0.0,0.30666666666666664,0.08888888888888889,15.195555555555556
2023,1,19790,DL,10397,11298,ATL,DFW,203,6,0,0,197,0,57,13,2727.0,0.029556650246305417,0.0,0.2893401015228426,0.06598984771573604,13.842639593908629
2023,1,19790,DL,10397,11433,ATL,DTW,290,0,0,0,290,0,63,15,1526.0,0.0,0.0,0.21724137931034482,0.05172413793103448,5.2620689655172415
2023,1,19790,DL,10397,11618,ATL,EWR,236,0,0,0,236,0,44,12,810.0,0.0,0.0,0.1864406779661017,0.05084745762711865,3.4322033898305087
2023,1,19790,DL,10397,11697,ATL,FLL,353,3,0,0,350,0,65,25,3340.0,0.0084985835694051,0.0,0.18571428571428572,0.07142857142857142,9.542857142857143
2023,1,19790,DL,10397,12173,ATL,HNL,31,0,0,0,31,0,24,5,1652.0,0.0,0.0,0.7741935483870968,0.16129032258064516,53.29032258064516
2023,1,19790,DL,10397,12266,ATL,IAH,169,3,1,0,165,0,52,12,1986.0,0.01775147928994083,0.005917159763313609,0.3151515151515151,0.07272727272727272,12.036363636363637
2023,1,19790,DL,10397,12478,ATL,JFK,184,0,0,0,184,0,63,18,2952.0,0.0,0.0,0.3423913043478261,0.09782608695652174,16.043478260869566
2023,1,19790,DL,10397,12889,ATL,LAS,251,0,2,0,249,0,80,25,3309.0,0.0,0.00796812749003984,0.321285140562249,0.10040160642570281,13.289156626506024
2023,1,19790,DL,10397,12892,ATL,LAX,327,0,1,0,326,0,114,37,5557.0,0.0,0.0030581039755351682,0.3496932515337423,0.11349693251533742,17.04601226993865
2023,1,19790,DL,10397,12953,ATL,LGA,377,4,1,0,372,0,107,32,4281.0,0.010610079575596816,0.002652519893899204,0.28763440860215056,0.08602150537634409,11.508064516129032
2023,1,19790,DL,10397,13204,ATL,MCO,437,1,0,0,436,0,103,42,5413.0,0.002288329519450801,0.0,0.23623853211009174,0.0963302752293578,12.4151376146789
2023,1,19790,DL,10397,13232,ATL,MDW,89,1,1,0,87,0,19,6,944.0,0.011235955056179775,0.011235955056179775,0.21839080459770116,0.06896551724137931,10.850574712643677
2023,1,19790,DL,10397,13303,ATL,MIA,264,0,1,0,263,0,66,24,4665.0,0.0,0.003787878787878788,0.2509505703422053,0.09125475285171103,17.73764258555133
2023,1,19790,DL,10397,13487,ATL,MSP,257,4,0,0,253,0,48,14,1130.0,0.01556420233463035,0.0,0.18972332015810275,0.05533596837944664,4.466403162055336
2023,1,19790,DL,10397,13930,ATL,ORD,186,1,0,0,185,0,51,9,2916.0,0.005376344086021506,0.0,0.2756756756756757,0.04864864864864865,15.762162162162163
2023,1,19790,DL,10397,14100,ATL,PHL,219,0,0,0,219,0,40,9,790.0,0.0,0.0,0.182648401826484,0.0410958904109589,3.6073059360730593
2023,1,19790,DL,10397,14107,ATL,PHX,206,1,0,0,205,0,50,11,2765.0,0.0048543689320388345,0.0,0.24390243902439024,0.05365853658536585,13.487804878048781
2023,1,19790,DL,10397,14635,ATL,RSW,236,1,0,0,235,0,42,21,1636.0,0.00423728813559322,0.0,0.17872340425531916,0.08936170212765958,6.961702127659574
2023,1,19790,DL,10397,14679,ATL,SAN,147,0,0,0,147,0,59,14,3094.0,0.0,0.0,0.4013605442176871,0.09523809523809523,21.047619047619047
2023,1,19790,DL,10397,14747,ATL,SEA,170,0,0,0,170,0,31,10,109.0,0.0,0.0,0.18235294117647058,0.058823529411764705,0.6411764705882353
2023,1,19790,DL,10397,14771,ATL,SFO,162,0,1,0,161,0,35,12,647.0,0.0,0.006172839506172839,0.21739130434782608,0.07453416149068323,4.0186335403726705
2023,1,19790,DL,10397,14869,ATL,SLC,238,0,0,0,238,0,53,17,1626.0,0.0,0.0,0.22268907563025211,0.07142857142857142,6.831932773109243
2023,1,19790,DL,10397,15016,ATL,STL,168,0,0,0,168,0,42,14,1659.0,0.0,0.0,0.25,0.08333333333333333,9.875
2023,1,19790,DL,10397,15304,ATL,TPA,344,3,0,0,341,0,73,26,3112.0,0.00872093023255814,0.0,0.21407624633431085,0.07624633431085044,9.126099706744869
2023,1,19790,DL,10721,10397,BOS,ATL,285,2,2,0,281,0,61,22,2361.0,0.007017543859649123,0.007017543859649123,0.21708185053380782,0.07829181494661921,8.402135231316725
2023,1,19790,DL,10721,11292,BOS,DEN,31,0,0,0,31,0,11,4,272.0,0.0,0.0,0.3548387096774194,0.12903225806451613,8.774193548387096
2023,1,19790,DL,10721,11298,BOS,DFW,50,2,0,0,48,0,9,3,-53.0,0.04,0.0,0.1875,0.0625,-1.1041666666666667
2023,1,19790,DL,10721,11433,BOS,DTW,143,1,0,0,142,0,31,13,1025.0,0.006993006993006993,0.0,0.21830985915492956,0.09154929577464789,7.21830985915493
2023,1,19790,DL,10721,11697,BOS,FLL,61,3,0,0,58,0,21,7,1470.0,0.04918032786885246,0.0,0.3620689655172414,0.1206896551724138,25.344827586206897
2023,1,19790,DL,10721,12478,BOS,JFK,84,1,0,0,83,0,29,10,1187.0,0.011904761904761904,0.0,0.3493975903614458,0.12048192771084337,14.301204819277109
2023,1,19790,DL,10721,12889,BOS,LAS,43,1,0,0,42,0,15,6,578.0,0.023255813953488372,0.0,0.35714285714285715,0.14285714285714285,13.761904761904763
2023,1,19790,DL,10721,12892,BOS,LAX,80,1,0,0,79,0,21,4,-167.0,0.0125,0.0,0.26582278481012656,0.05063291139240506,-2.1139240506329116
2023,1,19790,DL,10721,12953,BOS,LGA,66,0,0,0,66,0,25,13,1567.0,0.0,0.0,0.3787878787878788,0.19696969696969696,23.742424242424242
2023,1,19790,DL,10721,13204,BOS,MCO,112,1,0,0,111,0,25,8,546.0,0.008928571428571428,0.0,0.22522522522522523,0.07207207207207207,4.918918918918919
2023,1,19790,DL,10721,13303,BOS,MIA,31,0,0,0,31,0,7,1,110.0,0.0,0.0,0.22580645161290322,0.03225806451612903,3.5483870967741935
2023,1,19790,DL,10721,13487,BOS,MSP,133,2,2,0,129,0,30,9,652.0,0.015037593984962405,0.015037593984962405,0.23255813953488372,0.06976744186046512,5.054263565891473
2023,1,19790,DL,10721,13930,BOS,ORD,63,1,0,0,62,0,20,3,227.0,0.015873015873015872,0.0,0.3225806451612903,0.04838709677419355,3.661290322580645
2023,1,19790,DL,10721,14107,BOS,PHX,30,0,0,0,30,0,6,1,-355.0,0.0,0.0,0.2,0.03333333333333333,-11.833333333333334
2023,1,19790,DL,10721,14635,BOS,RSW,27,0,0,0,27,0,11,5,495.0,0.0,0.0,0.4074074074074074,0.18518518518518517,18.333333333333332
2023,1,19790,DL,10721,14679,BOS,SAN,31,0,0,0,31,0,10,3,91.0,0.0,0.0,0.3225806451612903,0.0967741935483871,2.935483870967742
2023,1,19790,DL,10721,14747,BOS,SEA,69,0,0,0,69,0,25,10,1675.0,0.0,0.0,0.36231884057971014,0.14492753623188406,24.27536231884058
2023,1,19790,DL,10721,14771,BOS,SFO,37,0,0,0,37,0,10,4,-7.0,0.0,0.0,0.2702702702702703,0.10810810810810811,-0.1891891891891892
2023,1,19790,DL,10721,14869,BOS,SLC,62,0,0,0,62,0,19,8,756.0,0.0,0.0,0.3064516129032258,0.12903225806451613,12.193548387096774
2023,1,19790,DL,10721,15304,BOS,TPA,62,1,1,0,60,0,14,3,-20.0,0.016129032258064516,0.016129032258064516,0.23333333333333334,0.05,-0.3333333333333333
2023,1,19790,DL,10821,10397,BWI,ATL,220,1,0,0,219,0,27,10,-570.0,0.004545454545454545,0.0,0.1232876712328767,0.045662100456621,-2.6027397260273974
2023,1,19790,DL,10821,11433,BWI,DTW,87,0,0,0,87,0,12,3,-88.0,0.0,0.0,0.13793103448275862,0.034482758620689655,-1.0114942528735633
2023,1,19790,DL,10821,13487,BWI,MSP,58,1,0,0,57,0,7,1,-431.0,0.017241379310344827,0.0,0.12280701754385964,0.017543859649122806,-7.56140350877193
2023,1,19790,DL,10821,14869,BWI,SLC,31,0,0,0,31,0,3,1,-212.0,0.0,0.0,0.0967741935483871,0.03225806451612903,-6.838709677419355
2023,1,19790,DL,11278,10397,DCA,ATL,314,4,1,0,309,0,73,30,5300.0,0.012738853503184714,0.0031847133757961785,0.23624595469255663,0.0970873786407767,17.15210355987055
2023,1,19790,DL,11278,11433,DCA,DTW,144,0,0,0,144,0,21,9,130.0,0.0,0.0,0.14583333333333334,0.0625,0.9027777777777778
2023,1,19790,DL,11278,12892,DCA,LAX,31,0,0,0,31,0,6,0,-126.0,0.0,0.0,0.1935483870967742,0.0,-4.064516129032258
2023,1,19790,DL,11278,13487,DCA,MSP,147,3,1,0,143,0,22,8,-396.0,0.02040816326530612,0.006802721088435374,0.15384615384615385,0.055944055944055944,-2.769230769230769
2023,1,19790,DL,11278,14869,DCA,SLC,31,1,0,0,30,0,9,5,303.0,0.03225806451612903,0.0,0.3,0.16666666666666666,10.1
2023,1,19790,DL,11292,10397,DEN,ATL,230,4,0,0,226,0,70,21,3629.0,0.017391304347826087,0.0,0.30973451327433627,0.09292035398230089,16.057522123893804
2023,1,19790,DL,11292,10721,DEN,BOS,31,0,0,0,31,0,14,7,989.0,0.0,0.0,0.45161290322580644,0.22580645161290322,31.903225806451612
2023,1,19790,DL,11292,11433,DEN,DTW,118,3,0,0,115,0,43,11,1940.0,0.025423728813559324,0.0,0.3739130434782609,0.09565217391304348,16.869565217391305
2023,1,19790,DL,11292,12478,DEN,JFK,70,1,1,0,68,0,31,13,3816.0,0.014285714285714285,0.014285714285714285,0.45588235294117646,0.19117647058823528,56.11764705882353
2023,1,19790,DL,11292,12892,DEN,LAX,93,2,0,0,91,0,31,11,1408.0,0.021505376344086023,0.0,0.34065934065934067,0.12087912087912088,15.472527472527473
2023,1,19790,DL,11292,12953,DEN,LGA,57,0,0,0,57,0,15,3,424.0,0.0,0.0,0.2631578947368421,0.05263157894736842,7.43859649122807
2023,1,19790,DL,11292,13487,DEN,MSP,151,3,0,0,148,0,58,18,4462.0,0.019867549668874173,0.0,0.3918918918918919,0.12162162162162163,30.14864864864865
2023,1,19790,DL,11292,14747,DEN,SEA,89,0,0,0,89,0,16,6,814.0,0.0,0.0,0.1797752808988764,0.06741573033707865,9.146067415730338
2023,1,19790,DL,11292,14869,DEN,SLC,137,1,0,0,136,0,26,7,-176.0,0.0072992700729927005,0.0,0.19117647058823528,0.051470588235294115,-1.2941176470588236
2023,1,19790,DL,11298,10397,DFW,ATL,203,5,0,0,198,0,30,9,522.0,0.024630541871921183,0.0,0.15151515151515152,0.045454545454545456,2.6363636363636362
2023,1,19790,DL,11298,10721,DFW,BOS,51,3,1,0,47,0,9,2,1127.0,0.058823529411764705,0.0196078431372549,0.19148936170212766,0.0425531914893617,23.97872340425532
2023,1,19790,DL,11298,11433,DFW,DTW,114,3,0,0,111,0,15,7,995.0,0.02631578947368421,0.0,0.13513513513513514,0.06306306306306306,8.963963963963964
2023,1,19790,DL,11298,12478,DFW,JFK,51,0,0,0,51,0,10,4,646.0,0.0,0.0,0.19607843137254902,0.0784313725490196,12.666666666666666
2023,1,19790,DL,11298,12892,DFW,LAX,60,3,0,0,57,0,8,4,352.0,0.05,0.0,0.14035087719298245,0.07017543859649122,6.175438596491228
2023,1,19790,DL,11298,12953,DFW,LGA,121,8,1,0,112,0,22,9,94.0,0.06611570247933884,0.008264462809917356,0.19642857142857142,0.08035714285714286,0.8392857142857143
2023,1,19790,DL,11298,13487,DFW,MSP,115,5,0,0,110,0,12,7,18.0,0.043478260869565216,0.0,0.10909090909090909,0.06363636363636363,0.16363636363636364
2023,1,19790,DL,11298,14747,DFW,SEA,1,0,0,0,1,0,0,0,0.0,0.0,0.0,0.0,0.0,0.0
2023,1,19790,DL,11298,14869,DFW,SLC,118,1,0,0,117,0,20,11,1245.0,0.00847457627118644,0.0,0.17094017094017094,0.09401709401709402,10.64102564102564
2023,1,19790,DL,11433,10397,DTW,ATL,289,0,0,0,289,0,50,13,-251.0,0.0,0.0,0.17301038062283736,0.04498269896193772,-0.8685121107266436
2023,1,19790,DL,11433,10721,DTW,BOS,144,1,0,0,143,0,34,14,1399.0,0.006944444444444444,0.0,0.23776223776223776,0.0979020979020979,9.783216783216783
2023,1,19790,DL,11433,10821,DTW,BWI,87,0,0,0,87,0,17,8,656.0,0.0,0.0,0.19540229885057472,0.09195402298850575,7.540229885057471
2023,1,19790,DL,11433,11278,DTW,DCA,144,0,0,0,144,0,28,11,334.0,0.0,0.0,0.19444444444444445,0.0763888888888889,2.3194444444444446
2023,1,19790,DL,11433,11292,DTW,DEN,119,3,1,0,115,0,29,10,588.0,0.025210084033613446,0.008403361344537815,0.25217391304347825,0.08695652173913043,5.113043478260869
2023,1,19790,DL,11433,11298,DTW,DFW,113,3,0,0,110,0,24,9,-74.0,0.02654867256637168,0.0,0.21818181818181817,0.08181818181818182,-0.6727272727272727
2023,1,19790,DL,11433,11618,DTW,EWR,114,0,0,0,114,0,23,8,-500.0,0.0,0.0,0.20175438596491227,0.07017543859649122,-4.385964912280702
2023,1,19790,DL,11433,11697,DTW,FLL,137,1,0,0,136,0,37,11,1062.0,0.0072992700729927005,0.0,0.27205882352941174,0.08088235294117647,7.8088235294117645
2023,1,19790,DL,11433,12173,DTW,HNL,31,0,0,0,31,0,13,3,690.0,0.0,0.0,0.41935483870967744,0.0967741935483871,22.258064516129032
2023,1,19790,DL,11433,12266,DTW,IAH,103,1,0,0,102,0,23,6,34.0,0.009708737864077669,0.0,0.22549019607843138,0.058823529411764705,0.3333333333333333
2023,1,19790,DL,11433,12478,DTW,JFK,27,0,0,0,27,0,9,5,596.0,0.0,0.0,0.3333333333333333,0.18518518518518517,22.074074074074073
2023,1,19790,DL,11433,12889,DTW,LAS,155,0,1,0,154,0,27,5,-1097.0,0.0,0.0064516129032258064,0.17532467532467533,0.032467532467532464,-7.123376623376624
2023,1,19790,DL,11433,12892,DTW,LAX,140,0,0,0,140,0,28,13,179.0,0.0,0.0,0.2,0.09285714285714286,1.2785714285714285
2023,1,19790,DL,11433,12953,DTW,LGA,165,1,0,0,164,0,37,11,1345.0,0.006060606060606061,0.0,0.22560975609756098,0.06707317073170732,8.201219512195122
2023,1,19790,DL,11433,13204,DTW,MCO,192,2,0,0,190,0,55,20,3244.0,0.010416666666666666,0.0,0.2894736842105263,0.10526315789473684,17.073684210526316
2023,1,19790,DL,11433,13303,DTW,MIA,62,1,0,0,61,0,24,5,946.0,0.016129032258064516,0.0,0.39344262295081966,0.08196721311475409,15.508196721311476
2023,1,19790,DL,11433,13487,DTW,MSP,154,0,1,0,153,0,27,11,-508.0,0.0,0.006493506493506494,0.17647058823529413,0.0718954248366013,-3.320261437908497
2023,1,19790,DL,11433,13930,DTW,ORD,156,0,0,0,156,0,27,11,57.0,0.0,0.0,0.17307692307692307,0.07051282051282051,0.36538461538461536
2023,1,19790,DL,11433,14100,DTW,PHL,102,1,0,0,101,0,15,8,-457.0,0.00980392156862745,0.0,0.1485148514851485,0.07920792079207921,-4.524752475247524
2023,1,19790,DL,11433,14107,DTW,PHX,120,0,1,0,119,0,24,6,-134.0,0.0,0.008333333333333333,0.20168067226890757,0.05042016806722689,-1.1260504201680672
2023,1,19790,DL,11433,14635,DTW,RSW,130,1,0,0,129,0,28,13,1154.0,0.007692307692307693,0.0,0.21705426356589147,0.10077519379844961,8.945736434108527
2023,1,19790,DL,11433,14679,DTW,SAN,75,0,0,0,75,0,22,3,-16.0,0.0,0.0,0.29333333333333333,0.04,-0.21333333333333335
2023,1,19790,DL,11433,14747,DTW,SEA,111,0,0,0,111,0,11,5,-64.0,0.0,0.0,0.0990990990990991,0.04504504504504504,-0.5765765765765766
2023,1,19790,DL,11433,14771,DTW,SFO,111,2,1,0,108,0,21,8,-802.0,0.018018018018018018,0.009009009009009009,0.19444444444444445,0.07407407407407407,-7.425925925925926
2023,1,19790,DL,11433,14869,DTW,SLC,120,1,0,0,119,0,17,6,-220.0,0.008333333333333333,0.0,0.14285714285714285,0.05042016806722689,-1.8487394957983194
2023,1,19790,DL,11433,15016,DTW,STL,62,0,0,0,62,0,7,2,-398.0,0.0,0.0,0.11290322580645161,0.03225806451612903,-6.419354838709677
2023,1,19790,DL,11433,15304,DTW,TPA,133,1,0,0,132,0,35,14,1465.0,0.007518796992481203,0.0,0.26515151515151514,0.10606060606060606,11.098484848484848
2023,1,19790,DL,11618,10397,EWR,ATL,236,0,2,0,234,0,48,18,2039.0,0.0,0.00847457627118644,0.20512820512820512,0.07692307692307693,8.713675213675213
2023,1,19790,DL,11618,11433,EWR,DTW,113,0,0,0,113,0,15,7,-677.0,0.0,0.0,0.13274336283185842,0.061946902654867256,-5.991150442477876
2023,1,19790,DL,11618,13487,EWR,MSP,69,1,0,0,68,0,10,5,481.0,0.014492753623188406,0.0,0.14705882352941177,0.07352941176470588,7.073529411764706
2023,1,19790,DL,11618,14869,EWR,SLC,34,0,0,0,34,0,5,1,289.0,0.0,0.0,0.14705882352941177,0.029411764705882353,8.5
2023,1,19790,DL,11697,10397,FLL,ATL,353,3,0,0,350,0,74,25,3185.0,0.0084985835694051,0.0,0.21142857142857144,0.07142857142857142,9.1
2023,1,19790,DL,11697,10721,FLL,BOS,61,3,0,0,58,0,15,8,991.0,0.04918032786885246,0.0,0.25862068965517243,0.13793103448275862,17.086206896551722
2023,1,19790,DL,11697,11433,FLL,DTW,137,1,0,0,136,0,31,16,2593.0,0.0072992700729927005,0.0,0.22794117647058823,0.11764705882352941,19.066176470588236
2023,1,19790,DL,11697,12478,FLL,JFK,123,0,0,0,123,0,44,12,2183.0,0.0,0.0,0.35772357723577236,0.0975609756097561,17.747967479674795
2023,1,19790,DL,11697,12889,FLL,LAS,2,0,0,0,2,0,2,1,98.0,0.0,0.0,1.0,0.5,49.0
2023,1,19790,DL,11697,12892,FLL,LAX,24,0,0,0,24,0,8,4,390.0,0.0,0.0,0.3333333333333333,0.16666666666666666,16.25
2023,1,19790,DL,11697,12953,FLL,LGA,119,1,0,0,118,0,30,11,1304.0,0.008403361344537815,0.0,0.2542372881355932,0.09322033898305085,11.05084745762712
2023,1,19790,DL,11697,13487,FLL,MSP,75,0,0,0,75,0,18,6,823.0,0.0,0.0,0.24,0.08,10.973333333333333
2023,1,19790,DL,11697,14747,FLL,SEA,31,0,0,0,31,0,6,2,709.0,0.0,0.0,0.1935483870967742,0.06451612903225806,22.870967741935484
2023,1,19790,DL,11697,14869,FLL,SLC,31,0,0,0,31,0,5,3,337.0,0.0,0.0,0.16129032258064516,0.0967741935483871,10.870967741935484
2023,1,19790,DL,12173,10397,HNL,ATL,31,0,0,0,31,0,12,3,722.0,0.0,0.0,0.3870967741935484,0.0967741935483871,23.29032258064516
2023,1,19790,DL,12173,11433,HNL,DTW,31,0,0,0,31,0,19,8,1790.0,0.0,0.0,0.6129032258064516,0.25806451612903225,57.74193548387097
2023,1,19790,DL,12173,12478,HNL,JFK,31,0,0,0,31,0,14,6,440.0,0.0,0.0,0.45161290322580644,0.1935483870967742,14.193548387096774
2023,1,19790,DL,12173,12892,HNL,LAX,93,0,0,0,93,0,9,6,171.0,0.0,0.0,0.0967741935483871,0.06451612903225806,1.8387096774193548
2023,1,19790,DL,12173,13487,HNL,MSP,31,0,0,0,31,0,7,3,157.0,0.0,0.0,0.22580645161290322,0.0967741935483871,5.064516129032258
2023,1,19790,DL,12173,14747,HNL,SEA,57,0,0,0,57,0,1,0,-1049.0,0.0,0.0,0.017543859649122806,0.0,-18.403508771929825
2023,1,19790,DL,12173,14869,HNL,SLC,31,0,0,0,31,0,3,0,-273.0,0.0,0.0,0.0967741935483871,0.0,-8.806451612903226
2023,1,19790,DL,12266,10397,IAH,ATL,169,3,2,0,164,0,35,13,1424.0,0.01775147928994083,0.011834319526627219,0.21341463414634146,0.07926829268292683,8.682926829268293
2023,1,19790,DL,12266,11433,IAH,DTW,103,1,0,0,102,0,12,3,-451.0,0.009708737864077669,0.0,0.11764705882352941,0.029411764705882353,-4.421568627450981
2023,1,19790,DL,12266,12892,IAH,LAX,57,0,0,0,57,0,12,6,200.0,0.0,0.0,0.21052631578947367,0.10526315789473684,3.508771929824561
2023,1,19790,DL,12266,12953,IAH,LGA,99,0,0,0,99,0,28,7,481.0,0.0,0.0,0.2828282828282828,0.0707070707070707,4.858585858585859
2023,1,19790,DL,12266,13487,IAH,MSP,105,2,1,0,102,0,19,8,543.0,0.01904761904761905,0.009523809523809525,0.18627450980392157,0.0784313725490196,5.323529411764706
2023,1,19790,DL,12266,14869,IAH,SLC,84,0,0,0,84,0,12,3,-520.0,0.0,0.0,0.14285714285714285,0.03571428571428571,-6.190476190476191
2023,1,19790,DL,12478,10397,JFK,ATL,181,0,2,0,179,0,45,17,2359.0,0.0,0.011049723756906077,0.25139664804469275,0.09497206703910614,13.17877094972067
2023,1,19790,DL,12478,10721,JFK,BOS,84,2,0,0,82,0,28,10,1440.0,0.023809523809523808,0.0,0.34146341463414637,0.12195121951219512,17.5609756097561
2023,1,19790,DL,12478,11292,JFK,DEN,71,0,0,0,71,0,23,9,1304.0,0.0,0.0,0.323943661971831,0.1267605633802817,18.366197183098592
2023,1,19790,DL,12478,11298,JFK,DFW,51,1,1,0,49,0,11,4,498.0,0.0196078431372549,0.0196078431372549,0.22448979591836735,0.08163265306122448,10.16326530612245
2023,1,19790,DL,12478,11433,JFK,DTW,28,0,0,0,28,0,5,0,-177.0,0.0,0.0,0.17857142857142858,0.0,-6.321428571428571
2023,1,19790,DL,12478,11697,JFK,FLL,123,0,0,0,123,0,33,14,1353.0,0.0,0.0,0.2682926829268293,0.11382113821138211,11.0
2023,1,19790,DL,12478,12173,JFK,HNL,31,1,0,0,30,0,7,4,105.0,0.03225806451612903,0.0,0.23333333333333334,0.13333333333333333,3.5
2023,1,19790,DL,12478,12889,JFK,LAS,143,1,1,0,141,0,19,4,-1253.0,0.006993006993006993,0.006993006993006993,0.1347517730496454,0.028368794326241134,-8.886524822695035
2023,1,19790,DL,12478,12892,JFK,LAX,243,0,1,0,242,0,50,20,953.0,0.0,0.00411522633744856,0.2066115702479339,0.08264462809917356,3.93801652892562
2023,1,19790,DL,12478,13204,JFK,MCO,154,1,0,0,153,0,32,14,796.0,0.006493506493506494,0.0,0.20915032679738563,0.0915032679738562,5.2026143790849675
2023,1,19790,DL,12478,13303,JFK,MIA,122,2,0,0,120,0,40,12,748.0,0.01639344262295082,0.0,0.3333333333333333,0.1,6.233333333333333
2023,1,19790,DL,12478,13487,JFK,MSP,8,0,0,0,8,0,1,0,-124.0,0.0,0.0,0.125,0.0,-15.5
2023,1,19790,DL,12478,14107,JFK,PHX,73,0,0,0,73,0,10,4,-303.0,0.0,0.0,0.136986301369863,0.0547945205479452,-4.1506849315068495
2023,1,19790,DL,12478,14635,JFK,RSW,58,0,0,0,58,0,12,6,-400.0,0.0,0.0,0.20689655172413793,0.10344827586206896,-6.896551724137931
2023,1,19790,DL,12478,14679,JFK,SAN,71,0,0,0,71,0,18,7,232.0,0.0,0.0,0.2535211267605634,0.09859154929577464,3.267605633802817
2023,1,19790,DL,12478,14747,JFK,SEA,94,0,0,0,94,0,20,7,-258.0,0.0,0.0,0.2127659574468085,0.07446808510638298,-2.74468085106383
2023,1,19790,DL,12478,14771,JFK,SFO,162,1,0,0,161,0,22,8,-1956.0,0.006172839506172839,0.0,0.13664596273291926,0.049689440993788817,-12.149068322981366
2023,1,19790,DL,12478,14869,JFK,SLC,125,0,0,0,125,0,19,4,-911.0,0.0,0.0,0.152,0.032,-7.288
2023,1,19790,DL,12478,15304,JFK,TPA,96,0,0,0,96,0,21,9,771.0,0.0,0.0,0.21875,0.09375,8.03125
2023,1,19790,DL,12889,10397,LAS,ATL,251,0,1,0,250,0,62,28,5058.0,0.0,0.00398406374501992,0.248,0.112,20.232
2023,1,19790,DL,12889,10721,LAS,BOS,43,1,0,0,42,0,14,4,723.0,0.023255813953488372,0.0,0.3333333333333333,0.09523809523809523,17.214285714285715
2023,1,19790,DL,12889,11433,LAS,DTW,154,0,0,0,154,0,14,5,125.0,0.0,0.0,0.09090909090909091,0.032467532467532464,0.8116883116883117
2023,1,19790,DL,12889,11697,LAS,FLL,2,0,0,0,2,0,0,0,-4.0,0.0,0.0,0.0,0.0,-2.0
2023,1,19790,DL,12889,12478,LAS,JFK,143,1,1,0,141,0,23,9,580.0,0.006993006993006993,0.006993006993006993,0.16312056737588654,0.06382978723404255,4.113475177304965
2023,1,19790,DL,12889,12892,LAS,LAX,167,1,0,0,166,0,51,12,3809.0,0.005988023952095809,0.0,0.3072289156626506,0.07228915662650602,22.94578313253012
2023,1,19790,DL,12889,13204,LAS,MCO,2,0,0,0,2,0,0,0,-15.0,0.0,0.0,0.0,0.0,-7.5
2023,1,19790,DL,12889,13487,LAS,MSP,185,3,1,0,181,0,44,20,4071.0,0.016216216216216217,0.005405405405405406,0.2430939226519337,0.11049723756906077,22.49171270718232
2023,1,19790,DL,12889,14679,LAS,SAN,4,0,0,0,4,0,1,0,21.0,0.0,0.0,0.25,0.0,5.25
2023,1,19790,DL,12889,14747,LAS,SEA,163,1,1,0,161,0,22,5,-1102.0,0.006134969325153374,0.006134969325153374,0.13664596273291926,0.031055900621118012,-6.84472049689441
2023,1,19790,DL,12889,14869,LAS,SLC,161,0,0,0,161,0,34,13,1197.0,0.0,0.0,0.2111801242236025,0.08074534161490683,7.434782608695652
2023,1,19790,DL,12892,10397,LAX,ATL,329,0,0,0,329,0,81,21,3398.0,0.0,0.0,0.24620060790273557,0.06382978723404255,10.328267477203648
2023,1,19790,DL,12892,10721,LAX,BOS,80,1,0,0,79,0,12,6,612.0,0.0125,0.0,0.1518987341772152,0.0759493670886076,7.746835443037975
2023,1,19790,DL,12892,11278,LAX,DCA,31,0,0,0,31,0,1,0,-474.0,0.0,0.0,0.03225806451612903,0.0,-15.290322580645162
2023,1,19790,DL,12892,11292,LAX,DEN,93,2,0,0,91,0,30,7,1482.0,0.021505376344086023,0.0,0.32967032967032966,0.07692307692307693,16.285714285714285
2023,1,19790,DL,12892,11298,LAX,DFW,62,3,0,0,59,0,13,4,712.0,0.04838709677419355,0.0,0.22033898305084745,0.06779661016949153,12.067796610169491
2023,1,19790,DL,12892,11433,LAX,DTW,140,0,0,0,140,0,26,6,-163.0,0.0,0.0,0.18571428571428572,0.04285714285714286,-1.1642857142857144
2023,1,19790,DL,12892,11697,LAX,FLL,24,0,0,0,24,0,6,1,-54.0,0.0,0.0,0.25,0.041666666666666664,-2.25
2023,1,19790,DL,12892,12173,LAX,HNL,93,0,0,0,93,0,31,10,1532.0,0.0,0.0,0.3333333333333333,0.10752688172043011,16.473118279569892
2023,1,19790,DL,12892,12266,LAX,IAH,58,0,1,0,57,0,8,5,-107.0,0.0,0.017241379310344827,0.14035087719298245,0.08771929824561403,-1.8771929824561404
2023,1,19790,DL,12892,12478,LAX,JFK,241,0,0,0,241,0,51,13,959.0,0.0,0.0,0.21161825726141079,0.05394190871369295,3.979253112033195
2023,1,19790,DL,12892,12889,LAX,LAS,169,1,0,0,168,0,41,10,1318.0,0.005917159763313609,0.0,0.24404761904761904,0.05952380952380952,7.845238095238095
2023,1,19790,DL,12892,13204,LAX,MCO,111,1,0,0,110,0,26,10,1629.0,0.009009009009009009,0.0,0.23636363636363636,0.09090909090909091,14.809090909090909
2023,1,19790,DL,12892,13303,LAX,MIA,31,0,0,0,31,0,7,3,22.0,0.0,0.0,0.22580645161290322,0.0967741935483871,0.7096774193548387
2023,1,19790,DL,12892,13487,LAX,MSP,170,2,0,0,168,0,39,10,1496.0,0.011764705882352941,0.0,0.23214285714285715,0.05952380952380952,8.904761904761905
2023,1,19790,DL,12892,14747,LAX,SEA,171,1,1,0,169,0,22,3,-668.0,0.005847953216374269,0.005847953216374269,0.1301775147928994,0.01775147928994083,-3.9526627218934913
2023,1,19790,DL,12892,14771,LAX,SFO,158,1,1,0,156,0,45,11,1840.0,0.006329113924050633,0.006329113924050633,0.28846153846153844,0.07051282051282051,11.794871794871796
2023,1,19790,DL,12892,14869,LAX,SLC,212,0,0,0,212,0,39,14,1218.0,0.0,0.0,0.18396226415094338,0.0660377358490566,5.745283018867925
2023,1,19790,DL,12892,15304,LAX,TPA,45,0,1,0,44,0,8,3,-192.0,0.0,0.022222222222222223,0.18181818181818182,0.06818181818181818,-4.363636363636363
2023,1,19790,DL,12953,10397,LGA,ATL,377,4,1,0,372,0,89,30,1722.0,0.010610079575596816,0.002652519893899204,0.239247311827957,0.08064516129032258,4.629032258064516
2023,1,19790,DL,12953,10721,LGA,BOS,67,0,0,0,67,0,25,12,1798.0,0.0,0.0,0.373134328358209,0.1791044776119403,26.83582089552239
2023,1,19790,DL,12953,11292,LGA,DEN,57,1,0,0,56,0,5,2,-1067.0,0.017543859649122806,0.0,0.08928571428571429,0.03571428571428571,-19.053571428571427
2023,1,19790,DL,12953,11298,LGA,DFW,121,8,1,0,112,0,31,13,127.0,0.06611570247933884,0.008264462809917356,0.2767857142857143,0.11607142857142858,1.1339285714285714
2023,1,19790,DL,12953,11433,LGA,DTW,165,1,0,0,164,0,33,10,208.0,0.006060606060606061,0.0,0.20121951219512196,0.06097560975609756,1.2682926829268293
2023,1,19790,DL,12953,11697,LGA,FLL,119,1,0,0,118,0,35,18,2480.0,0.008403361344537815,0.0,0.2966101694915254,0.15254237288135594,21.016949152542374
2023,1,19790,DL,12953,12266,LGA,IAH,99,0,0,0,99,0,21,8,-298.0,0.0,0.0,0.21212121212121213,0.08080808080808081,-3.01010101010101
2023,1,19790,DL,12953,13204,LGA,MCO,177,3,0,0,174,0,38,14,618.0,0.01694915254237288,0.0,0.21839080459770116,0.08045977011494253,3.5517241379310347
2023,1,19790,DL,12953,13303,LGA,MIA,120,0,0,0,120,0,35,10,1019.0,0.0,0.0,0.2916666666666667,0.08333333333333333,8.491666666666667
2023,1,19790,DL,12953,13487,LGA,MSP,145,3,1,0,141,0,21,14,-524.0,0.020689655172413793,0.006896551724137931,0.14893617021276595,0.09929078014184398,-3.7163120567375887
2023,1,19790,DL,12953,13930,LGA,ORD,191,7,0,0,184,0,51,19,1193.0,0.03664921465968586,0.0,0.27717391304347827,0.10326086956521739,6.483695652173913
2023,1,19790,DL,12953,14635,LGA,RSW,62,1,0,0,61,0,15,3,155.0,0.016129032258064516,0.0,0.2459016393442623,0.04918032786885246,2.540983606557377
2023,1,19790,DL,12953,15304,LGA,TPA,117,2,0,0,115,0,19,10,315.0,0.017094017094017096,0.0,0.16521739130434782,0.08695652173913043,2.739130434782609
2023,1,19790,DL,13204,10397,MCO,ATL,438,1,2,0,435,0,79,43,4553.0,0.00228310502283105,0.0045662100456621,0.18160919540229886,0.09885057471264368,10.466666666666667
2023,1,19790,DL,13204,10721,MCO,BOS,112,1,0,0,111,0,27,11,1327.0,0.008928571428571428,0.0,0.24324324324324326,0.0990990990990991,11.954954954954955
2023,1,19790,DL,13204,11433,MCO,DTW,193,2,0,0,191,0,51,18,3523.0,0.010362694300518135,0.0,0.2670157068062827,0.09424083769633508,18.445026178010473
2023,1,19790,DL,13204,12478,MCO,JFK,154,1,0,0,153,0,39,11,1717.0,0.006493506493506494,0.0,0.2549019607843137,0.0718954248366013,11.222222222222221
2023,1,19790,DL,13204,12889,MCO,LAS,2,0,0,0,2,0,1,0,41.0,0.0,0.0,0.5,0.0,20.5
2023,1,19790,DL,13204,12892,MCO,LAX,111,1,1,0,109,0,38,13,3626.0,0.009009009009009009,0.009009009009009009,0.3486238532110092,0.11926605504587157,33.26605504587156
2023,1,19790,DL,13204,12953,MCO,LGA,177,4,1,0,172,0,42,12,1786.0,0.022598870056497175,0.005649717514124294,0.2441860465116279,0.06976744186046512,10.383720930232558
2023,1,19790,DL,13204,13303,MCO,MIA,62,0,0,0,62,0,9,5,458.0,0.0,0.0,0.14516129032258066,0.08064516129032258,7.387096774193548
2023,1,19790,DL,13204,13487,MCO,MSP,152,2,2,0,148,0,42,15,2797.0,0.013157894736842105,0.013157894736842105,0.28378378378378377,0.10135135135135136,18.89864864864865
2023,1,19790,DL,13204,14747,MCO,SEA,52,1,0,0,51,0,8,6,394.0,0.019230769230769232,0.0,0.1568627450980392,0.11764705882352941,7.7254901960784315
2023,1,19790,DL,13204,14869,MCO,SLC,143,1,0,0,142,0,36,9,1765.0,0.006993006993006993,0.0,0.2535211267605634,0.06338028169014084,12.429577464788732
2023,1,19790,DL,13232,10397,MDW,ATL,89,3,0,0,86,0,19,5,591.0,0.033707865168539325,0.0,0.22093023255813954,0.05813953488372093,6.872093023255814
2023,1,19790,DL,13303,10397,MIA,ATL,264,0,2,0,262,0,57,20,3359.0,0.0,0.007575757575757576,0.21755725190839695,0.07633587786259542,12.820610687022901
2023,1,19790,DL,13303,10721,MIA,BOS,31,0,0,0,31,0,10,2,512.0,0.0,0.0,0.3225806451612903,0.06451612903225806,16.516129032258064
2023,1,19790,DL,13303,11433,MIA,DTW,62,1,0,0,61,0,18,4,602.0,0.016129032258064516,0.0,0.29508196721311475,0.06557377049180328,9.868852459016393
2023,1,19790,DL,13303,12478,MIA,JFK,122,2,0,0,120,0,51,12,2042.0,0.01639344262295082,0.0,0.425,0.1,17.016666666666666
2023,1,19790,DL,13303,12892,MIA,LAX,31,0,1,0,30,0,9,3,308.0,0.0,0.03225806451612903,0.3,0.1,10.266666666666667
2023,1,19790,DL,13303,12953,MIA,LGA,120,0,0,0,120,0,28,4,779.0,0.0,0.0,0.23333333333333334,0.03333333333333333,6.491666666666666
2023,1,19790,DL,13303,13204,MIA,MCO,62,0,0,0,62,0,10,3,439.0,0.0,0.0,0.16129032258064516,0.04838709677419355,7.080645161290323
2023,1,19790,DL,13303,13487,MIA,MSP,55,0,0,0,55,0,9,2,-40.0,0.0,0.0,0.16363636363636364,0.03636363636363636,-0.7272727272727273
2023,1,19790,DL,13303,14869,MIA,SLC,31,0,0,0,31,0,1,0,-367.0,0.0,0.0,0.03225806451612903,0.0,-11.838709677419354
2023,1,19790,DL,13487,10397,MSP,ATL,257,3,0,0,254,0,48,23,1286.0,0.011673151750972763,0.0,0.1889763779527559,0.09055118110236221,5.062992125984252
2023,1,19790,DL,13487,10721,MSP,BOS,133,1,0,0,132,0,48,18,3186.0,0.007518796992481203,0.0,0.36363636363636365,0.13636363636363635,24.136363636363637
2023,1,19790,DL,13487,10821,MSP,BWI,58,1,0,0,57,0,19,7,790.0,0.017241379310344827,0.0,0.3333333333333333,0.12280701754385964,13.859649122807017
2023,1,19790,DL,13487,11278,MSP,DCA,147,4,1,0,142,0,39,13,1105.0,0.027210884353741496,0.006802721088435374,0.2746478873239437,0.09154929577464789,7.78169014084507
2023,1,19790,DL,13487,11292,MSP,DEN,151,3,0,0,148,0,34,12,1300.0,0.019867549668874173,0.0,0.22972972972972974,0.08108108108108109,8.783783783783784
2023,1,19790,DL,13487,11298,MSP,DFW,115,6,1,0,108,0,17,7,-275.0,0.05217391304347826,0.008695652173913044,0.1574074074074074,0.06481481481481481,-2.5462962962962963
2023,1,19790,DL,13487,11433,MSP,DTW,155,0,0,0,155,0,48,15,2978.0,0.0,0.0,0.3096774193548387,0.0967741935483871,19.212903225806453
2023,1,19790,DL,13487,11618,MSP,EWR,69,1,0,0,68,0,23,7,1779.0,0.014492753623188406,0.0,0.3382352941176471,0.10294117647058823,26.16176470588235
2023,1,19790,DL,13487,11697,MSP,FLL,74,0,0,0,74,0,14,6,343.0,0.0,0.0,0.1891891891891892,0.08108108108108109,4.635135135135135
2023,1,19790,DL,13487,12173,MSP,HNL,31,0,0,0,31,0,6,2,-52.0,0.0,0.0,0.1935483870967742,0.06451612903225806,-1.6774193548387097
2023,1,19790,DL,13487,12266,MSP,IAH,105,2,1,0,102,0,40,12,2121.0,0.01904761904761905,0.009523809523809525,0.39215686274509803,0.11764705882352941,20.794117647058822
2023,1,19790,DL,13487,12478,MSP,JFK,8,0,0,0,8,0,4,2,363.0,0.0,0.0,0.5,0.25,45.375
2023,1,19790,DL,13487,12889,MSP,LAS,182,3,0,0,179,0,34,13,959.0,0.016483516483516484,0.0,0.18994413407821228,0.07262569832402235,5.35754189944134
2023,1,19790,DL,13487,12892,MSP,LAX,170,2,0,0,168,0,42,14,865.0,0.011764705882352941,0.0,0.25,0.08333333333333333,5.148809523809524
2023,1,19790,DL,13487,12953,MSP,LGA,146,3,0,0,143,0,45,16,1841.0,0.02054794520547945,0.0,0.3146853146853147,0.11188811188811189,12.874125874125873
2023,1,19790,DL,13487,13204,MSP,MCO,152,3,0,0,149,0,34,16,2697.0,0.019736842105263157,0.0,0.22818791946308725,0.10738255033557047,18.100671140939596
2023,1,19790,DL,13487,13303,MSP,MIA,54,0,0,0,54,0,16,4,464.0,0.0,0.0,0.2962962962962963,0.07407407407407407,8.592592592592593
2023,1,19790,DL,13487,13930,MSP,ORD,154,2,0,0,152,0,38,16,1613.0,0.012987012987012988,0.0,0.25,0.10526315789473684,10.611842105263158
2023,1,19790,DL,13487,14100,MSP,PHL,87,4,0,0,83,0,23,8,1211.0,0.04597701149425287,0.0,0.27710843373493976,0.0963855421686747,14.590361445783133
2023,1,19790,DL,13487,14107,MSP,PHX,192,7,0,0,185,0,55,20,1880.0,0.036458333333333336,0.0,0.2972972972972973,0.10810810810810811,10.162162162162161
2023,1,19790,DL,13487,14635,MSP,RSW,123,2,0,0,121,0,20,7,385.0,0.016260162601626018,0.0,0.1652892561983471,0.05785123966942149,3.1818181818181817
2023,1,19790,DL,13487,14679,MSP,SAN,92,2,0,0,90,0,24,3,197.0,0.021739130434782608,0.0,0.26666666666666666,0.03333333333333333,2.188888888888889
2023,1,19790,DL,13487,14747,MSP,SEA,139,1,0,0,138,0,17,6,-1208.0,0.007194244604316547,0.0,0.12318840579710146,0.043478260869565216,-8.753623188405797
2023,1,19790,DL,13487,14771,MSP,SFO,116,4,0,0,112,0,28,12,828.0,0.034482758620689655,0.0,0.25,0.10714285714285714,7.392857142857143
2023,1,19790,DL,13487,14869,MSP,SLC,125,1,0,0,124,0,18,4,4.0,0.008,0.0,0.14516129032258066,0.03225806451612903,0.03225806451612903
2023,1,19790,DL,13487,15016,MSP,STL,73,0,0,0,73,0,9,2,-478.0,0.0,0.0,0.1232876712328767,0.0273972602739726,-6.5479452054794525
2023,1,19790,DL,13487,15304,MSP,TPA,93,3,0,0,90,0,18,6,366.0,0.03225806451612903,0.0,0.2,0.06666666666666667,4.066666666666666
2023,1,19790,DL,13796,14869,OAK,SLC,67,0,0,0,67,0,7,5,484.0,0.0,0.0,0.1044776119402985,0.07462686567164178,7.223880597014926
2023,1,19790,DL,13930,10397,ORD,ATL,186,1,1,0,184,0,61,16,2435.0,0.005376344086021506,0.005376344086021506,0.33152173913043476,0.08695652173913043,13.233695652173912
2023,1,19790,DL,13930,10721,ORD,BOS,63,1,0,0,62,0,24,7,910.0,0.015873015873015872,0.0,0.3870967741935484,0.11290322580645161,14.67741935483871
2023,1,19790,DL,13930,11433,ORD,DTW,155,0,0,0,155,0,37,13,2000.0,0.0,0.0,0.23870967741935484,0.08387096774193549,12.903225806451612
2023,1,19790,DL,13930,12953,ORD,LGA,191,8,1,0,182,0,60,21,3215.0,0.041884816753926704,0.005235602094240838,0.32967032967032966,0.11538461538461539,17.664835164835164
2023,1,19790,DL,13930,13487,ORD,MSP,155,2,1,0,152,0,45,15,2085.0,0.012903225806451613,0.0064516129032258064,0.29605263157894735,0.09868421052631579,13.717105263157896
2023,1,19790,DL,13930,14747,ORD,SEA,62,0,0,0,62,0,9,3,307.0,0.0,0.0,0.14516129032258066,0.04838709677419355,4.951612903225806
2023,1,19790,DL,13930,14869,ORD,SLC,87,0,0,0,87,0,28,9,1374.0,0.0,0.0,0.3218390804597701,0.10344827586206896,15.793103448275861
2023,1,19790,DL,14100,10397,PHL,ATL,218,0,1,0,217,0,34,13,611.0,0.0,0.0045871559633027525,0.15668202764976957,0.059907834101382486,2.815668202764977
2023,1,19790,DL,14100,11433,PHL,DTW,102,1,0,0,101,0,11,5,-487.0,0.00980392156862745,0.0,0.10891089108910891,0.04950495049504951,-4.821782178217822
2023,1,19790,DL,14100,13487,PHL,MSP,87,4,0,0,83,0,14,3,188.0,0.04597701149425287,0.0,0.1686746987951807,0.03614457831325301,2.2650602409638556
2023,1,19790,DL,14100,14869,PHL,SLC,31,0,0,0,31,0,4,3,-226.0,0.0,0.0,0.12903225806451613,0.0967741935483871,-7.290322580645161
2023,1,19790,DL,14107,10397,PHX,ATL,206,1,0,0,205,0,28,9,-757.0,0.0048543689320388345,0.0,0.13658536585365855,0.04390243902439024,-3.6926829268292685
2023,1,19790,DL,14107,10721,PHX,BOS,30,0,0,0,30,0,3,0,-468.0,0.0,0.0,0.1,0.0,-15.6
2023,1,19790,DL,14107,11433,PHX,DTW,121,0,0,0,121,0,19,5,-6.0,0.0,0.0,0.15702479338842976,0.04132231404958678,-0.049586776859504134
2023,1,19790,DL,14107,12478,PHX,JFK,73,0,0,0,73,0,15,4,112.0,0.0,0.0,0.2054794520547945,0.0547945205479452,1.5342465753424657
2023,1,19790,DL,14107,13487,PHX,MSP,192,7,0,0,185,0,29,12,383.0,0.036458333333333336,0.0,0.15675675675675677,0.06486486486486487,2.0702702702702704
2023,1,19790,DL,14107,14747,PHX,SEA,154,0,1,0,153,0,11,7,-2315.0,0.0,0.006493506493506494,0.0718954248366013,0.0457516339869281,-15.130718954248366
2023,1,19790,DL,14107,14869,PHX,SLC,149,1,0,0,148,0,21,8,-338.0,0.006711409395973154,0.0,0.14189189189189189,0.05405405405405406,-2.2837837837837838
2023,1,19790,DL,14635,10397,RSW,ATL,236,1,0,0,235,0,34,18,555.0,0.00423728813559322,0.0,0.14468085106382977,0.07659574468085106,2.3617021276595747
2023,1,19790,DL,14635,10721,RSW,BOS,27,0,0,0,27,0,10,3,235.0,0.0,0.0,0.37037037037037035,0.1111111111111111,8.703703703703704
2023,1,19790,DL,14635,11433,RSW,DTW,129,1,0,0,128,0,20,13,505.0,0.007751937984496124,0.0,0.15625,0.1015625,3.9453125
2023,1,19790,DL,14635,12478,RSW,JFK,58,0,0,0,58,0,6,1,-718.0,0.0,0.0,0.10344827586206896,0.017241379310344827,-12.379310344827585
2023,1,19790,DL,14635,12953,RSW,LGA,62,1,1,0,60,0,13,3,166.0,0.016129032258064516,0.016129032258064516,0.21666666666666667,0.05,2.7666666666666666
2023,1,19790,DL,14635,13487,RSW,MSP,123,2,0,0,121,0,17,7,240.0,0.016260162601626018,0.0,0.14049586776859505,0.05785123966942149,1.9834710743801653
2023,1,19790,DL,14679,10397,SAN,ATL,146,0,1,0,145,0,16,7,57.0,0.0,0.00684931506849315,0.1103448275862069,0.04827586206896552,0.3931034482758621
2023,1,19790,DL,14679,10721,SAN,BOS,31,0,0,0,31,0,5,0,-304.0,0.0,0.0,0.16129032258064516,0.0,-9.806451612903226
2023,1,19790,DL,14679,11433,SAN,DTW,75,0,1,0,74,0,14,4,465.0,0.0,0.013333333333333334,0.1891891891891892,0.05405405405405406,6.283783783783784
2023,1,19790,DL,14679,12478,SAN,JFK,71,0,0,0,71,0,23,8,1850.0,0.0,0.0,0.323943661971831,0.11267605633802817,26.056338028169016
2023,1,19790,DL,14679,12889,SAN,LAS,3,0,0,0,3,0,1,1,76.0,0.0,0.0,0.3333333333333333,0.3333333333333333,25.333333333333332
2023,1,19790,DL,14679,13487,SAN,MSP,92,2,2,0,88,0,13,2,154.0,0.021739130434782608,0.021739130434782608,0.14772727272727273,0.022727272727272728,1.75
2023,1,19790,DL,14679,14747,SAN,SEA,153,0,1,0,152,0,16,7,-614.0,0.0,0.006535947712418301,0.10526315789473684,0.046052631578947366,-4.0394736842105265
2023,1,19790,DL,14679,14869,SAN,SLC,149,1,0,0,148,0,27,11,969.0,0.006711409395973154,0.0,0.18243243243243243,0.07432432432432433,6.547297297297297
2023,1,19790,DL,14747,10397,SEA,ATL,169,0,0,0,169,0,42,7,1250.0,0.0,0.0,0.2485207100591716,0.04142011834319527,7.396449704142012
2023,1,19790,DL,14747,10721,SEA,BOS,69,0,0,0,69,0,33,6,2524.0,0.0,0.0,0.4782608695652174,0.08695652173913043,36.57971014492754
2023,1,19790,DL,14747,11292,SEA,DEN,89,0,0,0,89,0,19,2,225.0,0.0,0.0,0.21348314606741572,0.02247191011235955,2.5280898876404496
2023,1,19790,DL,14747,11433,SEA,DTW,111,0,0,0,111,0,19,2,427.0,0.0,0.0,0.17117117117117117,0.018018018018018018,3.8468468468468466
2023,1,19790,DL,14747,11697,SEA,FLL,31,0,0,0,31,0,5,1,-75.0,0.0,0.0,0.16129032258064516,0.03225806451612903,-2.4193548387096775
2023,1,19790,DL,14747,12173,SEA,HNL,57,0,0,0,57,0,14,0,94.0,0.0,0.0,0.24561403508771928,0.0,1.6491228070175439
2023,1,19790,DL,14747,12478,SEA,JFK,94,0,0,0,94,0,31,4,760.0,0.0,0.0,0.32978723404255317,0.0425531914893617,8.085106382978724
2023,1,19790,DL,14747,12889,SEA,LAS,163,1,0,0,162,0,25,7,-42.0,0.006134969325153374,0.0,0.15432098765432098,0.043209876543209874,-0.25925925925925924
2023,1,19790,DL,14747,12892,SEA,LAX,173,1,0,0,172,0,30,9,1016.0,0.005780346820809248,0.0,0.1744186046511628,0.05232558139534884,5.906976744186046
2023,1,19790,DL,14747,13204,SEA,MCO,52,1,0,0,51,0,17,5,1200.0,0.019230769230769232,0.0,0.3333333333333333,0.09803921568627451,23.529411764705884
2023,1,19790,DL,14747,13487,SEA,MSP,138,1,1,0,136,0,18,3,234.0,0.007246376811594203,0.007246376811594203,0.1323529411764706,0.022058823529411766,1.7205882352941178
2023,1,19790,DL,14747,13930,SEA,ORD,62,0,0,0,62,0,16,2,289.0,0.0,0.0,0.25806451612903225,0.03225806451612903,4.661290322580645
2023,1,19790,DL,14747,14107,SEA,PHX,154,0,0,0,154,0,18,5,-464.0,0.0,0.0,0.11688311688311688,0.032467532467532464,-3.012987012987013
2023,1,19790,DL,14747,14679,SEA,SAN,152,0,0,0,152,0,27,3,-17.0,0.0,0.0,0.17763157894736842,0.019736842105263157,-0.1118421052631579
2023,1,19790,DL,14747,14771,SEA,SFO,115,2,0,0,113,0,33,12,1067.0,0.017391304347826087,0.0,0.2920353982300885,0.10619469026548672,9.442477876106194
2023,1,19790,DL,14747,14869,SEA,SLC,154,0,0,0,154,0,15,6,-49.0,0.0,0.0,0.09740259740259741,0.03896103896103896,-0.3181818181818182
2023,1,19790,DL,14747,15304,SEA,TPA,27,0,0,0,27,0,3,0,-328.0,0.0,0.0,0.1111111111111111,0.0,-12.148148148148149
2023,1,19790,DL,14771,10397,SFO,ATL,163,0,0,0,163,0,28,11,202.0,0.0,0.0,0.17177914110429449,0.06748466257668712,1.2392638036809815
2023,1,19790,DL,14771,10721,SFO,BOS,36,0,0,0,36,0,20,5,887.0,0.0,0.0,0.5555555555555556,0.1388888888888889,24.63888888888889
2023,1,19790,DL,14771,11433,SFO,DTW,111,2,0,0,109,0,17,6,6.0,0.018018018018018018,0.0,0.1559633027522936,0.05504587155963303,0.05504587155963303
2023,1,19790,DL,14771,12478,SFO,JFK,161,1,0,0,160,0,44,8,736.0,0.006211180124223602,0.0,0.275,0.05,4.6
2023,1,19790,DL,14771,12892,SFO,LAX,158,1,0,0,157,0,30,6,-26.0,0.006329113924050633,0.0,0.1910828025477707,0.03821656050955414,-0.16560509554140126
2023,1,19790,DL,14771,13487,SFO,MSP,116,4,1,0,111,0,23,4,738.0,0.034482758620689655,0.008620689655172414,0.2072072072072072,0.036036036036036036,6.648648648648648
2023,1,19790,DL,14771,14747,SFO,SEA,115,2,0,0,113,0,24,9,94.0,0.017391304347826087,0.0,0.21238938053097345,0.07964601769911504,0.831858407079646
2023,1,19790,DL,14771,14869,SFO,SLC,149,2,0,0,147,0,31,11,1481.0,0.013422818791946308,0.0,0.2108843537414966,0.07482993197278912,10.07482993197279
2023,1,19790,DL,14869,10397,SLC,ATL,239,0,1,0,238,0,58,18,1350.0,0.0,0.0041841004184100415,0.24369747899159663,0.07563025210084033,5.6722689075630255
2023,1,19790,DL,14869,10721,SLC,BOS,64,0,0,0,64,0,24,6,1309.0,0.0,0.0,0.375,0.09375,20.453125
2023,1,19790,DL,14869,10821,SLC,BWI,31,0,0,0,31,0,8,2,569.0,0.0,0.0,0.25806451612903225,0.06451612903225806,18.35483870967742
2023,1,19790,DL,14869,11278,SLC,DCA,31,1,0,0,30,0,4,4,230.0,0.03225806451612903,0.0,0.13333333333333333,0.13333333333333333,7.666666666666667
2023,1,19790,DL,14869,11292,SLC,DEN,137,1,1,0,135,0,43,10,1671.0,0.0072992700729927005,0.0072992700729927005,0.31851851851851853,0.07407407407407407,12.377777777777778
2023,1,19790,DL,14869,11298,SLC,DFW,119,2,0,0,117,0,30,10,1559.0,0.01680672268907563,0.0,0.2564102564102564,0.08547008547008547,13.324786324786325
2023,1,19790,DL,14869,11433,SLC,DTW,119,1,0,0,118,0,30,14,1376.0,0.008403361344537815,0.0,0.2542372881355932,0.11864406779661017,11.661016949152541
2023,1,19790,DL,14869,11618,SLC,EWR,34,0,0,0,34,0,11,0,230.0,0.0,0.0,0.3235294117647059,0.0,6.764705882352941
2023,1,19790,DL,14869,11697,SLC,FLL,31,0,0,0,31,0,5,3,-39.0,0.0,0.0,0.16129032258064516,0.0967741935483871,-1.2580645161290323
2023,1,19790,DL,14869,12173,SLC,HNL,31,0,0,0,31,0,12,5,626.0,0.0,0.0,0.3870967741935484,0.16129032258064516,20.193548387096776
2023,1,19790,DL,14869,12266,SLC,IAH,84,0,0,0,84,0,20,8,500.0,0.0,0.0,0.23809523809523808,0.09523809523809523,5.9523809523809526
2023,1,19790,DL,14869,12478,SLC,JFK,124,0,0,0,124,0,47,12,2020.0,0.0,0.0,0.3790322580645161,0.0967741935483871,16.29032258064516
2023,1,19790,DL,14869,12889,SLC,LAS,162,0,0,0,162,0,55,16,2331.0,0.0,0.0,0.3395061728395062,0.09876543209876543,14.38888888888889
2023,1,19790,DL,14869,12892,SLC,LAX,212,0,0,0,212,0,54,21,2172.0,0.0,0.0,0.25471698113207547,0.09905660377358491,10.245283018867925
2023,1,19790,DL,14869,13204,SLC,MCO,143,1,0,0,142,0,35,10,1615.0,0.006993006993006993,0.0,0.24647887323943662,0.07042253521126761,11.373239436619718
2023,1,19790,DL,14869,13303,SLC,MIA,31,0,0,0,31,0,9,5,380.0,0.0,0.0,0.2903225806451613,0.16129032258064516,12.258064516129032
2023,1,19790,DL,14869,13487,SLC,MSP,124,1,1,0,122,0,40,11,1763.0,0.008064516129032258,0.008064516129032258,0.32786885245901637,0.09016393442622951,14.450819672131148
2023,1,19790,DL,14869,13796,SLC,OAK,67,0,0,0,67,0,10,2,389.0,0.0,0.0,0.14925373134328357,0.029850746268656716,5.8059701492537314
2023,1,19790,DL,14869,13930,SLC,ORD,88,0,0,0,88,0,21,11,1371.0,0.0,0.0,0.23863636363636365,0.125,15.579545454545455
2023,1,19790,DL,14869,14100,SLC,PHL,31,0,0,0,31,0,5,2,370.0,0.0,0.0,0.16129032258064516,0.06451612903225806,11.935483870967742
2023,1,19790,DL,14869,14107,SLC,PHX,149,1,0,0,148,0,27,8,220.0,0.006711409395973154,0.0,0.18243243243243243,0.05405405405405406,1.4864864864864864
2023,1,19790,DL,14869,14679,SLC,SAN,149,1,0,0,148,0,37,11,1100.0,0.006711409395973154,0.0,0.25,0.07432432432432433,7.4324324324324325
2023,1,19790,DL,14869,14747,SLC,SEA,155,0,1,0,154,0,25,11,-333.0,0.0,0.0064516129032258064,0.16233766233766234,0.07142857142857142,-2.1623376623376624
2023,1,19790,DL,14869,14771,SLC,SFO,149,1,0,0,148,0,44,13,1311.0,0.006711409395973154,0.0,0.2972972972972973,0.08783783783783784,8.858108108108109
2023,1,19790,DL,14869,15016,SLC,STL,68,0,0,0,68,0,7,3,-327.0,0.0,0.0,0.10294117647058823,0.04411764705882353,-4.8088235294117645
2023,1,19790,DL,14869,15304,SLC,TPA,31,1,1,0,29,0,1,0,-272.0,0.03225806451612903,0.03225806451612903,0.034482758620689655,0.0,-9.379310344827585
2023,1,19790,DL,15016,10397,STL,ATL,168,0,0,0,168,0,32,14,1066.0,0.0,0.0,0.19047619047619047,0.08333333333333333,6.345238095238095
2023,1,19790,DL,15016,11433,STL,DTW,62,0,0,0,62,0,8,4,-154.0,0.0,0.0,0.12903225806451613,0.06451612903225806,-2.4838709677419355
2023,1,19790,DL,15016,13487,STL,MSP,72,0,0,0,72,0,6,1,-583.0,0.0,0.0,0.08333333333333333,0.013888888888888888,-8.097222222222221
2023,1,19790,DL,15016,14869,STL,SLC,68,0,1,0,67,0,4,3,108.0,0.0,0.014705882352941176,0.05970149253731343,0.04477611940298507,1.6119402985074627
2023,1,19790,DL,15304,10397,TPA,ATL,343,3,1,0,339,0,47,24,162.0,0.008746355685131196,0.0029154518950437317,0.13864306784660768,0.07079646017699115,0.4778761061946903
2023,1,19790,DL,15304,10721,TPA,BOS,62,1,0,0,61,0,10,4,-124.0,0.016129032258064516,0.0,0.16393442622950818,0.06557377049180328,-2.0327868852459017
2023,1,19790,DL,15304,11433,TPA,DTW,134,1,1,0,132,0,23,15,1058.0,0.007462686567164179,0.007462686567164179,0.17424242424242425,0.11363636363636363,8.015151515151516
2023,1,19790,DL,15304,12478,TPA,JFK,96,0,0,0,96,0,20,9,1349.0,0.0,0.0,0.20833333333333334,0.09375,14.052083333333334
2023,1,19790,DL,15304,12892,TPA,LAX,45,0,0,0,45,0,9,5,423.0,0.0,0.0,0.2,0.1111111111111111,9.4
2023,1,19790,DL,15304,12953,TPA,LGA,117,2,1,0,114,0,20,6,371.0,0.017094017094017096,0.008547008547008548,0.17543859649122806,0.05263157894736842,3.254385964912281
2023,1,19790,DL,15304,13487,TPA,MSP,93,3,0,0,90,0,10,7,-91.0,0.03225806451612903,0.0,0.1111111111111111,0.07777777777777778,-1.011111111111111
2023,1,19790,DL,15304,14747,TPA,SEA,27,0,0,0,27,0,6,4,399.0,0.0,0.0,0.2222222222222222,0.14814814814814814,14.777777777777779
2023,1,19790,DL,15304,14869,TPA,SLC,31,1,0,0,30,0,3,3,23.0,0.03225806451612903,0.0,0.1,0.1,0.7666666666666667
2023,1,19805,AA,10397,11278,ATL,DCA,27,0,0,0,27,0,4,1,12.0,0.0,0.0,0.14814814814814814,0.037037037037037035,0.4444444444444444
2023,1,19805,AA,10397,11298,ATL,DFW,181,7,0,0,174,0,34,14,1977.0,0.03867403314917127,0.0,0.19540229885057472,0.08045977011494253,11.362068965517242
2023,1,19805,AA,10397,12892,ATL,LAX,30,0,0,0,30,0,7,3,288.0,0.0,0.0,0.23333333333333334,0.1,9.6
2023,1,19805,AA,10397,12953,ATL,LGA,1,0,0,0,1,0,0,0,-13.0,0.0,0.0,0.0,0.0,-13.0
2023,1,19805,AA,10397,13303,ATL,MIA,114,2,0,0,112,0,31,13,2747.0,0.017543859649122806,0.0,0.2767857142857143,0.11607142857142858,24.526785714285715
2023,1,19805,AA,10397,13930,ATL,ORD,31,0,0,0,31,0,5,4,288.0,0.0,0.0,0.16129032258064516,0.12903225806451613,9.290322580645162
2023,1,19805,AA,10397,14100,ATL,PHL,52,0,0,0,52,0,5,2,-372.0,0.0,0.0,0.09615384615384616,0.038461538461538464,-7.153846153846154
2023,1,19805,AA,10397,14107,ATL,PHX,53,1,0,0,52,0,12,5,1541.0,0.018867924528301886,0.0,0.23076923076923078,0.09615384615384616,29.634615384615383
2023,1,19805,AA,10721,11278,BOS,DCA,211,4,0,0,207,0,36,18,1834.0,0.018957345971563982,0.0,0.17391304347826086,0.08695652173913043,8.859903381642512
2023,1,19805,AA,10721,11298,BOS,DFW,170,4,0,0,166,0,33,11,96.0,0.023529411764705882,0.0,0.19879518072289157,0.06626506024096386,0.5783132530120482
2023,1,19805,AA,10721,12892,BOS,LAX,71,0,0,0,71,0,23,10,2188.0,0.0,0.0,0.323943661971831,0.14084507042253522,30.816901408450704
2023,1,19805,AA,10721,13303,BOS,MIA,177,3,0,0,174,0,36,10,478.0,0.01694915254237288,0.0,0.20689655172413793,0.05747126436781609,2.7471264367816093
2023,1,19805,AA,10721,13930,BOS,ORD,103,0,0,0,103,0,22,14,2037.0,0.0,0.0,0.21359223300970873,0.13592233009708737,19.776699029126213
2023,1,19805,AA,10721,14100,BOS,PHL,176,1,0,0,175,0,40,13,841.0,0.005681818181818182,0.0,0.22857142857142856,0.07428571428571429,4.805714285714286
2023,1,19805,AA,10721,14107,BOS,PHX,90,0,0,0,90,0,11,5,-524.0,0.0,0.0,0.12222222222222222,0.05555555555555555,-5.822222222222222
2023,1,19805,AA,10821,11298,BWI,DFW,78,2,0,0,76,0,13,6,362.0,0.02564102564102564,0.0,0.17105263157894737,0.07894736842105263,4.7631578947368425
2023,1,19805,AA,10821,13303,BWI,MIA,31,0,0,0,31,0,4,2,-162.0,0.0,0.0,0.12903225806451613,0.06451612903225806,-5.225806451612903
2023,1,19805,AA,10821,13930,BWI,ORD,10,2,0,0,8,0,0,0,-143.0,0.2,0.0,0.0,0.0,-17.875
2023,1,19805,AA,11278,10397,DCA,ATL,27,0,0,0,27,0,4,2,36.0,0.0,0.0,0.14814814814814814,0.07407407407407407,1.3333333333333333
2023,1,19805,AA,11278,10721,DCA,BOS,212,4,0,0,208,0,43,20,2842.0,0.018867924528301886,0.0,0.20673076923076922,0.09615384615384616,13.663461538461538
2023,1,19805,AA,11278,11298,DCA,DFW,274,8,0,0,266,0,48,24,1280.0,0.029197080291970802,0.0,0.18045112781954886,0.09022556390977443,4.81203007518797
2023,1,19805,AA,11278,12889,DCA,LAS,31,0,1,0,30,0,3,1,-566.0,0.0,0.03225806451612903,0.1,0.03333333333333333,-18.866666666666667
2023,1,19805,AA,11278,12892,DCA,LAX,62,0,0,0,62,0,11,1,-483.0,0.0,0.0,0.1774193548387097,0.016129032258064516,-7.790322580645161
2023,1,19805,AA,11278,12953,DCA,LGA,200,4,0,0,196,0,60,20,3312.0,0.02,0.0,0.30612244897959184,0.10204081632653061,16.897959183673468
2023,1,19805,AA,11278,13204,DCA,MCO,154,2,0,0,152,0,24,9,-134.0,0.012987012987012988,0.0,0.15789473684210525,0.05921052631578947,-0.881578947368421
2023,1,19805,AA,11278,13303,DCA,MIA,298,1,0,0,297,0,48,27,337.0,0.003355704697986577,0.0,0.16161616161616163,0.09090909090909091,1.1346801346801347
2023,1,19805,AA,11278,13930,DCA,ORD,260,3,0,0,257,0,55,25,1486.0,0.011538461538461539,0.0,0.2140077821011673,0.09727626459143969,5.782101167315175
2023,1,19805,AA,11278,14107,DCA,PHX,92,0,0,0,92,0,13,3,-415.0,0.0,0.0,0.14130434782608695,0.03260869565217391,-4.510869565217392
2023,1,19805,AA,11278,14635,DCA,RSW,61,1,0,0,60,0,12,5,251.0,0.01639344262295082,0.0,0.2,0.08333333333333333,4.183333333333334
2023,1,19805,AA,11278,15016,DCA,STL,1,0,0,0,1,0,0,0,-21.0,0.0,0.0,0.0,0.0,-21.0
2023,1,19805,AA,11278,15304,DCA,TPA,123,2,0,0,121,0,27,10,486.0,0.016260162601626018,0.0,0.2231404958677686,0.08264462809917356,4.016528925619835
2023,1,19805,AA,11292,11298,DEN,DFW,229,11,0,0,218,0,70,28,7548.0,0.048034934497816595,0.0,0.3211009174311927,0.12844036697247707,34.62385321100918
2023,1,19805,AA,11292,13303,DEN,MIA,58,0,0,0,58,0,16,5,510.0,0.0,0.0,0.27586206896551724,0.08620689655172414,8.793103448275861
2023,1,19805,AA,11292,13930,DEN,ORD,88,1,0,0,87,0,28,8,1788.0,0.011363636363636364,0.0,0.3218390804597701,0.09195402298850575,20.551724137931036
2023,1,19805,AA,11292,14100,DEN,PHL,62,1,0,0,61,0,15,2,280.0,0.016129032258064516,0.0,0.2459016393442623,0.03278688524590164,4.590163934426229
2023,1,19805,AA,11292,14107,DEN,PHX,87,1,0,0,86,0,33,10,2370.0,0.011494252873563218,0.0,0.38372093023255816,0.11627906976744186,27.558139534883722
2023,1,19805,AA,11298,10397,DFW,ATL,181,8,1,0,172,0,43,16,2661.0,0.04419889502762431,0.0055248618784530384,0.25,0.09302325581395349,15.470930232558139
2023,1,19805,AA,11298,10721,DFW,BOS,169,5,0,0,164,0,39,14,782.0,0.029585798816568046,0.0,0.23780487804878048,0.08536585365853659,4.7682926829268295
2023,1,19805,AA,11298,10821,DFW,BWI,78,1,0,0,77,0,20,9,782.0,0.01282051282051282,0.0,0.2597402597402597,0.11688311688311688,10.155844155844155
2023,1,19805,AA,11298,11278,DFW,DCA,274,9,1,0,264,0,57,20,1511.0,0.032846715328467155,0.0036496350364963502,0.2159090909090909,0.07575757575757576,5.723484848484849
2023,1,19805,AA,11298,11292,DFW,DEN,230,10,0,0,220,0,59,17,2860.0,0.043478260869565216,0.0,0.2681818181818182,0.07727272727272727,13.0
2023,1,19805,AA,11298,11433,DFW,DTW,121,4,0,0,117,0,18,5,16.0,0.03305785123966942,0.0,0.15384615384615385,0.042735042735042736,0.13675213675213677
2023,1,19805,AA,11298,11618,DFW,EWR,144,6,0,0,138,0,39,18,1887.0,0.041666666666666664,0.0,0.2826086956521739,0.13043478260869565,13.673913043478262
2023,1,19805,AA,11298,11697,DFW,FLL,138,6,0,0,132,0,32,14,1705.0,0.043478260869565216,0.0,0.24242424242424243,0.10606060606060606,12.916666666666666
2023,1,19805,AA,11298,12173,DFW,HNL,62,1,0,0,61,0,14,5,233.0,0.016129032258064516,0.0,0.22950819672131148,0.08196721311475409,3.819672131147541
2023,1,19805,AA,11298,12266,DFW,IAH,176,6,1,0,169,0,43,15,2037.0,0.03409090909090909,0.005681818181818182,0.25443786982248523,0.08875739644970414,12.053254437869823
2023,1,19805,AA,11298,12478,DFW,JFK,92,4,0,0,88,0,14,5,205.0,0.043478260869565216,0.0,0.1590909090909091,0.056818181818181816,2.3295454545454546
2023,1,19805,AA,11298,12889,DFW,LAS,268,4,0,0,264,0,67,22,3456.0,0.014925373134328358,0.0,0.2537878787878788,0.08333333333333333,13.090909090909092
2023,1,19805,AA,11298,12892,DFW,LAX,363,9,1,0,353,0,92,29,4672.0,0.024793388429752067,0.0027548209366391185,0.26062322946175637,0.0821529745042493,13.23512747875354
2023,1,19805,AA,11298,12953,DFW,LGA,368,14,0,0,354,0,80,26,1431.0,0.03804347826086957,0.0,0.22598870056497175,0.07344632768361582,4.0423728813559325
2023,1,19805,AA,11298,13204,DFW,MCO,261,11,0,0,250,0,70,26,3712.0,0.0421455938697318,0.0,0.28,0.104,14.848
2023,1,19805,AA,11298,13303,DFW,MIA,276,6,0,0,270,0,68,27,3239.0,0.021739130434782608,0.0,0.2518518518518518,0.1,11.996296296296297
2023,1,19805,AA,11298,13487,DFW,MSP,121,8,0,0,113,0,26,7,730.0,0.06611570247933884,0.0,0.23008849557522124,0.061946902654867256,6.460176991150442
2023,1,19805,AA,11298,13930,DFW,ORD,264,6,0,0,258,0,44,17,823.0,0.022727272727272728,0.0,0.17054263565891473,0.06589147286821706,3.189922480620155
2023,1,19805,AA,11298,14100,DFW,PHL,202,3,1,0,198,0,40,13,1566.0,0.01485148514851485,0.0049504950495049506,0.20202020202020202,0.06565656565656566,7.909090909090909
2023,1,19805,AA,11298,14107,DFW,PHX,323,8,1,0,314,0,75,24,3539.0,0.02476780185758514,0.0030959752321981426,0.23885350318471338,0.07643312101910828,11.270700636942674
2023,1,19805,AA,11298,14635,DFW,RSW,99,3,0,0,96,0,25,7,1381.0,0.030303030303030304,0.0,0.2604166666666667,0.07291666666666667,14.385416666666666
2023,1,19805,AA,11298,14679,DFW,SAN,260,10,0,0,250,0,66,23,3427.0,0.038461538461538464,0.0,0.264,0.092,13.708
2023,1,19805,AA,11298,14747,DFW,SEA,170,5,0,0,165,0,27,10,1252.0,0.029411764705882353,0.0,0.16363636363636364,0.06060606060606061,7.587878787878788
2023,1,19805,AA,11298,14771,DFW,SFO,199,7,1,0,191,0,57,24,4670.0,0.035175879396984924,0.005025125628140704,0.29842931937172773,0.1256544502617801,24.45026178010471
2023,1,19805,AA,11298,14869,DFW,SLC,152,7,0,0,145,0,40,16,2535.0,0.046052631578947366,0.0,0.27586206896551724,0.1103448275862069,17.482758620689655
2023,1,19805,AA,11298,15016,DFW,STL,134,5,0,0,129,0,24,7,741.0,0.03731343283582089,0.0,0.18604651162790697,0.05426356589147287,5.744186046511628
2023,1,19805,AA,11298,15304,DFW,TPA,168,8,0,0,160,0,47,19,3180.0,0.047619047619047616,0.0,0.29375,0.11875,19.875
2023,1,19805,AA,11433,11298,DTW,DFW,121,5,0,0,116,0,24,4,302.0,0.04132231404958678,0.0,0.20689655172413793,0.034482758620689655,2.603448275862069
2023,1,19805,AA,11433,13303,DTW,MIA,31,0,0,0,31,0,5,2,165.0,0.0,0.0,0.16129032258064516,0.06451612903225806,5.32258064516129
2023,1,19805,AA,11433,14107,DTW,PHX,39,0,0,0,39,0,8,4,1818.0,0.0,0.0,0.20512820512820512,0.10256410256410256,46.61538461538461
2023,1,19805,AA,11618,11298,EWR,DFW,144,6,0,0,138,0,47,17,2958.0,0.041666666666666664,0.0,0.34057971014492755,0.12318840579710146,21.434782608695652
2023,1,19805,AA,11618,13303,EWR,MIA,112,0,0,0,112,0,31,15,1566.0,0.0,0.0,0.2767857142857143,0.13392857142857142,13.982142857142858
2023,1,19805,AA,11618,13930,EWR,ORD,159,4,0,0,155,0,43,17,1845.0,0.025157232704402517,0.0,0.27741935483870966,0.10967741935483871,11.903225806451612
2023,1,19805,AA,11618,14107,EWR,PHX,91,1,0,0,90,0,24,8,1512.0,0.01098901098901099,0.0,0.26666666666666666,0.08888888888888889,16.8
2023,1,19805,AA,11697,11298,FLL,DFW,138,6,0,0,132,0,30,10,1982.0,0.043478260869565216,0.0,0.22727272727272727,0.07575757575757576,15.015151515151516
2023,1,19805,AA,11697,12892,FLL,LAX,2,0,0,0,2,0,1,1,96.0,0.0,0.0,0.5,0.5,48.0
2023,1,19805,AA,11697,13930,FLL,ORD,38,0,0,0,38,0,15,4,858.0,0.0,0.0,0.39473684210526316,0.10526315789473684,22.57894736842105
2023,1,19805,AA,11697,14100,FLL,PHL,89,1,1,0,87,0,7,4,-398.0,0.011235955056179775,0.011235955056179775,0.08045977011494253,0.04597701149425287,-4.574712643678161
2023,1,19805,AA,12173,11298,HNL,DFW,62,1,0,0,61,0,3,2,-778.0,0.016129032258064516,0.0,0.04918032786885246,0.03278688524590164,-12.754098360655737
2023,1,19805,AA,12173,12892,HNL,LAX,101,1,0,0,100,0,9,3,-1017.0,0.009900990099009901,0.0,0.09,0.03,-10.17
2023,1,19805,AA,12173,14107,HNL,PHX,40,1,0,0,39,0,3,0,-545.0,0.025,0.0,0.07692307692307693,0.0,-13.974358974358974
2023,1,19805,AA,12266,11298,IAH,DFW,177,5,0,0,172,0,23,14,1174.0,0.02824858757062147,0.0,0.13372093023255813,0.08139534883720931,6.825581395348837
2023,1,19805,AA,12266,13303,IAH,MIA,31,0,0,0,31,0,5,2,155.0,0.0,0.0,0.16129032258064516,0.06451612903225806,5.0
2023,1,19805,AA,12266,13930,IAH,ORD,29,1,0,0,28,0,9,5,657.0,0.034482758620689655,0.0,0.32142857142857145,0.17857142857142858,23.464285714285715
2023,1,19805,AA,12266,14100,IAH,PHL,31,0,0,0,31,0,7,3,305.0,0.0,0.0,0.22580645161290322,0.0967741935483871,9.838709677419354
2023,1,19805,AA,12266,14107,IAH,PHX,51,0,0,0,51,0,11,3,561.0,0.0,0.0,0.21568627450980393,0.058823529411764705,11.0
2023,1,19805,AA,12478,11298,JFK,DFW,92,3,0,0,89,0,19,7,163.0,0.03260869565217391,0.0,0.21348314606741572,0.07865168539325842,1.8314606741573034
2023,1,19805,AA,12478,12889,JFK,LAS,9,0,0,0,9,0,1,0,-158.0,0.0,0.0,0.1111111111111111,0.0,-17.555555555555557
2023,1,19805,AA,12478,12892,JFK,LAX,253,1,0,0,252,0,39,10,-914.0,0.003952569169960474,0.0,0.15476190476190477,0.03968253968253968,-3.626984126984127
2023,1,19805,AA,12478,13303,JFK,MIA,300,2,0,0,298,0,58,13,-398.0,0.006666666666666667,0.0,0.19463087248322147,0.0436241610738255,-1.3355704697986577
2023,1,19805,AA,12478,13930,JFK,ORD,62,0,0,0,62,0,7,3,-1099.0,0.0,0.0,0.11290322580645161,0.04838709677419355,-17.725806451612904
2023,1,19805,AA,12478,14107,JFK,PHX,91,0,0,0,91,0,15,5,-559.0,0.0,0.0,0.16483516483516483,0.054945054945054944,-6.142857142857143
2023,1,19805,AA,12478,14771,JFK,SFO,106,2,0,0,104,0,15,6,-935.0,0.018867924528301886,0.0,0.14423076923076922,0.057692307692307696,-8.990384615384615
2023,1,19805,AA,12889,11278,LAS,DCA,31,0,0,0,31,0,11,4,1079.0,0.0,0.0,0.3548387096774194,0.12903225806451613,34.806451612903224
2023,1,19805,AA,12889,11298,LAS,DFW,268,6,0,0,262,0,55,26,3807.0,0.022388059701492536,0.0,0.2099236641221374,0.09923664122137404,14.530534351145038
2023,1,19805,AA,12889,12478,LAS,JFK,9,0,0,0,9,0,3,0,41.0,0.0,0.0,0.3333333333333333,0.0,4.555555555555555
2023,1,19805,AA,12889,12892,LAS,LAX,100,2,0,0,98,0,25,10,3101.0,0.02,0.0,0.25510204081632654,0.10204081632653061,31.642857142857142
2023,1,19805,AA,12889,13303,LAS,MIA,66,1,1,0,64,0,8,5,1257.0,0.015151515151515152,0.015151515151515152,0.125,0.078125,19.640625
2023,1,19805,AA,12889,13930,LAS,ORD,114,0,0,0,114,0,16,4,-1069.0,0.0,0.0,0.14035087719298245,0.03508771929824561,-9.37719298245614
2023,1,19805,AA,12889,14100,LAS,PHL,101,0,0,0,101,0,11,3,-335.0,0.0,0.0,0.10891089108910891,0.0297029702970297,-3.3168316831683167
2023,1,19805,AA,12889,14107,LAS,PHX,125,1,0,0,124,0,27,5,2623.0,0.008,0.0,0.21774193548387097,0.04032258064516129,21.153225806451612
2023,1,19805,AA,12892,10397,LAX,ATL,30,0,1,0,29,0,7,2,246.0,0.0,0.03333333333333333,0.2413793103448276,0.06896551724137931,8.482758620689655
2023,1,19805,AA,12892,10721,LAX,BOS,71,0,0,0,71,0,10,6,727.0,0.0,0.0,0.14084507042253522,0.08450704225352113,10.23943661971831
2023,1,19805,AA,12892,11278,LAX,DCA,62,0,0,0,62,0,7,1,-664.0,0.0,0.0,0.11290322580645161,0.016129032258064516,-10.709677419354838
2023,1,19805,AA,12892,11298,LAX,DFW,362,10,0,0,352,0,74,32,5924.0,0.027624309392265192,0.0,0.21022727272727273,0.09090909090909091,16.829545454545453
2023,1,19805,AA,12892,11697,LAX,FLL,2,0,0,0,2,0,1,0,40.0,0.0,0.0,0.5,0.0,20.0
2023,1,19805,AA,12892,12173,LAX,HNL,101,1,0,0,100,0,27,9,323.0,0.009900990099009901,0.0,0.27,0.09,3.23
2023,1,19805,AA,12892,12478,LAX,JFK,254,0,1,0,253,0,40,18,1411.0,0.0,0.003937007874015748,0.15810276679841898,0.07114624505928854,5.5770750988142295
2023,1,19805,AA,12892,12889,LAX,LAS,99,2,0,0,97,0,23,9,2356.0,0.020202020202020204,0.0,0.23711340206185566,0.09278350515463918,24.288659793814432
2023,1,19805,AA,12892,13204,LAX,MCO,61,1,0,0,60,0,10,2,-138.0,0.01639344262295082,0.0,0.16666666666666666,0.03333333333333333,-2.3
2023,1,19805,AA,12892,13303,LAX,MIA,226,3,0,0,223,0,47,12,645.0,0.01327433628318584,0.0,0.21076233183856502,0.053811659192825115,2.89237668161435
2023,1,19805,AA,12892,13930,LAX,ORD,214,1,0,0,213,0,49,18,1993.0,0.004672897196261682,0.0,0.2300469483568075,0.08450704225352113,9.35680751173709
2023,1,19805,AA,12892,14100,LAX,PHL,154,1,0,0,153,0,20,9,-287.0,0.006493506493506494,0.0,0.13071895424836602,0.058823529411764705,-1.8758169934640523
2023,1,19805,AA,12892,14107,LAX,PHX,153,2,0,0,151,0,31,11,2984.0,0.013071895424836602,0.0,0.2052980132450331,0.0728476821192053,19.76158940397351
2023,1,19805,AA,12892,14771,LAX,SFO,31,1,0,0,30,0,12,4,559.0,0.03225806451612903,0.0,0.4,0.13333333333333333,18.633333333333333
2023,1,19805,AA,12892,15016,LAX,STL,31,0,0,0,31,0,4,1,27.0,0.0,0.0,0.12903225806451613,0.03225806451612903,0.8709677419354839
2023,1,19805,AA,12892,15304,LAX,TPA,2,0,0,0,2,0,0,0,-8.0,0.0,0.0,0.0,0.0,-4.0
2023,1,19805,AA,12953,10397,LGA,ATL,1,0,0,0,1,0,0,0,-34.0,0.0,0.0,0.0,0.0,-34.0
2023,1,19805,AA,12953,11278,LGA,DCA,199,5,0,0,194,0,39,20,1178.0,0.02512562814070352,0.0,0.20103092783505155,0.10309278350515463,6.072164948453608
2023,1,19805,AA,12953,11298,LGA,DFW,368,14,0,0,354,0,60,23,-968.0,0.03804347826086957,0.0,0.1694915254237288,0.06497175141242938,-2.7344632768361583
2023,1,19805,AA,12953,13303,LGA,MIA,299,1,0,0,298,0,51,22,-2208.0,0.0033444816053511705,0.0,0.17114093959731544,0.0738255033557047,-7.409395973154362
2023,1,19805,AA,12953,13930,LGA,ORD,332,9,0,0,323,0,53,26,-1473.0,0.02710843373493976,0.0,0.16408668730650156,0.0804953560371517,-4.560371517027864
2023,1,19805,AA,12953,15016,LGA,STL,54,2,0,0,52,0,12,6,435.0,0.037037037037037035,0.0,0.23076923076923078,0.11538461538461539,8.365384615384615
2023,1,19805,AA,13204,11278,MCO,DCA,154,2,1,0,151,0,31,5,657.0,0.012987012987012988,0.006493506493506494,0.2052980132450331,0.033112582781456956,4.3509933774834435
2023,1,19805,AA,13204,11298,MCO,DFW,261,10,0,0,251,0,49,25,1813.0,0.038314176245210725,0.0,0.1952191235059761,0.099601593625498,7.223107569721115
2023,1,19805,AA,13204,12892,MCO,LAX,61,1,0,0,60,0,10,2,179.0,0.01639344262295082,0.0,0.16666666666666666,0.03333333333333333,2.9833333333333334
2023,1,19805,AA,13204,13303,MCO,MIA,214,3,0,0,211,0,27,10,790.0,0.014018691588785047,0.0,0.12796208530805686,0.04739336492890995,3.744075829383886
2023,1,19805,AA,13204,13930,MCO,ORD,109,2,0,0,107,0,23,10,1791.0,0.01834862385321101,0.0,0.21495327102803738,0.09345794392523364,16.738317757009344
2023,1,19805,AA,13204,14100,MCO,PHL,180,3,0,0,177,0,29,9,495.0,0.016666666666666666,0.0,0.1638418079096045,0.05084745762711865,2.7966101694915255
2023,1,19805,AA,13204,14107,MCO,PHX,62,1,0,0,61,0,17,2,601.0,0.016129032258064516,0.0,0.2786885245901639,0.03278688524590164,9.852459016393443
2023,1,19805,AA,13303,10397,MIA,ATL,113,2,2,0,109,0,37,14,2391.0,0.017699115044247787,0.017699115044247787,0.3394495412844037,0.12844036697247707,21.93577981651376
2023,1,19805,AA,13303,10721,MIA,BOS,178,3,0,0,175,0,41,16,1226.0,0.016853932584269662,0.0,0.2342857142857143,0.09142857142857143,7.005714285714285
2023,1,19805,AA,13303,10821,MIA,BWI,31,0,0,0,31,0,13,4,1214.0,0.0,0.0,0.41935483870967744,0.12903225806451613,39.16129032258065
2023,1,19805,AA,13303,11278,MIA,DCA,298,1,0,0,297,0,65,17,1470.0,0.003355704697986577,0.0,0.21885521885521886,0.05723905723905724,4.94949494949495
2023,1,19805,AA,13303,11292,MIA,DEN,58,0,0,0,58,0,18,6,658.0,0.0,0.0,0.3103448275862069,0.10344827586206896,11.344827586206897
2023,1,19805,AA,13303,11298,MIA,DFW,279,5,0,0,274,0,64,30,5112.0,0.017921146953405017,0.0,0.23357664233576642,0.10948905109489052,18.656934306569344
2023,1,19805,AA,13303,11433,MIA,DTW,31,0,0,0,31,0,4,0,92.0,0.0,0.0,0.12903225806451613,0.0,2.967741935483871
2023,1,19805,AA,13303,11618,MIA,EWR,112,0,0,0,112,0,40,12,2205.0,0.0,0.0,0.35714285714285715,0.10714285714285714,19.6875
2023,1,19805,AA,13303,12266,MIA,IAH,31,0,1,0,30,0,10,2,333.0,0.0,0.03225806451612903,0.3333333333333333,0.06666666666666667,11.1
2023,1,19805,AA,13303,12478,MIA,JFK,300,2,1,0,297,0,63,25,1893.0,0.006666666666666667,0.0033333333333333335,0.21212121212121213,0.08417508417508418,6.373737373737374
2023,1,19805,AA,13303,12889,MIA,LAS,65,1,0,0,64,0,13,5,584.0,0.015384615384615385,0.0,0.203125,0.078125,9.125
2023,1,19805,AA,13303,12892,MIA,LAX,225,3,0,0,222,0,71,22,2820.0,0.013333333333333334,0.0,0.31981981981981983,0.0990990990990991,12.702702702702704
2023,1,19805,AA,13303,12953,MIA,LGA,299,1,2,0,296,0,76,23,2868.0,0.0033444816053511705,0.006688963210702341,0.25675675675675674,0.0777027027027027,9.68918918918919
2023,1,19805,AA,13303,13204,MIA,MCO,214,3,0,0,211,0,35,12,356.0,0.014018691588785047,0.0,0.16587677725118483,0.05687203791469194,1.6872037914691944
2023,1,19805,AA,13303,13487,MIA,MSP,31,1,0,0,30,0,8,2,332.0,0.03225806451612903,0.0,0.26666666666666666,0.06666666666666667,11.066666666666666
2023,1,19805,AA,13303,13930,MIA,ORD,181,3,1,0,177,0,34,11,656.0,0.016574585635359115,0.0055248618784530384,0.192090395480226,0.062146892655367235,3.7062146892655368
2023,1,19805,AA,13303,14100,MIA,PHL,206,1,0,0,205,0,39,13,522.0,0.0048543689320388345,0.0,0.1902439024390244,0.06341463414634146,2.546341463414634
2023,1,19805,AA,13303,14107,MIA,PHX,115,1,0,0,114,0,35,9,2115.0,0.008695652173913044,0.0,0.30701754385964913,0.07894736842105263,18.55263157894737
2023,1,19805,AA,13303,14679,MIA,SAN,31,1,0,0,30,0,9,2,384.0,0.03225806451612903,0.0,0.3,0.06666666666666667,12.8
2023,1,19805,AA,13303,14747,MIA,SEA,38,0,0,0,38,0,9,2,585.0,0.0,0.0,0.23684210526315788,0.05263157894736842,15.394736842105264
2023,1,19805,AA,13303,14771,MIA,SFO,55,0,1,0,54,0,20,4,534.0,0.0,0.01818181818181818,0.37037037037037035,0.07407407407407407,9.88888888888889
2023,1,19805,AA,13303,14869,MIA,SLC,32,1,0,0,31,0,5,4,213.0,0.03125,0.0,0.16129032258064516,0.12903225806451613,6.870967741935484
2023,1,19805,AA,13303,15016,MIA,STL,32,0,1,0,31,0,5,1,29.0,0.0,0.03125,0.16129032258064516,0.03225806451612903,0.9354838709677419
2023,1,19805,AA,13303,15304,MIA,TPA,152,4,0,0,148,0,23,10,1131.0,0.02631578947368421,0.0,0.1554054054054054,0.06756756756756757,7.641891891891892
2023,1,19805,AA,13487,11298,MSP,DFW,121,7,0,0,114,0,27,13,1770.0,0.05785123966942149,0.0,0.23684210526315788,0.11403508771929824,15.526315789473685
2023,1,19805,AA,13487,13303,MSP,MIA,31,1,0,0,30,0,4,2,-101.0,0.03225806451612903,0.0,0.13333333333333333,0.06666666666666667,-3.3666666666666667
2023,1,19805,AA,13487,13930,MSP,ORD,30,1,0,0,29,0,4,2,79.0,0.03333333333333333,0.0,0.13793103448275862,0.06896551724137931,2.7241379310344827
2023,1,19805,AA,13487,14107,MSP,PHX,61,1,0,0,60,0,16,7,652.0,0.01639344262295082,0.0,0.26666666666666666,0.11666666666666667,10.866666666666667
2023,1,19805,AA,13930,10397,ORD,ATL,31,1,0,0,30,0,20,9,1167.0,0.03225806451612903,0.0,0.6666666666666666,0.3,38.9
2023,1,19805,AA,13930,10721,ORD,BOS,102,0,0,0,102,0,42,12,1855.0,0.0,0.0,0.4117647058823529,0.11764705882352941,18.186274509803923
2023,1,19805,AA,13930,10821,ORD,BWI,9,2,0,0,7,0,3,3,591.0,0.2222222222222222,0.0,0.42857142857142855,0.42857142857142855,84.42857142857143
2023,1,19805,AA,13930,11278,ORD,DCA,260,2,0,0,258,0,87,24,3684.0,0.007692307692307693,0.0,0.3372093023255814,0.09302325581395349,14.279069767441861
2023,1,19805,AA,13930,11292,ORD,DEN,88,0,0,0,88,0,24,6,460.0,0.0,0.0,0.2727272727272727,0.06818181818181818,5.2272727272727275
2023,1,19805,AA,13930,11298,ORD,DFW,264,5,0,0,259,0,69,20,4039.0,0.01893939393939394,0.0,0.26640926640926643,0.07722007722007722,15.594594594594595
2023,1,19805,AA,13930,11618,ORD,EWR,159,4,0,0,155,0,71,19,3274.0,0.025157232704402517,0.0,0.45806451612903226,0.12258064516129032,21.12258064516129
2023,1,19805,AA,13930,11697,ORD,FLL,37,0,0,0,37,0,15,5,793.0,0.0,0.0,0.40540540540540543,0.13513513513513514,21.43243243243243
2023,1,19805,AA,13930,12266,ORD,IAH,28,0,1,0,27,0,11,7,611.0,0.0,0.03571428571428571,0.4074074074074074,0.25925925925925924,22.62962962962963
2023,1,19805,AA,13930,12478,ORD,JFK,62,0,0,0,62,0,22,7,664.0,0.0,0.0,0.3548387096774194,0.11290322580645161,10.709677419354838
2023,1,19805,AA,13930,12889,ORD,LAS,114,0,1,0,113,0,38,6,565.0,0.0,0.008771929824561403,0.336283185840708,0.05309734513274336,5.0
2023,1,19805,AA,13930,12892,ORD,LAX,214,1,1,0,212,0,58,18,4367.0,0.004672897196261682,0.004672897196261682,0.27358490566037735,0.08490566037735849,20.599056603773583
2023,1,19805,AA,13930,12953,ORD,LGA,332,9,0,0,323,0,129,45,8211.0,0.02710843373493976,0.0,0.3993808049535604,0.1393188854489164,25.42105263157895
2023,1,19805,AA,13930,13204,ORD,MCO,109,2,0,0,107,0,37,13,1165.0,0.01834862385321101,0.0,0.34579439252336447,0.12149532710280374,10.88785046728972
2023,1,19805,AA,13930,13303,ORD,MIA,182,2,0,0,180,0,57,17,2601.0,0.01098901098901099,0.0,0.31666666666666665,0.09444444444444444,14.45
2023,1,19805,AA,13930,13487,ORD,MSP,30,0,0,0,30,0,11,6,1106.0,0.0,0.0,0.36666666666666664,0.2,36.86666666666667
2023,1,19805,AA,13930,14100,ORD,PHL,178,3,0,0,175,0,56,27,4823.0,0.016853932584269662,0.0,0.32,0.15428571428571428,27.56
2023,1,19805,AA,13930,14107,ORD,PHX,184,0,1,0,183,0,50,11,2237.0,0.0,0.005434782608695652,0.273224043715847,0.060109289617486336,12.224043715846994
2023,1,19805,AA,13930,14635,ORD,RSW,92,2,0,0,90,0,31,9,946.0,0.021739130434782608,0.0,0.34444444444444444,0.1,10.511111111111111
2023,1,19805,AA,13930,14679,ORD,SAN,86,0,0,0,86,0,28,14,1132.0,0.0,0.0,0.32558139534883723,0.16279069767441862,13.162790697674419
2023,1,19805,AA,13930,14747,ORD,SEA,31,1,0,0,30,0,7,1,-7.0,0.03225806451612903,0.0,0.23333333333333334,0.03333333333333333,-0.23333333333333334
2023,1,19805,AA,13930,14771,ORD,SFO,58,1,0,0,57,0,17,5,405.0,0.017241379310344827,0.0,0.2982456140350877,0.08771929824561403,7.105263157894737
2023,1,19805,AA,13930,14869,ORD,SLC,29,0,0,0,29,0,10,3,437.0,0.0,0.0,0.3448275862068966,0.10344827586206896,15.068965517241379
2023,1,19805,AA,13930,15016,ORD,STL,36,0,0,0,36,0,17,8,1058.0,0.0,0.0,0.4722222222222222,0.2222222222222222,29.38888888888889
2023,1,19805,AA,13930,15304,ORD,TPA,99,2,0,0,97,0,39,11,1519.0,0.020202020202020204,0.0,0.4020618556701031,0.1134020618556701,15.65979381443299
2023,1,19805,AA,14100,10397,PHL,ATL,53,0,0,0,53,0,13,4,392.0,0.0,0.0,0.24528301886792453,0.07547169811320754,7.39622641509434
2023,1,19805,AA,14100,10721,PHL,BOS,176,1,0,0,175,0,28,12,969.0,0.005681818181818182,0.0,0.16,0.06857142857142857,5.537142857142857
2023,1,19805,AA,14100,11292,PHL,DEN,62,0,0,0,62,0,14,3,-92.0,0.0,0.0,0.22580645161290322,0.04838709677419355,-1.4838709677419355
2023,1,19805,AA,14100,11298,PHL,DFW,203,4,0,0,199,0,31,8,-272.0,0.019704433497536946,0.0,0.15577889447236182,0.04020100502512563,-1.3668341708542713
2023,1,19805,AA,14100,11697,PHL,FLL,89,1,0,0,88,0,13,4,22.0,0.011235955056179775,0.0,0.14772727272727273,0.045454545454545456,0.25
2023,1,19805,AA,14100,12266,PHL,IAH,31,0,0,0,31,0,7,3,367.0,0.0,0.0,0.22580645161290322,0.0967741935483871,11.838709677419354
2023,1,19805,AA,14100,12889,PHL,LAS,101,0,1,0,100,0,13,1,-758.0,0.0,0.009900990099009901,0.13,0.01,-7.58
2023,1,19805,AA,14100,12892,PHL,LAX,154,1,0,0,153,0,30,8,972.0,0.006493506493506494,0.0,0.19607843137254902,0.05228758169934641,6.352941176470588
2023,1,19805,AA,14100,13204,PHL,MCO,180,3,0,0,177,0,30,9,160.0,0.016666666666666666,0.0,0.1694915254237288,0.05084745762711865,0.903954802259887
2023,1,19805,AA,14100,13303,PHL,MIA,205,1,0,0,204,0,40,9,-104.0,0.004878048780487805,0.0,0.19607843137254902,0.04411764705882353,-0.5098039215686274
2023,1,19805,AA,14100,13930,PHL,ORD,178,2,0,0,176,0,37,18,2073.0,0.011235955056179775,0.0,0.21022727272727273,0.10227272727272728,11.778409090909092
2023,1,19805,AA,14100,14107,PHL,PHX,215,0,2,0,213,0,27,11,-956.0,0.0,0.009302325581395349,0.1267605633802817,0.051643192488262914,-4.488262910798122
2023,1,19805,AA,14100,14635,PHL,RSW,68,2,0,0,66,0,10,5,1309.0,0.029411764705882353,0.0,0.15151515151515152,0.07575757575757576,19.833333333333332
2023,1,19805,AA,14100,14679,PHL,SAN,62,0,0,0,62,0,11,2,-52.0,0.0,0.0,0.1774193548387097,0.03225806451612903,-0.8387096774193549
2023,1,19805,AA,14100,14747,PHL,SEA,31,0,0,0,31,0,4,1,-448.0,0.0,0.0,0.12903225806451613,0.03225806451612903,-14.451612903225806
2023,1,19805,AA,14100,14771,PHL,SFO,90,0,0,0,90,0,19,10,66.0,0.0,0.0,0.2111111111111111,0.1111111111111111,0.7333333333333333
2023,1,19805,AA,14100,14869,PHL,SLC,5,0,0,0,5,0,1,0,-21.0,0.0,0.0,0.2,0.0,-4.2
2023,1,19805,AA,14100,15016,PHL,STL,31,0,0,0,31,0,8,4,594.0,0.0,0.0,0.25806451612903225,0.12903225806451613,19.161290322580644
2023,1,19805,AA,14100,15304,PHL,TPA,121,0,0,0,121,0,35,13,1172.0,0.0,0.0,0.2892561983471074,0.10743801652892562,9.685950413223141
2023,1,19805,AA,14107,10397,PHX,ATL,53,0,0,0,53,0,8,3,-218.0,0.0,0.0,0.1509433962264151,0.05660377358490566,-4.113207547169812
2023,1,19805,AA,14107,10721,PHX,BOS,90,0,0,0,90,0,11,4,531.0,0.0,0.0,0.12222222222222222,0.044444444444444446,5.9
2023,1,19805,AA,14107,11278,PHX,DCA,91,0,0,0,91,0,9,0,-900.0,0.0,0.0,0.0989010989010989,0.0,-9.89010989010989
2023,1,19805,AA,14107,11292,PHX,DEN,87,0,0,0,87,0,26,11,2195.0,0.0,0.0,0.2988505747126437,0.12643678160919541,25.229885057471265
2023,1,19805,AA,14107,11298,PHX,DFW,324,8,1,0,315,0,38,12,-199.0,0.024691358024691357,0.0030864197530864196,0.12063492063492064,0.0380952380952381,-0.6317460317460317
2023,1,19805,AA,14107,11433,PHX,DTW,39,0,0,0,39,0,15,6,871.0,0.0,0.0,0.38461538461538464,0.15384615384615385,22.333333333333332
2023,1,19805,AA,14107,11618,PHX,EWR,92,1,0,0,91,0,21,5,495.0,0.010869565217391304,0.0,0.23076923076923078,0.054945054945054944,5.43956043956044
2023,1,19805,AA,14107,12173,PHX,HNL,39,1,1,0,37,0,17,1,521.0,0.02564102564102564,0.02564102564102564,0.4594594594594595,0.02702702702702703,14.08108108108108
2023,1,19805,AA,14107,12266,PHX,IAH,52,0,1,0,51,0,11,2,187.0,0.0,0.019230769230769232,0.21568627450980393,0.0392156862745098,3.6666666666666665
2023,1,19805,AA,14107,12478,PHX,JFK,91,0,0,0,91,0,17,5,-116.0,0.0,0.0,0.18681318681318682,0.054945054945054944,-1.2747252747252746
2023,1,19805,AA,14107,12889,PHX,LAS,125,1,0,0,124,0,30,11,1427.0,0.008,0.0,0.24193548387096775,0.08870967741935484,11.508064516129032
2023,1,19805,AA,14107,12892,PHX,LAX,153,3,0,0,150,0,34,7,1131.0,0.0196078431372549,0.0,0.22666666666666666,0.04666666666666667,7.54
2023,1,19805,AA,14107,13204,PHX,MCO,62,1,0,0,61,0,16,5,758.0,0.016129032258064516,0.0,0.26229508196721313,0.08196721311475409,12.426229508196721
2023,1,19805,AA,14107,13303,PHX,MIA,114,1,0,0,113,0,12,3,-400.0,0.008771929824561403,0.0,0.10619469026548672,0.02654867256637168,-3.5398230088495577
2023,1,19805,AA,14107,13487,PHX,MSP,61,1,0,0,60,0,11,4,234.0,0.01639344262295082,0.0,0.18333333333333332,0.06666666666666667,3.9
2023,1,19805,AA,14107,13930,PHX,ORD,184,0,0,0,184,0,26,13,544.0,0.0,0.0,0.14130434782608695,0.07065217391304347,2.9565217391304346
2023,1,19805,AA,14107,14100,PHX,PHL,215,0,0,0,215,0,25,9,-1237.0,0.0,0.0,0.11627906976744186,0.04186046511627907,-5.753488372093023
2023,1,19805,AA,14107,14679,PHX,SAN,122,1,0,0,121,0,36,9,2448.0,0.00819672131147541,0.0,0.2975206611570248,0.0743801652892562,20.231404958677686
2023,1,19805,AA,14107,14747,PHX,SEA,91,0,0,0,91,0,10,5,337.0,0.0,0.0,0.10989010989010989,0.054945054945054944,3.7032967032967035
2023,1,19805,AA,14107,14771,PHX,SFO,113,2,0,0,111,0,29,11,1165.0,0.017699115044247787,0.0,0.26126126126126126,0.0990990990990991,10.495495495495495
2023,1,19805,AA,14107,14869,PHX,SLC,91,0,0,0,91,0,15,5,470.0,0.0,0.0,0.16483516483516483,0.054945054945054944,5.164835164835165
2023,1,19805,AA,14107,15016,PHX,STL,60,0,0,0,60,0,13,2,56.0,0.0,0.0,0.21666666666666667,0.03333333333333333,0.9333333333333333
2023,1,19805,AA,14107,15304,PHX,TPA,60,2,0,0,58,0,19,6,1384.0,0.03333333333333333,0.0,0.3275862068965517,0.10344827586206896,23.862068965517242
2023,1,19805,AA,14635,11278,RSW,DCA,62,1,0,0,61,0,12,6,212.0,0.016129032258064516,0.0,0.19672131147540983,0.09836065573770492,3.4754098360655736
2023,1,19805,AA,14635,11298,RSW,DFW,99,3,0,0,96,0,22,10,1230.0,0.030303030303030304,0.0,0.22916666666666666,0.10416666666666667,12.8125
2023,1,19805,AA,14635,13930,RSW,ORD,92,2,1,0,89,0,17,5,586.0,0.021739130434782608,0.010869565217391304,0.19101123595505617,0.056179775280898875,6.584269662921348
2023,1,19805,AA,14635,14100,RSW,PHL,68,2,0,0,66,0,8,5,1357.0,0.029411764705882353,0.0,0.12121212121212122,0.07575757575757576,20.560606060606062
2023,1,19805,AA,14679,11298,SAN,DFW,259,10,0,0,249,0,45,17,1727.0,0.03861003861003861,0.0,0.18072289156626506,0.06827309236947791,6.93574297188755
2023,1,19805,AA,14679,13303,SAN,MIA,31,1,0,0,30,0,5,1,700.0,0.03225806451612903,0.0,0.16666666666666666,0.03333333333333333,23.333333333333332
2023,1,19805,AA,14679,13930,SAN,ORD,86,0,0,0,86,0,13,6,126.0,0.0,0.0,0.1511627906976744,0.06976744186046512,1.4651162790697674
2023,1,19805,AA,14679,14100,SAN,PHL,62,0,0,0,62,0,8,1,-757.0,0.0,0.0,0.12903225806451613,0.016129032258064516,-12.209677419354838
2023,1,19805,AA,14679,14107,SAN,PHX,122,1,0,0,121,0,26,9,1522.0,0.00819672131147541,0.0,0.21487603305785125,0.0743801652892562,12.578512396694215
2023,1,19805,AA,14747,11298,SEA,DFW,169,6,0,0,163,0,35,13,3135.0,0.03550295857988166,0.0,0.2147239263803681,0.07975460122699386,19.233128834355828
2023,1,19805,AA,14747,13303,SEA,MIA,37,0,0,0,37,0,5,1,-76.0,0.0,0.0,0.13513513513513514,0.02702702702702703,-2.054054054054054
2023,1,19805,AA,14747,13930,SEA,ORD,32,1,0,0,31,0,12,1,1306.0,0.03125,0.0,0.3870967741935484,0.03225806451612903,42.12903225806452
2023,1,19805,AA,14747,14100,SEA,PHL,31,0,0,0,31,0,5,2,691.0,0.0,0.0,0.16129032258064516,0.06451612903225806,22.29032258064516
2023,1,19805,AA,14747,14107,SEA,PHX,91,0,0,0,91,0,17,8,3684.0,0.0,0.0,0.18681318681318682,0.08791208791208792,40.48351648351648
2023,1,19805,AA,14771,11298,SFO,DFW,200,7,1,0,192,0,41,16,3677.0,0.035,0.005,0.21354166666666666,0.08333333333333333,19.151041666666668
2023,1,19805,AA,14771,12478,SFO,JFK,107,2,0,0,105,0,24,8,1234.0,0.018691588785046728,0.0,0.22857142857142856,0.0761904761904762,11.752380952380953
2023,1,19805,AA,14771,12892,SFO,LAX,31,1,0,0,30,0,3,2,1043.0,0.03225806451612903,0.0,0.1,0.06666666666666667,34.766666666666666
2023,1,19805,AA,14771,13303,SFO,MIA,55,0,0,0,55,0,11,3,737.0,0.0,0.0,0.2,0.05454545454545454,13.4
2023,1,19805,AA,14771,13930,SFO,ORD,58,1,0,0,57,0,9,3,23.0,0.017241379310344827,0.0,0.15789473684210525,0.05263157894736842,0.40350877192982454
2023,1,19805,AA,14771,14100,SFO,PHL,90,0,0,0,90,0,9,0,-558.0,0.0,0.0,0.1,0.0,-6.2
2023,1,19805,AA,14771,14107,SFO,PHX,113,1,0,0,112,0,21,5,1394.0,0.008849557522123894,0.0,0.1875,0.044642857142857144,12.446428571428571
2023,1,19805,AA,14869,11298,SLC,DFW,152,6,0,0,146,0,43,15,2244.0,0.039473684210526314,0.0,0.2945205479452055,0.10273972602739725,15.36986301369863
2023,1,19805,AA,14869,13303,SLC,MIA,32,1,1,0,30,0,8,7,1970.0,0.03125,0.03125,0.26666666666666666,0.23333333333333334,65.66666666666667
2023,1,19805,AA,14869,13930,SLC,ORD,29,0,0,0,29,0,10,4,598.0,0.0,0.0,0.3448275862068966,0.13793103448275862,20.620689655172413
2023,1,19805,AA,14869,14100,SLC,PHL,5,0,0,0,5,0,3,1,133.0,0.0,0.0,0.6,0.2,26.6
2023,1,19805,AA,14869,14107,SLC,PHX,91,0,0,0,91,0,28,9,4511.0,0.0,0.0,0.3076923076923077,0.0989010989010989,49.57142857142857
2023,1,19805,AA,15016,11278,STL,DCA,2,0,0,0,2,0,0,0,-12.0,0.0,0.0,0.0,0.0,-6.0
2023,1,19805,AA,15016,11298,STL,DFW,134,4,0,0,130,0,22,10,1419.0,0.029850746268656716,0.0,0.16923076923076924,0.07692307692307693,10.915384615384616
2023,1,19805,AA,15016,12892,STL,LAX,31,0,0,0,31,0,3,1,-118.0,0.0,0.0,0.0967741935483871,0.03225806451612903,-3.806451612903226
2023,1,19805,AA,15016,12953,STL,LGA,54,2,0,0,52,0,18,8,1301.0,0.037037037037037035,0.0,0.34615384615384615,0.15384615384615385,25.01923076923077
2023,1,19805,AA,15016,13303,STL,MIA,32,0,0,0,32,0,4,2,137.0,0.0,0.0,0.125,0.0625,4.28125
2023,1,19805,AA,15016,13930,STL,ORD,36,0,0,0,36,0,14,7,1317.0,0.0,0.0,0.3888888888888889,0.19444444444444445,36.583333333333336
2023,1,19805,AA,15016,14100,STL,PHL,31,0,0,0,31,0,5,3,2191.0,0.0,0.0,0.16129032258064516,0.0967741935483871,70.6774193548387
2023,1,19805,AA,15016,14107,STL,PHX,60,0,0,0,60,0,9,5,473.0,0.0,0.0,0.15,0.08333333333333333,7.883333333333334
2023,1,19805,AA,15304,11278,TPA,DCA,123,2,0,0,121,0,21,7,331.0,0.016260162601626018,0.0,0.17355371900826447,0.05785123966942149,2.7355371900826446
2023,1,19805,AA,15304,11298,TPA,DFW,168,8,0,0,160,0,34,14,2212.0,0.047619047619047616,0.0,0.2125,0.0875,13.825
2023,1,19805,AA,15304,12892,TPA,LAX,2,0,0,0,2,0,1,0,46.0,0.0,0.0,0.5,0.0,23.0
2023,1,19805,AA,15304,13303,TPA,MIA,152,3,0,0,149,0,22,15,654.0,0.019736842105263157,0.0,0.1476510067114094,0.10067114093959731,4.389261744966443
2023,1,19805,AA,15304,13930,TPA,ORD,100,2,0,0,98,0,24,10,796.0,0.02,0.0,0.24489795918367346,0.10204081632653061,8.122448979591837
2023,1,19805,AA,15304,14100,TPA,PHL,121,0,0,0,121,0,15,4,-47.0,0.0,0.0,0.12396694214876033,0.03305785123966942,-0.3884297520661157
2023,1,19805,AA,15304,14107,TPA,PHX,60,2,0,0,58,0,15,4,600.0,0.03333333333333333,0.0,0.25862068965517243,0.06896551724137931,10.344827586206897
2023,1,19930,AS,10397,14747,ATL,SEA,67,0,0,0,67,0,13,2,-292.0,0.0,0.0,0.19402985074626866,0.029850746268656716,-4.358208955223881
2023,1,19930,AS,10721,14679,BOS,SAN,31,0,0,0,31,0,12,3,358.0,0.0,0.0,0.3870967741935484,0.0967741935483871,11.548387096774194
2023,1,19930,AS,10721,14747,BOS,SEA,88,0,0,0,88,0,10,1,-1401.0,0.0,0.0,0.11363636363636363,0.011363636363636364,-15.920454545454545
2023,1,19930,AS,10721,14771,BOS,SFO,31,0,0,0,31,0,8,2,83.0,0.0,0.0,0.25806451612903225,0.06451612903225806,2.6774193548387095
2023,1,19930,AS,10821,14747,BWI,SEA,31,0,0,0,31,0,5,3,27.0,0.0,0.0,0.16129032258064516,0.0967741935483871,0.8709677419354839
2023,1,19930,AS,11278,12892,DCA,LAX,31,0,0,0,31,0,6,1,-54.0,0.0,0.0,0.1935483870967742,0.03225806451612903,-1.7419354838709677
2023,1,19930,AS,11278,14747,DCA,SEA,62,0,1,0,61,0,8,3,-879.0,0.0,0.016129032258064516,0.13114754098360656,0.04918032786885246,-14.40983606557377
2023,1,19930,AS,11278,14771,DCA,SFO,31,0,0,0,31,0,6,2,268.0,0.0,0.0,0.1935483870967742,0.06451612903225806,8.64516129032258
2023,1,19930,AS,11292,14747,DEN,SEA,119,0,0,0,119,0,33,9,906.0,0.0,0.0,0.2773109243697479,0.07563025210084033,7.61344537815126
2023,1,19930,AS,11298,14747,DFW,SEA,124,5,0,0,119,0,25,7,826.0,0.04032258064516129,0.0,0.21008403361344538,0.058823529411764705,6.9411764705882355
2023,1,19930,AS,11433,14747,DTW,SEA,28,1,0,0,27,0,3,1,-146.0,0.03571428571428571,0.0,0.1111111111111111,0.037037037037037035,-5.407407407407407
2023,1,19930,AS,11618,12892,EWR,LAX,78,1,0,0,77,0,20,5,3.0,0.01282051282051282,0.0,0.2597402597402597,0.06493506493506493,0.03896103896103896
2023,1,19930,AS,11618,14679,EWR,SAN,24,2,0,0,22,0,5,4,258.0,0.08333333333333333,0.0,0.22727272727272727,0.18181818181818182,11.727272727272727
2023,1,19930,AS,11618,14747,EWR,SEA,70,3,0,0,67,0,9,4,-268.0,0.04285714285714286,0.0,0.13432835820895522,0.05970149253731343,-4.0
2023,1,19930,AS,11618,14771,EWR,SFO,69,1,0,0,68,0,23,10,521.0,0.014492753623188406,0.0,0.3382352941176471,0.14705882352941177,7.661764705882353
2023,1,19930,AS,11697,12892,FLL,LAX,31,0,0,0,31,0,14,5,588.0,0.0,0.0,0.45161290322580644,0.16129032258064516,18.967741935483872
2023,1,19930,AS,11697,14679,FLL,SAN,31,2,0,0,29,0,13,3,907.0,0.06451612903225806,0.0,0.4482758620689655,0.10344827586206896,31.275862068965516
2023,1,19930,AS,11697,14747,FLL,SEA,62,0,0,0,62,0,14,5,548.0,0.0,0.0,0.22580645161290322,0.08064516129032258,8.838709677419354
2023,1,19930,AS,11697,14771,FLL,SFO,8,0,1,0,7,0,7,5,1035.0,0.0,0.125,1.0,0.7142857142857143,147.85714285714286
2023,1,19930,AS,12173,12892,HNL,LAX,44,2,0,0,42,0,18,9,1402.0,0.045454545454545456,0.0,0.42857142857142855,0.21428571428571427,33.38095238095238
2023,1,19930,AS,12173,14679,HNL,SAN,31,0,0,0,31,0,13,6,863.0,0.0,0.0,0.41935483870967744,0.1935483870967742,27.838709677419356
2023,1,19930,AS,12173,14747,HNL,SEA,124,2,0,0,122,0,38,7,1396.0,0.016129032258064516,0.0,0.3114754098360656,0.05737704918032787,11.442622950819672
2023,1,19930,AS,12173,14771,HNL,SFO,31,1,0,0,30,0,6,2,388.0,0.03225806451612903,0.0,0.2,0.06666666666666667,12.933333333333334
2023,1,19930,AS,12266,14747,IAH,SEA,62,0,0,0,62,0,13,5,101.0,0.0,0.0,0.20967741935483872,0.08064516129032258,1.6290322580645162
2023,1,19930,AS,12478,12889,JFK,LAS,1,0,0,0,1,0,0,0,2.0,0.0,0.0,0.0,0.0,2.0
2023,1,19930,AS,12478,14679,JFK,SAN,39,0,0,0,39,0,10,3,-109.0,0.0,0.0,0.2564102564102564,0.07692307692307693,-2.7948717948717947
2023,1,19930,AS,12478,14747,JFK,SEA,85,0,0,0,85,0,7,3,-2359.0,0.0,0.0,0.08235294117647059,0.03529411764705882,-27.75294117647059
2023,1,19930,AS,12478,14771,JFK,SFO,117,1,1,0,115,0,22,9,-985.0,0.008547008547008548,0.008547008547008548,0.19130434782608696,0.0782608695652174,-8.565217391304348
2023,1,19930,AS,12889,12478,LAS,JFK,1,0,0,0,1,0,0,0,8.0,0.0,0.0,0.0,0.0,8.0
2023,1,19930,AS,12889,12892,LAS,LAX,8,0,0,0,8,0,4,4,602.0,0.0,0.0,0.5,0.5,75.25
2023,1,19930,AS,12889,14747,LAS,SEA,239,1,0,0,238,0,56,17,1265.0,0.0041841004184100415,0.0,0.23529411764705882,0.07142857142857142,5.315126050420168
2023,1,19930,AS,12889,14771,LAS,SFO,131,2,0,0,129,0,46,14,2162.0,0.015267175572519083,0.0,0.35658914728682173,0.10852713178294573,16.75968992248062
2023,1,19930,AS,12892,11278,LAX,DCA,31,0,0,0,31,0,4,1,-187.0,0.0,0.0,0.12903225806451613,0.03225806451612903,-6.032258064516129
2023,1,19930,AS,12892,11618,LAX,EWR,79,1,0,0,78,0,22,3,47.0,0.012658227848101266,0.0,0.28205128205128205,0.038461538461538464,0.6025641025641025
2023,1,19930,AS,12892,11697,LAX,FLL,30,1,0,0,29,0,11,2,297.0,0.03333333333333333,0.0,0.3793103448275862,0.06896551724137931,10.241379310344827
2023,1,19930,AS,12892,12173,LAX,HNL,44,1,0,0,43,0,14,5,498.0,0.022727272727272728,0.0,0.32558139534883723,0.11627906976744186,11.581395348837209
2023,1,19930,AS,12892,12889,LAX,LAS,7,0,0,0,7,0,4,4,646.0,0.0,0.0,0.5714285714285714,0.5714285714285714,92.28571428571429
2023,1,19930,AS,12892,14635,LAX,RSW,2,0,0,0,2,0,1,0,4.0,0.0,0.0,0.5,0.0,2.0
2023,1,19930,AS,12892,14747,LAX,SEA,305,9,0,0,296,0,54,17,407.0,0.029508196721311476,0.0,0.18243243243243243,0.057432432432432436,1.375
2023,1,19930,AS,12892,14771,LAX,SFO,82,0,0,0,82,0,28,11,1297.0,0.0,0.0,0.34146341463414637,0.13414634146341464,15.817073170731707
2023,1,19930,AS,12892,15304,LAX,TPA,8,0,0,0,8,0,4,1,165.0,0.0,0.0,0.5,0.125,20.625
2023,1,19930,AS,13204,14679,MCO,SAN,39,1,0,0,38,0,10,6,1145.0,0.02564102564102564,0.0,0.2631578947368421,0.15789473684210525,30.13157894736842
2023,1,19930,AS,13204,14747,MCO,SEA,93,2,0,0,91,0,18,8,395.0,0.021505376344086023,0.0,0.1978021978021978,0.08791208791208792,4.34065934065934
2023,1,19930,AS,13204,14771,MCO,SFO,31,0,0,0,31,0,12,6,935.0,0.0,0.0,0.3870967741935484,0.1935483870967742,30.161290322580644
2023,1,19930,AS,13303,14747,MIA,SEA,31,0,0,0,31,0,8,2,309.0,0.0,0.0,0.25806451612903225,0.06451612903225806,9.96774193548387
2023,1,19930,AS,13487,14747,MSP,SEA,49,1,0,0,48,0,14,4,903.0,0.02040816326530612,0.0,0.2916666666666667,0.08333333333333333,18.8125
2023,1,19930,AS,13796,14747,OAK,SEA,50,0,0,0,50,0,3,0,-271.0,0.0,0.0,0.06,0.0,-5.42
2023,1,19930,AS,13930,14747,ORD,SEA,116,1,0,0,115,0,24,3,-867.0,0.008620689655172414,0.0,0.20869565217391303,0.02608695652173913,-7.539130434782609
2023,1,19930,AS,13930,14771,ORD,SFO,31,0,0,0,31,0,11,4,145.0,0.0,0.0,0.3548387096774194,0.12903225806451613,4.67741935483871
2023,1,19930,AS,14100,14747,PHL,SEA,31,1,0,0,30,0,2,0,-491.0,0.03225806451612903,0.0,0.06666666666666667,0.0,-16.366666666666667
2023,1,19930,AS,14107,14747,PHX,SEA,263,2,1,0,260,0,38,14,-405.0,0.0076045627376425855,0.0038022813688212928,0.14615384615384616,0.05384615384615385,-1.5576923076923077
2023,1,19930,AS,14635,12892,RSW,LAX,3,0,0,0,3,0,2,0,83.0,0.0,0.0,0.6666666666666666,0.0,27.666666666666668
2023,1,19930,AS,14635,14747,RSW,SEA,14,1,0,0,13,0,2,0,-241.0,0.07142857142857142,0.0,0.15384615384615385,0.0,-18.53846153846154
2023,1,19930,AS,14679,10721,SAN,BOS,31,0,2,0,29,0,14,2,479.0,0.0,0.06451612903225806,0.4827586206896552,0.06896551724137931,16.517241379310345
2023,1,19930,AS,14679,11618,SAN,EWR,24,2,3,0,19,0,7,2,235.0,0.08333333333333333,0.125,0.3684210526315789,0.10526315789473684,12.368421052631579
2023,1,19930,AS,14679,11697,SAN,FLL,31,0,2,0,29,0,11,5,1035.0,0.0,0.06451612903225806,0.3793103448275862,0.1724137931034483,35.689655172413794
2023,1,19930,AS,14679,12173,SAN,HNL,31,1,4,0,26,0,15,8,1397.0,0.03225806451612903,0.12903225806451613,0.5769230769230769,0.3076923076923077,53.73076923076923
2023,1,19930,AS,14679,12478,SAN,JFK,38,0,5,0,33,0,2,1,-534.0,0.0,0.13157894736842105,0.06060606060606061,0.030303030303030304,-16.181818181818183
2023,1,19930,AS,14679,13204,SAN,MCO,39,1,4,0,34,0,11,3,367.0,0.02564102564102564,0.10256410256410256,0.3235294117647059,0.08823529411764706,10.794117647058824
2023,1,19930,AS,14679,14747,SAN,SEA,211,1,2,0,208,0,44,10,1718.0,0.004739336492890996,0.009478672985781991,0.21153846153846154,0.04807692307692308,8.259615384615385
2023,1,19930,AS,14679,14771,SAN,SFO,9,1,0,0,8,0,3,1,199.0,0.1111111111111111,0.0,0.375,0.125,24.875
2023,1,19930,AS,14747,10397,SEA,ATL,67,0,0,0,67,0,18,1,391.0,0.0,0.0,0.26865671641791045,0.014925373134328358,5.835820895522388
2023,1,19930,AS,14747,10721,SEA,BOS,88,0,0,0,88,0,35,1,1037.0,0.0,0.0,0.3977272727272727,0.011363636363636364,11.784090909090908
2023,1,19930,AS,14747,10821,SEA,BWI,31,0,0,0,31,0,9,2,297.0,0.0,0.0,0.2903225806451613,0.06451612903225806,9.580645161290322
2023,1,19930,AS,14747,11278,SEA,DCA,62,0,0,0,62,0,17,2,374.0,0.0,0.0,0.27419354838709675,0.03225806451612903,6.032258064516129
2023,1,19930,AS,14747,11292,SEA,DEN,119,0,0,0,119,0,33,5,941.0,0.0,0.0,0.2773109243697479,0.04201680672268908,7.907563025210084
2023,1,19930,AS,14747,11298,SEA,DFW,124,6,0,0,118,0,24,5,1275.0,0.04838709677419355,0.0,0.2033898305084746,0.0423728813559322,10.805084745762711
2023,1,19930,AS,14747,11433,SEA,DTW,28,1,0,0,27,0,6,1,234.0,0.03571428571428571,0.0,0.2222222222222222,0.037037037037037035,8.666666666666666
2023,1,19930,AS,14747,11618,SEA,EWR,70,3,0,0,67,0,15,2,511.0,0.04285714285714286,0.0,0.22388059701492538,0.029850746268656716,7.626865671641791
2023,1,19930,AS,14747,11697,SEA,FLL,62,0,0,0,62,0,15,2,521.0,0.0,0.0,0.24193548387096775,0.03225806451612903,8.403225806451612
2023,1,19930,AS,14747,12173,SEA,HNL,124,2,2,0,120,0,40,11,1825.0,0.016129032258064516,0.016129032258064516,0.3333333333333333,0.09166666666666666,15.208333333333334
2023,1,19930,AS,14747,12266,SEA,IAH,62,0,0,0,62,0,15,2,69.0,0.0,0.0,0.24193548387096775,0.03225806451612903,1.1129032258064515
2023,1,19930,AS,14747,12478,SEA,JFK,83,0,0,0,83,0,22,3,596.0,0.0,0.0,0.26506024096385544,0.03614457831325301,7.180722891566265
2023,1,19930,AS,14747,12889,SEA,LAS,238,0,0,0,238,0,62,17,2103.0,0.0,0.0,0.2605042016806723,0.07142857142857142,8.836134453781513
2023,1,19930,AS,14747,12892,SEA,LAX,304,8,0,0,296,0,77,9,1113.0,0.02631578947368421,0.0,0.26013513513513514,0.030405405405405407,3.760135135135135
2023,1,19930,AS,14747,13204,SEA,MCO,92,1,0,0,91,0,25,4,231.0,0.010869565217391304,0.0,0.27472527472527475,0.04395604395604396,2.5384615384615383
2023,1,19930,AS,14747,13303,SEA,MIA,31,0,0,0,31,0,7,2,542.0,0.0,0.0,0.22580645161290322,0.06451612903225806,17.483870967741936
2023,1,19930,AS,14747,13487,SEA,MSP,49,1,0,0,48,0,12,1,509.0,0.02040816326530612,0.0,0.25,0.020833333333333332,10.604166666666666
2023,1,19930,AS,14747,13796,SEA,OAK,54,0,0,0,54,0,14,3,387.0,0.0,0.0,0.25925925925925924,0.05555555555555555,7.166666666666667
2023,1,19930,AS,14747,13930,SEA,ORD,115,1,0,0,114,0,22,2,314.0,0.008695652173913044,0.0,0.19298245614035087,0.017543859649122806,2.754385964912281
2023,1,19930,AS,14747,14100,SEA,PHL,31,0,0,0,31,0,6,1,220.0,0.0,0.0,0.1935483870967742,0.03225806451612903,7.096774193548387
2023,1,19930,AS,14747,14107,SEA,PHX,264,0,0,0,264,0,59,10,1509.0,0.0,0.0,0.22348484848484848,0.03787878787878788,5.715909090909091
2023,1,19930,AS,14747,14635,SEA,RSW,14,1,0,0,13,0,3,0,57.0,0.07142857142857142,0.0,0.23076923076923078,0.0,4.384615384615385
2023,1,19930,AS,14747,14679,SEA,SAN,212,1,0,0,211,0,49,10,1296.0,0.0047169811320754715,0.0,0.23222748815165878,0.04739336492890995,6.14218009478673
2023,1,19930,AS,14747,14771,SEA,SFO,275,3,0,0,272,0,87,33,3524.0,0.01090909090909091,0.0,0.31985294117647056,0.1213235294117647,12.955882352941176
2023,1,19930,AS,14747,14869,SEA,SLC,97,0,0,0,97,0,21,6,742.0,0.0,0.0,0.21649484536082475,0.061855670103092786,7.649484536082475
2023,1,19930,AS,14747,15016,SEA,STL,31,0,0,0,31,0,5,1,74.0,0.0,0.0,0.16129032258064516,0.03225806451612903,2.3870967741935485
2023,1,19930,AS,14747,15304,SEA,TPA,61,0,0,0,61,0,19,3,481.0,0.0,0.0,0.3114754098360656,0.04918032786885246,7.885245901639344
2023,1,19930,AS,14771,10721,SFO,BOS,31,0,0,0,31,0,9,2,208.0,0.0,0.0,0.2903225806451613,0.06451612903225806,6.709677419354839
2023,1,19930,AS,14771,11278,SFO,DCA,31,0,0,0,31,0,6,2,20.0,0.0,0.0,0.1935483870967742,0.06451612903225806,0.6451612903225806
2023,1,19930,AS,14771,11618,SFO,EWR,68,1,0,0,67,0,27,12,1254.0,0.014705882352941176,0.0,0.40298507462686567,0.1791044776119403,18.71641791044776
2023,1,19930,AS,14771,11697,SFO,FLL,8,1,0,0,7,0,3,1,199.0,0.125,0.0,0.42857142857142855,0.14285714285714285,28.428571428571427
2023,1,19930,AS,14771,12173,SFO,HNL,31,0,1,0,30,0,12,1,173.0,0.0,0.03225806451612903,0.4,0.03333333333333333,5.766666666666667
2023,1,19930,AS,14771,12478,SFO,JFK,116,1,0,0,115,0,39,13,1442.0,0.008620689655172414,0.0,0.3391304347826087,0.11304347826086956,12.539130434782608
2023,1,19930,AS,14771,12889,SFO,LAS,131,2,0,0,129,0,37,17,2188.0,0.015267175572519083,0.0,0.2868217054263566,0.13178294573643412,16.96124031007752
2023,1,19930,AS,14771,12892,SFO,LAX,85,0,0,0,85,0,17,7,208.0,0.0,0.0,0.2,0.08235294117647059,2.447058823529412
2023,1,19930,AS,14771,13204,SFO,MCO,31,0,0,0,31,0,5,1,279.0,0.0,0.0,0.16129032258064516,0.03225806451612903,9.0
2023,1,19930,AS,14771,13930,SFO,ORD,31,0,0,0,31,0,9,2,342.0,0.0,0.0,0.2903225806451613,0.06451612903225806,11.03225806451613
2023,1,19930,AS,14771,14679,SFO,SAN,8,0,0,0,8,0,1,0,10.0,0.0,0.0,0.125,0.0,1.25
2023,1,19930,AS,14771,14747,SFO,SEA,275,4,0,0,271,0,63,22,2515.0,0.014545454545454545,0.0,0.23247232472324722,0.08118081180811808,9.280442804428045
2023,1,19930,AS,14771,15304,SFO,TPA,31,0,0,0,31,0,11,4,643.0,0.0,0.0,0.3548387096774194,0.12903225806451613,20.741935483870968
2023,1,19930,AS,14869,14747,SLC,SEA,97,0,0,0,97,0,17,4,-303.0,0.0,0.0,0.17525773195876287,0.041237113402061855,-3.1237113402061856
2023,1,19930,AS,15016,14747,STL,SEA,31,0,0,0,31,0,4,1,-372.0,0.0,0.0,0.12903225806451613,0.03225806451612903,-12.0
2023,1,19930,AS,15304,12892,TPA,LAX,8,0,0,0,8,0,4,1,311.0,0.0,0.0,0.5,0.125,38.875
2023,1,19930,AS,15304,14747,TPA,SEA,62,0,0,0,62,0,10,4,-40.0,0.0,0.0,0.16129032258064516,0.06451612903225806,-0.6451612903225806
2023,1,19930,AS,15304,14771,TPA,SFO,31,0,0,0,31,0,13,7,257.0,0.0,0.0,0.41935483870967744,0.22580645161290322,8.290322580645162
2023,1,19977,UA,10397,11292,ATL,DEN,77,1,0,0,76,0,17,9,1074.0,0.012987012987012988,0.0,0.2236842105263158,0.11842105263157894,14.131578947368421
2023,1,19977,UA,10397,11618,ATL,EWR,183,2,0,0,181,0,51,23,3032.0,0.01092896174863388,0.0,0.281767955801105,0.1270718232044199,16.751381215469614
2023,1,19977,UA,10397,12266,ATL,IAH,86,0,1,0,85,0,18,6,360.0,0.0,0.011627906976744186,0.21176470588235294,0.07058823529411765,4.235294117647059
2023,1,19977,UA,10397,13930,ATL,ORD,107,2,0,0,105,0,29,11,1137.0,0.018691588785046728,0.0,0.2761904761904762,0.10476190476190476,10.82857142857143
2023,1,19977,UA,10397,14771,ATL,SFO,31,0,0,0,31,0,14,7,953.0,0.0,0.0,0.45161290322580644,0.22580645161290322,30.741935483870968
2023,1,19977,UA,10721,11292,BOS,DEN,126,1,0,0,125,0,28,8,-17.0,0.007936507936507936,0.0,0.224,0.064,-0.136
2023,1,19977,UA,10721,11618,BOS,EWR,251,0,0,0,251,0,51,19,1343.0,0.0,0.0,0.20318725099601595,0.07569721115537849,5.350597609561753
2023,1,19977,UA,10721,12266,BOS,IAH,92,0,0,0,92,0,14,3,-279.0,0.0,0.0,0.15217391304347827,0.03260869565217391,-3.032608695652174
2023,1,19977,UA,10721,12889,BOS,LAS,2,0,0,0,2,0,1,1,76.0,0.0,0.0,0.5,0.5,38.0
2023,1,19977,UA,10721,12892,BOS,LAX,62,0,0,0,62,0,6,3,-744.0,0.0,0.0,0.0967741935483871,0.04838709677419355,-12.0
2023,1,19977,UA,10721,13930,BOS,ORD,137,0,0,0,137,0,21,11,582.0,0.0,0.0,0.15328467153284672,0.08029197080291971,4.248175182481752
2023,1,19977,UA,10721,14771,BOS,SFO,123,0,1,0,122,0,17,9,-414.0,0.0,0.008130081300813009,0.13934426229508196,0.07377049180327869,-3.3934426229508197
2023,1,19977,UA,10821,11292,BWI,DEN,62,0,0,0,62,0,12,3,262.0,0.0,0.0,0.1935483870967742,0.04838709677419355,4.225806451612903
2023,1,19977,UA,10821,12266,BWI,IAH,51,0,2,0,49,0,8,3,235.0,0.0,0.0392156862745098,0.16326530612244897,0.061224489795918366,4.795918367346939
2023,1,19977,UA,10821,12892,BWI,LAX,30,0,0,0,30,0,4,1,-104.0,0.0,0.0,0.13333333333333333,0.03333333333333333,-3.466666666666667
2023,1,19977,UA,10821,13930,BWI,ORD,87,1,0,0,86,0,10,3,-366.0,0.011494252873563218,0.0,0.11627906976744186,0.03488372093023256,-4.255813953488372
2023,1,19977,UA,10821,14771,BWI,SFO,31,0,0,0,31,0,4,3,-229.0,0.0,0.0,0.12903225806451613,0.0967741935483871,-7.387096774193548
2023,1,19977,UA,11278,11292,DCA,DEN,31,0,0,0,31,0,11,3,485.0,0.0,0.0,0.3548387096774194,0.0967741935483871,15.64516129032258
2023,1,19977,UA,11278,12266,DCA,IAH,157,2,2,0,153,0,39,10,1107.0,0.012738853503184714,0.012738853503184714,0.2549019607843137,0.06535947712418301,7.235294117647059
2023,1,19977,UA,11278,13930,DCA,ORD,160,2,0,0,158,0,25,14,1148.0,0.0125,0.0,0.15822784810126583,0.08860759493670886,7.265822784810126
2023,1,19977,UA,11278,14771,DCA,SFO,31,0,0,0,31,0,5,2,-76.0,0.0,0.0,0.16129032258064516,0.06451612903225806,-2.4516129032258065
2023,1,19977,UA,11292,10397,DEN,ATL,76,1,0,0,75,0,18,5,647.0,0.013157894736842105,0.0,0.24,0.06666666666666667,8.626666666666667
2023,1,19977,UA,11292,10721,DEN,BOS,125,1,0,0,124,0,32,13,1528.0,0.008,0.0,0.25806451612903225,0.10483870967741936,12.32258064516129
2023,1,19977,UA,11292,10821,DEN,BWI,62,0,0,0,62,0,19,5,814.0,0.0,0.0,0.3064516129032258,0.08064516129032258,13.129032258064516
2023,1,19977,UA,11292,11278,DEN,DCA,30,0,0,0,30,0,9,3,300.0,0.0,0.0,0.3,0.1,10.0
2023,1,19977,UA,11292,11298,DEN,DFW,121,5,0,0,116,0,36,19,2058.0,0.04132231404958678,0.0,0.3103448275862069,0.16379310344827586,17.74137931034483
2023,1,19977,UA,11292,11433,DEN,DTW,62,0,0,0,62,0,17,9,1003.0,0.0,0.0,0.27419354838709675,0.14516129032258066,16.177419354838708
2023,1,19977,UA,11292,11618,DEN,EWR,251,1,0,0,250,0,93,29,4997.0,0.00398406374501992,0.0,0.372,0.116,19.988
2023,1,19977,UA,11292,11697,DEN,FLL,63,0,0,0,63,0,21,8,1219.0,0.0,0.0,0.3333333333333333,0.12698412698412698,19.349206349206348
2023,1,19977,UA,11292,12173,DEN,HNL,38,0,0,0,38,0,17,6,963.0,0.0,0.0,0.4473684210526316,0.15789473684210525,25.342105263157894
2023,1,19977,UA,11292,12266,DEN,IAH,254,0,1,0,253,0,82,42,6066.0,0.0,0.003937007874015748,0.3241106719367589,0.16600790513833993,23.976284584980238
2023,1,19977,UA,11292,12889,DEN,LAS,176,0,0,0,176,0,52,23,3274.0,0.0,0.0,0.29545454545454547,0.13068181818181818,18.602272727272727
2023,1,19977,UA,11292,12892,DEN,LAX,246,0,1,0,245,0,86,35,4661.0,0.0,0.0040650406504065045,0.3510204081632653,0.14285714285714285,19.024489795918367
2023,1,19977,UA,11292,12953,DEN,LGA,193,2,0,0,191,0,64,26,3229.0,0.010362694300518135,0.0,0.33507853403141363,0.13612565445026178,16.905759162303664
2023,1,19977,UA,11292,13204,DEN,MCO,142,0,1,0,141,0,41,16,2127.0,0.0,0.007042253521126761,0.2907801418439716,0.11347517730496454,15.085106382978724
2023,1,19977,UA,11292,13303,DEN,MIA,61,0,0,0,61,0,16,3,415.0,0.0,0.0,0.26229508196721313,0.04918032786885246,6.80327868852459
2023,1,19977,UA,11292,13487,DEN,MSP,90,1,0,0,89,0,26,9,1342.0,0.011111111111111112,0.0,0.29213483146067415,0.10112359550561797,15.07865168539326
2023,1,19977,UA,11292,13930,DEN,ORD,252,1,0,0,251,0,66,28,3446.0,0.003968253968253968,0.0,0.26294820717131473,0.11155378486055777,13.729083665338646
2023,1,19977,UA,11292,14100,DEN,PHL,62,0,0,0,62,0,23,7,954.0,0.0,0.0,0.3709677419354839,0.11290322580645161,15.387096774193548
2023,1,19977,UA,11292,14107,DEN,PHX,173,0,0,0,173,0,42,17,1426.0,0.0,0.0,0.24277456647398843,0.09826589595375723,8.242774566473988
2023,1,19977,UA,11292,14635,DEN,RSW,62,0,0,0,62,0,19,10,1190.0,0.0,0.0,0.3064516129032258,0.16129032258064516,19.193548387096776
2023,1,19977,UA,11292,14679,DEN,SAN,145,0,0,0,145,0,41,17,2076.0,0.0,0.0,0.2827586206896552,0.11724137931034483,14.317241379310344
2023,1,19977,UA,11292,14747,DEN,SEA,150,0,0,0,150,0,34,15,623.0,0.0,0.0,0.22666666666666666,0.1,4.153333333333333
2023,1,19977,UA,11292,14771,DEN,SFO,246,0,0,0,246,0,84,32,4730.0,0.0,0.0,0.34146341463414637,0.13008130081300814,19.227642276422763
2023,1,19977,UA,11292,14869,DEN,SLC,86,0,1,0,85,0,15,5,365.0,0.0,0.011627906976744186,0.17647058823529413,0.058823529411764705,4.294117647058823
2023,1,19977,UA,11292,15016,DEN,STL,62,0,0,0,62,0,18,5,724.0,0.0,0.0,0.2903225806451613,0.08064516129032258,11.67741935483871
2023,1,19977,UA,11292,15304,DEN,TPA,114,1,0,0,113,0,23,11,1071.0,0.008771929824561403,0.0,0.20353982300884957,0.09734513274336283,9.47787610619469
2023,1,19977,UA,11298,11292,DFW,DEN,120,3,0,0,117,0,25,11,1225.0,0.025,0.0,0.21367521367521367,0.09401709401709402,10.47008547008547
2023,1,19977,UA,11298,11618,DFW,EWR,138,5,0,0,133,0,38,18,3724.0,0.036231884057971016,0.0,0.2857142857142857,0.13533834586466165,28.0
2023,1,19977,UA,11298,12266,DFW,IAH,140,6,0,0,134,0,28,10,1594.0,0.04285714285714286,0.0,0.208955223880597,0.07462686567164178,11.895522388059701
2023,1,19977,UA,11298,13930,DFW,ORD,115,4,1,0,110,0,24,6,247.0,0.034782608695652174,0.008695652173913044,0.21818181818181817,0.05454545454545454,2.2454545454545456
2023,1,19977,UA,11298,14771,DFW,SFO,61,1,0,0,60,0,14,7,511.0,0.01639344262295082,0.0,0.23333333333333334,0.11666666666666667,8.516666666666667
2023,1,19977,UA,11433,11292,DTW,DEN,62,0,0,0,62,0,17,4,249.0,0.0,0.0,0.27419354838709675,0.06451612903225806,4.016129032258065
2023,1,19977,UA,11433,11618,DTW,EWR,62,0,1,0,61,0,8,2,47.0,0.0,0.016129032258064516,0.13114754098360656,0.03278688524590164,0.7704918032786885
2023,1,19977,UA,11433,12266,DTW,IAH,26,0,0,0,26,0,7,1,52.0,0.0,0.0,0.2692307692307692,0.038461538461538464,2.0
2023,1,19977,UA,11433,13930,DTW,ORD,41,0,0,0,41,0,8,3,-215.0,0.0,0.0,0.1951219512195122,0.07317073170731707,-5.2439024390243905
2023,1,19977,UA,11618,10397,EWR,ATL,183,1,0,0,182,0,51,24,1936.0,0.00546448087431694,0.0,0.2802197802197802,0.13186813186813187,10.637362637362637
2023,1,19977,UA,11618,10721,EWR,BOS,251,0,0,0,251,0,63,28,2552.0,0.0,0.0,0.250996015936255,0.11155378486055777,10.167330677290837
2023,1,19977,UA,11618,11278,EWR,DCA,1,0,0,0,1,0,1,0,37.0,0.0,0.0,1.0,0.0,37.0
2023,1,19977,UA,11618,11292,EWR,DEN,254,0,0,0,254,0,62,24,2143.0,0.0,0.0,0.2440944881889764,0.09448818897637795,8.437007874015748
2023,1,19977,UA,11618,11298,EWR,DFW,138,5,1,0,132,0,34,14,1501.0,0.036231884057971016,0.007246376811594203,0.25757575757575757,0.10606060606060606,11.371212121212121
2023,1,19977,UA,11618,11433,EWR,DTW,63,0,0,0,63,0,14,6,398.0,0.0,0.0,0.2222222222222222,0.09523809523809523,6.317460317460317
2023,1,19977,UA,11618,11697,EWR,FLL,277,1,0,0,276,0,74,33,3104.0,0.0036101083032490976,0.0,0.26811594202898553,0.11956521739130435,11.246376811594203
2023,1,19977,UA,11618,12173,EWR,HNL,31,0,0,0,31,0,9,4,445.0,0.0,0.0,0.2903225806451613,0.12903225806451613,14.35483870967742
2023,1,19977,UA,11618,12266,EWR,IAH,275,2,1,0,272,0,65,25,2010.0,0.007272727272727273,0.0036363636363636364,0.23897058823529413,0.09191176470588236,7.389705882352941
2023,1,19977,UA,11618,12889,EWR,LAS,215,1,1,0,213,0,46,14,482.0,0.004651162790697674,0.004651162790697674,0.215962441314554,0.06572769953051644,2.2629107981220655
2023,1,19977,UA,11618,12892,EWR,LAX,244,1,0,0,243,0,50,24,1825.0,0.004098360655737705,0.0,0.205761316872428,0.09876543209876543,7.510288065843621
2023,1,19977,UA,11618,13204,EWR,MCO,369,2,0,0,367,0,82,34,2810.0,0.005420054200542005,0.0,0.22343324250681199,0.09264305177111716,7.656675749318801
2023,1,19977,UA,11618,13303,EWR,MIA,243,1,0,0,242,0,69,29,3251.0,0.00411522633744856,0.0,0.28512396694214875,0.11983471074380166,13.433884297520661
2023,1,19977,UA,11618,13487,EWR,MSP,75,1,1,0,73,0,15,6,232.0,0.013333333333333334,0.013333333333333334,0.2054794520547945,0.0821917808219178,3.1780821917808217
2023,1,19977,UA,11618,13930,EWR,ORD,294,2,1,0,291,0,63,15,720.0,0.006802721088435374,0.003401360544217687,0.21649484536082475,0.05154639175257732,2.4742268041237114
2023,1,19977,UA,11618,14100,EWR,PHL,2,0,0,0,2,0,2,2,226.0,0.0,0.0,1.0,1.0,113.0
2023,1,19977,UA,11618,14107,EWR,PHX,127,0,0,0,127,0,19,4,-278.0,0.0,0.0,0.14960629921259844,0.031496062992125984,-2.188976377952756
2023,1,19977,UA,11618,14635,EWR,RSW,180,2,0,0,178,0,35,13,56.0,0.011111111111111112,0.0,0.19662921348314608,0.07303370786516854,0.3146067415730337
2023,1,19977,UA,11618,14679,EWR,SAN,93,0,0,0,93,0,17,6,-235.0,0.0,0.0,0.1827956989247312,0.06451612903225806,-2.5268817204301075
2023,1,19977,UA,11618,14747,EWR,SEA,65,0,0,0,65,0,8,3,-861.0,0.0,0.0,0.12307692307692308,0.046153846153846156,-13.246153846153845
2023,1,19977,UA,11618,14771,EWR,SFO,275,1,0,0,274,0,46,21,-26.0,0.0036363636363636364,0.0,0.1678832116788321,0.07664233576642336,-0.0948905109489051
2023,1,19977,UA,11618,14869,EWR,SLC,34,0,0,0,34,0,12,5,722.0,0.0,0.0,0.35294117647058826,0.14705882352941177,21.235294117647058
2023,1,19977,UA,11618,15016,EWR,STL,30,0,0,0,30,0,4,3,-52.0,0.0,0.0,0.13333333333333333,0.1,-1.7333333333333334
2023,1,19977,UA,11618,15304,EWR,TPA,269,0,1,0,268,0,63,26,2014.0,0.0,0.0037174721189591076,0.23507462686567165,0.09701492537313433,7.514925373134329
2023,1,19977,UA,11697,11292,FLL,DEN,64,0,0,0,64,0,10,5,568.0,0.0,0.0,0.15625,0.078125,8.875
2023,1,19977,UA,11697,11618,FLL,EWR,279,3,0,0,276,0,75,39,5440.0,0.010752688172043012,0.0,0.2717391304347826,0.14130434782608695,19.71014492753623
2023,1,19977,UA,11697,12266,FLL,IAH,126,1,0,0,125,0,21,10,699.0,0.007936507936507936,0.0,0.168,0.08,5.592
2023,1,19977,UA,11697,12889,FLL,LAS,1,0,0,0,1,0,1,1,147.0,0.0,0.0,1.0,1.0,147.0
2023,1,19977,UA,11697,13930,FLL,ORD,105,0,0,0,105,0,20,7,935.0,0.0,0.0,0.19047619047619047,0.06666666666666667,8.904761904761905
2023,1,19977,UA,11697,14771,FLL,SFO,31,0,0,0,31,0,10,4,983.0,0.0,0.0,0.3225806451612903,0.12903225806451613,31.70967741935484
2023,1,19977,UA,12173,11292,HNL,DEN,38,1,0,0,37,0,9,2,171.0,0.02631578947368421,0.0,0.24324324324324326,0.05405405405405406,4.621621621621622
2023,1,19977,UA,12173,11618,HNL,EWR,31,2,0,0,29,0,4,2,787.0,0.06451612903225806,0.0,0.13793103448275862,0.06896551724137931,27.137931034482758
2023,1,19977,UA,12173,12266,HNL,IAH,31,0,0,0,31,0,1,1,-580.0,0.0,0.0,0.03225806451612903,0.03225806451612903,-18.70967741935484
2023,1,19977,UA,12173,12892,HNL,LAX,79,0,0,0,79,0,13,6,484.0,0.0,0.0,0.16455696202531644,0.0759493670886076,6.1265822784810124
2023,1,19977,UA,12173,13930,HNL,ORD,31,0,0,0,31,0,2,1,-384.0,0.0,0.0,0.06451612903225806,0.03225806451612903,-12.387096774193548
2023,1,19977,UA,12173,14771,HNL,SFO,109,2,1,0,106,0,15,4,-786.0,0.01834862385321101,0.009174311926605505,0.14150943396226415,0.03773584905660377,-7.415094339622642
2023,1,19977,UA,12266,10397,IAH,ATL,87,1,0,0,86,0,24,8,1429.0,0.011494252873563218,0.0,0.27906976744186046,0.09302325581395349,16.61627906976744
2023,1,19977,UA,12266,10721,IAH,BOS,92,0,1,0,91,0,13,7,317.0,0.0,0.010869565217391304,0.14285714285714285,0.07692307692307693,3.4835164835164836
2023,1,19977,UA,12266,10821,IAH,BWI,51,0,0,0,51,0,17,9,849.0,0.0,0.0,0.3333333333333333,0.17647058823529413,16.647058823529413
2023,1,19977,UA,12266,11278,IAH,DCA,159,1,0,0,158,0,46,16,1861.0,0.006289308176100629,0.0,0.2911392405063291,0.10126582278481013,11.778481012658228
2023,1,19977,UA,12266,11292,IAH,DEN,250,1,0,0,249,0,71,32,4098.0,0.004,0.0,0.285140562248996,0.1285140562248996,16.457831325301203
2023,1,19977,UA,12266,11298,IAH,DFW,142,8,0,0,134,0,27,4,-60.0,0.056338028169014086,0.0,0.20149253731343283,0.029850746268656716,-0.44776119402985076
2023,1,19977,UA,12266,11433,IAH,DTW,27,0,0,0,27,0,8,3,430.0,0.0,0.0,0.2962962962962963,0.1111111111111111,15.925925925925926
2023,1,19977,UA,12266,11618,IAH,EWR,275,0,0,0,275,0,86,35,2757.0,0.0,0.0,0.31272727272727274,0.12727272727272726,10.025454545454545
2023,1,19977,UA,12266,11697,IAH,FLL,126,1,0,0,125,0,30,9,991.0,0.007936507936507936,0.0,0.24,0.072,7.928
2023,1,19977,UA,12266,12173,IAH,HNL,31,0,0,0,31,0,10,4,575.0,0.0,0.0,0.3225806451612903,0.12903225806451613,18.548387096774192
2023,1,19977,UA,12266,12889,IAH,LAS,184,0,1,0,183,0,52,20,2124.0,0.0,0.005434782608695652,0.28415300546448086,0.1092896174863388,11.60655737704918
2023,1,19977,UA,12266,12892,IAH,LAX,240,0,1,0,239,0,70,29,3455.0,0.0,0.004166666666666667,0.2928870292887029,0.12133891213389121,14.456066945606695
2023,1,19977,UA,12266,12953,IAH,LGA,137,0,0,0,137,0,37,15,2272.0,0.0,0.0,0.27007299270072993,0.10948905109489052,16.583941605839417
2023,1,19977,UA,12266,13204,IAH,MCO,187,2,0,0,185,0,39,23,2194.0,0.0106951871657754,0.0,0.21081081081081082,0.12432432432432433,11.85945945945946
2023,1,19977,UA,12266,13303,IAH,MIA,93,2,0,0,91,0,26,11,1317.0,0.021505376344086023,0.0,0.2857142857142857,0.12087912087912088,14.472527472527473
2023,1,19977,UA,12266,13487,IAH,MSP,61,1,0,0,60,0,18,1,616.0,0.01639344262295082,0.0,0.3,0.016666666666666666,10.266666666666667
2023,1,19977,UA,12266,13930,IAH,ORD,252,0,0,0,252,0,62,25,2687.0,0.0,0.0,0.24603174603174602,0.0992063492063492,10.662698412698413
2023,1,19977,UA,12266,14100,IAH,PHL,62,0,0,0,62,0,15,5,430.0,0.0,0.0,0.24193548387096775,0.08064516129032258,6.935483870967742
2023,1,19977,UA,12266,14107,IAH,PHX,154,2,0,0,152,0,31,13,1051.0,0.012987012987012988,0.0,0.20394736842105263,0.08552631578947369,6.9144736842105265
2023,1,19977,UA,12266,14635,IAH,RSW,63,0,0,0,63,0,20,8,987.0,0.0,0.0,0.31746031746031744,0.12698412698412698,15.666666666666666
2023,1,19977,UA,12266,14679,IAH,SAN,123,0,0,0,123,0,36,11,1740.0,0.0,0.0,0.2926829268292683,0.08943089430894309,14.146341463414634
2023,1,19977,UA,12266,14747,IAH,SEA,65,0,0,0,65,0,13,8,683.0,0.0,0.0,0.2,0.12307692307692308,10.507692307692308
2023,1,19977,UA,12266,14771,IAH,SFO,239,0,3,0,236,0,91,28,3874.0,0.0,0.012552301255230125,0.3855932203389831,0.11864406779661017,16.415254237288135
2023,1,19977,UA,12266,14869,IAH,SLC,65,0,0,0,65,0,21,13,1503.0,0.0,0.0,0.3230769230769231,0.2,23.123076923076923
2023,1,19977,UA,12266,15016,IAH,STL,31,0,0,0,31,0,8,4,390.0,0.0,0.0,0.25806451612903225,0.12903225806451613,12.580645161290322
2023,1,19977,UA,12266,15304,IAH,TPA,93,0,1,0,92,0,21,10,1154.0,0.0,0.010752688172043012,0.22826086956521738,0.10869565217391304,12.543478260869565
2023,1,19977,UA,12889,10721,LAS,BOS,2,0,0,0,2,0,0,0,-3.0,0.0,0.0,0.0,0.0,-1.5
2023,1,19977,UA,12889,11292,LAS,DEN,173,0,0,0,173,0,29,13,1103.0,0.0,0.0,0.1676300578034682,0.07514450867052024,6.375722543352601
2023,1,19977,UA,12889,11618,LAS,EWR,214,1,1,0,212,0,43,19,1017.0,0.004672897196261682,0.004672897196261682,0.2028301886792453,0.08962264150943396,4.797169811320755
2023,1,19977,UA,12889,11697,LAS,FLL,2,0,0,0,2,0,1,1,103.0,0.0,0.0,0.5,0.5,51.5
2023,1,19977,UA,12889,12266,LAS,IAH,185,0,0,0,185,0,40,15,1444.0,0.0,0.0,0.21621621621621623,0.08108108108108109,7.805405405405406
2023,1,19977,UA,12889,12892,LAS,LAX,120,1,0,0,119,0,32,9,1268.0,0.008333333333333333,0.0,0.2689075630252101,0.07563025210084033,10.655462184873949
2023,1,19977,UA,12889,13204,LAS,MCO,1,0,0,0,1,0,0,0,-10.0,0.0,0.0,0.0,0.0,-10.0
2023,1,19977,UA,12889,13930,LAS,ORD,147,1,0,0,146,0,24,12,394.0,0.006802721088435374,0.0,0.1643835616438356,0.0821917808219178,2.6986301369863015
2023,1,19977,UA,12889,14107,LAS,PHX,1,0,0,0,1,0,0,0,5.0,0.0,0.0,0.0,0.0,5.0
2023,1,19977,UA,12889,14771,LAS,SFO,161,3,0,0,158,0,50,26,2508.0,0.018633540372670808,0.0,0.31645569620253167,0.16455696202531644,15.873417721518987
2023,1,19977,UA,12892,10721,LAX,BOS,62,0,0,0,62,0,5,0,-916.0,0.0,0.0,0.08064516129032258,0.0,-14.774193548387096
2023,1,19977,UA,12892,10821,LAX,BWI,31,0,0,0,31,0,1,0,-557.0,0.0,0.0,0.03225806451612903,0.0,-17.967741935483872
2023,1,19977,UA,12892,11292,LAX,DEN,249,1,0,0,248,0,31,16,829.0,0.004016064257028112,0.0,0.125,0.06451612903225806,3.342741935483871
2023,1,19977,UA,12892,11618,LAX,EWR,244,0,1,0,243,0,41,13,930.0,0.0,0.004098360655737705,0.16872427983539096,0.053497942386831275,3.8271604938271606
2023,1,19977,UA,12892,12173,LAX,HNL,79,0,0,0,79,0,26,8,1052.0,0.0,0.0,0.3291139240506329,0.10126582278481013,13.316455696202532
2023,1,19977,UA,12892,12266,LAX,IAH,238,0,1,0,237,0,37,10,684.0,0.0,0.004201680672268907,0.15611814345991562,0.04219409282700422,2.8860759493670884
2023,1,19977,UA,12892,12889,LAX,LAS,122,0,0,0,122,0,19,10,1010.0,0.0,0.0,0.1557377049180328,0.08196721311475409,8.278688524590164
2023,1,19977,UA,12892,13204,LAX,MCO,62,0,0,0,62,0,7,2,-563.0,0.0,0.0,0.11290322580645161,0.03225806451612903,-9.080645161290322
2023,1,19977,UA,12892,13930,LAX,ORD,224,1,0,0,223,0,21,6,-1768.0,0.004464285714285714,0.0,0.09417040358744394,0.026905829596412557,-7.928251121076233
2023,1,19977,UA,12892,14107,LAX,PHX,58,0,0,0,58,0,8,4,-196.0,0.0,0.0,0.13793103448275862,0.06896551724137931,-3.3793103448275863
2023,1,19977,UA,12892,14635,LAX,RSW,1,0,0,0,1,0,0,0,-7.0,0.0,0.0,0.0,0.0,-7.0
2023,1,19977,UA,12892,14679,LAX,SAN,1,0,0,0,1,0,1,0,21.0,0.0,0.0,1.0,0.0,21.0
2023,1,19977,UA,12892,14747,LAX,SEA,28,0,0,0,28,0,4,2,156.0,0.0,0.0,0.14285714285714285,0.07142857142857142,5.571428571428571
2023,1,19977,UA,12892,14771,LAX,SFO,181,4,3,0,174,0,46,7,1641.0,0.022099447513812154,0.016574585635359115,0.26436781609195403,0.040229885057471264,9.431034482758621
2023,1,19977,UA,12892,15304,LAX,TPA,31,0,0,0,31,0,6,1,-155.0,0.0,0.0,0.1935483870967742,0.03225806451612903,-5.0
2023,1,19977,UA,12953,11292,LGA,DEN,193,2,0,0,191,0,34,13,-807.0,0.010362694300518135,0.0,0.17801047120418848,0.06806282722513089,-4.225130890052356
2023,1,19977,UA,12953,12266,LGA,IAH,136,0,1,0,135,0,23,10,599.0,0.0,0.007352941176470588,0.17037037037037037,0.07407407407407407,4.437037037037037
2023,1,19977,UA,12953,13930,LGA,ORD,156,2,0,0,154,0,18,12,-1086.0,0.01282051282051282,0.0,0.11688311688311688,0.07792207792207792,-7.0519480519480515
2023,1,19977,UA,13204,11292,MCO,DEN,144,0,0,0,144,0,23,8,845.0,0.0,0.0,0.1597222222222222,0.05555555555555555,5.868055555555555
2023,1,19977,UA,13204,11618,MCO,EWR,369,1,0,0,368,0,89,32,4428.0,0.0027100271002710027,0.0,0.2418478260869565,0.08695652173913043,12.032608695652174
2023,1,19977,UA,13204,12266,MCO,IAH,187,4,1,0,182,0,36,13,591.0,0.0213903743315508,0.0053475935828877,0.1978021978021978,0.07142857142857142,3.2472527472527473
2023,1,19977,UA,13204,12889,MCO,LAS,1,0,0,0,1,0,0,0,12.0,0.0,0.0,0.0,0.0,12.0
2023,1,19977,UA,13204,12892,MCO,LAX,62,0,0,0,62,0,12,4,631.0,0.0,0.0,0.1935483870967742,0.06451612903225806,10.17741935483871
2023,1,19977,UA,13204,13930,MCO,ORD,178,0,0,0,178,0,38,11,1324.0,0.0,0.0,0.21348314606741572,0.06179775280898876,7.438202247191011
2023,1,19977,UA,13204,14771,MCO,SFO,62,2,0,0,60,0,16,6,537.0,0.03225806451612903,0.0,0.26666666666666666,0.1,8.95
2023,1,19977,UA,13303,11292,MIA,DEN,62,0,0,0,62,0,14,6,928.0,0.0,0.0,0.22580645161290322,0.0967741935483871,14.96774193548387
2023,1,19977,UA,13303,11618,MIA,EWR,243,2,1,0,240,0,57,25,2754.0,0.00823045267489712,0.00411522633744856,0.2375,0.10416666666666667,11.475
2023,1,19977,UA,13303,12266,MIA,IAH,93,2,1,0,90,0,16,7,814.0,0.021505376344086023,0.010752688172043012,0.17777777777777778,0.07777777777777778,9.044444444444444
2023,1,19977,UA,13303,13930,MIA,ORD,83,1,0,0,82,0,14,5,510.0,0.012048192771084338,0.0,0.17073170731707318,0.06097560975609756,6.219512195121951
2023,1,19977,UA,13303,14771,MIA,SFO,31,0,2,0,29,0,8,3,397.0,0.0,0.06451612903225806,0.27586206896551724,0.10344827586206896,13.689655172413794
2023,1,19977,UA,13487,11292,MSP,DEN,90,1,0,0,89,0,26,11,1244.0,0.011111111111111112,0.0,0.29213483146067415,0.12359550561797752,13.97752808988764
2023,1,19977,UA,13487,11618,MSP,EWR,75,2,0,0,73,0,24,7,610.0,0.02666666666666667,0.0,0.3287671232876712,0.0958904109589041,8.356164383561644
2023,1,19977,UA,13487,12266,MSP,IAH,61,0,0,0,61,0,21,5,1210.0,0.0,0.0,0.3442622950819672,0.08196721311475409,19.83606557377049
2023,1,19977,UA,13487,13930,MSP,ORD,135,3,0,0,132,0,38,13,2114.0,0.022222222222222223,0.0,0.2878787878787879,0.09848484848484848,16.015151515151516
2023,1,19977,UA,13487,14771,MSP,SFO,31,1,0,0,30,0,6,2,42.0,0.03225806451612903,0.0,0.2,0.06666666666666667,1.4
2023,1,19977,UA,13930,10397,ORD,ATL,107,0,0,0,107,0,35,14,1604.0,0.0,0.0,0.32710280373831774,0.1308411214953271,14.990654205607477
2023,1,19977,UA,13930,10721,ORD,BOS,138,0,0,0,138,0,27,8,459.0,0.0,0.0,0.1956521739130435,0.057971014492753624,3.3260869565217392
2023,1,19977,UA,13930,10821,ORD,BWI,86,1,0,0,85,0,15,2,97.0,0.011627906976744186,0.0,0.17647058823529413,0.023529411764705882,1.1411764705882352
2023,1,19977,UA,13930,11278,ORD,DCA,160,2,0,0,158,0,33,9,782.0,0.0125,0.0,0.2088607594936709,0.056962025316455694,4.949367088607595
2023,1,19977,UA,13930,11292,ORD,DEN,252,1,0,0,251,0,57,20,2088.0,0.003968253968253968,0.0,0.22709163346613545,0.0796812749003984,8.318725099601593
2023,1,19977,UA,13930,11298,ORD,DFW,114,5,0,0,109,0,23,8,236.0,0.043859649122807015,0.0,0.21100917431192662,0.07339449541284404,2.165137614678899
2023,1,19977,UA,13930,11433,ORD,DTW,41,0,0,0,41,0,14,2,339.0,0.0,0.0,0.34146341463414637,0.04878048780487805,8.268292682926829
2023,1,19977,UA,13930,11618,ORD,EWR,292,2,0,0,290,0,68,22,2190.0,0.00684931506849315,0.0,0.23448275862068965,0.07586206896551724,7.551724137931035
2023,1,19977,UA,13930,11697,ORD,FLL,105,0,0,0,105,0,15,8,-321.0,0.0,0.0,0.14285714285714285,0.0761904761904762,-3.057142857142857
2023,1,19977,UA,13930,12173,ORD,HNL,31,0,0,0,31,0,7,1,59.0,0.0,0.0,0.22580645161290322,0.03225806451612903,1.903225806451613
2023,1,19977,UA,13930,12266,ORD,IAH,253,0,1,0,252,0,65,21,2112.0,0.0,0.003952569169960474,0.25793650793650796,0.08333333333333333,8.380952380952381
2023,1,19977,UA,13930,12889,ORD,LAS,147,1,0,0,146,0,38,13,685.0,0.006802721088435374,0.0,0.2602739726027397,0.08904109589041095,4.691780821917808
2023,1,19977,UA,13930,12892,ORD,LAX,225,0,0,0,225,0,50,9,542.0,0.0,0.0,0.2222222222222222,0.04,2.408888888888889
2023,1,19977,UA,13930,12953,ORD,LGA,156,1,0,0,155,0,32,13,120.0,0.00641025641025641,0.0,0.2064516129032258,0.08387096774193549,0.7741935483870968
2023,1,19977,UA,13930,13204,ORD,MCO,177,0,0,0,177,0,36,9,-7.0,0.0,0.0,0.2033898305084746,0.05084745762711865,-0.03954802259887006
2023,1,19977,UA,13930,13303,ORD,MIA,83,1,0,0,82,0,16,8,517.0,0.012048192771084338,0.0,0.1951219512195122,0.0975609756097561,6.304878048780488
2023,1,19977,UA,13930,13487,ORD,MSP,136,1,0,0,135,0,36,10,1140.0,0.007352941176470588,0.0,0.26666666666666666,0.07407407407407407,8.444444444444445
2023,1,19977,UA,13930,14100,ORD,PHL,91,0,0,0,91,0,16,6,30.0,0.0,0.0,0.17582417582417584,0.06593406593406594,0.32967032967032966
2023,1,19977,UA,13930,14107,ORD,PHX,143,0,0,0,143,0,17,3,-836.0,0.0,0.0,0.11888111888111888,0.02097902097902098,-5.846153846153846
2023,1,19977,UA,13930,14635,ORD,RSW,106,0,0,0,106,0,17,5,23.0,0.0,0.0,0.16037735849056603,0.04716981132075472,0.2169811320754717
2023,1,19977,UA,13930,14679,ORD,SAN,117,0,0,0,117,0,27,7,131.0,0.0,0.0,0.23076923076923078,0.05982905982905983,1.1196581196581197
2023,1,19977,UA,13930,14747,ORD,SEA,96,0,0,0,96,0,7,2,-1597.0,0.0,0.0,0.07291666666666667,0.020833333333333332,-16.635416666666668
2023,1,19977,UA,13930,14771,ORD,SFO,225,1,0,0,224,0,56,26,1868.0,0.0044444444444444444,0.0,0.25,0.11607142857142858,8.339285714285714
2023,1,19977,UA,13930,14869,ORD,SLC,62,0,0,0,62,0,13,4,86.0,0.0,0.0,0.20967741935483872,0.06451612903225806,1.3870967741935485
2023,1,19977,UA,13930,15016,ORD,STL,28,0,0,0,28,0,5,1,-37.0,0.0,0.0,0.17857142857142858,0.03571428571428571,-1.3214285714285714
2023,1,19977,UA,13930,15304,ORD,TPA,95,1,0,0,94,0,32,11,1157.0,0.010526315789473684,0.0,0.3404255319148936,0.11702127659574468,12.308510638297872
2023,1,19977,UA,14100,11292,PHL,DEN,62,0,0,0,62,0,9,1,-286.0,0.0,0.0,0.14516129032258066,0.016129032258064516,-4.612903225806452
2023,1,19977,UA,14100,11618,PHL,EWR,2,0,0,0,2,0,0,0,-25.0,0.0,0.0,0.0,0.0,-12.5
2023,1,19977,UA,14100,12266,PHL,IAH,63,0,0,0,63,0,12,4,1145.0,0.0,0.0,0.19047619047619047,0.06349206349206349,18.174603174603174
2023,1,19977,UA,14100,13930,PHL,ORD,91,0,0,0,91,0,15,4,-62.0,0.0,0.0,0.16483516483516483,0.04395604395604396,-0.6813186813186813
2023,1,19977,UA,14100,14771,PHL,SFO,31,1,0,0,30,0,4,2,-239.0,0.03225806451612903,0.0,0.13333333333333333,0.06666666666666667,-7.966666666666667
2023,1,19977,UA,14107,11292,PHX,DEN,173,0,0,0,173,0,32,9,122.0,0.0,0.0,0.18497109826589594,0.05202312138728324,0.7052023121387283
2023,1,19977,UA,14107,11618,PHX,EWR,127,1,0,0,126,0,22,7,-261.0,0.007874015748031496,0.0,0.1746031746031746,0.05555555555555555,-2.0714285714285716
2023,1,19977,UA,14107,12266,PHX,IAH,153,1,2,0,150,0,21,14,747.0,0.006535947712418301,0.013071895424836602,0.14,0.09333333333333334,4.98
2023,1,19977,UA,14107,12892,PHX,LAX,58,0,0,0,58,0,11,3,293.0,0.0,0.0,0.1896551724137931,0.05172413793103448,5.051724137931035
2023,1,19977,UA,14107,13930,PHX,ORD,145,1,0,0,144,0,20,7,-795.0,0.006896551724137931,0.0,0.1388888888888889,0.04861111111111111,-5.520833333333333
2023,1,19977,UA,14107,14771,PHX,SFO,93,1,1,0,91,0,22,6,2516.0,0.010752688172043012,0.010752688172043012,0.24175824175824176,0.06593406593406594,27.64835164835165
2023,1,19977,UA,14635,11292,RSW,DEN,63,0,1,0,62,0,10,5,759.0,0.0,0.015873015873015872,0.16129032258064516,0.08064516129032258,12.241935483870968
2023,1,19977,UA,14635,11618,RSW,EWR,181,2,0,0,179,0,41,16,1050.0,0.011049723756906077,0.0,0.22905027932960895,0.0893854748603352,5.865921787709497
2023,1,19977,UA,14635,12266,RSW,IAH,64,0,2,0,62,0,9,5,373.0,0.0,0.03125,0.14516129032258066,0.08064516129032258,6.016129032258065
2023,1,19977,UA,14635,12892,RSW,LAX,1,0,0,0,1,0,1,0,30.0,0.0,0.0,1.0,0.0,30.0
2023,1,19977,UA,14635,13930,RSW,ORD,106,0,0,0,106,0,26,12,1156.0,0.0,0.0,0.24528301886792453,0.11320754716981132,10.90566037735849
2023,1,19977,UA,14635,14771,RSW,SFO,2,0,0,0,2,0,0,0,-45.0,0.0,0.0,0.0,0.0,-22.5
2023,1,19977,UA,14679,11292,SAN,DEN,146,0,4,0,142,0,27,12,689.0,0.0,0.0273972602739726,0.19014084507042253,0.08450704225352113,4.852112676056338
2023,1,19977,UA,14679,11618,SAN,EWR,93,1,6,0,86,0,12,3,-792.0,0.010752688172043012,0.06451612903225806,0.13953488372093023,0.03488372093023256,-9.209302325581396
2023,1,19977,UA,14679,12266,SAN,IAH,123,1,5,0,117,0,25,11,600.0,0.008130081300813009,0.04065040650406504,0.21367521367521367,0.09401709401709402,5.128205128205129
2023,1,19977,UA,14679,12892,SAN,LAX,1,0,0,0,1,0,0,0,-3.0,0.0,0.0,0.0,0.0,-3.0
2023,1,19977,UA,14679,13930,SAN,ORD,117,0,6,0,111,0,16,5,-433.0,0.0,0.05128205128205128,0.14414414414414414,0.04504504504504504,-3.900900900900901
2023,1,19977,UA,14679,14771,SAN,SFO,123,2,0,0,121,0,29,10,906.0,0.016260162601626018,0.0,0.2396694214876033,0.08264462809917356,7.487603305785124
2023,1,19977,UA,14747,11292,SEA,DEN,150,0,1,0,149,0,23,6,-3.0,0.0,0.006666666666666667,0.15436241610738255,0.040268456375838924,-0.020134228187919462
2023,1,19977,UA,14747,11618,SEA,EWR,65,0,0,0,65,0,11,3,86.0,0.0,0.0,0.16923076923076924,0.046153846153846156,1.323076923076923
2023,1,19977,UA,14747,12266,SEA,IAH,65,0,0,0,65,0,13,7,213.0,0.0,0.0,0.2,0.1076923076923077,3.276923076923077
2023,1,19977,UA,14747,12892,SEA,LAX,28,0,0,0,28,0,4,0,-221.0,0.0,0.0,0.14285714285714285,0.0,-7.892857142857143
2023,1,19977,UA,14747,13930,SEA,ORD,97,0,0,0,97,0,13,5,771.0,0.0,0.0,0.13402061855670103,0.05154639175257732,7.948453608247423
2023,1,19977,UA,14747,14771,SEA,SFO,117,0,0,0,117,0,25,13,444.0,0.0,0.0,0.21367521367521367,0.1111111111111111,3.7948717948717947
2023,1,19977,UA,14771,10397,SFO,ATL,31,0,1,0,30,0,13,3,447.0,0.0,0.03225806451612903,0.43333333333333335,0.1,14.9
2023,1,19977,UA,14771,10721,SFO,BOS,123,1,0,0,122,0,41,14,2294.0,0.008130081300813009,0.0,0.3360655737704918,0.11475409836065574,18.80327868852459
2023,1,19977,UA,14771,10821,SFO,BWI,31,0,0,0,31,0,6,2,110.0,0.0,0.0,0.1935483870967742,0.06451612903225806,3.5483870967741935
2023,1,19977,UA,14771,11278,SFO,DCA,31,0,0,0,31,0,4,1,-137.0,0.0,0.0,0.12903225806451613,0.03225806451612903,-4.419354838709677
2023,1,19977,UA,14771,11292,SFO,DEN,247,0,0,0,247,0,67,20,3392.0,0.0,0.0,0.27125506072874495,0.08097165991902834,13.732793522267206
2023,1,19977,UA,14771,11298,SFO,DFW,61,2,0,0,59,0,16,7,604.0,0.03278688524590164,0.0,0.2711864406779661,0.11864406779661017,10.23728813559322
2023,1,19977,UA,14771,11618,SFO,EWR,276,1,1,0,274,0,75,28,2419.0,0.0036231884057971015,0.0036231884057971015,0.2737226277372263,0.10218978102189781,8.828467153284672
2023,1,19977,UA,14771,11697,SFO,FLL,31,0,0,0,31,0,8,3,129.0,0.0,0.0,0.25806451612903225,0.0967741935483871,4.161290322580645
2023,1,19977,UA,14771,12173,SFO,HNL,108,1,0,0,107,0,49,22,3196.0,0.009259259259259259,0.0,0.45794392523364486,0.205607476635514,29.869158878504674
2023,1,19977,UA,14771,12266,SFO,IAH,240,1,1,0,238,0,67,9,1119.0,0.004166666666666667,0.004166666666666667,0.2815126050420168,0.037815126050420166,4.701680672268908
2023,1,19977,UA,14771,12889,SFO,LAS,164,3,1,0,160,0,46,20,2644.0,0.018292682926829267,0.006097560975609756,0.2875,0.125,16.525
2023,1,19977,UA,14771,12892,SFO,LAX,180,4,0,0,176,0,40,12,1013.0,0.022222222222222223,0.0,0.22727272727272727,0.06818181818181818,5.755681818181818
2023,1,19977,UA,14771,13204,SFO,MCO,62,1,0,0,61,0,10,5,580.0,0.016129032258064516,0.0,0.16393442622950818,0.08196721311475409,9.508196721311476
2023,1,19977,UA,14771,13303,SFO,MIA,31,0,0,0,31,0,6,2,-177.0,0.0,0.0,0.1935483870967742,0.06451612903225806,-5.709677419354839
2023,1,19977,UA,14771,13487,SFO,MSP,31,1,0,0,30,0,12,5,579.0,0.03225806451612903,0.0,0.4,0.16666666666666666,19.3
2023,1,19977,UA,14771,13930,SFO,ORD,225,1,0,0,224,0,48,16,1216.0,0.0044444444444444444,0.0,0.21428571428571427,0.07142857142857142,5.428571428571429
2023,1,19977,UA,14771,14100,SFO,PHL,31,1,0,0,30,0,4,2,-61.0,0.03225806451612903,0.0,0.13333333333333333,0.06666666666666667,-2.033333333333333
2023,1,19977,UA,14771,14107,SFO,PHX,92,1,0,0,91,0,14,8,173.0,0.010869565217391304,0.0,0.15384615384615385,0.08791208791208792,1.901098901098901
2023,1,19977,UA,14771,14635,SFO,RSW,2,0,0,0,2,0,1,1,121.0,0.0,0.0,0.5,0.5,60.5
2023,1,19977,UA,14771,14679,SFO,SAN,124,2,1,0,121,0,20,8,1044.0,0.016129032258064516,0.008064516129032258,0.1652892561983471,0.06611570247933884,8.62809917355372
2023,1,19977,UA,14771,14747,SFO,SEA,118,0,0,0,118,0,15,7,-670.0,0.0,0.0,0.1271186440677966,0.059322033898305086,-5.677966101694915
2023,1,19977,UA,14771,14869,SFO,SLC,24,0,0,0,24,0,4,2,187.0,0.0,0.0,0.16666666666666666,0.08333333333333333,7.791666666666667
2023,1,19977,UA,14771,15304,SFO,TPA,62,0,0,0,62,0,10,3,-25.0,0.0,0.0,0.16129032258064516,0.04838709677419355,-0.4032258064516129
2023,1,19977,UA,14869,11292,SLC,DEN,86,0,0,0,86,0,22,7,763.0,0.0,0.0,0.2558139534883721,0.08139534883720931,8.872093023255815
2023,1,19977,UA,14869,11618,SLC,EWR,34,0,0,0,34,0,17,9,1266.0,0.0,0.0,0.5,0.2647058823529412,37.23529411764706
2023,1,19977,UA,14869,12266,SLC,IAH,65,0,0,0,65,0,28,15,2573.0,0.0,0.0,0.4307692307692308,0.23076923076923078,39.58461538461538
2023,1,19977,UA,14869,13930,SLC,ORD,62,0,0,0,62,0,19,9,900.0,0.0,0.0,0.3064516129032258,0.14516129032258066,14.516129032258064
2023,1,19977,UA,14869,14771,SLC,SFO,24,0,0,0,24,0,12,4,660.0,0.0,0.0,0.5,0.16666666666666666,27.5
2023,1,19977,UA,15016,11292,STL,DEN,61,0,0,0,61,0,14,5,266.0,0.0,0.0,0.22950819672131148,0.08196721311475409,4.360655737704918
2023,1,19977,UA,15016,11618,STL,EWR,29,0,0,0,29,0,8,1,359.0,0.0,0.0,0.27586206896551724,0.034482758620689655,12.379310344827585
2023,1,19977,UA,15016,12266,STL,IAH,30,0,0,0,30,0,8,4,613.0,0.0,0.0,0.26666666666666666,0.13333333333333333,20.433333333333334
2023,1,19977,UA,15016,13930,STL,ORD,28,0,0,0,28,0,6,3,210.0,0.0,0.0,0.21428571428571427,0.10714285714285714,7.5
2023,1,19977,UA,15304,11292,TPA,DEN,114,2,0,0,112,0,24,7,1509.0,0.017543859649122806,0.0,0.21428571428571427,0.0625,13.473214285714286
2023,1,19977,UA,15304,11618,TPA,EWR,268,0,2,0,266,0,58,25,2241.0,0.0,0.007462686567164179,0.21804511278195488,0.09398496240601503,8.424812030075188
2023,1,19977,UA,15304,12266,TPA,IAH,94,0,1,0,93,0,23,13,1471.0,0.0,0.010638297872340425,0.24731182795698925,0.13978494623655913,15.817204301075268
2023,1,19977,UA,15304,12892,TPA,LAX,31,0,0,0,31,0,4,0,-460.0,0.0,0.0,0.12903225806451613,0.0,-14.838709677419354
2023,1,19977,UA,15304,13930,TPA,ORD,96,2,0,0,94,0,13,5,-365.0,0.020833333333333332,0.0,0.13829787234042554,0.05319148936170213,-3.882978723404255
2023,1,19977,UA,15304,14771,TPA,SFO,62,0,0,0,62,0,12,7,648.0,0.0,0.0,0.1935483870967742,0.11290322580645161,10.451612903225806
2023,1,20304,OO,10397,12266,ATL,IAH,1,0,0,0,1,0,0,0,-7.0,0.0,0.0,0.0,0.0,-7.0
2023,1,20304,OO,10397,13930,ATL,ORD,1,0,0,0,1,0,0,0,4.0,0.0,0.0,0.0,0.0,4.0
2023,1,20304,OO,10721,11618,BOS,EWR,19,0,0,0,19,0,9,3,660.0,0.0,0.0,0.47368421052631576,0.15789473684210525,34.73684210526316
2023,1,20304,OO,10721,12478,BOS,JFK,23,2,0,0,21,0,11,7,2023.0,0.08695652173913043,0.0,0.5238095238095238,0.3333333333333333,96.33333333333333
2023,1,20304,OO,10721,13930,BOS,ORD,56,2,0,0,54,0,19,10,1232.0,0.03571428571428571,0.0,0.35185185185185186,0.18518518518518517,22.814814814814813
2023,1,20304,OO,11278,13930,DCA,ORD,72,0,0,0,72,0,22,5,1163.0,0.0,0.0,0.3055555555555556,0.06944444444444445,16.15277777777778
2023,1,20304,OO,11292,12892,DEN,LAX,61,1,0,0,60,0,17,4,568.0,0.01639344262295082,0.0,0.2833333333333333,0.06666666666666667,9.466666666666667
2023,1,20304,OO,11292,14107,DEN,PHX,31,0,0,0,31,0,8,2,284.0,0.0,0.0,0.25806451612903225,0.06451612903225806,9.161290322580646
2023,1,20304,OO,11292,14747,DEN,SEA,3,0,0,0,3,0,0,0,-87.0,0.0,0.0,0.0,0.0,-29.0
2023,1,20304,OO,11292,14869,DEN,SLC,127,5,0,0,122,0,42,16,2392.0,0.03937007874015748,0.0,0.3442622950819672,0.13114754098360656,19.60655737704918
2023,1,20304,OO,11292,15016,DEN,STL,31,0,0,0,31,0,9,6,665.0,0.0,0.0,0.2903225806451613,0.1935483870967742,21.451612903225808
2023,1,20304,OO,11433,11618,DTW,EWR,1,0,0,0,1,0,0,0,-15.0,0.0,0.0,0.0,0.0,-15.0
2023,1,20304,OO,11433,12266,DTW,IAH,32,0,0,0,32,0,12,4,523.0,0.0,0.0,0.375,0.125,16.34375
2023,1,20304,OO,11433,13930,DTW,ORD,81,2,0,0,79,0,17,5,125.0,0.024691358024691357,0.0,0.21518987341772153,0.06329113924050633,1.5822784810126582
2023,1,20304,OO,11433,14100,DTW,PHL,2,0,0,0,2,0,0,0,-61.0,0.0,0.0,0.0,0.0,-30.5
2023,1,20304,OO,11433,15016,DTW,STL,49,2,0,0,47,0,8,4,226.0,0.04081632653061224,0.0,0.1702127659574468,0.0851063829787234,4.808510638297872
2023,1,20304,OO,11618,10721,EWR,BOS,19,1,0,0,18,0,2,2,-69.0,0.05263157894736842,0.0,0.1111111111111111,0.1111111111111111,-3.8333333333333335
2023,1,20304,OO,11618,11433,EWR,DTW,1,0,0,0,1,0,0,0,-23.0,0.0,0.0,0.0,0.0,-23.0
2023,1,20304,OO,11618,13487,EWR,MSP,18,2,0,0,16,0,6,2,151.0,0.1111111111111111,0.0,0.375,0.125,9.4375
2023,1,20304,OO,12266,10397,IAH,ATL,1,0,0,0,1,0,0,0,-19.0,0.0,0.0,0.0,0.0,-19.0
2023,1,20304,OO,12266,11433,IAH,DTW,31,2,0,0,29,0,4,1,-75.0,0.06451612903225806,0.0,0.13793103448275862,0.034482758620689655,-2.586206896551724
2023,1,20304,OO,12266,12892,IAH,LAX,30,0,0,0,30,0,12,3,411.0,0.0,0.0,0.4,0.1,13.7
2023,1,20304,OO,12266,12953,IAH,LGA,24,0,0,0,24,0,5,2,163.0,0.0,0.0,0.20833333333333334,0.08333333333333333,6.791666666666667
2023,1,20304,OO,12266,14869,IAH,SLC,34,0,0,0,34,0,7,1,23.0,0.0,0.0,0.20588235294117646,0.029411764705882353,0.6764705882352942
2023,1,20304,OO,12478,10721,JFK,BOS,23,1,0,0,22,0,12,9,1584.0,0.043478260869565216,0.0,0.5454545454545454,0.4090909090909091,72.0
2023,1,20304,OO,12478,13930,JFK,ORD,46,0,0,0,46,0,15,8,2063.0,0.0,0.0,0.32608695652173914,0.17391304347826086,44.84782608695652
2023,1,20304,OO,12889,12892,LAS,LAX,54,0,1,0,53,0,21,6,771.0,0.0,0.018518518518518517,0.39622641509433965,0.11320754716981132,14.547169811320755
2023,1,20304,OO,12889,14679,LAS,SAN,3,0,0,0,3,0,0,0,-5.0,0.0,0.0,0.0,0.0,-1.6666666666666667
2023,1,20304,OO,12889,14771,LAS,SFO,8,0,0,0,8,0,4,3,355.0,0.0,0.0,0.5,0.375,44.375
2023,1,20304,OO,12892,11292,LAX,DEN,61,1,0,0,60,0,17,4,496.0,0.01639344262295082,0.0,0.2833333333333333,0.06666666666666667,8.266666666666667
2023,1,20304,OO,12892,12266,LAX,IAH,30,0,0,0,30,0,14,3,578.0,0.0,0.0,0.4666666666666667,0.1,19.266666666666666
2023,1,20304,OO,12892,12889,LAX,LAS,54,0,0,0,54,0,18,4,650.0,0.0,0.0,0.3333333333333333,0.07407407407407407,12.037037037037036
2023,1,20304,OO,12892,13796,LAX,OAK,85,1,0,0,84,0,21,11,1041.0,0.011764705882352941,0.0,0.25,0.13095238095238096,12.392857142857142
2023,1,20304,OO,12892,14107,LAX,PHX,127,1,0,0,126,0,19,5,327.0,0.007874015748031496,0.0,0.15079365079365079,0.03968253968253968,2.5952380952380953
2023,1,20304,OO,12892,14679,LAX,SAN,92,0,0,0,92,0,11,1,-411.0,0.0,0.0,0.11956521739130435,0.010869565217391304,-4.467391304347826
2023,1,20304,OO,12892,14747,LAX,SEA,70,0,0,0,70,0,9,1,-311.0,0.0,0.0,0.12857142857142856,0.014285714285714285,-4.442857142857143
2023,1,20304,OO,12892,14771,LAX,SFO,259,7,3,0,249,0,90,30,4367.0,0.02702702702702703,0.011583011583011582,0.3614457831325301,0.12048192771084337,17.538152610441767
2023,1,20304,OO,12892,14869,LAX,SLC,61,0,0,0,61,0,20,2,487.0,0.0,0.0,0.32786885245901637,0.03278688524590164,7.983606557377049
2023,1,20304,OO,12953,12266,LGA,IAH,24,1,0,0,23,0,13,3,404.0,0.041666666666666664,0.0,0.5652173913043478,0.13043478260869565,17.565217391304348
2023,1,20304,OO,12953,13930,LGA,ORD,77,2,0,0,75,0,24,13,1221.0,0.025974025974025976,0.0,0.32,0.17333333333333334,16.28
2023,1,20304,OO,13487,11618,MSP,EWR,18,2,0,0,16,0,3,1,107.0,0.1111111111111111,0.0,0.1875,0.0625,6.6875
2023,1,20304,OO,13487,12478,MSP,JFK,1,0,0,0,1,0,1,0,22.0,0.0,0.0,1.0,0.0,22.0
2023,1,20304,OO,13487,13930,MSP,ORD,15,1,0,0,14,0,5,2,321.0,0.06666666666666667,0.0,0.35714285714285715,0.14285714285714285,22.928571428571427
2023,1,20304,OO,13487,15016,MSP,STL,19,2,0,0,17,0,5,2,347.0,0.10526315789473684,0.0,0.29411764705882354,0.11764705882352941,20.41176470588235
2023,1,20304,OO,13796,12892,OAK,LAX,86,1,0,0,85,0,19,6,778.0,0.011627906976744186,0.0,0.2235294117647059,0.07058823529411765,9.152941176470588
2023,1,20304,OO,13796,14747,OAK,SEA,36,0,0,0,36,0,6,2,260.0,0.0,0.0,0.16666666666666666,0.05555555555555555,7.222222222222222
2023,1,20304,OO,13796,14869,OAK,SLC,21,0,0,0,21,0,5,2,253.0,0.0,0.0,0.23809523809523808,0.09523809523809523,12.047619047619047
2023,1,20304,OO,13930,10397,ORD,ATL,1,0,0,0,1,0,0,0,-28.0,0.0,0.0,0.0,0.0,-28.0
2023,1,20304,OO,13930,10721,ORD,BOS,56,2,0,0,54,0,19,10,1007.0,0.03571428571428571,0.0,0.35185185185185186,0.18518518518518517,18.64814814814815
2023,1,20304,OO,13930,11278,ORD,DCA,72,0,0,0,72,0,22,6,977.0,0.0,0.0,0.3055555555555556,0.08333333333333333,13.569444444444445
2023,1,20304,OO,13930,11433,ORD,DTW,82,1,0,0,81,0,26,5,936.0,0.012195121951219513,0.0,0.32098765432098764,0.06172839506172839,11.555555555555555
2023,1,20304,OO,13930,12478,ORD,JFK,47,0,0,0,47,0,26,8,1297.0,0.0,0.0,0.5531914893617021,0.1702127659574468,27.595744680851062
2023,1,20304,OO,13930,12953,ORD,LGA,77,1,1,0,75,0,33,14,1672.0,0.012987012987012988,0.012987012987012988,0.44,0.18666666666666668,22.293333333333333
2023,1,20304,OO,13930,13487,ORD,MSP,14,1,0,0,13,0,2,1,89.0,0.07142857142857142,0.0,0.15384615384615385,0.07692307692307693,6.846153846153846
2023,1,20304,OO,13930,14869,ORD,SLC,54,0,0,0,54,0,18,5,1194.0,0.0,0.0,0.3333333333333333,0.09259259259259259,22.11111111111111
2023,1,20304,OO,13930,15016,ORD,STL,31,0,0,0,31,0,13,5,735.0,0.0,0.0,0.41935483870967744,0.16129032258064516,23.70967741935484
2023,1,20304,OO,14100,11433,PHL,DTW,3,0,0,0,3,0,0,0,-57.0,0.0,0.0,0.0,0.0,-19.0
2023,1,20304,OO,14107,11292,PHX,DEN,31,0,0,0,31,0,3,1,-113.0,0.0,0.0,0.0967741935483871,0.03225806451612903,-3.6451612903225805
2023,1,20304,OO,14107,12892,PHX,LAX,127,1,0,0,126,0,25,6,738.0,0.007874015748031496,0.0,0.1984126984126984,0.047619047619047616,5.857142857142857
2023,1,20304,OO,14107,14747,PHX,SEA,18,0,0,0,18,0,6,0,45.0,0.0,0.0,0.3333333333333333,0.0,2.5
2023,1,20304,OO,14107,14771,PHX,SFO,30,0,0,0,30,0,17,6,1184.0,0.0,0.0,0.5666666666666667,0.2,39.46666666666667
2023,1,20304,OO,14107,14869,PHX,SLC,19,0,0,0,19,0,3,0,6.0,0.0,0.0,0.15789473684210525,0.0,0.3157894736842105
2023,1,20304,OO,14679,12889,SAN,LAS,4,0,0,0,4,0,1,1,98.0,0.0,0.0,0.25,0.25,24.5
2023,1,20304,OO,14679,12892,SAN,LAX,92,0,0,0,92,0,12,3,1932.0,0.0,0.0,0.13043478260869565,0.03260869565217391,21.0
2023,1,20304,OO,14679,14747,SAN,SEA,5,0,0,0,5,0,1,1,106.0,0.0,0.0,0.2,0.2,21.2
2023,1,20304,OO,14679,14771,SAN,SFO,176,4,6,0,166,0,67,25,3522.0,0.022727272727272728,0.03409090909090909,0.4036144578313253,0.15060240963855423,21.216867469879517
2023,1,20304,OO,14679,14869,SAN,SLC,9,0,1,0,8,0,5,2,212.0,0.0,0.1111111111111111,0.625,0.25,26.5
2023,1,20304,OO,14747,11292,SEA,DEN,3,0,0,0,3,0,1,0,21.0,0.0,0.0,0.3333333333333333,0.0,7.0
2023,1,20304,OO,14747,12892,SEA,LAX,70,0,0,0,70,0,14,2,223.0,0.0,0.0,0.2,0.02857142857142857,3.1857142857142855
2023,1,20304,OO,14747,13796,SEA,OAK,35,0,0,0,35,0,4,1,58.0,0.0,0.0,0.11428571428571428,0.02857142857142857,1.6571428571428573
2023,1,20304,OO,14747,14107,SEA,PHX,18,0,0,0,18,0,3,0,-32.0,0.0,0.0,0.16666666666666666,0.0,-1.7777777777777777
2023,1,20304,OO,14747,14679,SEA,SAN,5,0,0,0,5,0,1,0,-11.0,0.0,0.0,0.2,0.0,-2.2
2023,1,20304,OO,14747,14771,SEA,SFO,27,1,1,0,25,0,7,3,323.0,0.037037037037037035,0.037037037037037035,0.28,0.12,12.92
2023,1,20304,OO,14747,14869,SEA,SLC,34,0,0,0,34,0,6,1,173.0,0.0,0.0,0.17647058823529413,0.029411764705882353,5.088235294117647
2023,1,20304,OO,14771,12889,SFO,LAS,7,0,0,0,7,0,3,1,206.0,0.0,0.0,0.42857142857142855,0.14285714285714285,29.428571428571427
2023,1,20304,OO,14771,12892,SFO,LAX,255,7,0,0,248,0,76,26,2768.0,0.027450980392156862,0.0,0.3064516129032258,0.10483870967741936,11.161290322580646
2023,1,20304,OO,14771,14107,SFO,PHX,30,1,0,0,29,0,12,3,638.0,0.03333333333333333,0.0,0.41379310344827586,0.10344827586206896,22.0
2023,1,20304,OO,14771,14679,SFO,SAN,178,7,0,0,171,0,47,13,1721.0,0.03932584269662921,0.0,0.27485380116959063,0.07602339181286549,10.064327485380117
2023,1,20304,OO,14771,14747,SFO,SEA,27,1,0,0,26,0,7,2,1117.0,0.037037037037037035,0.0,0.2692307692307692,0.07692307692307693,42.96153846153846
2023,1,20304,OO,14771,14869,SFO,SLC,144,2,0,0,142,0,36,14,1717.0,0.013888888888888888,0.0,0.2535211267605634,0.09859154929577464,12.091549295774648
2023,1,20304,OO,14869,11292,SLC,DEN,127,5,2,0,120,0,29,13,2685.0,0.03937007874015748,0.015748031496062992,0.24166666666666667,0.10833333333333334,22.375
2023,1,20304,OO,14869,12266,SLC,IAH,34,0,0,0,34,0,10,4,181.0,0.0,0.0,0.29411764705882354,0.11764705882352941,5.323529411764706
2023,1,20304,OO,14869,12892,SLC,LAX,62,0,1,0,61,0,20,4,870.0,0.0,0.016129032258064516,0.32786885245901637,0.06557377049180328,14.262295081967213
2023,1,20304,OO,14869,13796,SLC,OAK,21,0,0,0,21,0,4,1,110.0,0.0,0.0,0.19047619047619047,0.047619047619047616,5.238095238095238
2023,1,20304,OO,14869,13930,SLC,ORD,55,0,0,0,55,0,27,10,1734.0,0.0,0.0,0.4909090909090909,0.18181818181818182,31.527272727272727
2023,1,20304,OO,14869,14107,SLC,PHX,19,0,0,0,19,0,6,2,275.0,0.0,0.0,0.3157894736842105,0.10526315789473684,14.473684210526315
2023,1,20304,OO,14869,14679,SLC,SAN,9,0,0,0,9,0,4,1,126.0,0.0,0.0,0.4444444444444444,0.1111111111111111,14.0
2023,1,20304,OO,14869,14747,SLC,SEA,34,0,0,0,34,0,13,0,256.0,0.0,0.0,0.38235294117647056,0.0,7.529411764705882
2023,1,20304,OO,14869,14771,SLC,SFO,142,6,4,0,132,0,49,20,2170.0,0.04225352112676056,0.028169014084507043,0.3712121212121212,0.15151515151515152,16.439393939393938
2023,1,20304,OO,15016,11292,STL,DEN,31,1,0,0,30,0,11,5,663.0,0.03225806451612903,0.0,0.36666666666666664,0.16666666666666666,22.1
2023,1,20304,OO,15016,11433,STL,DTW,49,3,0,0,46,0,10,6,552.0,0.061224489795918366,0.0,0.21739130434782608,0.13043478260869565,12.0
2023,1,20304,OO,15016,13487,STL,MSP,19,1,0,0,18,0,4,3,373.0,0.05263157894736842,0.0,0.2222222222222222,0.16666666666666666,20.72222222222222
2023,1,20304,OO,15016,13930,STL,ORD,31,1,0,0,30,0,11,6,2155.0,0.03225806451612903,0.0,0.36666666666666664,0.2,71.83333333333333
2023,1,20363,9E,10821,12478,BWI,JFK,56,1,1,0,54,0,7,5,40.0,0.017857142857142856,0.017857142857142856,0.12962962962962962,0.09259259259259259,0.7407407407407407
2023,1,20363,9E,11298,10397,DFW,ATL,1,0,0,0,1,0,0,0,-14.0,0.0,0.0,0.0,0.0,-14.0
2023,1,20363,9E,11433,10821,DTW,BWI,1,0,0,0,1,0,0,0,2.0,0.0,0.0,0.0,0.0,2.0
2023,1,20363,9E,11433,11618,DTW,EWR,23,0,0,0,23,0,4,0,11.0,0.0,0.0,0.17391304347826086,0.0,0.4782608695652174
2023,1,20363,9E,11433,12478,DTW,JFK,91,0,0,0,91,0,28,11,1586.0,0.0,0.0,0.3076923076923077,0.12087912087912088,17.428571428571427
2023,1,20363,9E,11433,12953,DTW,LGA,1,0,0,0,1,0,0,0,0.0,0.0,0.0,0.0,0.0,0.0
2023,1,20363,9E,11433,13232,DTW,MDW,82,2,0,0,80,0,18,6,139.0,0.024390243902439025,0.0,0.225,0.075,1.7375
2023,1,20363,9E,11433,14100,DTW,PHL,8,0,1,0,7,0,1,1,-17.0,0.0,0.125,0.14285714285714285,0.14285714285714285,-2.4285714285714284
2023,1,20363,9E,11433,15016,DTW,STL,2,0,0,0,2,0,1,0,25.0,0.0,0.0,0.5,0.0,12.5
2023,1,20363,9E,11618,11433,EWR,DTW,23,0,0,0,23,0,3,1,-56.0,0.0,0.0,0.13043478260869565,0.043478260869565216,-2.4347826086956523
2023,1,20363,9E,11618,13487,EWR,MSP,23,0,0,0,23,0,5,2,-33.0,0.0,0.0,0.21739130434782608,0.08695652173913043,-1.434782608695652
2023,1,20363,9E,12478,10821,JFK,BWI,55,1,0,0,54,0,16,5,458.0,0.01818181818181818,0.0,0.2962962962962963,0.09259259259259259,8.481481481481481
2023,1,20363,9E,12478,11433,JFK,DTW,89,0,1,0,88,0,17,11,570.0,0.0,0.011235955056179775,0.19318181818181818,0.125,6.4772727272727275
2023,1,20363,9E,12478,13487,JFK,MSP,85,2,0,0,83,0,28,12,825.0,0.023529411764705882,0.0,0.3373493975903614,0.14457831325301204,9.939759036144578
2023,1,20363,9E,12478,13930,JFK,ORD,8,0,0,0,8,0,0,0,-238.0,0.0,0.0,0.0,0.0,-29.75
2023,1,20363,9E,12953,15016,LGA,STL,14,0,0,0,14,0,0,0,-320.0,0.0,0.0,0.0,0.0,-22.857142857142858
2023,1,20363,9E,13232,11433,MDW,DTW,82,2,0,0,80,0,19,7,740.0,0.024390243902439025,0.0,0.2375,0.0875,9.25
2023,1,20363,9E,13232,13487,MDW,MSP,79,2,0,0,77,0,14,8,-439.0,0.02531645569620253,0.0,0.18181818181818182,0.1038961038961039,-5.701298701298701
2023,1,20363,9E,13487,11618,MSP,EWR,23,0,0,0,23,0,12,2,438.0,0.0,0.0,0.5217391304347826,0.08695652173913043,19.043478260869566
2023,1,20363,9E,13487,12478,MSP,JFK,85,2,1,0,82,0,32,10,1722.0,0.023529411764705882,0.011764705882352941,0.3902439024390244,0.12195121951219512,21.0
2023,1,20363,9E,13487,13232,MSP,MDW,79,2,1,0,76,0,24,12,926.0,0.02531645569620253,0.012658227848101266,0.3157894736842105,0.15789473684210525,12.18421052631579
2023,1,20363,9E,13487,15016,MSP,STL,23,2,0,0,21,0,4,0,31.0,0.08695652173913043,0.0,0.19047619047619047,0.0,1.4761904761904763
2023,1,20363,9E,13930,11433,ORD,DTW,1,0,0,0,1,0,0,0,-4.0,0.0,0.0,0.0,0.0,-4.0
2023,1,20363,9E,13930,12478,ORD,JFK,7,0,0,0,7,0,3,0,38.0,0.0,0.0,0.42857142857142855,0.0,5.428571428571429
2023,1,20363,9E,14100,11433,PHL,DTW,8,0,0,0,8,0,2,2,80.0,0.0,0.0,0.25,0.25,10.0
2023,1,20363,9E,15016,11433,STL,DTW,2,0,0,0,2,0,1,0,33.0,0.0,0.0,0.5,0.0,16.5
2023,1,20363,9E,15016,12953,STL,LGA,15,0,0,0,15,0,1,0,-173.0,0.0,0.0,0.06666666666666667,0.0,-11.533333333333333
2023,1,20363,9E,15016,13487,STL,MSP,24,2,0,0,22,0,5,1,165.0,0.08333333333333333,0.0,0.22727272727272727,0.045454545454545456,7.5
2023,1,20368,G4,12889,13796,LAS,OAK,4,0,0,0,4,0,2,0,36.0,0.0,0.0,0.5,0.0,9.0
2023,1,20368,G4,12889,14679,LAS,SAN,1,0,0,0,1,0,1,0,20.0,0.0,0.0,1.0,0.0,20.0
2023,1,20368,G4,13796,12889,OAK,LAS,4,0,0,0,4,0,1,0,9.0,0.0,0.0,0.25,0.0,2.25
2023,1,20368,G4,14679,12889,SAN,LAS,1,0,0,0,1,0,1,0,44.0,0.0,0.0,1.0,0.0,44.0
2023,1,20397,OH,10397,14100,ATL,PHL,39,0,0,0,39,0,3,2,-136.0,0.0,0.0,0.07692307692307693,0.05128205128205128,-3.4871794871794872
2023,1,20397,OH,11278,11433,DCA,DTW,82,4,0,0,78,0,9,2,-789.0,0.04878048780487805,0.0,0.11538461538461539,0.02564102564102564,-10.115384615384615
2023,1,20397,OH,11278,13487,DCA,MSP,26,2,0,0,24,0,0,0,-411.0,0.07692307692307693,0.0,0.0,0.0,-17.125
2023,1,20397,OH,11278,14100,DCA,PHL,75,1,0,0,74,0,8,2,-211.0,0.013333333333333334,0.0,0.10810810810810811,0.02702702702702703,-2.8513513513513513
2023,1,20397,OH,11278,15016,DCA,STL,38,1,0,0,37,0,2,1,-548.0,0.02631578947368421,0.0,0.05405405405405406,0.02702702702702703,-14.81081081081081
2023,1,20397,OH,11433,11278,DTW,DCA,82,1,0,0,81,0,19,8,614.0,0.012195121951219513,0.0,0.2345679012345679,0.09876543209876543,7.580246913580247
2023,1,20397,OH,11433,14100,DTW,PHL,61,1,0,0,60,0,10,5,681.0,0.01639344262295082,0.0,0.16666666666666666,0.08333333333333333,11.35
2023,1,20397,OH,13487,11278,MSP,DCA,26,1,1,0,24,0,6,2,89.0,0.038461538461538464,0.038461538461538464,0.25,0.08333333333333333,3.7083333333333335
2023,1,20397,OH,13487,14100,MSP,PHL,29,1,0,0,28,0,11,1,356.0,0.034482758620689655,0.0,0.39285714285714285,0.03571428571428571,12.714285714285714
2023,1,20397,OH,14100,10397,PHL,ATL,39,0,1,0,38,0,3,1,-307.0,0.0,0.02564102564102564,0.07894736842105263,0.02631578947368421,-8.078947368421053
2023,1,20397,OH,14100,11278,PHL,DCA,75,2,0,0,73,0,10,3,103.0,0.02666666666666667,0.0,0.136986301369863,0.0410958904109589,1.4109589041095891
2023,1,20397,OH,14100,11433,PHL,DTW,61,2,0,0,59,0,2,0,-706.0,0.03278688524590164,0.0,0.03389830508474576,0.0,-11.966101694915254
2023,1,20397,OH,14100,13487,PHL,MSP,29,1,0,0,28,0,2,1,-286.0,0.034482758620689655,0.0,0.07142857142857142,0.03571428571428571,-10.214285714285714
2023,1,20397,OH,15016,11278,STL,DCA,38,0,0,0,38,0,4,2,-187.0,0.0,0.0,0.10526315789473684,0.05263157894736842,-4.921052631578948
2023,1,20398,MQ,10397,11278,ATL,DCA,52,0,0,0,52,0,10,4,-263.0,0.0,0.0,0.19230769230769232,0.07692307692307693,-5.0576923076923075
2023,1,20398,MQ,10397,13303,ATL,MIA,29,0,0,0,29,0,3,2,72.0,0.0,0.0,0.10344827586206896,0.06896551724137931,2.4827586206896552
2023,1,20398,MQ,10397,13930,ATL,ORD,37,0,0,0,37,0,12,4,721.0,0.0,0.0,0.32432432432432434,0.10810810810810811,19.486486486486488
2023,1,20398,MQ,10721,13930,BOS,ORD,40,0,0,0,40,0,15,3,517.0,0.0,0.0,0.375,0.075,12.925
2023,1,20398,MQ,10721,15016,BOS,STL,9,0,0,0,9,0,2,0,34.0,0.0,0.0,0.2222222222222222,0.0,3.7777777777777777
2023,1,20398,MQ,10821,13303,BWI,MIA,1,0,0,0,1,0,0,0,-23.0,0.0,0.0,0.0,0.0,-23.0
2023,1,20398,MQ,10821,13930,BWI,ORD,50,0,0,0,50,0,10,4,69.0,0.0,0.0,0.2,0.08,1.38
2023,1,20398,MQ,11278,10397,DCA,ATL,52,1,1,0,50,0,7,1,-192.0,0.019230769230769232,0.019230769230769232,0.14,0.02,-3.84
2023,1,20398,MQ,11278,13487,DCA,MSP,1,0,0,0,1,0,0,0,-26.0,0.0,0.0,0.0,0.0,-26.0
2023,1,20398,MQ,11298,15016,DFW,STL,7,0,0,0,7,0,1,0,-24.0,0.0,0.0,0.14285714285714285,0.0,-3.4285714285714284
2023,1,20398,MQ,11433,13930,DTW,ORD,48,1,0,0,47,0,11,4,121.0,0.020833333333333332,0.0,0.23404255319148937,0.0851063829787234,2.574468085106383
2023,1,20398,MQ,11618,13930,EWR,ORD,9,0,0,0,9,0,2,1,95.0,0.0,0.0,0.2222222222222222,0.1111111111111111,10.555555555555555
2023,1,20398,MQ,12266,13303,IAH,MIA,51,1,0,0,50,0,13,4,284.0,0.0196078431372549,0.0,0.26,0.08,5.68
2023,1,20398,MQ,12266,13930,IAH,ORD,31,0,0,0,31,0,6,4,135.0,0.0,0.0,0.1935483870967742,0.12903225806451613,4.354838709677419
2023,1,20398,MQ,13303,10397,MIA,ATL,29,0,0,0,29,0,1,1,22.0,0.0,0.0,0.034482758620689655,0.034482758620689655,0.7586206896551724
2023,1,20398,MQ,13303,10821,MIA,BWI,1,0,0,0,1,0,0,0,-8.0,0.0,0.0,0.0,0.0,-8.0
2023,1,20398,MQ,13303,12266,MIA,IAH,51,0,1,0,50,0,7,2,10.0,0.0,0.0196078431372549,0.14,0.04,0.2
2023,1,20398,MQ,13303,15304,MIA,TPA,22,0,1,0,21,0,2,1,9.0,0.0,0.045454545454545456,0.09523809523809523,0.047619047619047616,0.42857142857142855
2023,1,20398,MQ,13487,11278,MSP,DCA,1,0,0,0,1,0,0,0,-18.0,0.0,0.0,0.0,0.0,-18.0
2023,1,20398,MQ,13487,13930,MSP,ORD,56,3,0,0,53,0,28,6,1069.0,0.05357142857142857,0.0,0.5283018867924528,0.11320754716981132,20.169811320754718
2023,1,20398,MQ,13930,10397,ORD,ATL,37,0,0,0,37,0,11,4,423.0,0.0,0.0,0.2972972972972973,0.10810810810810811,11.432432432432432
2023,1,20398,MQ,13930,10721,ORD,BOS,39,0,0,0,39,0,12,2,526.0,0.0,0.0,0.3076923076923077,0.05128205128205128,13.487179487179487
2023,1,20398,MQ,13930,10821,ORD,BWI,51,0,0,0,51,0,20,3,824.0,0.0,0.0,0.39215686274509803,0.058823529411764705,16.15686274509804
2023,1,20398,MQ,13930,11433,ORD,DTW,47,1,0,0,46,0,12,3,400.0,0.02127659574468085,0.0,0.2608695652173913,0.06521739130434782,8.695652173913043
2023,1,20398,MQ,13930,11618,ORD,EWR,9,0,0,0,9,0,1,1,50.0,0.0,0.0,0.1111111111111111,0.1111111111111111,5.555555555555555
2023,1,20398,MQ,13930,12266,ORD,IAH,32,0,0,0,32,0,14,2,438.0,0.0,0.0,0.4375,0.0625,13.6875
2023,1,20398,MQ,13930,13487,ORD,MSP,55,2,0,0,53,0,17,2,535.0,0.03636363636363636,0.0,0.32075471698113206,0.03773584905660377,10.09433962264151
2023,1,20398,MQ,13930,14869,ORD,SLC,1,0,0,0,1,0,1,0,15.0,0.0,0.0,1.0,0.0,15.0
2023,1,20398,MQ,13930,15016,ORD,STL,66,0,0,0,66,0,19,5,726.0,0.0,0.0,0.2878787878787879,0.07575757575757576,11.0
2023,1,20398,MQ,14869,13930,SLC,ORD,1,0,0,0,1,0,1,1,82.0,0.0,0.0,1.0,1.0,82.0
2023,1,20398,MQ,15016,10721,STL,BOS,9,0,0,0,9,0,3,1,209.0,0.0,0.0,0.3333333333333333,0.1111111111111111,23.22222222222222
2023,1,20398,MQ,15016,11298,STL,DFW,7,0,0,0,7,0,0,0,7.0,0.0,0.0,0.0,0.0,1.0
2023,1,20398,MQ,15016,13930,STL,ORD,66,2,0,0,64,0,18,3,516.0,0.030303030303030304,0.0,0.28125,0.046875,8.0625
2023,1,20398,MQ,15304,13303,TPA,MIA,22,0,0,0,22,0,3,2,715.0,0.0,0.0,0.13636363636363635,0.09090909090909091,32.5
2023,1,20409,B6,10397,10721,ATL,BOS,76,0,0,0,76,0,27,13,1136.0,0.0,0.0,0.35526315789473684,0.17105263157894737,14.947368421052632
2023,1,20409,B6,10397,11697,ATL,FLL,31,1,0,0,30,0,5,4,394.0,0.03225806451612903,0.0,0.16666666666666666,0.13333333333333333,13.133333333333333
2023,1,20409,B6,10397,12478,ATL,JFK,120,0,0,0,120,0,42,16,3204.0,0.0,0.0,0.35,0.13333333333333333,26.7
2023,1,20409,B6,10721,10397,BOS,ATL,76,0,0,0,76,0,25,10,1430.0,0.0,0.0,0.32894736842105265,0.13157894736842105,18.81578947368421
2023,1,20409,B6,10721,10821,BOS,BWI,86,2,0,0,84,0,26,12,880.0,0.023255813953488372,0.0,0.30952380952380953,0.14285714285714285,10.476190476190476
2023,1,20409,B6,10721,11278,BOS,DCA,449,6,0,0,443,0,96,41,1023.0,0.013363028953229399,0.0,0.21670428893905191,0.09255079006772009,2.309255079006772
2023,1,20409,B6,10721,11292,BOS,DEN,33,0,0,0,33,0,9,2,-241.0,0.0,0.0,0.2727272727272727,0.06060606060606061,-7.303030303030303
2023,1,20409,B6,10721,11298,BOS,DFW,31,0,0,0,31,0,11,4,260.0,0.0,0.0,0.3548387096774194,0.12903225806451613,8.387096774193548
2023,1,20409,B6,10721,11433,BOS,DTW,89,2,0,0,87,0,27,9,1020.0,0.02247191011235955,0.0,0.3103448275862069,0.10344827586206896,11.724137931034482
2023,1,20409,B6,10721,11618,BOS,EWR,74,3,0,0,71,0,18,6,192.0,0.04054054054054054,0.0,0.2535211267605634,0.08450704225352113,2.704225352112676
2023,1,20409,B6,10721,11697,BOS,FLL,123,3,0,0,120,0,40,13,1751.0,0.024390243902439025,0.0,0.3333333333333333,0.10833333333333334,14.591666666666667
2023,1,20409,B6,10721,12266,BOS,IAH,31,0,1,0,30,0,9,4,332.0,0.0,0.03225806451612903,0.3,0.13333333333333333,11.066666666666666
2023,1,20409,B6,10721,12478,BOS,JFK,235,2,0,0,233,0,70,28,2840.0,0.00851063829787234,0.0,0.30042918454935624,0.12017167381974249,12.188841201716738
2023,1,20409,B6,10721,12889,BOS,LAS,62,0,3,0,59,0,17,5,-358.0,0.0,0.04838709677419355,0.288135593220339,0.0847457627118644,-6.067796610169491
2023,1,20409,B6,10721,12892,BOS,LAX,142,0,3,0,139,0,40,14,499.0,0.0,0.02112676056338028,0.28776978417266186,0.10071942446043165,3.5899280575539567
2023,1,20409,B6,10721,12953,BOS,LGA,383,12,0,0,371,0,84,39,1366.0,0.031331592689295036,0.0,0.22641509433962265,0.10512129380053908,3.6819407008086253
2023,1,20409,B6,10721,13204,BOS,MCO,215,2,0,0,213,0,68,28,2636.0,0.009302325581395349,0.0,0.3192488262910798,0.13145539906103287,12.375586854460094
2023,1,20409,B6,10721,13303,BOS,MIA,35,0,0,0,35,0,9,3,98.0,0.0,0.0,0.2571428571428571,0.08571428571428572,2.8
2023,1,20409,B6,10721,13487,BOS,MSP,31,1,1,0,29,0,5,3,16.0,0.03225806451612903,0.03225806451612903,0.1724137931034483,0.10344827586206896,0.5517241379310345
2023,1,20409,B6,10721,13930,BOS,ORD,31,0,0,0,31,0,5,4,-202.0,0.0,0.0,0.16129032258064516,0.12903225806451613,-6.516129032258065
2023,1,20409,B6,10721,14100,BOS,PHL,112,2,0,0,110,0,19,8,26.0,0.017857142857142856,0.0,0.17272727272727273,0.07272727272727272,0.23636363636363636
2023,1,20409,B6,10721,14107,BOS,PHX,31,0,0,0,31,0,12,3,310.0,0.0,0.0,0.3870967741935484,0.0967741935483871,10.0
2023,1,20409,B6,10721,14635,BOS,RSW,116,2,0,0,114,0,33,13,1877.0,0.017241379310344827,0.0,0.2894736842105263,0.11403508771929824,16.464912280701753
2023,1,20409,B6,10721,14679,BOS,SAN,62,0,5,0,57,0,14,3,-431.0,0.0,0.08064516129032258,0.24561403508771928,0.05263157894736842,-7.56140350877193
2023,1,20409,B6,10721,14747,BOS,SEA,31,0,0,0,31,0,13,5,672.0,0.0,0.0,0.41935483870967744,0.16129032258064516,21.677419354838708
2023,1,20409,B6,10721,14771,BOS,SFO,147,0,2,0,145,0,37,16,675.0,0.0,0.013605442176870748,0.25517241379310346,0.1103448275862069,4.655172413793103
2023,1,20409,B6,10721,14869,BOS,SLC,2,0,1,0,1,0,1,0,17.0,0.0,0.5,1.0,0.0,17.0
2023,1,20409,B6,10721,15304,BOS,TPA,123,2,0,0,121,0,30,14,974.0,0.016260162601626018,0.0,0.24793388429752067,0.11570247933884298,8.049586776859504
2023,1,20409,B6,10821,10721,BWI,BOS,86,2,0,0,84,0,16,8,-28.0,0.023255813953488372,0.0,0.19047619047619047,0.09523809523809523,-0.3333333333333333
2023,1,20409,B6,11278,10721,DCA,BOS,449,9,0,0,440,0,88,45,1974.0,0.0200445434298441,0.0,0.2,0.10227272727272728,4.486363636363636
2023,1,20409,B6,11278,11697,DCA,FLL,153,1,0,0,152,0,36,16,2087.0,0.006535947712418301,0.0,0.23684210526315788,0.10526315789473684,13.730263157894736
2023,1,20409,B6,11278,13204,DCA,MCO,125,0,0,0,125,0,33,13,1743.0,0.0,0.0,0.264,0.104,13.944
2023,1,20409,B6,11278,14635,DCA,RSW,31,1,0,0,30,0,5,3,-77.0,0.03225806451612903,0.0,0.16666666666666666,0.1,-2.566666666666667
2023,1,20409,B6,11292,10721,DEN,BOS,33,1,0,0,32,0,14,6,897.0,0.030303030303030304,0.0,0.4375,0.1875,28.03125
2023,1,20409,B6,11292,12478,DEN,JFK,60,2,0,0,58,0,23,12,1451.0,0.03333333333333333,0.0,0.39655172413793105,0.20689655172413793,25.017241379310345
2023,1,20409,B6,11292,12953,DEN,LGA,60,1,0,0,59,0,23,10,1962.0,0.016666666666666666,0.0,0.3898305084745763,0.1694915254237288,33.25423728813559
2023,1,20409,B6,11298,10721,DFW,BOS,31,0,0,0,31,0,14,5,1006.0,0.0,0.0,0.45161290322580644,0.16129032258064516,32.45161290322581
2023,1,20409,B6,11298,12478,DFW,JFK,31,1,0,0,30,0,6,3,250.0,0.03225806451612903,0.0,0.2,0.1,8.333333333333334
2023,1,20409,B6,11433,10721,DTW,BOS,88,2,0,0,86,0,35,12,1180.0,0.022727272727272728,0.0,0.4069767441860465,0.13953488372093023,13.720930232558139
2023,1,20409,B6,11433,12478,DTW,JFK,88,0,0,0,88,0,27,15,2131.0,0.0,0.0,0.3068181818181818,0.17045454545454544,24.21590909090909
2023,1,20409,B6,11618,10721,EWR,BOS,74,3,0,0,71,0,18,7,134.0,0.04054054054054054,0.0,0.2535211267605634,0.09859154929577464,1.8873239436619718
2023,1,20409,B6,11618,11697,EWR,FLL,121,0,0,0,121,0,24,6,16.0,0.0,0.0,0.19834710743801653,0.049586776859504134,0.1322314049586777
2023,1,20409,B6,11618,12892,EWR,LAX,106,0,0,0,106,0,17,4,-1020.0,0.0,0.0,0.16037735849056603,0.03773584905660377,-9.622641509433961
2023,1,20409,B6,11618,13204,EWR,MCO,123,0,0,0,123,0,33,17,1287.0,0.0,0.0,0.2682926829268293,0.13821138211382114,10.463414634146341
2023,1,20409,B6,11618,13303,EWR,MIA,32,0,1,0,31,0,10,5,767.0,0.0,0.03125,0.3225806451612903,0.16129032258064516,24.741935483870968
2023,1,20409,B6,11618,14635,EWR,RSW,30,0,0,0,30,0,4,2,-102.0,0.0,0.0,0.13333333333333333,0.06666666666666667,-3.4
2023,1,20409,B6,11618,15304,EWR,TPA,32,0,0,0,32,0,4,2,-290.0,0.0,0.0,0.125,0.0625,-9.0625
2023,1,20409,B6,11697,10397,FLL,ATL,31,1,0,0,30,0,8,2,315.0,0.03225806451612903,0.0,0.26666666666666666,0.06666666666666667,10.5
2023,1,20409,B6,11697,10721,FLL,BOS,124,2,1,0,121,0,43,18,3047.0,0.016129032258064516,0.008064516129032258,0.35537190082644626,0.1487603305785124,25.181818181818183
2023,1,20409,B6,11697,11278,FLL,DCA,153,0,2,0,151,0,58,21,3593.0,0.0,0.013071895424836602,0.3841059602649007,0.1390728476821192,23.794701986754966
2023,1,20409,B6,11697,11618,FLL,EWR,121,1,0,0,120,0,39,13,1294.0,0.008264462809917356,0.0,0.325,0.10833333333333334,10.783333333333333
2023,1,20409,B6,11697,12478,FLL,JFK,211,1,0,0,210,0,80,36,5018.0,0.004739336492890996,0.0,0.38095238095238093,0.17142857142857143,23.895238095238096
2023,1,20409,B6,11697,12889,FLL,LAS,31,0,0,0,31,0,10,2,308.0,0.0,0.0,0.3225806451612903,0.06451612903225806,9.935483870967742
2023,1,20409,B6,11697,12892,FLL,LAX,93,0,0,0,93,0,28,12,1670.0,0.0,0.0,0.3010752688172043,0.12903225806451613,17.956989247311828
2023,1,20409,B6,11697,12953,FLL,LGA,198,0,0,0,198,0,60,26,2579.0,0.0,0.0,0.30303030303030304,0.13131313131313133,13.025252525252526
2023,1,20409,B6,11697,14100,FLL,PHL,2,1,0,0,1,0,1,0,27.0,0.5,0.0,1.0,0.0,27.0
2023,1,20409,B6,11697,14107,FLL,PHX,2,0,0,0,2,0,0,0,-8.0,0.0,0.0,0.0,0.0,-4.0
2023,1,20409,B6,11697,14679,FLL,SAN,2,0,0,0,2,0,1,0,22.0,0.0,0.0,0.5,0.0,11.0
2023,1,20409,B6,11697,14771,FLL,SFO,63,1,1,0,61,0,19,6,1323.0,0.015873015873015872,0.015873015873015872,0.3114754098360656,0.09836065573770492,21.688524590163933
2023,1,20409,B6,11697,14869,FLL,SLC,22,0,0,0,22,0,9,2,302.0,0.0,0.0,0.4090909090909091,0.09090909090909091,13.727272727272727
2023,1,20409,B6,12266,10721,IAH,BOS,31,2,0,0,29,0,13,7,1917.0,0.06451612903225806,0.0,0.4482758620689655,0.2413793103448276,66.10344827586206
2023,1,20409,B6,12266,12478,IAH,JFK,31,0,0,0,31,0,17,11,1620.0,0.0,0.0,0.5483870967741935,0.3548387096774194,52.25806451612903
2023,1,20409,B6,12478,10397,JFK,ATL,120,0,1,0,119,0,25,9,1121.0,0.0,0.008333333333333333,0.21008403361344538,0.07563025210084033,9.420168067226891
2023,1,20409,B6,12478,10721,JFK,BOS,233,2,0,0,231,0,59,19,2586.0,0.008583690987124463,0.0,0.2554112554112554,0.08225108225108226,11.194805194805195
2023,1,20409,B6,12478,11292,JFK,DEN,60,1,0,0,59,0,16,6,374.0,0.016666666666666666,0.0,0.2711864406779661,0.1016949152542373,6.338983050847458
2023,1,20409,B6,12478,11298,JFK,DFW,31,1,0,0,30,0,10,6,381.0,0.03225806451612903,0.0,0.3333333333333333,0.2,12.7
2023,1,20409,B6,12478,11433,JFK,DTW,89,0,0,0,89,0,18,14,1559.0,0.0,0.0,0.20224719101123595,0.15730337078651685,17.51685393258427
2023,1,20409,B6,12478,11697,JFK,FLL,206,1,0,0,205,0,39,18,1165.0,0.0048543689320388345,0.0,0.1902439024390244,0.08780487804878048,5.682926829268292
2023,1,20409,B6,12478,12266,JFK,IAH,31,0,0,0,31,0,14,9,1360.0,0.0,0.0,0.45161290322580644,0.2903225806451613,43.87096774193548
2023,1,20409,B6,12478,12889,JFK,LAS,93,0,1,0,92,0,25,13,490.0,0.0,0.010752688172043012,0.2717391304347826,0.14130434782608695,5.326086956521739
2023,1,20409,B6,12478,12892,JFK,LAX,318,0,0,0,318,0,58,20,-1765.0,0.0,0.0,0.18238993710691823,0.06289308176100629,-5.550314465408805
2023,1,20409,B6,12478,13204,JFK,MCO,250,1,0,0,249,0,80,26,3062.0,0.004,0.0,0.321285140562249,0.10441767068273092,12.29718875502008
2023,1,20409,B6,12478,13303,JFK,MIA,123,1,0,0,122,0,27,8,519.0,0.008130081300813009,0.0,0.22131147540983606,0.06557377049180328,4.254098360655738
2023,1,20409,B6,12478,13487,JFK,MSP,31,0,0,0,31,0,7,5,1154.0,0.0,0.0,0.22580645161290322,0.16129032258064516,37.225806451612904
2023,1,20409,B6,12478,13930,JFK,ORD,89,0,0,0,89,0,16,10,761.0,0.0,0.0,0.1797752808988764,0.11235955056179775,8.55056179775281
2023,1,20409,B6,12478,14107,JFK,PHX,62,0,0,0,62,0,13,3,-34.0,0.0,0.0,0.20967741935483872,0.04838709677419355,-0.5483870967741935
2023,1,20409,B6,12478,14635,JFK,RSW,64,0,0,0,64,0,15,7,352.0,0.0,0.0,0.234375,0.109375,5.5
2023,1,20409,B6,12478,14679,JFK,SAN,63,0,1,0,62,0,16,8,467.0,0.0,0.015873015873015872,0.25806451612903225,0.12903225806451613,7.532258064516129
2023,1,20409,B6,12478,14747,JFK,SEA,31,0,0,0,31,0,7,7,40.0,0.0,0.0,0.22580645161290322,0.22580645161290322,1.2903225806451613
2023,1,20409,B6,12478,14771,JFK,SFO,171,0,2,0,169,0,29,10,-1176.0,0.0,0.011695906432748537,0.17159763313609466,0.05917159763313609,-6.958579881656805
2023,1,20409,B6,12478,14869,JFK,SLC,62,0,0,0,62,0,20,7,281.0,0.0,0.0,0.3225806451612903,0.11290322580645161,4.532258064516129
2023,1,20409,B6,12478,15304,JFK,TPA,126,2,0,0,124,0,33,17,1997.0,0.015873015873015872,0.0,0.2661290322580645,0.13709677419354838,16.10483870967742
2023,1,20409,B6,12889,10721,LAS,BOS,62,0,0,0,62,0,19,10,1566.0,0.0,0.0,0.3064516129032258,0.16129032258064516,25.258064516129032
2023,1,20409,B6,12889,11697,LAS,FLL,31,0,0,0,31,0,9,4,1368.0,0.0,0.0,0.2903225806451613,0.12903225806451613,44.12903225806452
2023,1,20409,B6,12889,12478,LAS,JFK,93,0,0,0,93,0,32,11,2690.0,0.0,0.0,0.34408602150537637,0.11827956989247312,28.9247311827957
2023,1,20409,B6,12889,12892,LAS,LAX,62,3,0,0,59,0,25,11,2715.0,0.04838709677419355,0.0,0.423728813559322,0.1864406779661017,46.016949152542374
2023,1,20409,B6,12892,10721,LAX,BOS,140,0,0,0,140,0,24,13,-175.0,0.0,0.0,0.17142857142857143,0.09285714285714286,-1.25
2023,1,20409,B6,12892,11618,LAX,EWR,107,0,0,0,107,0,19,3,-1147.0,0.0,0.0,0.17757009345794392,0.028037383177570093,-10.719626168224298
2023,1,20409,B6,12892,11697,LAX,FLL,93,0,0,0,93,0,22,7,518.0,0.0,0.0,0.23655913978494625,0.07526881720430108,5.56989247311828
2023,1,20409,B6,12892,12478,LAX,JFK,320,0,0,0,320,0,41,18,-3293.0,0.0,0.0,0.128125,0.05625,-10.290625
2023,1,20409,B6,12892,12889,LAX,LAS,62,2,0,0,60,0,22,11,1449.0,0.03225806451612903,0.0,0.36666666666666664,0.18333333333333332,24.15
2023,1,20409,B6,12892,13204,LAX,MCO,2,0,0,0,2,0,2,1,160.0,0.0,0.0,1.0,0.5,80.0
2023,1,20409,B6,12892,13303,LAX,MIA,62,0,0,0,62,0,15,3,207.0,0.0,0.0,0.24193548387096775,0.04838709677419355,3.338709677419355
2023,1,20409,B6,12892,14771,LAX,SFO,58,2,1,0,55,0,22,12,1566.0,0.034482758620689655,0.017241379310344827,0.4,0.21818181818181817,28.472727272727273
2023,1,20409,B6,12892,14869,LAX,SLC,60,0,0,0,60,0,17,4,583.0,0.0,0.0,0.2833333333333333,0.06666666666666667,9.716666666666667
2023,1,20409,B6,12953,10721,LGA,BOS,383,13,0,0,370,0,62,24,173.0,0.033942558746736295,0.0,0.16756756756756758,0.06486486486486487,0.46756756756756757
2023,1,20409,B6,12953,11292,LGA,DEN,59,1,0,0,58,0,12,5,-366.0,0.01694915254237288,0.0,0.20689655172413793,0.08620689655172414,-6.310344827586207
2023,1,20409,B6,12953,11697,LGA,FLL,199,1,0,0,198,0,50,21,1338.0,0.005025125628140704,0.0,0.25252525252525254,0.10606060606060606,6.757575757575758
2023,1,20409,B6,12953,13204,LGA,MCO,170,1,0,0,169,0,40,20,1378.0,0.0058823529411764705,0.0,0.23668639053254437,0.11834319526627218,8.153846153846153
2023,1,20409,B6,12953,14635,LGA,RSW,38,0,0,0,38,0,2,1,-905.0,0.0,0.0,0.05263157894736842,0.02631578947368421,-23.81578947368421
2023,1,20409,B6,12953,15304,LGA,TPA,86,0,0,0,86,0,14,5,-449.0,0.0,0.0,0.16279069767441862,0.05813953488372093,-5.22093023255814
2023,1,20409,B6,13204,10721,MCO,BOS,214,2,0,0,212,0,58,30,3716.0,0.009345794392523364,0.0,0.27358490566037735,0.14150943396226415,17.528301886792452
2023,1,20409,B6,13204,11278,MCO,DCA,125,1,0,0,124,0,26,17,1606.0,0.008,0.0,0.20967741935483872,0.13709677419354838,12.951612903225806
2023,1,20409,B6,13204,11618,MCO,EWR,122,0,0,0,122,0,43,17,2512.0,0.0,0.0,0.3524590163934426,0.13934426229508196,20.59016393442623
2023,1,20409,B6,13204,12478,MCO,JFK,250,2,1,0,247,0,86,31,5336.0,0.008,0.004,0.3481781376518219,0.12550607287449392,21.60323886639676
2023,1,20409,B6,13204,12892,MCO,LAX,2,0,0,0,2,0,2,2,261.0,0.0,0.0,1.0,1.0,130.5
2023,1,20409,B6,13204,12953,MCO,LGA,171,2,1,0,168,0,63,27,3662.0,0.011695906432748537,0.005847953216374269,0.375,0.16071428571428573,21.797619047619047
2023,1,20409,B6,13204,14869,MCO,SLC,22,0,0,0,22,0,7,3,300.0,0.0,0.0,0.3181818181818182,0.13636363636363635,13.636363636363637
2023,1,20409,B6,13303,10721,MIA,BOS,35,0,0,0,35,0,15,4,688.0,0.0,0.0,0.42857142857142855,0.11428571428571428,19.65714285714286
2023,1,20409,B6,13303,11618,MIA,EWR,34,0,0,0,34,0,12,6,1126.0,0.0,0.0,0.35294117647058826,0.17647058823529413,33.11764705882353
2023,1,20409,B6,13303,12478,MIA,JFK,121,1,0,0,120,0,32,10,1081.0,0.008264462809917356,0.0,0.26666666666666666,0.08333333333333333,9.008333333333333
2023,1,20409,B6,13303,12892,MIA,LAX,62,0,0,0,62,0,16,5,647.0,0.0,0.0,0.25806451612903225,0.08064516129032258,10.435483870967742
2023,1,20409,B6,13487,10721,MSP,BOS,31,1,1,0,29,0,9,6,551.0,0.03225806451612903,0.03225806451612903,0.3103448275862069,0.20689655172413793,19.0
2023,1,20409,B6,13487,12478,MSP,JFK,32,0,0,0,32,0,9,5,2420.0,0.0,0.0,0.28125,0.15625,75.625
2023,1,20409,B6,13930,10721,ORD,BOS,31,0,0,0,31,0,6,3,63.0,0.0,0.0,0.1935483870967742,0.0967741935483871,2.032258064516129
2023,1,20409,B6,13930,12478,ORD,JFK,88,0,0,0,88,0,21,9,908.0,0.0,0.0,0.23863636363636365,0.10227272727272728,10.318181818181818
2023,1,20409,B6,14100,10721,PHL,BOS,112,2,0,0,110,0,16,4,-413.0,0.017857142857142856,0.0,0.14545454545454545,0.03636363636363636,-3.7545454545454544
2023,1,20409,B6,14100,11697,PHL,FLL,2,1,0,0,1,0,1,1,78.0,0.5,0.0,1.0,1.0,78.0
2023,1,20409,B6,14107,10721,PHX,BOS,31,0,0,0,31,0,10,2,220.0,0.0,0.0,0.3225806451612903,0.06451612903225806,7.096774193548387
2023,1,20409,B6,14107,11697,PHX,FLL,2,0,0,0,2,0,0,0,-3.0,0.0,0.0,0.0,0.0,-1.5
2023,1,20409,B6,14107,12478,PHX,JFK,62,0,0,0,62,0,11,5,205.0,0.0,0.0,0.1774193548387097,0.08064516129032258,3.306451612903226
2023,1,20409,B6,14635,10721,RSW,BOS,117,2,0,0,115,0,24,14,1515.0,0.017094017094017096,0.0,0.20869565217391303,0.12173913043478261,13.173913043478262
2023,1,20409,B6,14635,11278,RSW,DCA,31,1,0,0,30,0,8,4,335.0,0.03225806451612903,0.0,0.26666666666666666,0.13333333333333333,11.166666666666666
2023,1,20409,B6,14635,11618,RSW,EWR,31,0,0,0,31,0,6,4,111.0,0.0,0.0,0.1935483870967742,0.12903225806451613,3.5806451612903225
2023,1,20409,B6,14635,12478,RSW,JFK,65,0,0,0,65,0,18,8,577.0,0.0,0.0,0.27692307692307694,0.12307692307692308,8.876923076923077
2023,1,20409,B6,14635,12953,RSW,LGA,38,0,0,0,38,0,2,1,-881.0,0.0,0.0,0.05263157894736842,0.02631578947368421,-23.18421052631579
2023,1,20409,B6,14679,10721,SAN,BOS,62,2,8,0,52,0,18,8,1163.0,0.03225806451612903,0.12903225806451613,0.34615384615384615,0.15384615384615385,22.365384615384617
2023,1,20409,B6,14679,11697,SAN,FLL,2,0,2,0,0,0,0,0,0.0,0.0,1.0,,,
2023,1,20409,B6,14679,12478,SAN,JFK,62,0,6,0,56,0,20,2,446.0,0.0,0.0967741935483871,0.35714285714285715,0.03571428571428571,7.964285714285714
2023,1,20409,B6,14747,10721,SEA,BOS,31,0,0,0,31,0,14,6,1046.0,0.0,0.0,0.45161290322580644,0.1935483870967742,33.74193548387097
2023,1,20409,B6,14747,12478,SEA,JFK,31,0,0,0,31,0,8,3,446.0,0.0,0.0,0.25806451612903225,0.0967741935483871,14.387096774193548
2023,1,20409,B6,14771,10721,SFO,BOS,147,1,0,0,146,0,44,14,2661.0,0.006802721088435374,0.0,0.3013698630136986,0.0958904109589041,18.226027397260275
2023,1,20409,B6,14771,11697,SFO,FLL,63,1,0,0,62,0,6,6,407.0,0.015873015873015872,0.0,0.0967741935483871,0.0967741935483871,6.564516129032258
2023,1,20409,B6,14771,12478,SFO,JFK,170,0,0,0,170,0,33,14,2188.0,0.0,0.0,0.19411764705882353,0.08235294117647059,12.870588235294118
2023,1,20409,B6,14771,12892,SFO,LAX,58,2,0,0,56,0,24,14,2558.0,0.034482758620689655,0.0,0.42857142857142855,0.25,45.67857142857143
2023,1,20409,B6,14869,10721,SLC,BOS,2,0,0,0,2,0,2,2,325.0,0.0,0.0,1.0,1.0,162.5
2023,1,20409,B6,14869,11697,SLC,FLL,22,0,0,0,22,0,7,4,1155.0,0.0,0.0,0.3181818181818182,0.18181818181818182,52.5
2023,1,20409,B6,14869,12478,SLC,JFK,62,0,0,0,62,0,28,9,2404.0,0.0,0.0,0.45161290322580644,0.14516129032258066,38.774193548387096
2023,1,20409,B6,14869,12892,SLC,LAX,60,0,0,0,60,0,19,4,616.0,0.0,0.0,0.31666666666666665,0.06666666666666667,10.266666666666667
2023,1,20409,B6,14869,13204,SLC,MCO,22,0,0,0,22,0,8,6,599.0,0.0,0.0,0.36363636363636365,0.2727272727272727,27.227272727272727
2023,1,20409,B6,15304,10721,TPA,BOS,122,2,0,0,120,0,20,8,1115.0,0.01639344262295082,0.0,0.16666666666666666,0.06666666666666667,9.291666666666666
2023,1,20409,B6,15304,11618,TPA,EWR,32,0,0,0,32,0,5,1,-381.0,0.0,0.0,0.15625,0.03125,-11.90625
2023,1,20409,B6,15304,12478,TPA,JFK,125,2,0,0,123,0,27,7,786.0,0.016,0.0,0.21951219512195122,0.056910569105691054,6.390243902439025
2023,1,20409,B6,15304,12953,TPA,LGA,86,0,0,0,86,0,13,10,-337.0,0.0,0.0,0.1511627906976744,0.11627906976744186,-3.9186046511627906
2023,1,20416,NK,10397,10721,ATL,BOS,58,0,0,0,58,0,17,9,1308.0,0.0,0.0,0.29310344827586204,0.15517241379310345,22.551724137931036
2023,1,20416,NK,10397,10821,ATL,BWI,93,0,0,0,93,0,45,22,3251.0,0.0,0.0,0.4838709677419355,0.23655913978494625,34.956989247311824
2023,1,20416,NK,10397,11298,ATL,DFW,63,1,0,0,62,0,27,9,1465.0,0.015873015873015872,0.0,0.43548387096774194,0.14516129032258066,23.629032258064516
2023,1,20416,NK,10397,11433,ATL,DTW,119,1,0,0,118,0,34,15,2517.0,0.008403361344537815,0.0,0.288135593220339,0.1271186440677966,21.33050847457627
2023,1,20416,NK,10397,11618,ATL,EWR,62,3,0,0,59,0,18,8,958.0,0.04838709677419355,0.0,0.3050847457627119,0.13559322033898305,16.23728813559322
2023,1,20416,NK,10397,11697,ATL,FLL,153,3,0,0,150,0,39,24,3868.0,0.0196078431372549,0.0,0.26,0.16,25.786666666666665
2023,1,20416,NK,10397,12266,ATL,IAH,62,1,0,0,61,0,23,11,1587.0,0.016129032258064516,0.0,0.3770491803278688,0.18032786885245902,26.016393442622952
2023,1,20416,NK,10397,12889,ATL,LAS,62,1,0,0,61,0,25,9,1742.0,0.016129032258064516,0.0,0.4098360655737705,0.14754098360655737,28.557377049180328
2023,1,20416,NK,10397,12892,ATL,LAX,62,2,0,0,60,0,17,9,1285.0,0.03225806451612903,0.0,0.2833333333333333,0.15,21.416666666666668
2023,1,20416,NK,10397,13204,ATL,MCO,89,1,0,0,88,0,26,6,720.0,0.011235955056179775,0.0,0.29545454545454547,0.06818181818181818,8.181818181818182
2023,1,20416,NK,10397,13303,ATL,MIA,63,3,0,0,60,0,29,12,2411.0,0.047619047619047616,0.0,0.48333333333333334,0.2,40.18333333333333
2023,1,20416,NK,10397,13487,ATL,MSP,61,1,0,0,60,0,16,8,685.0,0.01639344262295082,0.0,0.26666666666666666,0.13333333333333333,11.416666666666666
2023,1,20416,NK,10397,13930,ATL,ORD,120,2,0,0,118,0,31,16,1411.0,0.016666666666666666,0.0,0.2627118644067797,0.13559322033898305,11.957627118644067
2023,1,20416,NK,10397,14100,ATL,PHL,61,1,0,0,60,0,20,8,1428.0,0.01639344262295082,0.0,0.3333333333333333,0.13333333333333333,23.8
2023,1,20416,NK,10397,15304,ATL,TPA,61,3,0,0,58,0,11,6,529.0,0.04918032786885246,0.0,0.1896551724137931,0.10344827586206896,9.120689655172415
2023,1,20416,NK,10721,10397,BOS,ATL,58,2,0,0,56,0,18,7,878.0,0.034482758620689655,0.0,0.32142857142857145,0.125,15.678571428571429
2023,1,20416,NK,10721,11697,BOS,FLL,62,4,0,0,58,0,21,6,1320.0,0.06451612903225806,0.0,0.3620689655172414,0.10344827586206896,22.75862068965517
2023,1,20416,NK,10721,13204,BOS,MCO,93,3,0,0,90,0,27,9,1409.0,0.03225806451612903,0.0,0.3,0.1,15.655555555555555
2023,1,20416,NK,10721,13303,BOS,MIA,31,2,0,0,29,0,6,4,481.0,0.06451612903225806,0.0,0.20689655172413793,0.13793103448275862,16.586206896551722
2023,1,20416,NK,10721,14635,BOS,RSW,31,1,0,0,30,0,7,3,168.0,0.03225806451612903,0.0,0.23333333333333334,0.1,5.6
2023,1,20416,NK,10721,15304,BOS,TPA,30,0,0,0,30,0,10,5,622.0,0.0,0.0,0.3333333333333333,0.16666666666666666,20.733333333333334
2023,1,20416,NK,10821,10397,BWI,ATL,93,1,0,0,92,0,18,8,1429.0,0.010752688172043012,0.0,0.1956521739130435,0.08695652173913043,15.532608695652174
2023,1,20416,NK,10821,11292,BWI,DEN,1,0,0,0,1,0,1,1,73.0,0.0,0.0,1.0,1.0,73.0
2023,1,20416,NK,10821,11298,BWI,DFW,31,1,0,0,30,0,5,1,274.0,0.03225806451612903,0.0,0.16666666666666666,0.03333333333333333,9.133333333333333
2023,1,20416,NK,10821,11433,BWI,DTW,31,0,0,0,31,0,7,1,88.0,0.0,0.0,0.22580645161290322,0.03225806451612903,2.838709677419355
2023,1,20416,NK,10821,11697,BWI,FLL,65,1,0,0,64,0,16,8,974.0,0.015384615384615385,0.0,0.25,0.125,15.21875
2023,1,20416,NK,10821,12266,BWI,IAH,29,0,0,0,29,0,14,6,796.0,0.0,0.0,0.4827586206896552,0.20689655172413793,27.448275862068964
2023,1,20416,NK,10821,12889,BWI,LAS,33,0,0,0,33,0,8,5,464.0,0.0,0.0,0.24242424242424243,0.15151515151515152,14.06060606060606
2023,1,20416,NK,10821,12892,BWI,LAX,31,0,0,0,31,0,8,2,150.0,0.0,0.0,0.25806451612903225,0.06451612903225806,4.838709677419355
2023,1,20416,NK,10821,13204,BWI,MCO,93,1,0,0,92,0,21,8,409.0,0.010752688172043012,0.0,0.22826086956521738,0.08695652173913043,4.445652173913044
2023,1,20416,NK,10821,13303,BWI,MIA,35,4,0,0,31,0,16,10,1304.0,0.11428571428571428,0.0,0.5161290322580645,0.3225806451612903,42.064516129032256
2023,1,20416,NK,10821,13487,BWI,MSP,1,0,0,0,1,0,1,1,61.0,0.0,0.0,1.0,1.0,61.0
2023,1,20416,NK,10821,15304,BWI,TPA,31,2,0,0,29,0,8,4,304.0,0.06451612903225806,0.0,0.27586206896551724,0.13793103448275862,10.482758620689655
2023,1,20416,NK,11292,11433,DEN,DTW,4,2,0,0,2,0,1,0,13.0,0.5,0.0,0.5,0.0,6.5
2023,1,20416,NK,11292,11697,DEN,FLL,59,0,0,0,59,0,23,8,1084.0,0.0,0.0,0.3898305084745763,0.13559322033898305,18.372881355932204
2023,1,20416,NK,11292,12266,DEN,IAH,31,1,0,0,30,0,12,6,1115.0,0.03225806451612903,0.0,0.4,0.2,37.166666666666664
2023,1,20416,NK,11292,12889,DEN,LAS,62,2,0,0,60,0,14,6,386.0,0.03225806451612903,0.0,0.23333333333333334,0.1,6.433333333333334
2023,1,20416,NK,11292,12892,DEN,LAX,30,1,0,0,29,0,7,2,100.0,0.03333333333333333,0.0,0.2413793103448276,0.06896551724137931,3.4482758620689653
2023,1,20416,NK,11292,13303,DEN,MIA,37,1,0,0,36,0,7,3,906.0,0.02702702702702703,0.0,0.19444444444444445,0.08333333333333333,25.166666666666668
2023,1,20416,NK,11298,10397,DFW,ATL,62,1,1,0,60,0,17,6,762.0,0.016129032258064516,0.016129032258064516,0.2833333333333333,0.1,12.7
2023,1,20416,NK,11298,10821,DFW,BWI,31,1,0,0,30,0,7,2,142.0,0.03225806451612903,0.0,0.23333333333333334,0.06666666666666667,4.733333333333333
2023,1,20416,NK,11298,11292,DFW,DEN,1,0,0,0,1,0,0,0,14.0,0.0,0.0,0.0,0.0,14.0
2023,1,20416,NK,11298,11433,DFW,DTW,31,1,0,0,30,0,5,1,-76.0,0.03225806451612903,0.0,0.16666666666666666,0.03333333333333333,-2.533333333333333
2023,1,20416,NK,11298,11697,DFW,FLL,62,1,0,0,61,0,15,6,1056.0,0.016129032258064516,0.0,0.2459016393442623,0.09836065573770492,17.311475409836067
2023,1,20416,NK,11298,12889,DFW,LAS,120,5,0,0,115,0,31,13,2083.0,0.041666666666666664,0.0,0.26956521739130435,0.11304347826086956,18.11304347826087
2023,1,20416,NK,11298,12892,DFW,LAX,91,3,0,0,88,0,17,8,808.0,0.03296703296703297,0.0,0.19318181818181818,0.09090909090909091,9.181818181818182
2023,1,20416,NK,11298,12953,DFW,LGA,27,1,0,0,26,0,7,5,326.0,0.037037037037037035,0.0,0.2692307692307692,0.19230769230769232,12.538461538461538
2023,1,20416,NK,11298,13204,DFW,MCO,124,5,0,0,119,0,47,18,2523.0,0.04032258064516129,0.0,0.3949579831932773,0.15126050420168066,21.201680672268907
2023,1,20416,NK,11298,13303,DFW,MIA,31,2,0,0,29,0,10,4,550.0,0.06451612903225806,0.0,0.3448275862068966,0.13793103448275862,18.96551724137931
2023,1,20416,NK,11298,13930,DFW,ORD,55,1,0,0,54,0,23,11,1330.0,0.01818181818181818,0.0,0.42592592592592593,0.2037037037037037,24.62962962962963
2023,1,20416,NK,11298,14100,DFW,PHL,31,0,0,0,31,0,6,2,297.0,0.0,0.0,0.1935483870967742,0.06451612903225806,9.580645161290322
2023,1,20416,NK,11298,14107,DFW,PHX,31,1,0,0,30,0,6,1,437.0,0.03225806451612903,0.0,0.2,0.03333333333333333,14.566666666666666
2023,1,20416,NK,11298,15304,DFW,TPA,31,1,0,0,30,0,4,2,133.0,0.03225806451612903,0.0,0.13333333333333333,0.06666666666666667,4.433333333333334
2023,1,20416,NK,11433,10397,DTW,ATL,119,0,0,0,119,0,37,8,977.0,0.0,0.0,0.31092436974789917,0.06722689075630252,8.210084033613445
2023,1,20416,NK,11433,10821,DTW,BWI,31,0,0,0,31,0,6,1,-59.0,0.0,0.0,0.1935483870967742,0.03225806451612903,-1.903225806451613
2023,1,20416,NK,11433,11292,DTW,DEN,4,2,0,0,2,0,0,0,-18.0,0.5,0.0,0.0,0.0,-9.0
2023,1,20416,NK,11433,11298,DTW,DFW,31,1,0,0,30,0,5,1,26.0,0.03225806451612903,0.0,0.16666666666666666,0.03333333333333333,0.8666666666666667
2023,1,20416,NK,11433,11697,DTW,FLL,62,0,0,0,62,0,13,3,166.0,0.0,0.0,0.20967741935483872,0.04838709677419355,2.6774193548387095
2023,1,20416,NK,11433,12266,DTW,IAH,31,0,0,0,31,0,5,2,-118.0,0.0,0.0,0.16129032258064516,0.06451612903225806,-3.806451612903226
2023,1,20416,NK,11433,12889,DTW,LAS,90,0,1,0,89,0,13,7,-455.0,0.0,0.011111111111111112,0.14606741573033707,0.07865168539325842,-5.112359550561798
2023,1,20416,NK,11433,12892,DTW,LAX,61,1,0,0,60,0,6,2,-301.0,0.01639344262295082,0.0,0.1,0.03333333333333333,-5.016666666666667
2023,1,20416,NK,11433,12953,DTW,LGA,89,2,0,0,87,0,26,6,742.0,0.02247191011235955,0.0,0.2988505747126437,0.06896551724137931,8.528735632183908
2023,1,20416,NK,11433,13204,DTW,MCO,120,0,0,0,120,0,28,9,515.0,0.0,0.0,0.23333333333333334,0.075,4.291666666666667
2023,1,20416,NK,11433,13303,DTW,MIA,31,0,0,0,31,0,5,2,313.0,0.0,0.0,0.16129032258064516,0.06451612903225806,10.096774193548388
2023,1,20416,NK,11433,13487,DTW,MSP,46,2,0,0,44,0,8,3,-225.0,0.043478260869565216,0.0,0.18181818181818182,0.06818181818181818,-5.113636363636363
2023,1,20416,NK,11433,14100,DTW,PHL,30,0,0,0,30,0,4,3,-41.0,0.0,0.0,0.13333333333333333,0.1,-1.3666666666666667
2023,1,20416,NK,11433,14107,DTW,PHX,31,1,0,0,30,0,7,2,328.0,0.03225806451612903,0.0,0.23333333333333334,0.06666666666666667,10.933333333333334
2023,1,20416,NK,11433,14635,DTW,RSW,62,2,0,0,60,0,11,5,-262.0,0.03225806451612903,0.0,0.18333333333333332,0.08333333333333333,-4.366666666666666
2023,1,20416,NK,11433,15304,DTW,TPA,62,1,0,0,61,0,19,8,654.0,0.016129032258064516,0.0,0.3114754098360656,0.13114754098360656,10.721311475409836
2023,1,20416,NK,11618,10397,EWR,ATL,62,3,0,0,59,0,20,7,945.0,0.04838709677419355,0.0,0.3389830508474576,0.11864406779661017,16.016949152542374
2023,1,20416,NK,11618,11697,EWR,FLL,124,3,0,0,121,0,42,17,2268.0,0.024193548387096774,0.0,0.34710743801652894,0.14049586776859505,18.74380165289256
2023,1,20416,NK,11618,12266,EWR,IAH,31,0,0,0,31,0,11,6,684.0,0.0,0.0,0.3548387096774194,0.1935483870967742,22.06451612903226
2023,1,20416,NK,11618,12889,EWR,LAS,38,1,0,0,37,0,8,2,-50.0,0.02631578947368421,0.0,0.21621621621621623,0.05405405405405406,-1.3513513513513513
2023,1,20416,NK,11618,12892,EWR,LAX,31,1,0,0,30,0,9,4,521.0,0.03225806451612903,0.0,0.3,0.13333333333333333,17.366666666666667
2023,1,20416,NK,11618,13204,EWR,MCO,124,1,0,0,123,0,35,19,2700.0,0.008064516129032258,0.0,0.2845528455284553,0.15447154471544716,21.951219512195124
2023,1,20416,NK,11618,13303,EWR,MIA,62,2,0,0,60,0,10,4,-279.0,0.03225806451612903,0.0,0.16666666666666666,0.06666666666666667,-4.65
2023,1,20416,NK,11618,13796,EWR,OAK,4,0,0,0,4,0,4,0,156.0,0.0,0.0,1.0,0.0,39.0
2023,1,20416,NK,11697,10397,FLL,ATL,154,1,1,0,152,0,52,24,2826.0,0.006493506493506494,0.006493506493506494,0.34210526315789475,0.15789473684210525,18.592105263157894
2023,1,20416,NK,11697,10721,FLL,BOS,62,3,0,0,59,0,21,5,843.0,0.04838709677419355,0.0,0.3559322033898305,0.0847457627118644,14.288135593220339
2023,1,20416,NK,11697,10821,FLL,BWI,66,0,0,0,66,0,31,14,2434.0,0.0,0.0,0.4696969696969697,0.21212121212121213,36.878787878787875
2023,1,20416,NK,11697,11292,FLL,DEN,58,0,0,0,58,0,15,3,624.0,0.0,0.0,0.25862068965517243,0.05172413793103448,10.758620689655173
2023,1,20416,NK,11697,11298,FLL,DFW,62,1,0,0,61,0,28,11,1980.0,0.016129032258064516,0.0,0.45901639344262296,0.18032786885245902,32.459016393442624
2023,1,20416,NK,11697,11433,FLL,DTW,61,0,0,0,61,0,14,7,750.0,0.0,0.0,0.22950819672131148,0.11475409836065574,12.295081967213115
2023,1,20416,NK,11697,11618,FLL,EWR,124,3,0,0,121,0,55,24,3368.0,0.024193548387096774,0.0,0.45454545454545453,0.19834710743801653,27.834710743801654
2023,1,20416,NK,11697,12266,FLL,IAH,93,1,0,0,92,0,30,13,1923.0,0.010752688172043012,0.0,0.32608695652173914,0.14130434782608695,20.902173913043477
2023,1,20416,NK,11697,12889,FLL,LAS,34,1,0,0,33,0,13,7,896.0,0.029411764705882353,0.0,0.3939393939393939,0.21212121212121213,27.151515151515152
2023,1,20416,NK,11697,12892,FLL,LAX,31,0,0,0,31,0,16,4,784.0,0.0,0.0,0.5161290322580645,0.12903225806451613,25.29032258064516
2023,1,20416,NK,11697,12953,FLL,LGA,120,2,0,0,118,0,34,17,1721.0,0.016666666666666666,0.0,0.288135593220339,0.1440677966101695,14.584745762711865
2023,1,20416,NK,11697,13204,FLL,MCO,63,1,0,0,62,0,25,13,2268.0,0.015873015873015872,0.0,0.4032258064516129,0.20967741935483872,36.58064516129032
2023,1,20416,NK,11697,13930,FLL,ORD,90,1,0,0,89,0,36,17,2114.0,0.011111111111111112,0.0,0.4044943820224719,0.19101123595505617,23.752808988764045
2023,1,20416,NK,11697,14100,FLL,PHL,93,2,0,0,91,0,28,11,1657.0,0.021505376344086023,0.0,0.3076923076923077,0.12087912087912088,18.208791208791208
2023,1,20416,NK,11697,14107,FLL,PHX,29,0,0,0,29,0,14,4,931.0,0.0,0.0,0.4827586206896552,0.13793103448275862,32.10344827586207
2023,1,20416,NK,11697,15304,FLL,TPA,61,0,0,0,61,0,19,14,1745.0,0.0,0.0,0.3114754098360656,0.22950819672131148,28.60655737704918
2023,1,20416,NK,12266,10397,IAH,ATL,62,0,1,0,61,0,22,7,1114.0,0.0,0.016129032258064516,0.36065573770491804,0.11475409836065574,18.262295081967213
2023,1,20416,NK,12266,10821,IAH,BWI,31,0,0,0,31,0,15,5,870.0,0.0,0.0,0.4838709677419355,0.16129032258064516,28.06451612903226
2023,1,20416,NK,12266,11292,IAH,DEN,30,0,1,0,29,0,10,2,469.0,0.0,0.03333333333333333,0.3448275862068966,0.06896551724137931,16.17241379310345
2023,1,20416,NK,12266,11433,IAH,DTW,31,0,0,0,31,0,16,8,965.0,0.0,0.0,0.5161290322580645,0.25806451612903225,31.129032258064516
2023,1,20416,NK,12266,11618,IAH,EWR,31,0,0,0,31,0,5,3,332.0,0.0,0.0,0.16129032258064516,0.0967741935483871,10.709677419354838
2023,1,20416,NK,12266,11697,IAH,FLL,93,1,0,0,92,0,34,13,2189.0,0.010752688172043012,0.0,0.3695652173913043,0.14130434782608695,23.793478260869566
2023,1,20416,NK,12266,12889,IAH,LAS,111,0,2,0,109,0,32,12,2201.0,0.0,0.018018018018018018,0.29357798165137616,0.11009174311926606,20.192660550458715
2023,1,20416,NK,12266,12892,IAH,LAX,89,0,0,0,89,0,25,11,1903.0,0.0,0.0,0.2808988764044944,0.12359550561797752,21.382022471910112
2023,1,20416,NK,12266,12953,IAH,LGA,31,1,0,0,30,0,5,4,73.0,0.03225806451612903,0.0,0.16666666666666666,0.13333333333333333,2.433333333333333
2023,1,20416,NK,12266,13204,IAH,MCO,93,1,0,0,92,0,28,10,2381.0,0.010752688172043012,0.0,0.30434782608695654,0.10869565217391304,25.880434782608695
2023,1,20416,NK,12266,13303,IAH,MIA,35,0,0,0,35,0,13,7,1265.0,0.0,0.0,0.37142857142857144,0.2,36.142857142857146
2023,1,20416,NK,12266,13930,IAH,ORD,34,1,0,0,33,0,12,8,917.0,0.029411764705882353,0.0,0.36363636363636365,0.24242424242424243,27.78787878787879
2023,1,20416,NK,12266,14100,IAH,PHL,4,1,0,0,3,0,2,1,207.0,0.25,0.0,0.6666666666666666,0.3333333333333333,69.0
2023,1,20416,NK,12266,15304,IAH,TPA,31,0,0,0,31,0,14,7,899.0,0.0,0.0,0.45161290322580644,0.22580645161290322,29.0
2023,1,20416,NK,12889,10397,LAS,ATL,62,1,1,0,60,0,24,11,1744.0,0.016129032258064516,0.016129032258064516,0.4,0.18333333333333332,29.066666666666666
2023,1,20416,NK,12889,10821,LAS,BWI,33,0,0,0,33,0,6,1,-5.0,0.0,0.0,0.18181818181818182,0.030303030303030304,-0.15151515151515152
2023,1,20416,NK,12889,11292,LAS,DEN,62,2,0,0,60,0,9,1,3.0,0.03225806451612903,0.0,0.15,0.016666666666666666,0.05
2023,1,20416,NK,12889,11298,LAS,DFW,119,4,0,0,115,0,21,10,459.0,0.03361344537815126,0.0,0.1826086956521739,0.08695652173913043,3.991304347826087
2023,1,20416,NK,12889,11433,LAS,DTW,91,0,0,0,91,0,27,13,2143.0,0.0,0.0,0.2967032967032967,0.14285714285714285,23.54945054945055
2023,1,20416,NK,12889,11618,LAS,EWR,38,1,0,0,37,0,11,2,386.0,0.02631578947368421,0.0,0.2972972972972973,0.05405405405405406,10.432432432432432
2023,1,20416,NK,12889,11697,LAS,FLL,33,1,0,0,32,0,8,2,313.0,0.030303030303030304,0.0,0.25,0.0625,9.78125
2023,1,20416,NK,12889,12266,LAS,IAH,112,1,0,0,111,0,36,16,2662.0,0.008928571428571428,0.0,0.32432432432432434,0.14414414414414414,23.98198198198198
2023,1,20416,NK,12889,12892,LAS,LAX,182,3,0,0,179,0,57,18,2357.0,0.016483516483516484,0.0,0.31843575418994413,0.1005586592178771,13.167597765363128
2023,1,20416,NK,12889,13204,LAS,MCO,58,0,0,0,58,0,13,5,1043.0,0.0,0.0,0.22413793103448276,0.08620689655172414,17.982758620689655
2023,1,20416,NK,12889,13303,LAS,MIA,30,2,0,0,28,0,9,2,276.0,0.06666666666666667,0.0,0.32142857142857145,0.07142857142857142,9.857142857142858
2023,1,20416,NK,12889,13487,LAS,MSP,30,2,0,0,28,0,7,0,31.0,0.06666666666666667,0.0,0.25,0.0,1.1071428571428572
2023,1,20416,NK,12889,13796,LAS,OAK,124,5,0,0,119,0,28,9,1376.0,0.04032258064516129,0.0,0.23529411764705882,0.07563025210084033,11.563025210084033
2023,1,20416,NK,12889,13930,LAS,ORD,88,2,0,0,86,0,25,11,1416.0,0.022727272727272728,0.0,0.29069767441860467,0.12790697674418605,16.46511627906977
2023,1,20416,NK,12889,14100,LAS,PHL,32,1,0,0,31,0,13,5,598.0,0.03125,0.0,0.41935483870967744,0.16129032258064516,19.29032258064516
2023,1,20416,NK,12889,14107,LAS,PHX,63,2,0,0,61,0,16,4,669.0,0.031746031746031744,0.0,0.26229508196721313,0.06557377049180328,10.967213114754099
2023,1,20416,NK,12889,14679,LAS,SAN,151,3,0,0,148,0,54,12,2269.0,0.019867549668874173,0.0,0.36486486486486486,0.08108108108108109,15.33108108108108
2023,1,20416,NK,12889,14747,LAS,SEA,93,5,0,0,88,0,20,5,533.0,0.053763440860215055,0.0,0.22727272727272727,0.056818181818181816,6.056818181818182
2023,1,20416,NK,12889,14869,LAS,SLC,51,2,0,0,49,0,23,3,814.0,0.0392156862745098,0.0,0.46938775510204084,0.061224489795918366,16.612244897959183
2023,1,20416,NK,12889,15016,LAS,STL,18,1,0,0,17,0,3,1,47.0,0.05555555555555555,0.0,0.17647058823529413,0.058823529411764705,2.764705882352941
2023,1,20416,NK,12889,15304,LAS,TPA,50,1,0,0,49,0,12,4,544.0,0.02,0.0,0.24489795918367346,0.08163265306122448,11.10204081632653
2023,1,20416,NK,12892,10397,LAX,ATL,62,1,0,0,61,0,19,7,1165.0,0.016129032258064516,0.0,0.3114754098360656,0.11475409836065574,19.098360655737704
2023,1,20416,NK,12892,10821,LAX,BWI,31,0,0,0,31,0,6,1,-150.0,0.0,0.0,0.1935483870967742,0.03225806451612903,-4.838709677419355
2023,1,20416,NK,12892,11292,LAX,DEN,30,2,0,0,28,0,7,3,298.0,0.06666666666666667,0.0,0.25,0.10714285714285714,10.642857142857142
2023,1,20416,NK,12892,11298,LAX,DFW,93,4,0,0,89,0,14,7,381.0,0.043010752688172046,0.0,0.15730337078651685,0.07865168539325842,4.280898876404494
2023,1,20416,NK,12892,11433,LAX,DTW,61,1,0,0,60,0,6,2,-348.0,0.01639344262295082,0.0,0.1,0.03333333333333333,-5.8
2023,1,20416,NK,12892,11618,LAX,EWR,31,1,0,0,30,0,5,2,-19.0,0.03225806451612903,0.0,0.16666666666666666,0.06666666666666667,-0.6333333333333333
2023,1,20416,NK,12892,11697,LAX,FLL,31,0,0,0,31,0,13,7,1219.0,0.0,0.0,0.41935483870967744,0.22580645161290322,39.32258064516129
2023,1,20416,NK,12892,12266,LAX,IAH,89,0,0,0,89,0,12,5,-133.0,0.0,0.0,0.1348314606741573,0.056179775280898875,-1.4943820224719102
2023,1,20416,NK,12892,12889,LAX,LAS,182,3,0,0,179,0,46,16,1623.0,0.016483516483516484,0.0,0.2569832402234637,0.0893854748603352,9.067039106145252
2023,1,20416,NK,12892,13487,LAX,MSP,27,1,0,0,26,0,8,4,563.0,0.037037037037037035,0.0,0.3076923076923077,0.15384615384615385,21.653846153846153
2023,1,20416,NK,12892,13796,LAX,OAK,23,0,0,0,23,0,10,3,552.0,0.0,0.0,0.43478260869565216,0.13043478260869565,24.0
2023,1,20416,NK,12892,13930,LAX,ORD,93,2,0,0,91,0,20,4,-460.0,0.021505376344086023,0.0,0.21978021978021978,0.04395604395604396,-5.054945054945055
2023,1,20416,NK,12892,14100,LAX,PHL,31,0,0,0,31,0,13,6,894.0,0.0,0.0,0.41935483870967744,0.1935483870967742,28.838709677419356
2023,1,20416,NK,12892,14869,LAX,SLC,24,0,0,0,24,0,11,6,742.0,0.0,0.0,0.4583333333333333,0.25,30.916666666666668
2023,1,20416,NK,12892,15304,LAX,TPA,1,0,0,0,1,0,0,0,-5.0,0.0,0.0,0.0,0.0,-5.0
2023,1,20416,NK,12953,11298,LGA,DFW,27,1,0,0,26,0,6,1,76.0,0.037037037037037035,0.0,0.23076923076923078,0.038461538461538464,2.923076923076923
2023,1,20416,NK,12953,11433,LGA,DTW,89,2,0,0,87,0,17,8,9.0,0.02247191011235955,0.0,0.19540229885057472,0.09195402298850575,0.10344827586206896
2023,1,20416,NK,12953,11697,LGA,FLL,120,3,0,0,117,0,32,18,1768.0,0.025,0.0,0.27350427350427353,0.15384615384615385,15.11111111111111
2023,1,20416,NK,12953,12266,LGA,IAH,31,1,0,0,30,0,4,3,-109.0,0.03225806451612903,0.0,0.13333333333333333,0.1,-3.6333333333333333
2023,1,20416,NK,12953,13204,LGA,MCO,92,2,0,0,90,0,25,10,816.0,0.021739130434782608,0.0,0.2777777777777778,0.1111111111111111,9.066666666666666
2023,1,20416,NK,12953,13303,LGA,MIA,62,0,0,0,62,0,12,5,-120.0,0.0,0.0,0.1935483870967742,0.08064516129032258,-1.935483870967742
2023,1,20416,NK,13204,10397,MCO,ATL,89,1,0,0,88,0,23,15,1724.0,0.011235955056179775,0.0,0.26136363636363635,0.17045454545454544,19.59090909090909
2023,1,20416,NK,13204,10721,MCO,BOS,93,2,0,0,91,0,36,7,1300.0,0.021505376344086023,0.0,0.3956043956043956,0.07692307692307693,14.285714285714286
2023,1,20416,NK,13204,10821,MCO,BWI,93,2,0,0,91,0,34,8,1862.0,0.021505376344086023,0.0,0.37362637362637363,0.08791208791208792,20.46153846153846
2023,1,20416,NK,13204,11298,MCO,DFW,124,5,0,0,119,0,61,25,3696.0,0.04032258064516129,0.0,0.5126050420168067,0.21008403361344538,31.058823529411764
2023,1,20416,NK,13204,11433,MCO,DTW,119,2,0,0,117,0,51,23,2767.0,0.01680672268907563,0.0,0.4358974358974359,0.19658119658119658,23.64957264957265
2023,1,20416,NK,13204,11618,MCO,EWR,124,1,0,0,123,0,45,20,2842.0,0.008064516129032258,0.0,0.36585365853658536,0.16260162601626016,23.10569105691057
2023,1,20416,NK,13204,11697,MCO,FLL,62,1,0,0,61,0,26,12,1514.0,0.016129032258064516,0.0,0.4262295081967213,0.19672131147540983,24.81967213114754
2023,1,20416,NK,13204,12266,MCO,IAH,95,0,0,0,95,0,40,19,2646.0,0.0,0.0,0.42105263157894735,0.2,27.852631578947367
2023,1,20416,NK,13204,12889,MCO,LAS,58,0,0,0,58,0,22,12,1453.0,0.0,0.0,0.3793103448275862,0.20689655172413793,25.051724137931036
2023,1,20416,NK,13204,12953,MCO,LGA,93,1,0,0,92,0,35,11,1443.0,0.010752688172043012,0.0,0.3804347826086957,0.11956521739130435,15.684782608695652
2023,1,20416,NK,13204,13930,MCO,ORD,93,1,0,0,92,0,45,12,1940.0,0.010752688172043012,0.0,0.4891304347826087,0.13043478260869565,21.08695652173913
2023,1,20416,NK,13204,14100,MCO,PHL,92,1,0,0,91,0,54,23,2985.0,0.010869565217391304,0.0,0.5934065934065934,0.25274725274725274,32.8021978021978
2023,1,20416,NK,13204,14869,MCO,SLC,31,0,0,0,31,0,16,5,819.0,0.0,0.0,0.5161290322580645,0.16129032258064516,26.419354838709676
2023,1,20416,NK,13204,15016,MCO,STL,31,0,0,0,31,0,12,2,395.0,0.0,0.0,0.3870967741935484,0.06451612903225806,12.741935483870968
2023,1,20416,NK,13303,10397,MIA,ATL,62,2,0,0,60,0,18,8,1597.0,0.03225806451612903,0.0,0.3,0.13333333333333333,26.616666666666667
2023,1,20416,NK,13303,10721,MIA,BOS,31,1,0,0,30,0,8,0,119.0,0.03225806451612903,0.0,0.26666666666666666,0.0,3.966666666666667
2023,1,20416,NK,13303,10821,MIA,BWI,35,3,0,0,32,0,12,7,723.0,0.08571428571428572,0.0,0.375,0.21875,22.59375
2023,1,20416,NK,13303,11292,MIA,DEN,37,0,0,0,37,0,4,2,731.0,0.0,0.0,0.10810810810810811,0.05405405405405406,19.756756756756758
2023,1,20416,NK,13303,11298,MIA,DFW,31,4,0,0,27,0,6,3,167.0,0.12903225806451613,0.0,0.2222222222222222,0.1111111111111111,6.185185185185185
2023,1,20416,NK,13303,11433,MIA,DTW,31,0,0,0,31,0,8,6,719.0,0.0,0.0,0.25806451612903225,0.1935483870967742,23.193548387096776
2023,1,20416,NK,13303,11618,MIA,EWR,62,1,1,0,60,0,28,8,1376.0,0.016129032258064516,0.016129032258064516,0.4666666666666667,0.13333333333333333,22.933333333333334
2023,1,20416,NK,13303,12266,MIA,IAH,35,1,0,0,34,0,15,9,1509.0,0.02857142857142857,0.0,0.4411764705882353,0.2647058823529412,44.38235294117647
2023,1,20416,NK,13303,12889,MIA,LAS,32,1,0,0,31,0,9,2,1055.0,0.03125,0.0,0.2903225806451613,0.06451612903225806,34.03225806451613
2023,1,20416,NK,13303,12953,MIA,LGA,62,2,0,0,60,0,16,4,865.0,0.03225806451612903,0.0,0.26666666666666666,0.06666666666666667,14.416666666666666
2023,1,20416,NK,13303,13930,MIA,ORD,41,2,0,0,39,0,9,2,594.0,0.04878048780487805,0.0,0.23076923076923078,0.05128205128205128,15.23076923076923
2023,1,20416,NK,13303,14100,MIA,PHL,32,1,0,0,31,0,7,2,281.0,0.03125,0.0,0.22580645161290322,0.06451612903225806,9.064516129032258
2023,1,20416,NK,13487,10397,MSP,ATL,62,2,1,0,59,0,24,11,1029.0,0.03225806451612903,0.016129032258064516,0.4067796610169492,0.1864406779661017,17.440677966101696
2023,1,20416,NK,13487,11433,MSP,DTW,46,2,0,0,44,0,16,3,553.0,0.043478260869565216,0.0,0.36363636363636365,0.06818181818181818,12.568181818181818
2023,1,20416,NK,13487,12889,MSP,LAS,30,2,0,0,28,0,6,3,449.0,0.06666666666666667,0.0,0.21428571428571427,0.10714285714285714,16.035714285714285
2023,1,20416,NK,13487,12892,MSP,LAX,27,2,0,0,25,0,4,2,-248.0,0.07407407407407407,0.0,0.16,0.08,-9.92
2023,1,20416,NK,13487,14107,MSP,PHX,29,0,0,0,29,0,8,4,207.0,0.0,0.0,0.27586206896551724,0.13793103448275862,7.137931034482759
2023,1,20416,NK,13796,11618,OAK,EWR,4,1,0,0,3,0,1,0,21.0,0.25,0.0,0.3333333333333333,0.0,7.0
2023,1,20416,NK,13796,12889,OAK,LAS,123,4,0,0,119,0,19,6,482.0,0.032520325203252036,0.0,0.15966386554621848,0.05042016806722689,4.050420168067227
2023,1,20416,NK,13796,12892,OAK,LAX,24,0,0,0,24,0,6,3,487.0,0.0,0.0,0.25,0.125,20.291666666666668
2023,1,20416,NK,13796,14679,OAK,SAN,18,0,0,0,18,0,3,2,117.0,0.0,0.0,0.16666666666666666,0.1111111111111111,6.5
2023,1,20416,NK,13930,10397,ORD,ATL,119,3,1,0,115,0,44,17,1765.0,0.025210084033613446,0.008403361344537815,0.3826086956521739,0.14782608695652175,15.347826086956522
2023,1,20416,NK,13930,11298,ORD,DFW,55,1,0,0,54,0,19,8,1060.0,0.01818181818181818,0.0,0.35185185185185186,0.14814814814814814,19.62962962962963
2023,1,20416,NK,13930,11697,ORD,FLL,90,1,1,0,88,0,30,11,1267.0,0.011111111111111112,0.011111111111111112,0.3409090909090909,0.125,14.397727272727273
2023,1,20416,NK,13930,12266,ORD,IAH,33,0,0,0,33,0,12,4,1089.0,0.0,0.0,0.36363636363636365,0.12121212121212122,33.0
2023,1,20416,NK,13930,12889,ORD,LAS,89,2,1,0,86,0,20,7,588.0,0.02247191011235955,0.011235955056179775,0.23255813953488372,0.08139534883720931,6.837209302325581
2023,1,20416,NK,13930,12892,ORD,LAX,92,1,0,0,91,0,26,15,1600.0,0.010869565217391304,0.0,0.2857142857142857,0.16483516483516483,17.582417582417584
2023,1,20416,NK,13930,13204,ORD,MCO,92,2,0,0,90,0,45,9,1772.0,0.021739130434782608,0.0,0.5,0.1,19.68888888888889
2023,1,20416,NK,13930,13303,ORD,MIA,41,1,0,0,40,0,22,10,1451.0,0.024390243902439025,0.0,0.55,0.25,36.275
2023,1,20416,NK,13930,14107,ORD,PHX,31,0,0,0,31,0,9,2,293.0,0.0,0.0,0.2903225806451613,0.06451612903225806,9.451612903225806
2023,1,20416,NK,13930,14635,ORD,RSW,31,0,0,0,31,0,8,1,64.0,0.0,0.0,0.25806451612903225,0.03225806451612903,2.064516129032258
2023,1,20416,NK,13930,15304,ORD,TPA,31,0,0,0,31,0,10,4,328.0,0.0,0.0,0.3225806451612903,0.12903225806451613,10.580645161290322
2023,1,20416,NK,14100,10397,PHL,ATL,61,0,1,0,60,0,13,9,706.0,0.0,0.01639344262295082,0.21666666666666667,0.15,11.766666666666667
2023,1,20416,NK,14100,11298,PHL,DFW,31,2,0,0,29,0,12,4,546.0,0.06451612903225806,0.0,0.41379310344827586,0.13793103448275862,18.82758620689655
2023,1,20416,NK,14100,11433,PHL,DTW,31,0,0,0,31,0,6,4,372.0,0.0,0.0,0.1935483870967742,0.12903225806451613,12.0
2023,1,20416,NK,14100,11697,PHL,FLL,92,3,0,0,89,0,15,6,-269.0,0.03260869565217391,0.0,0.16853932584269662,0.06741573033707865,-3.0224719101123596
2023,1,20416,NK,14100,12266,PHL,IAH,4,1,0,0,3,0,1,0,29.0,0.25,0.0,0.3333333333333333,0.0,9.666666666666666
2023,1,20416,NK,14100,12889,PHL,LAS,30,1,0,0,29,0,6,3,91.0,0.03333333333333333,0.0,0.20689655172413793,0.10344827586206896,3.1379310344827585
2023,1,20416,NK,14100,12892,PHL,LAX,31,0,0,0,31,0,4,3,-79.0,0.0,0.0,0.12903225806451613,0.0967741935483871,-2.5483870967741935
2023,1,20416,NK,14100,13204,PHL,MCO,94,1,0,0,93,0,38,14,1523.0,0.010638297872340425,0.0,0.40860215053763443,0.15053763440860216,16.376344086021504
2023,1,20416,NK,14100,13303,PHL,MIA,31,1,0,0,30,0,3,1,-426.0,0.03225806451612903,0.0,0.1,0.03333333333333333,-14.2
2023,1,20416,NK,14107,11298,PHX,DFW,31,2,0,0,29,0,5,1,-74.0,0.06451612903225806,0.0,0.1724137931034483,0.034482758620689655,-2.5517241379310347
2023,1,20416,NK,14107,11433,PHX,DTW,31,1,0,0,30,0,7,2,393.0,0.03225806451612903,0.0,0.23333333333333334,0.06666666666666667,13.1
2023,1,20416,NK,14107,11697,PHX,FLL,29,0,0,0,29,0,7,4,323.0,0.0,0.0,0.2413793103448276,0.13793103448275862,11.137931034482758
2023,1,20416,NK,14107,12889,PHX,LAS,62,2,0,0,60,0,15,2,199.0,0.03225806451612903,0.0,0.25,0.03333333333333333,3.316666666666667
2023,1,20416,NK,14107,13487,PHX,MSP,29,0,0,0,29,0,9,5,333.0,0.0,0.0,0.3103448275862069,0.1724137931034483,11.482758620689655
2023,1,20416,NK,14107,13930,PHX,ORD,31,0,1,0,30,0,12,1,350.0,0.0,0.03225806451612903,0.4,0.03333333333333333,11.666666666666666
2023,1,20416,NK,14635,10721,RSW,BOS,31,2,0,0,29,0,6,1,51.0,0.06451612903225806,0.0,0.20689655172413793,0.034482758620689655,1.7586206896551724
2023,1,20416,NK,14635,11298,RSW,DFW,1,0,0,0,1,0,1,1,104.0,0.0,0.0,1.0,1.0,104.0
2023,1,20416,NK,14635,11433,RSW,DTW,62,2,0,0,60,0,5,3,-448.0,0.03225806451612903,0.0,0.08333333333333333,0.05,-7.466666666666667
2023,1,20416,NK,14635,13487,RSW,MSP,1,0,0,0,1,0,0,0,-24.0,0.0,0.0,0.0,0.0,-24.0
2023,1,20416,NK,14635,13930,RSW,ORD,31,0,0,0,31,0,8,3,56.0,0.0,0.0,0.25806451612903225,0.0967741935483871,1.8064516129032258
2023,1,20416,NK,14679,12889,SAN,LAS,151,4,0,0,147,0,41,18,2409.0,0.026490066225165563,0.0,0.2789115646258503,0.12244897959183673,16.387755102040817
2023,1,20416,NK,14679,13796,SAN,OAK,18,0,0,0,18,0,3,3,187.0,0.0,0.0,0.16666666666666666,0.16666666666666666,10.38888888888889
2023,1,20416,NK,14747,12889,SEA,LAS,93,6,0,0,87,0,15,4,155.0,0.06451612903225806,0.0,0.1724137931034483,0.04597701149425287,1.7816091954022988
2023,1,20416,NK,14869,12889,SLC,LAS,51,2,0,0,49,0,17,6,991.0,0.0392156862745098,0.0,0.3469387755102041,0.12244897959183673,20.224489795918366
2023,1,20416,NK,14869,12892,SLC,LAX,24,0,0,0,24,0,15,8,956.0,0.0,0.0,0.625,0.3333333333333333,39.833333333333336
2023,1,20416,NK,14869,13204,SLC,MCO,31,0,0,0,31,0,12,2,373.0,0.0,0.0,0.3870967741935484,0.06451612903225806,12.03225806451613
2023,1,20416,NK,15016,12889,STL,LAS,18,1,0,0,17,0,7,3,284.0,0.05555555555555555,0.0,0.4117647058823529,0.17647058823529413,16.705882352941178
2023,1,20416,NK,15016,13204,STL,MCO,31,0,0,0,31,0,7,3,202.0,0.0,0.0,0.22580645161290322,0.0967741935483871,6.516129032258065
2023,1,20416,NK,15304,10397,TPA,ATL,62,2,0,0,60,0,10,5,41.0,0.03225806451612903,0.0,0.16666666666666666,0.08333333333333333,0.6833333333333333
2023,1,20416,NK,15304,10721,TPA,BOS,30,0,0,0,30,0,7,2,205.0,0.0,0.0,0.23333333333333334,0.06666666666666667,6.833333333333333
2023,1,20416,NK,15304,10821,TPA,BWI,31,2,0,0,29,0,10,4,441.0,0.06451612903225806,0.0,0.3448275862068966,0.13793103448275862,15.206896551724139
2023,1,20416,NK,15304,11298,TPA,DFW,31,1,0,0,30,0,6,3,272.0,0.03225806451612903,0.0,0.2,0.1,9.066666666666666
2023,1,20416,NK,15304,11433,TPA,DTW,62,1,0,0,61,0,14,6,772.0,0.016129032258064516,0.0,0.22950819672131148,0.09836065573770492,12.655737704918034
2023,1,20416,NK,15304,11697,TPA,FLL,62,0,0,0,62,0,9,3,142.0,0.0,0.0,0.14516129032258066,0.04838709677419355,2.2903225806451615
2023,1,20416,NK,15304,12266,TPA,IAH,31,0,0,0,31,0,5,3,19.0,0.0,0.0,0.16129032258064516,0.0967741935483871,0.6129032258064516
2023,1,20416,NK,15304,12889,TPA,LAS,49,1,1,0,47,0,5,2,-144.0,0.02040816326530612,0.02040816326530612,0.10638297872340426,0.0425531914893617,-3.0638297872340425
2023,1,20416,NK,15304,13303,TPA,MIA,1,0,0,0,1,0,1,1,102.0,0.0,0.0,1.0,1.0,102.0
2023,1,20416,NK,15304,13930,TPA,ORD,31,1,0,0,30,0,7,2,74.0,0.03225806451612903,0.0,0.23333333333333334,0.06666666666666667,2.466666666666667
2023,1,20436,F9,10397,10821,ATL,BWI,31,1,0,0,30,0,7,3,274.0,0.03225806451612903,0.0,0.23333333333333334,0.1,9.133333333333333
2023,1,20436,F9,10397,11292,ATL,DEN,62,4,0,0,58,0,29,11,1538.0,0.06451612903225806,0.0,0.5,0.1896551724137931,26.517241379310345
2023,1,20436,F9,10397,11298,ATL,DFW,31,1,0,0,30,0,6,2,552.0,0.03225806451612903,0.0,0.2,0.06666666666666667,18.4
2023,1,20436,F9,10397,11433,ATL,DTW,17,1,0,0,16,0,6,3,303.0,0.058823529411764705,0.0,0.375,0.1875,18.9375
2023,1,20436,F9,10397,11697,ATL,FLL,31,0,0,0,31,0,17,7,1134.0,0.0,0.0,0.5483870967741935,0.22580645161290322,36.58064516129032
2023,1,20436,F9,10397,12266,ATL,IAH,31,1,0,0,30,0,18,8,1493.0,0.03225806451612903,0.0,0.6,0.26666666666666666,49.766666666666666
2023,1,20436,F9,10397,12889,ATL,LAS,62,1,0,0,61,0,33,19,3599.0,0.016129032258064516,0.0,0.5409836065573771,0.3114754098360656,59.0
2023,1,20436,F9,10397,12953,ATL,LGA,30,2,0,0,28,0,12,1,301.0,0.06666666666666667,0.0,0.42857142857142855,0.03571428571428571,10.75
2023,1,20436,F9,10397,13204,ATL,MCO,62,3,0,0,59,0,26,12,3066.0,0.04838709677419355,0.0,0.4406779661016949,0.2033898305084746,51.96610169491525
2023,1,20436,F9,10397,13232,ATL,MDW,31,1,0,0,30,0,13,3,896.0,0.03225806451612903,0.0,0.43333333333333335,0.1,29.866666666666667
2023,1,20436,F9,10397,13303,ATL,MIA,41,1,0,0,40,0,27,10,3423.0,0.024390243902439025,0.0,0.675,0.25,85.575
2023,1,20436,F9,10397,13930,ATL,ORD,31,2,0,0,29,0,3,2,281.0,0.06451612903225806,0.0,0.10344827586206896,0.06896551724137931,9.689655172413794
2023,1,20436,F9,10397,14100,ATL,PHL,59,4,0,0,55,0,32,17,4296.0,0.06779661016949153,0.0,0.5818181818181818,0.3090909090909091,78.10909090909091
2023,1,20436,F9,10397,14107,ATL,PHX,31,1,0,0,30,0,22,7,1319.0,0.03225806451612903,0.0,0.7333333333333333,0.23333333333333334,43.96666666666667
2023,1,20436,F9,10397,14771,ATL,SFO,3,0,0,0,3,0,3,3,475.0,0.0,0.0,1.0,1.0,158.33333333333334
2023,1,20436,F9,10397,15304,ATL,TPA,31,2,0,0,29,0,10,4,409.0,0.06451612903225806,0.0,0.3448275862068966,0.13793103448275862,14.10344827586207
2023,1,20436,F9,10721,13204,BOS,MCO,22,0,0,0,22,0,9,2,241.0,0.0,0.0,0.4090909090909091,0.09090909090909091,10.954545454545455
2023,1,20436,F9,10721,13303,BOS,MIA,18,0,0,0,18,0,5,4,95.0,0.0,0.0,0.2777777777777778,0.2222222222222222,5.277777777777778
2023,1,20436,F9,10721,14100,BOS,PHL,1,0,0,0,1,0,0,0,-8.0,0.0,0.0,0.0,0.0,-8.0
2023,1,20436,F9,10821,10397,BWI,ATL,31,0,0,0,31,0,5,4,143.0,0.0,0.0,0.16129032258064516,0.12903225806451613,4.612903225806452
2023,1,20436,F9,10821,11292,BWI,DEN,16,1,0,0,15,0,3,1,-347.0,0.0625,0.0,0.2,0.06666666666666667,-23.133333333333333
2023,1,20436,F9,10821,12889,BWI,LAS,31,0,0,0,31,0,11,6,560.0,0.0,0.0,0.3548387096774194,0.1935483870967742,18.06451612903226
2023,1,20436,F9,10821,13204,BWI,MCO,62,1,0,0,61,0,18,10,905.0,0.016129032258064516,0.0,0.29508196721311475,0.16393442622950818,14.836065573770492
2023,1,20436,F9,10821,13303,BWI,MIA,13,0,0,0,13,0,3,1,-102.0,0.0,0.0,0.23076923076923078,0.07692307692307693,-7.846153846153846
2023,1,20436,F9,10821,14107,BWI,PHX,31,0,0,0,31,0,5,2,22.0,0.0,0.0,0.16129032258064516,0.06451612903225806,0.7096774193548387
2023,1,20436,F9,11278,11292,DCA,DEN,92,2,1,0,89,0,16,6,-372.0,0.021739130434782608,0.010869565217391304,0.1797752808988764,0.06741573033707865,-4.179775280898877
2023,1,20436,F9,11292,10397,DEN,ATL,62,4,0,0,58,0,32,14,2222.0,0.06451612903225806,0.0,0.5517241379310345,0.2413793103448276,38.310344827586206
2023,1,20436,F9,11292,10821,DEN,BWI,16,0,0,0,16,0,5,0,17.0,0.0,0.0,0.3125,0.0,1.0625
2023,1,20436,F9,11292,11278,DEN,DCA,92,2,0,0,90,0,29,7,1106.0,0.021739130434782608,0.0,0.32222222222222224,0.07777777777777778,12.28888888888889
2023,1,20436,F9,11292,11298,DEN,DFW,70,4,0,0,66,0,25,12,1510.0,0.05714285714285714,0.0,0.3787878787878788,0.18181818181818182,22.87878787878788
2023,1,20436,F9,11292,11433,DEN,DTW,8,0,0,0,8,0,2,1,250.0,0.0,0.0,0.25,0.125,31.25
2023,1,20436,F9,11292,12266,DEN,IAH,31,0,0,0,31,0,25,8,1426.0,0.0,0.0,0.8064516129032258,0.25806451612903225,46.0
2023,1,20436,F9,11292,12889,DEN,LAS,155,4,0,0,151,0,49,16,2289.0,0.025806451612903226,0.0,0.32450331125827814,0.10596026490066225,15.158940397350994
2023,1,20436,F9,11292,13204,DEN,MCO,90,2,0,0,88,0,31,16,2869.0,0.022222222222222223,0.0,0.3522727272727273,0.18181818181818182,32.60227272727273
2023,1,20436,F9,11292,13232,DEN,MDW,31,1,0,0,30,0,10,6,635.0,0.03225806451612903,0.0,0.3333333333333333,0.2,21.166666666666668
2023,1,20436,F9,11292,13303,DEN,MIA,31,1,0,0,30,0,14,5,686.0,0.03225806451612903,0.0,0.4666666666666667,0.16666666666666666,22.866666666666667
2023,1,20436,F9,11292,13487,DEN,MSP,25,2,0,0,23,0,4,3,228.0,0.08,0.0,0.17391304347826086,0.13043478260869565,9.91304347826087
2023,1,20436,F9,11292,13796,DEN,OAK,13,0,0,0,13,0,3,1,78.0,0.0,0.0,0.23076923076923078,0.07692307692307693,6.0
2023,1,20436,F9,11292,14100,DEN,PHL,22,0,0,0,22,0,18,7,983.0,0.0,0.0,0.8181818181818182,0.3181818181818182,44.68181818181818
2023,1,20436,F9,11292,14107,DEN,PHX,102,4,0,0,98,0,34,17,1701.0,0.0392156862745098,0.0,0.3469387755102041,0.17346938775510204,17.357142857142858
2023,1,20436,F9,11292,14635,DEN,RSW,29,1,0,0,28,0,6,3,161.0,0.034482758620689655,0.0,0.21428571428571427,0.10714285714285714,5.75
2023,1,20436,F9,11292,14679,DEN,SAN,62,4,0,0,58,0,21,4,719.0,0.06451612903225806,0.0,0.3620689655172414,0.06896551724137931,12.39655172413793
2023,1,20436,F9,11292,14747,DEN,SEA,15,0,0,0,15,0,12,4,637.0,0.0,0.0,0.8,0.26666666666666666,42.46666666666667
2023,1,20436,F9,11292,14771,DEN,SFO,62,2,0,0,60,0,20,8,804.0,0.03225806451612903,0.0,0.3333333333333333,0.13333333333333333,13.4
2023,1,20436,F9,11292,14869,DEN,SLC,62,2,0,0,60,0,36,14,1987.0,0.03225806451612903,0.0,0.6,0.23333333333333334,33.11666666666667
2023,1,20436,F9,11292,15016,DEN,STL,26,1,0,0,25,0,3,1,36.0,0.038461538461538464,0.0,0.12,0.04,1.44
2023,1,20436,F9,11292,15304,DEN,TPA,79,2,1,0,76,0,24,10,1393.0,0.02531645569620253,0.012658227848101266,0.3157894736842105,0.13157894736842105,18.32894736842105
2023,1,20436,F9,11298,10397,DFW,ATL,31,2,0,0,29,0,17,6,1041.0,0.06451612903225806,0.0,0.5862068965517241,0.20689655172413793,35.89655172413793
2023,1,20436,F9,11298,11292,DFW,DEN,70,5,0,0,65,0,25,9,1630.0,0.07142857142857142,0.0,0.38461538461538464,0.13846153846153847,25.076923076923077
2023,1,20436,F9,11298,12889,DFW,LAS,61,4,0,0,57,0,22,10,1271.0,0.06557377049180328,0.0,0.38596491228070173,0.17543859649122806,22.29824561403509
2023,1,20436,F9,11298,13204,DFW,MCO,38,4,0,0,34,0,10,7,1215.0,0.10526315789473684,0.0,0.29411764705882354,0.20588235294117646,35.73529411764706
2023,1,20436,F9,11298,13232,DFW,MDW,31,2,0,0,29,0,9,4,494.0,0.06451612903225806,0.0,0.3103448275862069,0.13793103448275862,17.03448275862069
2023,1,20436,F9,11298,14100,DFW,PHL,16,0,0,0,16,0,3,0,-152.0,0.0,0.0,0.1875,0.0,-9.5
2023,1,20436,F9,11298,14107,DFW,PHX,22,1,0,0,21,0,13,3,1367.0,0.045454545454545456,0.0,0.6190476190476191,0.14285714285714285,65.0952380952381
2023,1,20436,F9,11298,14679,DFW,SAN,21,0,0,0,21,0,8,1,167.0,0.0,0.0,0.38095238095238093,0.047619047619047616,7.9523809523809526
2023,1,20436,F9,11298,14771,DFW,SFO,31,2,0,0,29,0,13,4,547.0,0.06451612903225806,0.0,0.4482758620689655,0.13793103448275862,18.862068965517242
2023,1,20436,F9,11433,10397,DTW,ATL,17,1,0,0,16,0,4,1,141.0,0.058823529411764705,0.0,0.25,0.0625,8.8125
2023,1,20436,F9,11433,11292,DTW,DEN,8,0,0,0,8,0,4,2,384.0,0.0,0.0,0.5,0.25,48.0
2023,1,20436,F9,11433,12889,DTW,LAS,31,0,0,0,31,0,13,4,725.0,0.0,0.0,0.41935483870967744,0.12903225806451613,23.387096774193548
2023,1,20436,F9,11433,13204,DTW,MCO,37,4,0,0,33,0,14,3,1373.0,0.10810810810810811,0.0,0.42424242424242425,0.09090909090909091,41.60606060606061
2023,1,20436,F9,11433,14107,DTW,PHX,31,1,0,0,30,0,7,3,81.0,0.03225806451612903,0.0,0.23333333333333334,0.1,2.7
2023,1,20436,F9,11433,15304,DTW,TPA,17,0,0,0,17,0,6,0,93.0,0.0,0.0,0.35294117647058826,0.0,5.470588235294118
2023,1,20436,F9,11697,10397,FLL,ATL,31,1,0,0,30,0,14,3,884.0,0.03225806451612903,0.0,0.4666666666666667,0.1,29.466666666666665
2023,1,20436,F9,11697,12889,FLL,LAS,31,0,1,0,30,0,16,6,956.0,0.0,0.03225806451612903,0.5333333333333333,0.2,31.866666666666667
2023,1,20436,F9,11697,13232,FLL,MDW,31,0,1,0,30,0,5,3,915.0,0.0,0.03225806451612903,0.16666666666666666,0.1,30.5
2023,1,20436,F9,11697,14100,FLL,PHL,31,2,0,0,29,0,18,11,1773.0,0.06451612903225806,0.0,0.6206896551724138,0.3793103448275862,61.13793103448276
2023,1,20436,F9,11697,14107,FLL,PHX,32,1,0,0,31,0,10,5,1559.0,0.03125,0.0,0.3225806451612903,0.16129032258064516,50.29032258064516
2023,1,20436,F9,12266,10397,IAH,ATL,31,3,0,0,28,0,23,13,2833.0,0.0967741935483871,0.0,0.8214285714285714,0.4642857142857143,101.17857142857143
2023,1,20436,F9,12266,11292,IAH,DEN,31,1,0,0,30,0,16,6,1575.0,0.03225806451612903,0.0,0.5333333333333333,0.2,52.5
2023,1,20436,F9,12266,12889,IAH,LAS,30,0,1,0,29,0,18,4,1921.0,0.0,0.03333333333333333,0.6206896551724138,0.13793103448275862,66.24137931034483
2023,1,20436,F9,12266,13204,IAH,MCO,17,0,0,0,17,0,9,5,1646.0,0.0,0.0,0.5294117647058824,0.29411764705882354,96.82352941176471
2023,1,20436,F9,12889,10397,LAS,ATL,62,0,0,0,62,0,20,8,1022.0,0.0,0.0,0.3225806451612903,0.12903225806451613,16.483870967741936
2023,1,20436,F9,12889,10821,LAS,BWI,31,0,0,0,31,0,7,1,91.0,0.0,0.0,0.22580645161290322,0.03225806451612903,2.935483870967742
2023,1,20436,F9,12889,11292,LAS,DEN,155,4,0,0,151,0,58,22,3419.0,0.025806451612903226,0.0,0.3841059602649007,0.1456953642384106,22.642384105960264
2023,1,20436,F9,12889,11298,LAS,DFW,61,3,0,0,58,0,14,7,566.0,0.04918032786885246,0.0,0.2413793103448276,0.1206896551724138,9.758620689655173
2023,1,20436,F9,12889,11433,LAS,DTW,31,1,0,0,30,0,12,3,408.0,0.03225806451612903,0.0,0.4,0.1,13.6
2023,1,20436,F9,12889,11697,LAS,FLL,32,0,0,0,32,0,8,1,3.0,0.0,0.0,0.25,0.03125,0.09375
2023,1,20436,F9,12889,12266,LAS,IAH,30,1,0,0,29,0,8,2,186.0,0.03333333333333333,0.0,0.27586206896551724,0.06896551724137931,6.413793103448276
2023,1,20436,F9,12889,13204,LAS,MCO,62,2,0,0,60,0,20,9,674.0,0.03225806451612903,0.0,0.3333333333333333,0.15,11.233333333333333
2023,1,20436,F9,12889,13232,LAS,MDW,40,1,0,0,39,0,12,3,347.0,0.025,0.0,0.3076923076923077,0.07692307692307693,8.897435897435898
2023,1,20436,F9,12889,13303,LAS,MIA,31,0,0,0,31,0,7,1,12.0,0.0,0.0,0.22580645161290322,0.03225806451612903,0.3870967741935484
2023,1,20436,F9,12889,13487,LAS,MSP,13,1,0,0,12,0,4,1,135.0,0.07692307692307693,0.0,0.3333333333333333,0.08333333333333333,11.25
2023,1,20436,F9,12889,13796,LAS,OAK,30,0,0,0,30,0,14,4,946.0,0.0,0.0,0.4666666666666667,0.13333333333333333,31.533333333333335
2023,1,20436,F9,12889,13930,LAS,ORD,21,1,0,0,20,0,4,0,-38.0,0.047619047619047616,0.0,0.2,0.0,-1.9
2023,1,20436,F9,12889,14100,LAS,PHL,31,0,0,0,31,0,8,2,95.0,0.0,0.0,0.25806451612903225,0.06451612903225806,3.064516129032258
2023,1,20436,F9,12889,14107,LAS,PHX,62,1,0,0,61,0,29,17,4312.0,0.016129032258064516,0.0,0.47540983606557374,0.2786885245901639,70.68852459016394
2023,1,20436,F9,12889,14679,LAS,SAN,33,1,0,0,32,0,12,2,432.0,0.030303030303030304,0.0,0.375,0.0625,13.5
2023,1,20436,F9,12889,14747,LAS,SEA,39,0,0,0,39,0,12,4,693.0,0.0,0.0,0.3076923076923077,0.10256410256410256,17.76923076923077
2023,1,20436,F9,12889,14771,LAS,SFO,43,0,0,0,43,0,12,7,1049.0,0.0,0.0,0.27906976744186046,0.16279069767441862,24.3953488372093
2023,1,20436,F9,12889,14869,LAS,SLC,31,0,0,0,31,0,16,7,812.0,0.0,0.0,0.5161290322580645,0.22580645161290322,26.193548387096776
2023,1,20436,F9,12889,15016,LAS,STL,31,0,0,0,31,0,6,1,138.0,0.0,0.0,0.1935483870967742,0.03225806451612903,4.451612903225806
2023,1,20436,F9,12889,15304,LAS,TPA,53,0,0,0,53,0,16,4,819.0,0.0,0.0,0.3018867924528302,0.07547169811320754,15.452830188679245
2023,1,20436,F9,12953,10397,LGA,ATL,30,2,0,0,28,0,10,1,353.0,0.06666666666666667,0.0,0.35714285714285715,0.03571428571428571,12.607142857142858
2023,1,20436,F9,12953,13204,LGA,MCO,31,1,0,0,30,0,14,6,694.0,0.03225806451612903,0.0,0.4666666666666667,0.2,23.133333333333333
2023,1,20436,F9,12953,13303,LGA,MIA,31,0,0,0,31,0,12,4,1062.0,0.0,0.0,0.3870967741935484,0.12903225806451613,34.25806451612903
2023,1,20436,F9,13204,10397,MCO,ATL,63,1,0,0,62,0,26,10,1724.0,0.015873015873015872,0.0,0.41935483870967744,0.16129032258064516,27.806451612903224
2023,1,20436,F9,13204,10721,MCO,BOS,22,0,0,0,22,0,4,2,-26.0,0.0,0.0,0.18181818181818182,0.09090909090909091,-1.1818181818181819
2023,1,20436,F9,13204,10821,MCO,BWI,62,2,0,0,60,0,30,14,2330.0,0.03225806451612903,0.0,0.5,0.23333333333333334,38.833333333333336
2023,1,20436,F9,13204,11292,MCO,DEN,92,2,0,0,90,0,39,17,2564.0,0.021739130434782608,0.0,0.43333333333333335,0.18888888888888888,28.488888888888887
2023,1,20436,F9,13204,11298,MCO,DFW,38,2,0,0,36,0,9,4,1064.0,0.05263157894736842,0.0,0.25,0.1111111111111111,29.555555555555557
2023,1,20436,F9,13204,11433,MCO,DTW,37,2,0,0,35,0,8,1,267.0,0.05405405405405406,0.0,0.22857142857142856,0.02857142857142857,7.628571428571429
2023,1,20436,F9,13204,12266,MCO,IAH,17,2,0,0,15,0,14,7,1182.0,0.11764705882352941,0.0,0.9333333333333333,0.4666666666666667,78.8
2023,1,20436,F9,13204,12889,MCO,LAS,62,2,0,0,60,0,24,13,3479.0,0.03225806451612903,0.0,0.4,0.21666666666666667,57.983333333333334
2023,1,20436,F9,13204,12953,MCO,LGA,31,1,0,0,30,0,14,7,712.0,0.03225806451612903,0.0,0.4666666666666667,0.23333333333333334,23.733333333333334
2023,1,20436,F9,13204,13232,MCO,MDW,58,1,0,0,57,0,22,11,1500.0,0.017241379310344827,0.0,0.38596491228070173,0.19298245614035087,26.31578947368421
2023,1,20436,F9,13204,13930,MCO,ORD,31,1,0,0,30,0,6,2,262.0,0.03225806451612903,0.0,0.2,0.06666666666666667,8.733333333333333
2023,1,20436,F9,13204,14100,MCO,PHL,168,2,0,0,166,0,64,31,5035.0,0.011904761904761904,0.0,0.3855421686746988,0.18674698795180722,30.33132530120482
2023,1,20436,F9,13204,14107,MCO,PHX,31,0,0,0,31,0,24,11,2032.0,0.0,0.0,0.7741935483870968,0.3548387096774194,65.54838709677419
2023,1,20436,F9,13204,14679,MCO,SAN,3,1,0,0,2,0,2,0,48.0,0.3333333333333333,0.0,1.0,0.0,24.0
2023,1,20436,F9,13204,15016,MCO,STL,31,1,0,0,30,0,9,5,586.0,0.03225806451612903,0.0,0.3,0.16666666666666666,19.533333333333335
2023,1,20436,F9,13232,10397,MDW,ATL,31,1,0,0,30,0,18,8,1335.0,0.03225806451612903,0.0,0.6,0.26666666666666666,44.5
2023,1,20436,F9,13232,11292,MDW,DEN,31,1,0,0,30,0,10,5,558.0,0.03225806451612903,0.0,0.3333333333333333,0.16666666666666666,18.6
2023,1,20436,F9,13232,11298,MDW,DFW,31,3,0,0,28,0,16,3,722.0,0.0967741935483871,0.0,0.5714285714285714,0.10714285714285714,25.785714285714285
2023,1,20436,F9,13232,11697,MDW,FLL,31,0,0,0,31,0,13,3,329.0,0.0,0.0,0.41935483870967744,0.0967741935483871,10.612903225806452
2023,1,20436,F9,13232,12889,MDW,LAS,40,1,1,0,38,0,15,3,349.0,0.025,0.025,0.39473684210526316,0.07894736842105263,9.18421052631579
2023,1,20436,F9,13232,13204,MDW,MCO,58,1,0,0,57,0,19,9,1305.0,0.017241379310344827,0.0,0.3333333333333333,0.15789473684210525,22.894736842105264
2023,1,20436,F9,13232,13303,MDW,MIA,22,0,0,0,22,0,11,7,2286.0,0.0,0.0,0.5,0.3181818181818182,103.9090909090909
2023,1,20436,F9,13232,14100,MDW,PHL,3,0,0,0,3,0,2,1,82.0,0.0,0.0,0.6666666666666666,0.3333333333333333,27.333333333333332
2023,1,20436,F9,13232,14107,MDW,PHX,31,0,0,0,31,0,13,6,2265.0,0.0,0.0,0.41935483870967744,0.1935483870967742,73.06451612903226
2023,1,20436,F9,13232,15304,MDW,TPA,31,0,0,0,31,0,14,2,862.0,0.0,0.0,0.45161290322580644,0.06451612903225806,27.806451612903224
2023,1,20436,F9,13303,10397,MIA,ATL,40,1,0,0,39,0,14,4,733.0,0.025,0.0,0.358974358974359,0.10256410256410256,18.794871794871796
2023,1,20436,F9,13303,10721,MIA,BOS,18,0,0,0,18,0,4,3,14.0,0.0,0.0,0.2222222222222222,0.16666666666666666,0.7777777777777778
2023,1,20436,F9,13303,10821,MIA,BWI,13,0,0,0,13,0,3,2,66.0,0.0,0.0,0.23076923076923078,0.15384615384615385,5.076923076923077
2023,1,20436,F9,13303,11292,MIA,DEN,31,2,0,0,29,0,17,7,1268.0,0.06451612903225806,0.0,0.5862068965517241,0.2413793103448276,43.724137931034484
2023,1,20436,F9,13303,12889,MIA,LAS,31,0,0,0,31,0,18,11,1401.0,0.0,0.0,0.5806451612903226,0.3548387096774194,45.193548387096776
2023,1,20436,F9,13303,12953,MIA,LGA,31,0,0,0,31,0,9,5,484.0,0.0,0.0,0.2903225806451613,0.16129032258064516,15.612903225806452
2023,1,20436,F9,13303,13232,MIA,MDW,22,0,0,0,22,0,9,4,564.0,0.0,0.0,0.4090909090909091,0.18181818181818182,25.636363636363637
2023,1,20436,F9,13303,14100,MIA,PHL,23,1,0,0,22,0,4,1,-140.0,0.043478260869565216,0.0,0.18181818181818182,0.045454545454545456,-6.363636363636363
2023,1,20436,F9,13487,11292,MSP,DEN,25,2,0,0,23,0,4,3,-11.0,0.08,0.0,0.17391304347826086,0.13043478260869565,-0.4782608695652174
2023,1,20436,F9,13487,12889,MSP,LAS,13,1,0,0,12,0,4,2,119.0,0.07692307692307693,0.0,0.3333333333333333,0.16666666666666666,9.916666666666666
2023,1,20436,F9,13487,14107,MSP,PHX,12,0,0,0,12,0,3,0,2.0,0.0,0.0,0.25,0.0,0.16666666666666666
2023,1,20436,F9,13796,11292,OAK,DEN,13,0,0,0,13,0,1,1,-19.0,0.0,0.0,0.07692307692307693,0.07692307692307693,-1.4615384615384615
2023,1,20436,F9,13796,12889,OAK,LAS,30,0,0,0,30,0,14,4,1769.0,0.0,0.0,0.4666666666666667,0.13333333333333333,58.96666666666667
2023,1,20436,F9,13796,14107,OAK,PHX,10,0,0,0,10,0,1,1,40.0,0.0,0.0,0.1,0.1,4.0
2023,1,20436,F9,13930,10397,ORD,ATL,31,2,0,0,29,0,14,5,1159.0,0.06451612903225806,0.0,0.4827586206896552,0.1724137931034483,39.96551724137931
2023,1,20436,F9,13930,12889,ORD,LAS,21,2,0,0,19,0,7,2,224.0,0.09523809523809523,0.0,0.3684210526315789,0.10526315789473684,11.789473684210526
2023,1,20436,F9,13930,13204,ORD,MCO,31,2,0,0,29,0,17,6,2082.0,0.06451612903225806,0.0,0.5862068965517241,0.20689655172413793,71.79310344827586
2023,1,20436,F9,14100,10397,PHL,ATL,59,2,0,0,57,0,22,8,921.0,0.03389830508474576,0.0,0.38596491228070173,0.14035087719298245,16.157894736842106
2023,1,20436,F9,14100,10721,PHL,BOS,1,0,0,0,1,0,0,0,5.0,0.0,0.0,0.0,0.0,5.0
2023,1,20436,F9,14100,11292,PHL,DEN,24,0,0,0,24,0,9,3,467.0,0.0,0.0,0.375,0.125,19.458333333333332
2023,1,20436,F9,14100,11298,PHL,DFW,16,0,0,0,16,0,4,1,45.0,0.0,0.0,0.25,0.0625,2.8125
2023,1,20436,F9,14100,11697,PHL,FLL,31,2,0,0,29,0,11,2,381.0,0.06451612903225806,0.0,0.3793103448275862,0.06896551724137931,13.137931034482758
2023,1,20436,F9,14100,12889,PHL,LAS,31,0,0,0,31,0,14,8,823.0,0.0,0.0,0.45161290322580644,0.25806451612903225,26.548387096774192
2023,1,20436,F9,14100,13204,PHL,MCO,168,0,0,0,168,0,47,20,1827.0,0.0,0.0,0.27976190476190477,0.11904761904761904,10.875
2023,1,20436,F9,14100,13232,PHL,MDW,3,0,0,0,3,0,1,0,4.0,0.0,0.0,0.3333333333333333,0.0,1.3333333333333333
2023,1,20436,F9,14100,13303,PHL,MIA,23,1,0,0,22,0,4,2,-53.0,0.043478260869565216,0.0,0.18181818181818182,0.09090909090909091,-2.409090909090909
2023,1,20436,F9,14100,14107,PHL,PHX,31,1,0,0,30,0,18,6,781.0,0.03225806451612903,0.0,0.6,0.2,26.033333333333335
2023,1,20436,F9,14100,14635,PHL,RSW,31,0,0,0,31,0,6,2,-97.0,0.0,0.0,0.1935483870967742,0.06451612903225806,-3.129032258064516
2023,1,20436,F9,14100,15304,PHL,TPA,47,1,0,0,46,0,16,9,1001.0,0.02127659574468085,0.0,0.34782608695652173,0.1956521739130435,21.76086956521739
2023,1,20436,F9,14107,10397,PHX,ATL,32,1,0,0,31,0,18,10,1642.0,0.03125,0.0,0.5806451612903226,0.3225806451612903,52.96774193548387
2023,1,20436,F9,14107,10821,PHX,BWI,31,0,0,0,31,0,7,6,256.0,0.0,0.0,0.22580645161290322,0.1935483870967742,8.258064516129032
2023,1,20436,F9,14107,11292,PHX,DEN,101,3,0,0,98,0,22,9,803.0,0.0297029702970297,0.0,0.22448979591836735,0.09183673469387756,8.193877551020408
2023,1,20436,F9,14107,11298,PHX,DFW,22,0,0,0,22,0,2,0,-166.0,0.0,0.0,0.09090909090909091,0.0,-7.545454545454546
2023,1,20436,F9,14107,11433,PHX,DTW,31,0,0,0,31,0,10,1,433.0,0.0,0.0,0.3225806451612903,0.03225806451612903,13.96774193548387
2023,1,20436,F9,14107,11697,PHX,FLL,31,0,0,0,31,0,5,2,-16.0,0.0,0.0,0.16129032258064516,0.06451612903225806,-0.5161290322580645
2023,1,20436,F9,14107,12889,PHX,LAS,62,1,0,0,61,0,21,10,1624.0,0.016129032258064516,0.0,0.3442622950819672,0.16393442622950818,26.62295081967213
2023,1,20436,F9,14107,13204,PHX,MCO,31,0,0,0,31,0,9,6,557.0,0.0,0.0,0.2903225806451613,0.1935483870967742,17.967741935483872
2023,1,20436,F9,14107,13232,PHX,MDW,31,0,0,0,31,0,5,3,99.0,0.0,0.0,0.16129032258064516,0.0967741935483871,3.193548387096774
2023,1,20436,F9,14107,13487,PHX,MSP,12,0,0,0,12,0,4,1,96.0,0.0,0.0,0.3333333333333333,0.08333333333333333,8.0
2023,1,20436,F9,14107,13796,PHX,OAK,10,0,0,0,10,0,2,0,53.0,0.0,0.0,0.2,0.0,5.3
2023,1,20436,F9,14107,14100,PHX,PHL,31,2,0,0,29,0,11,4,507.0,0.06451612903225806,0.0,0.3793103448275862,0.13793103448275862,17.482758620689655
2023,1,20436,F9,14107,14679,PHX,SAN,25,0,0,0,25,0,5,2,270.0,0.0,0.0,0.2,0.08,10.8
2023,1,20436,F9,14107,14747,PHX,SEA,12,0,0,0,12,0,2,1,-19.0,0.0,0.0,0.16666666666666666,0.08333333333333333,-1.5833333333333333
2023,1,20436,F9,14107,14771,PHX,SFO,31,3,1,0,27,0,7,3,209.0,0.0967741935483871,0.03225806451612903,0.25925925925925924,0.1111111111111111,7.7407407407407405
2023,1,20436,F9,14107,14869,PHX,SLC,31,0,0,0,31,0,7,1,74.0,0.0,0.0,0.22580645161290322,0.03225806451612903,2.3870967741935485
2023,1,20436,F9,14635,11292,RSW,DEN,29,3,0,0,26,0,10,5,427.0,0.10344827586206896,0.0,0.38461538461538464,0.19230769230769232,16.423076923076923
2023,1,20436,F9,14635,14100,RSW,PHL,31,0,0,0,31,0,5,3,342.0,0.0,0.0,0.16129032258064516,0.0967741935483871,11.03225806451613
2023,1,20436,F9,14679,11292,SAN,DEN,62,2,0,0,60,0,11,4,298.0,0.03225806451612903,0.0,0.18333333333333332,0.06666666666666667,4.966666666666667
2023,1,20436,F9,14679,11298,SAN,DFW,21,1,0,0,20,0,8,1,206.0,0.047619047619047616,0.0,0.4,0.05,10.3
2023,1,20436,F9,14679,12889,SAN,LAS,33,2,0,0,31,0,17,5,906.0,0.06060606060606061,0.0,0.5483870967741935,0.16129032258064516,29.225806451612904
2023,1,20436,F9,14679,13204,SAN,MCO,3,0,0,0,3,0,0,0,4.0,0.0,0.0,0.0,0.0,1.3333333333333333
2023,1,20436,F9,14679,14107,SAN,PHX,25,0,0,0,25,0,7,1,173.0,0.0,0.0,0.28,0.04,6.92
2023,1,20436,F9,14747,11292,SEA,DEN,15,1,0,0,14,0,12,6,821.0,0.06666666666666667,0.0,0.8571428571428571,0.42857142857142855,58.642857142857146
2023,1,20436,F9,14747,12889,SEA,LAS,39,0,0,0,39,0,21,8,1274.0,0.0,0.0,0.5384615384615384,0.20512820512820512,32.666666666666664
2023,1,20436,F9,14747,14107,SEA,PHX,12,0,0,0,12,0,3,0,130.0,0.0,0.0,0.25,0.0,10.833333333333334
2023,1,20436,F9,14771,10397,SFO,ATL,4,0,0,0,4,0,4,3,433.0,0.0,0.0,1.0,0.75,108.25
2023,1,20436,F9,14771,11292,SFO,DEN,62,3,0,0,59,0,13,4,259.0,0.04838709677419355,0.0,0.22033898305084745,0.06779661016949153,4.389830508474576
2023,1,20436,F9,14771,11298,SFO,DFW,31,3,0,0,28,0,10,3,596.0,0.0967741935483871,0.0,0.35714285714285715,0.10714285714285714,21.285714285714285
2023,1,20436,F9,14771,12889,SFO,LAS,43,0,0,0,43,0,17,9,2198.0,0.0,0.0,0.3953488372093023,0.20930232558139536,51.116279069767444
2023,1,20436,F9,14771,14107,SFO,PHX,31,1,0,0,30,0,7,2,93.0,0.03225806451612903,0.0,0.23333333333333334,0.06666666666666667,3.1
2023,1,20436,F9,14869,11292,SLC,DEN,62,2,0,0,60,0,27,16,2115.0,0.03225806451612903,0.0,0.45,0.26666666666666666,35.25
2023,1,20436,F9,14869,12889,SLC,LAS,31,0,0,0,31,0,17,3,769.0,0.0,0.0,0.5483870967741935,0.0967741935483871,24.806451612903224
2023,1,20436,F9,14869,14107,SLC,PHX,31,1,0,0,30,0,17,9,2187.0,0.03225806451612903,0.0,0.5666666666666667,0.3,72.9
2023,1,20436,F9,15016,11292,STL,DEN,26,1,0,0,25,0,5,3,442.0,0.038461538461538464,0.0,0.2,0.12,17.68
2023,1,20436,F9,15016,12889,STL,LAS,31,0,0,0,31,0,9,4,357.0,0.0,0.0,0.2903225806451613,0.12903225806451613,11.516129032258064
2023,1,20436,F9,15016,13204,STL,MCO,31,1,0,0,30,0,10,6,613.0,0.03225806451612903,0.0,0.3333333333333333,0.2,20.433333333333334
2023,1,20436,F9,15016,15304,STL,TPA,17,0,0,0,17,0,6,0,30.0,0.0,0.0,0.35294117647058826,0.0,1.7647058823529411
2023,1,20436,F9,15304,10397,TPA,ATL,31,0,0,0,31,0,10,2,392.0,0.0,0.0,0.3225806451612903,0.06451612903225806,12.64516129032258
2023,1,20436,F9,15304,11292,TPA,DEN,78,4,0,0,74,0,26,8,1734.0,0.05128205128205128,0.0,0.35135135135135137,0.10810810810810811,23.43243243243243
2023,1,20436,F9,15304,11433,TPA,DTW,17,0,0,0,17,0,5,1,87.0,0.0,0.0,0.29411764705882354,0.058823529411764705,5.117647058823529
2023,1,20436,F9,15304,12889,TPA,LAS,53,0,1,0,52,0,15,2,463.0,0.0,0.018867924528301886,0.28846153846153844,0.038461538461538464,8.903846153846153
2023,1,20436,F9,15304,13232,TPA,MDW,31,1,1,0,29,0,6,0,189.0,0.03225806451612903,0.03225806451612903,0.20689655172413793,0.0,6.517241379310345
2023,1,20436,F9,15304,14100,TPA,PHL,49,3,0,0,46,0,20,9,967.0,0.061224489795918366,0.0,0.43478260869565216,0.1956521739130435,21.02173913043478
2023,1,20436,F9,15304,15016,TPA,STL,17,0,0,0,17,0,1,0,-21.0,0.0,0.0,0.058823529411764705,0.0,-1.2352941176470589
2023,1,20452,YX,10397,11278,ATL,DCA,63,0,0,0,63,0,4,1,-746.0,0.0,0.0,0.06349206349206349,0.015873015873015872,-11.841269841269842
2023,1,20452,YX,10397,11618,ATL,EWR,15,0,0,0,15,0,0,0,-158.0,0.0,0.0,0.0,0.0,-10.533333333333333
2023,1,20452,YX,10397,12953,ATL,LGA,104,1,2,0,101,0,24,6,52.0,0.009615384615384616,0.019230769230769232,0.2376237623762376,0.0594059405940594,0.5148514851485149
2023,1,20452,YX,10397,13303,ATL,MIA,5,0,0,0,5,0,1,0,-43.0,0.0,0.0,0.2,0.0,-8.6
2023,1,20452,YX,10397,13930,ATL,ORD,18,1,0,0,17,0,3,1,-192.0,0.05555555555555555,0.0,0.17647058823529413,0.058823529411764705,-11.294117647058824
2023,1,20452,YX,10721,10821,BOS,BWI,67,2,0,0,65,0,14,5,611.0,0.029850746268656716,0.0,0.2153846153846154,0.07692307692307693,9.4
2023,1,20452,YX,10721,11278,BOS,DCA,258,3,0,0,255,0,36,15,-679.0,0.011627906976744186,0.0,0.1411764705882353,0.058823529411764705,-2.6627450980392156
2023,1,20452,YX,10721,11618,BOS,EWR,66,1,0,0,65,0,13,6,352.0,0.015151515151515152,0.0,0.2,0.09230769230769231,5.415384615384616
2023,1,20452,YX,10721,12478,BOS,JFK,191,3,0,0,188,0,30,10,426.0,0.015706806282722512,0.0,0.1595744680851064,0.05319148936170213,2.265957446808511
2023,1,20452,YX,10721,12953,BOS,LGA,303,16,0,0,287,0,71,35,2576.0,0.052805280528052806,0.0,0.24738675958188153,0.12195121951219512,8.975609756097562
2023,1,20452,YX,10721,13930,BOS,ORD,22,0,0,0,22,0,2,1,-307.0,0.0,0.0,0.09090909090909091,0.045454545454545456,-13.954545454545455
2023,1,20452,YX,10721,14100,BOS,PHL,69,3,0,0,66,0,11,3,-338.0,0.043478260869565216,0.0,0.16666666666666666,0.045454545454545456,-5.121212121212121
2023,1,20452,YX,10721,15016,BOS,STL,44,0,0,0,44,0,6,2,-37.0,0.0,0.0,0.13636363636363635,0.045454545454545456,-0.8409090909090909
2023,1,20452,YX,10821,10721,BWI,BOS,66,3,0,0,63,0,7,2,-196.0,0.045454545454545456,0.0,0.1111111111111111,0.031746031746031744,-3.111111111111111
2023,1,20452,YX,10821,12478,BWI,JFK,23,0,0,0,23,0,3,1,57.0,0.0,0.0,0.13043478260869565,0.043478260869565216,2.4782608695652173
2023,1,20452,YX,11278,10397,DCA,ATL,63,1,0,0,62,0,6,2,-599.0,0.015873015873015872,0.0,0.0967741935483871,0.03225806451612903,-9.661290322580646
2023,1,20452,YX,11278,10721,DCA,BOS,256,4,0,0,252,0,32,14,-731.0,0.015625,0.0,0.12698412698412698,0.05555555555555555,-2.9007936507936507
2023,1,20452,YX,11278,11618,DCA,EWR,109,3,0,0,106,0,18,9,190.0,0.027522935779816515,0.0,0.16981132075471697,0.08490566037735849,1.7924528301886793
2023,1,20452,YX,11278,12478,DCA,JFK,225,4,0,0,221,0,44,14,1081.0,0.017777777777777778,0.0,0.19909502262443438,0.06334841628959276,4.891402714932127
2023,1,20452,YX,11278,12953,DCA,LGA,385,11,0,0,374,0,84,31,911.0,0.02857142857142857,0.0,0.22459893048128343,0.08288770053475936,2.435828877005348
2023,1,20452,YX,11278,13487,DCA,MSP,29,1,0,0,28,0,5,1,-160.0,0.034482758620689655,0.0,0.17857142857142858,0.03571428571428571,-5.714285714285714
2023,1,20452,YX,11278,13930,DCA,ORD,45,1,0,0,44,0,4,1,-431.0,0.022222222222222223,0.0,0.09090909090909091,0.022727272727272728,-9.795454545454545
2023,1,20452,YX,11278,14100,DCA,PHL,17,0,0,0,17,0,0,0,-245.0,0.0,0.0,0.0,0.0,-14.411764705882353
2023,1,20452,YX,11278,15016,DCA,STL,48,1,0,0,47,0,5,0,-357.0,0.020833333333333332,0.0,0.10638297872340426,0.0,-7.595744680851064
2023,1,20452,YX,11298,11618,DFW,EWR,4,0,0,0,4,0,0,0,-83.0,0.0,0.0,0.0,0.0,-20.75
2023,1,20452,YX,11433,11278,DTW,DCA,1,0,0,0,1,0,0,0,-9.0,0.0,0.0,0.0,0.0,-9.0
2023,1,20452,YX,11433,11618,DTW,EWR,68,1,0,0,67,0,18,4,553.0,0.014705882352941176,0.0,0.26865671641791045,0.05970149253731343,8.253731343283581
2023,1,20452,YX,11433,12953,DTW,LGA,93,7,0,0,86,0,19,5,269.0,0.07526881720430108,0.0,0.22093023255813954,0.05813953488372093,3.127906976744186
2023,1,20452,YX,11433,13930,DTW,ORD,33,0,0,0,33,0,6,1,-384.0,0.0,0.0,0.18181818181818182,0.030303030303030304,-11.636363636363637
2023,1,20452,YX,11433,14100,DTW,PHL,1,0,0,0,1,0,0,0,-20.0,0.0,0.0,0.0,0.0,-20.0
2023,1,20452,YX,11618,10397,EWR,ATL,15,0,0,0,15,0,0,0,-354.0,0.0,0.0,0.0,0.0,-23.6
2023,1,20452,YX,11618,10721,EWR,BOS,65,3,0,0,62,0,5,2,-851.0,0.046153846153846156,0.0,0.08064516129032258,0.03225806451612903,-13.725806451612904
2023,1,20452,YX,11618,11278,EWR,DCA,109,4,0,0,105,0,12,0,-783.0,0.03669724770642202,0.0,0.11428571428571428,0.0,-7.457142857142857
2023,1,20452,YX,11618,11298,EWR,DFW,4,0,0,0,4,0,0,0,-90.0,0.0,0.0,0.0,0.0,-22.5
2023,1,20452,YX,11618,11433,EWR,DTW,67,1,0,0,66,0,5,1,-868.0,0.014925373134328358,0.0,0.07575757575757576,0.015151515151515152,-13.151515151515152
2023,1,20452,YX,11618,13487,EWR,MSP,11,0,0,0,11,0,2,1,-109.0,0.0,0.0,0.18181818181818182,0.09090909090909091,-9.909090909090908
2023,1,20452,YX,11618,14100,EWR,PHL,54,1,0,0,53,0,6,0,-260.0,0.018518518518518517,0.0,0.11320754716981132,0.0,-4.90566037735849
2023,1,20452,YX,11618,15016,EWR,STL,12,0,0,0,12,0,4,0,92.0,0.0,0.0,0.3333333333333333,0.0,7.666666666666667
2023,1,20452,YX,12266,12953,IAH,LGA,50,1,1,0,48,0,23,14,2196.0,0.02,0.02,0.4791666666666667,0.2916666666666667,45.75
2023,1,20452,YX,12266,14100,IAH,PHL,21,0,0,0,21,0,2,1,-137.0,0.0,0.0,0.09523809523809523,0.047619047619047616,-6.523809523809524
2023,1,20452,YX,12478,10721,JFK,BOS,192,2,0,0,190,0,28,12,183.0,0.010416666666666666,0.0,0.14736842105263157,0.06315789473684211,0.9631578947368421
2023,1,20452,YX,12478,10821,JFK,BWI,24,1,0,0,23,0,11,8,869.0,0.041666666666666664,0.0,0.4782608695652174,0.34782608695652173,37.78260869565217
2023,1,20452,YX,12478,11278,JFK,DCA,227,3,0,0,224,0,42,13,403.0,0.013215859030837005,0.0,0.1875,0.05803571428571429,1.7991071428571428
2023,1,20452,YX,12478,13930,JFK,ORD,56,0,0,0,56,0,15,5,318.0,0.0,0.0,0.26785714285714285,0.08928571428571429,5.678571428571429
2023,1,20452,YX,12953,10397,LGA,ATL,104,3,0,0,101,0,13,2,-1350.0,0.028846153846153848,0.0,0.12871287128712872,0.019801980198019802,-13.366336633663366
2023,1,20452,YX,12953,10721,LGA,BOS,302,12,0,0,290,0,53,24,475.0,0.039735099337748346,0.0,0.18275862068965518,0.08275862068965517,1.6379310344827587
2023,1,20452,YX,12953,11278,LGA,DCA,389,8,1,0,380,0,50,18,-3319.0,0.02056555269922879,0.002570694087403599,0.13157894736842105,0.04736842105263158,-8.73421052631579
2023,1,20452,YX,12953,11433,LGA,DTW,94,3,0,0,91,0,11,5,-1119.0,0.031914893617021274,0.0,0.12087912087912088,0.054945054945054944,-12.296703296703297
2023,1,20452,YX,12953,12266,LGA,IAH,50,1,3,0,46,0,13,8,402.0,0.02,0.06,0.2826086956521739,0.17391304347826086,8.73913043478261
2023,1,20452,YX,12953,13487,LGA,MSP,52,1,0,0,51,0,4,2,-1418.0,0.019230769230769232,0.0,0.0784313725490196,0.0392156862745098,-27.80392156862745
2023,1,20452,YX,12953,13930,LGA,ORD,124,1,0,0,123,0,26,9,-801.0,0.008064516129032258,0.0,0.21138211382113822,0.07317073170731707,-6.512195121951219
2023,1,20452,YX,12953,15016,LGA,STL,152,2,0,0,150,0,14,7,-1651.0,0.013157894736842105,0.0,0.09333333333333334,0.04666666666666667,-11.006666666666666
2023,1,20452,YX,13303,10397,MIA,ATL,5,0,0,0,5,0,0,0,-24.0,0.0,0.0,0.0,0.0,-4.8
2023,1,20452,YX,13303,15304,MIA,TPA,6,0,0,0,6,0,0,0,-22.0,0.0,0.0,0.0,0.0,-3.6666666666666665
2023,1,20452,YX,13487,11278,MSP,DCA,29,1,0,0,28,0,4,1,-52.0,0.034482758620689655,0.0,0.14285714285714285,0.03571428571428571,-1.8571428571428572
2023,1,20452,YX,13487,11618,MSP,EWR,11,0,0,0,11,0,6,2,305.0,0.0,0.0,0.5454545454545454,0.18181818181818182,27.727272727272727
2023,1,20452,YX,13487,12953,MSP,LGA,52,1,0,0,51,0,15,6,1615.0,0.019230769230769232,0.0,0.29411764705882354,0.11764705882352941,31.666666666666668
2023,1,20452,YX,13487,13930,MSP,ORD,3,0,0,0,3,0,0,0,-16.0,0.0,0.0,0.0,0.0,-5.333333333333333
2023,1,20452,YX,13930,10397,ORD,ATL,18,1,0,0,17,0,3,0,-144.0,0.05555555555555555,0.0,0.17647058823529413,0.0,-8.470588235294118
2023,1,20452,YX,13930,10721,ORD,BOS,22,0,0,0,22,0,4,1,0.0,0.0,0.0,0.18181818181818182,0.045454545454545456,0.0
2023,1,20452,YX,13930,11278,ORD,DCA,45,0,0,0,45,0,10,0,-105.0,0.0,0.0,0.2222222222222222,0.0,-2.3333333333333335
2023,1,20452,YX,13930,11433,ORD,DTW,32,0,0,0,32,0,4,2,-148.0,0.0,0.0,0.125,0.0625,-4.625
2023,1,20452,YX,13930,12478,ORD,JFK,56,0,0,0,56,0,22,10,774.0,0.0,0.0,0.39285714285714285,0.17857142857142858,13.821428571428571
2023,1,20452,YX,13930,12953,ORD,LGA,123,2,0,0,121,0,35,13,873.0,0.016260162601626018,0.0,0.2892561983471074,0.10743801652892562,7.214876033057851
2023,1,20452,YX,13930,13487,ORD,MSP,3,0,0,0,3,0,0,0,-39.0,0.0,0.0,0.0,0.0,-13.0
2023,1,20452,YX,13930,14100,ORD,PHL,27,0,0,0,27,0,5,1,-74.0,0.0,0.0,0.18518518518518517,0.037037037037037035,-2.740740740740741
2023,1,20452,YX,13930,15016,ORD,STL,1,0,0,0,1,0,0,0,-11.0,0.0,0.0,0.0,0.0,-11.0
2023,1,20452,YX,14100,10721,PHL,BOS,67,2,0,0,65,0,7,3,165.0,0.029850746268656716,0.0,0.1076923076923077,0.046153846153846156,2.5384615384615383
2023,1,20452,YX,14100,11278,PHL,DCA,17,0,0,0,17,0,0,0,-246.0,0.0,0.0,0.0,0.0,-14.470588235294118
2023,1,20452,YX,14100,11433,PHL,DTW,1,0,0,0,1,0,0,0,-14.0,0.0,0.0,0.0,0.0,-14.0
2023,1,20452,YX,14100,11618,PHL,EWR,54,1,0,0,53,0,5,1,-293.0,0.018518518518518517,0.0,0.09433962264150944,0.018867924528301886,-5.528301886792453
2023,1,20452,YX,14100,12266,PHL,IAH,22,0,2,0,20,0,5,2,-42.0,0.0,0.09090909090909091,0.25,0.1,-2.1
2023,1,20452,YX,14100,13930,PHL,ORD,27,0,0,0,27,0,3,1,-183.0,0.0,0.0,0.1111111111111111,0.037037037037037035,-6.777777777777778
2023,1,20452,YX,14100,14635,PHL,RSW,22,0,0,0,22,0,5,3,121.0,0.0,0.0,0.22727272727272727,0.13636363636363635,5.5
2023,1,20452,YX,14100,15016,PHL,STL,22,0,0,0,22,0,2,1,-73.0,0.0,0.0,0.09090909090909091,0.045454545454545456,-3.3181818181818183
2023,1,20452,YX,14635,14100,RSW,PHL,22,0,0,0,22,0,5,2,17.0,0.0,0.0,0.22727272727272727,0.09090909090909091,0.7727272727272727
2023,1,20452,YX,15016,10721,STL,BOS,44,0,0,0,44,0,7,3,216.0,0.0,0.0,0.1590909090909091,0.06818181818181818,4.909090909090909
2023,1,20452,YX,15016,11278,STL,DCA,47,1,1,0,45,0,7,2,69.0,0.02127659574468085,0.02127659574468085,0.15555555555555556,0.044444444444444446,1.5333333333333334
2023,1,20452,YX,15016,11618,STL,EWR,12,0,0,0,12,0,7,1,390.0,0.0,0.0,0.5833333333333334,0.08333333333333333,32.5
2023,1,20452,YX,15016,12953,STL,LGA,151,1,0,0,150,0,26,12,-83.0,0.006622516556291391,0.0,0.17333333333333334,0.08,-0.5533333333333333
2023,1,20452,YX,15016,13930,STL,ORD,1,0,0,0,1,0,0,0,-6.0,0.0,0.0,0.0,0.0,-6.0
2023,1,20452,YX,15016,14100,STL,PHL,22,0,0,0,22,0,2,1,-103.0,0.0,0.0,0.09090909090909091,0.045454545454545456,-4.681818181818182
2023,1,20452,YX,15304,13303,TPA,MIA,6,0,0,0,6,0,2,0,25.0,0.0,0.0,0.3333333333333333,0.0,4.166666666666667
2023,2,19393,WN,10397,10821,ATL,BWI,152,0,0,0,152,0,19,3,-474.0,0.0,0.0,0.125,0.019736842105263157,-3.1184210526315788
2023,2,19393,WN,10397,11278,ATL,DCA,108,0,0,0,108,0,11,2,-481.0,0.0,0.0,0.10185185185185185,0.018518518518518517,-4.453703703703703
2023,2,19393,WN,10397,11292,ATL,DEN,88,1,0,0,87,0,12,0,-154.0,0.011363636363636364,0.0,0.13793103448275862,0.0,-1.7701149425287357
2023,2,19393,WN,10397,11697,ATL,FLL,93,0,0,0,93,0,16,2,-318.0,0.0,0.0,0.17204301075268819,0.021505376344086023,-3.4193548387096775
2023,2,19393,WN,10397,12889,ATL,LAS,32,0,0,0,32,0,4,0,-231.0,0.0,0.0,0.125,0.0,-7.21875
2023,2,19393,WN,10397,12953,ATL,LGA,104,1,0,0,103,0,12,3,-70.0,0.009615384615384616,0.0,0.11650485436893204,0.02912621359223301,-0.6796116504854369
2023,2,19393,WN,10397,13204,ATL,MCO,116,0,0,0,116,0,14,1,-239.0,0.0,0.0,0.1206896551724138,0.008620689655172414,-2.060344827586207
2023,2,19393,WN,10397,13232,ATL,MDW,136,4,0,0,132,0,15,3,-131.0,0.029411764705882353,0.0,0.11363636363636363,0.022727272727272728,-0.9924242424242424
2023,2,19393,WN,10397,13303,ATL,MIA,56,0,0,0,56,0,7,2,-108.0,0.0,0.0,0.125,0.03571428571428571,-1.9285714285714286
2023,2,19393,WN,10397,14100,ATL,PHL,29,0,0,0,29,0,8,0,80.0,0.0,0.0,0.27586206896551724,0.0,2.7586206896551726
2023,2,19393,WN,10397,14107,ATL,PHX,32,0,0,0,32,0,6,1,28.0,0.0,0.0,0.1875,0.03125,0.875
2023,2,19393,WN,10397,14635,ATL,RSW,32,0,0,0,32,0,5,1,77.0,0.0,0.0,0.15625,0.03125,2.40625
2023,2,19393,WN,10397,15016,ATL,STL,80,0,0,0,80,0,10,1,-244.0,0.0,0.0,0.125,0.0125,-3.05
2023,2,19393,WN,10397,15304,ATL,TPA,112,0,0,0,112,0,12,1,-467.0,0.0,0.0,0.10714285714285714,0.008928571428571428,-4.169642857142857
2023,2,19393,WN,10721,10821,BOS,BWI,160,4,0,0,156,0,14,4,-449.0,0.025,0.0,0.08974358974358974,0.02564102564102564,-2.878205128205128
2023,2,19393,WN,10721,11292,BOS,DEN,28,2,0,0,26,0,4,1,-186.0,0.07142857142857142,0.0,0.15384615384615385,0.038461538461538464,-7.153846153846154
2023,2,19393,WN,10721,13204,BOS,MCO,4,0,0,0,4,0,2,0,111.0,0.0,0.0,0.5,0.0,27.75
2023,2,19393,WN,10721,13232,BOS,MDW,80,7,1,0,72,0,10,3,-23.0,0.0875,0.0125,0.1388888888888889,0.041666666666666664,-0.3194444444444444
2023,2,19393,WN,10721,15016,BOS,STL,48,1,0,0,47,0,9,3,42.0,0.020833333333333332,0.0,0.19148936170212766,0.06382978723404255,0.8936170212765957
2023,2,19393,WN,10821,10397,BWI,ATL,152,1,0,0,151,0,24,3,-290.0,0.006578947368421052,0.0,0.15894039735099338,0.019867549668874173,-1.9205298013245033
2023,2,19393,WN,10821,10721,BWI,BOS,160,4,0,0,156,0,23,6,1.0,0.025,0.0,0.14743589743589744,0.038461538461538464,0.00641025641025641
2023,2,19393,WN,10821,11292,BWI,DEN,108,0,1,0,107,0,32,3,247.0,0.0,0.009259259259259259,0.29906542056074764,0.028037383177570093,2.308411214953271
2023,2,19393,WN,10821,11433,BWI,DTW,60,1,0,0,59,0,13,0,278.0,0.016666666666666666,0.0,0.22033898305084745,0.0,4.711864406779661
2023,2,19393,WN,10821,11697,BWI,FLL,224,0,1,0,223,0,48,4,-365.0,0.0,0.004464285714285714,0.21524663677130046,0.017937219730941704,-1.6367713004484306
2023,2,19393,WN,10821,12889,BWI,LAS,84,0,3,0,81,0,21,7,351.0,0.0,0.03571428571428571,0.25925925925925924,0.08641975308641975,4.333333333333333
2023,2,19393,WN,10821,12892,BWI,LAX,32,0,2,0,30,0,9,5,370.0,0.0,0.0625,0.3,0.16666666666666666,12.333333333333334
2023,2,19393,WN,10821,13204,BWI,MCO,264,0,2,0,262,0,43,9,-39.0,0.0,0.007575757575757576,0.16412213740458015,0.03435114503816794,-0.14885496183206107
2023,2,19393,WN,10821,13232,BWI,MDW,160,5,0,0,155,0,35,6,611.0,0.03125,0.0,0.22580645161290322,0.03870967741935484,3.9419354838709677
2023,2,19393,WN,10821,13303,BWI,MIA,113,0,0,0,113,0,12,2,-685.0,0.0,0.0,0.10619469026548672,0.017699115044247787,-6.061946902654867
2023,2,19393,WN,10821,13487,BWI,MSP,20,1,0,0,19,0,6,1,136.0,0.05,0.0,0.3157894736842105,0.05263157894736842,7.157894736842105
2023,2,19393,WN,10821,13930,BWI,ORD,76,2,0,0,74,0,10,5,245.0,0.02631578947368421,0.0,0.13513513513513514,0.06756756756756757,3.310810810810811
2023,2,19393,WN,10821,14107,BWI,PHX,64,0,0,0,64,0,30,4,853.0,0.0,0.0,0.46875,0.0625,13.328125
2023,2,19393,WN,10821,14635,BWI,RSW,120,0,0,0,120,0,12,2,-444.0,0.0,0.0,0.1,0.016666666666666666,-3.7
2023,2,19393,WN,10821,14679,BWI,SAN,28,1,1,0,26,0,9,1,105.0,0.03571428571428571,0.03571428571428571,0.34615384615384615,0.038461538461538464,4.038461538461538
2023,2,19393,WN,10821,14869,BWI,SLC,8,0,0,0,8,0,4,1,103.0,0.0,0.0,0.5,0.125,12.875
2023,2,19393,WN,10821,15016,BWI,STL,80,1,0,0,79,0,11,4,9.0,0.0125,0.0,0.13924050632911392,0.05063291139240506,0.11392405063291139
2023,2,19393,WN,10821,15304,BWI,TPA,205,1,0,0,204,0,25,8,-589.0,0.004878048780487805,0.0,0.12254901960784313,0.0392156862745098,-2.8872549019607843
2023,2,19393,WN,11278,10397,DCA,ATL,108,1,0,0,107,0,11,4,-631.0,0.009259259259259259,0.0,0.102803738317757,0.037383177570093455,-5.897196261682243
2023,2,19393,WN,11278,11697,DCA,FLL,64,0,0,0,64,0,12,2,-226.0,0.0,0.0,0.1875,0.03125,-3.53125
2023,2,19393,WN,11278,13204,DCA,MCO,76,0,0,0,76,0,8,1,-400.0,0.0,0.0,0.10526315789473684,0.013157894736842105,-5.2631578947368425
2023,2,19393,WN,11278,13232,DCA,MDW,160,6,0,0,154,0,15,1,-535.0,0.0375,0.0,0.09740259740259741,0.006493506493506494,-3.4740259740259742
2023,2,19393,WN,11278,14635,DCA,RSW,4,0,0,0,4,0,0,0,-65.0,0.0,0.0,0.0,0.0,-16.25
2023,2,19393,WN,11278,15016,DCA,STL,104,2,0,0,102,0,10,0,-513.0,0.019230769230769232,0.0,0.09803921568627451,0.0,-5.029411764705882
2023,2,19393,WN,11278,15304,DCA,TPA,60,1,0,0,59,0,5,1,-540.0,0.016666666666666666,0.0,0.0847457627118644,0.01694915254237288,-9.152542372881356
2023,2,19393,WN,11292,10397,DEN,ATL,88,0,0,0,88,0,17,4,109.0,0.0,0.0,0.19318181818181818,0.045454545454545456,1.2386363636363635
2023,2,19393,WN,11292,10721,DEN,BOS,28,0,0,0,28,0,11,1,379.0,0.0,0.0,0.39285714285714285,0.03571428571428571,13.535714285714286
2023,2,19393,WN,11292,10821,DEN,BWI,108,4,0,0,104,0,26,7,581.0,0.037037037037037035,0.0,0.25,0.0673076923076923,5.586538461538462
2023,2,19393,WN,11292,11433,DEN,DTW,28,1,0,0,27,0,10,2,326.0,0.03571428571428571,0.0,0.37037037037037035,0.07407407407407407,12.074074074074074
2023,2,19393,WN,11292,11697,DEN,FLL,36,0,0,0,36,0,13,4,728.0,0.0,0.0,0.3611111111111111,0.1111111111111111,20.22222222222222
2023,2,19393,WN,11292,12266,DEN,IAH,84,1,0,0,83,0,24,8,1163.0,0.011904761904761904,0.0,0.2891566265060241,0.0963855421686747,14.012048192771084
2023,2,19393,WN,11292,12889,DEN,LAS,332,15,0,0,317,0,74,16,2042.0,0.045180722891566265,0.0,0.2334384858044164,0.050473186119873815,6.441640378548896
2023,2,19393,WN,11292,12892,DEN,LAX,170,9,1,0,160,0,30,7,9.0,0.052941176470588235,0.0058823529411764705,0.1875,0.04375,0.05625
2023,2,19393,WN,11292,12953,DEN,LGA,104,3,0,0,101,0,25,8,558.0,0.028846153846153848,0.0,0.24752475247524752,0.07920792079207921,5.524752475247524
2023,2,19393,WN,11292,13204,DEN,MCO,112,3,0,0,109,0,20,5,270.0,0.026785714285714284,0.0,0.1834862385321101,0.045871559633027525,2.477064220183486
2023,2,19393,WN,11292,13232,DEN,MDW,212,7,0,0,205,0,44,6,150.0,0.0330188679245283,0.0,0.2146341463414634,0.02926829268292683,0.7317073170731707
2023,2,19393,WN,11292,13303,DEN,MIA,8,0,0,0,8,0,2,0,31.0,0.0,0.0,0.25,0.0,3.875
2023,2,19393,WN,11292,13487,DEN,MSP,156,13,0,0,143,0,28,4,105.0,0.08333333333333333,0.0,0.1958041958041958,0.027972027972027972,0.7342657342657343
2023,2,19393,WN,11292,13796,DEN,OAK,136,3,0,0,133,0,31,3,447.0,0.022058823529411766,0.0,0.23308270676691728,0.022556390977443608,3.3609022556390977
2023,2,19393,WN,11292,13930,DEN,ORD,152,9,0,0,143,0,17,6,-1357.0,0.05921052631578947,0.0,0.11888111888111888,0.04195804195804196,-9.48951048951049
2023,2,19393,WN,11292,14100,DEN,PHL,28,0,0,0,28,0,6,2,133.0,0.0,0.0,0.21428571428571427,0.07142857142857142,4.75
2023,2,19393,WN,11292,14107,DEN,PHX,336,12,1,0,323,0,82,20,1967.0,0.03571428571428571,0.002976190476190476,0.25386996904024767,0.06191950464396285,6.089783281733746
2023,2,19393,WN,11292,14635,DEN,RSW,4,0,0,0,4,0,0,0,-9.0,0.0,0.0,0.0,0.0,-2.25
2023,2,19393,WN,11292,14679,DEN,SAN,152,1,0,0,151,0,31,8,343.0,0.006578947368421052,0.0,0.2052980132450331,0.052980132450331126,2.271523178807947
2023,2,19393,WN,11292,14747,DEN,SEA,84,3,2,0,79,0,18,2,143.0,0.03571428571428571,0.023809523809523808,0.22784810126582278,0.02531645569620253,1.8101265822784811
2023,2,19393,WN,11292,14771,DEN,SFO,80,2,0,0,78,0,19,2,220.0,0.025,0.0,0.24358974358974358,0.02564102564102564,2.8205128205128207
2023,2,19393,WN,11292,14869,DEN,SLC,204,10,0,0,194,0,54,16,1404.0,0.049019607843137254,0.0,0.27835051546391754,0.08247422680412371,7.237113402061856
2023,2,19393,WN,11292,15016,DEN,STL,132,3,1,0,128,0,22,6,367.0,0.022727272727272728,0.007575757575757576,0.171875,0.046875,2.8671875
2023,2,19393,WN,11292,15304,DEN,TPA,84,0,0,0,84,0,20,2,213.0,0.0,0.0,0.23809523809523808,0.023809523809523808,2.5357142857142856
2023,2,19393,WN,11433,10821,DTW,BWI,60,2,0,0,58,0,2,0,-719.0,0.03333333333333333,0.0,0.034482758620689655,0.0,-12.39655172413793
2023,2,19393,WN,11433,11292,DTW,DEN,28,1,0,0,27,0,2,1,-201.0,0.03571428571428571,0.0,0.07407407407407407,0.037037037037037035,-7.444444444444445
2023,2,19393,WN,11433,13204,DTW,MCO,5,0,0,0,5,0,0,0,-39.0,0.0,0.0,0.0,0.0,-7.8
2023,2,19393,WN,11433,13232,DTW,MDW,81,5,0,0,76,0,10,2,-689.0,0.06172839506172839,0.0,0.13157894736842105,0.02631578947368421,-9.06578947368421
2023,2,19393,WN,11433,14107,DTW,PHX,4,0,0,0,4,0,2,0,20.0,0.0,0.0,0.5,0.0,5.0
2023,2,19393,WN,11433,15016,DTW,STL,48,1,0,0,47,0,11,4,237.0,0.020833333333333332,0.0,0.23404255319148937,0.0851063829787234,5.042553191489362
2023,2,19393,WN,11697,10397,FLL,ATL,92,0,0,0,92,0,20,0,113.0,0.0,0.0,0.21739130434782608,0.0,1.2282608695652173
2023,2,19393,WN,11697,10821,FLL,BWI,224,0,0,0,224,0,34,9,601.0,0.0,0.0,0.15178571428571427,0.04017857142857143,2.6830357142857144
2023,2,19393,WN,11697,11278,FLL,DCA,64,1,0,0,63,0,15,2,273.0,0.015625,0.0,0.23809523809523808,0.031746031746031744,4.333333333333333
2023,2,19393,WN,11697,11292,FLL,DEN,36,0,0,0,36,0,3,0,-177.0,0.0,0.0,0.08333333333333333,0.0,-4.916666666666667
2023,2,19393,WN,11697,13204,FLL,MCO,52,0,0,0,52,0,10,3,332.0,0.0,0.0,0.19230769230769232,0.057692307692307696,6.384615384615385
2023,2,19393,WN,11697,13232,FLL,MDW,112,1,0,0,111,0,19,6,530.0,0.008928571428571428,0.0,0.17117117117117117,0.05405405405405406,4.774774774774775
2023,2,19393,WN,11697,14100,FLL,PHL,4,0,0,0,4,0,1,0,-4.0,0.0,0.0,0.25,0.0,-1.0
2023,2,19393,WN,11697,14107,FLL,PHX,4,0,0,0,4,0,1,0,58.0,0.0,0.0,0.25,0.0,14.5
2023,2,19393,WN,11697,15016,FLL,STL,40,0,0,0,40,0,13,4,335.0,0.0,0.0,0.325,0.1,8.375
2023,2,19393,WN,11697,15304,FLL,TPA,56,0,0,0,56,0,8,2,-10.0,0.0,0.0,0.14285714285714285,0.03571428571428571,-0.17857142857142858
2023,2,19393,WN,12173,12889,HNL,LAS,28,0,0,0,28,0,4,2,-19.0,0.0,0.0,0.14285714285714285,0.07142857142857142,-0.6785714285714286
2023,2,19393,WN,12173,12892,HNL,LAX,28,0,0,0,28,0,4,1,97.0,0.0,0.0,0.14285714285714285,0.03571428571428571,3.4642857142857144
2023,2,19393,WN,12173,13796,HNL,OAK,56,0,0,0,56,0,17,3,522.0,0.0,0.0,0.30357142857142855,0.05357142857142857,9.321428571428571
2023,2,19393,WN,12173,14107,HNL,PHX,28,0,0,0,28,0,6,1,134.0,0.0,0.0,0.21428571428571427,0.03571428571428571,4.785714285714286
2023,2,19393,WN,12173,14679,HNL,SAN,56,0,0,0,56,0,8,1,25.0,0.0,0.0,0.14285714285714285,0.017857142857142856,0.44642857142857145
2023,2,19393,WN,12266,11292,IAH,DEN,84,1,0,0,83,0,14,7,-189.0,0.011904761904761904,0.0,0.1686746987951807,0.08433734939759036,-2.2771084337349397
2023,2,19393,WN,12266,12889,IAH,LAS,48,0,0,0,48,0,12,2,89.0,0.0,0.0,0.25,0.041666666666666664,1.8541666666666667
2023,2,19393,WN,12266,13204,IAH,MCO,32,0,0,0,32,0,3,0,-219.0,0.0,0.0,0.09375,0.0,-6.84375
2023,2,19393,WN,12266,13232,IAH,MDW,56,0,0,0,56,0,5,1,-121.0,0.0,0.0,0.08928571428571429,0.017857142857142856,-2.1607142857142856
2023,2,19393,WN,12889,10397,LAS,ATL,32,0,0,0,32,0,6,2,147.0,0.0,0.0,0.1875,0.0625,4.59375
2023,2,19393,WN,12889,10821,LAS,BWI,84,0,0,0,84,0,20,3,205.0,0.0,0.0,0.23809523809523808,0.03571428571428571,2.4404761904761907
2023,2,19393,WN,12889,11292,LAS,DEN,328,18,1,0,309,0,65,17,1298.0,0.054878048780487805,0.003048780487804878,0.21035598705501618,0.05501618122977346,4.200647249190938
2023,2,19393,WN,12889,12173,LAS,HNL,28,0,0,0,28,0,9,1,64.0,0.0,0.0,0.32142857142857145,0.03571428571428571,2.2857142857142856
2023,2,19393,WN,12889,12266,LAS,IAH,48,0,0,0,48,0,9,3,586.0,0.0,0.0,0.1875,0.0625,12.208333333333334
2023,2,19393,WN,12889,12892,LAS,LAX,244,4,0,0,240,0,75,17,3090.0,0.01639344262295082,0.0,0.3125,0.07083333333333333,12.875
2023,2,19393,WN,12889,13204,LAS,MCO,8,0,0,0,8,0,1,0,14.0,0.0,0.0,0.125,0.0,1.75
2023,2,19393,WN,12889,13232,LAS,MDW,191,2,0,0,189,0,33,6,195.0,0.010471204188481676,0.0,0.1746031746031746,0.031746031746031744,1.0317460317460319
2023,2,19393,WN,12889,13796,LAS,OAK,295,4,0,0,291,0,82,20,3068.0,0.013559322033898305,0.0,0.281786941580756,0.06872852233676977,10.542955326460481
2023,2,19393,WN,12889,13930,LAS,ORD,56,1,0,0,55,0,6,1,-401.0,0.017857142857142856,0.0,0.10909090909090909,0.01818181818181818,-7.290909090909091
2023,2,19393,WN,12889,14107,LAS,PHX,302,5,0,0,297,0,80,23,2456.0,0.016556291390728478,0.0,0.26936026936026936,0.07744107744107744,8.26936026936027
2023,2,19393,WN,12889,14679,LAS,SAN,332,3,0,0,329,0,108,26,4006.0,0.009036144578313253,0.0,0.3282674772036474,0.0790273556231003,12.17629179331307
2023,2,19393,WN,12889,14747,LAS,SEA,60,0,0,0,60,0,10,4,140.0,0.0,0.0,0.16666666666666666,0.06666666666666667,2.3333333333333335
2023,2,19393,WN,12889,14771,LAS,SFO,92,2,0,0,90,0,15,3,427.0,0.021739130434782608,0.0,0.16666666666666666,0.03333333333333333,4.7444444444444445
2023,2,19393,WN,12889,14869,LAS,SLC,136,6,0,0,130,0,31,6,713.0,0.04411764705882353,0.0,0.23846153846153847,0.046153846153846156,5.484615384615385
2023,2,19393,WN,12889,15016,LAS,STL,84,0,0,0,84,0,14,7,603.0,0.0,0.0,0.16666666666666666,0.08333333333333333,7.178571428571429
2023,2,19393,WN,12889,15304,LAS,TPA,4,0,0,0,4,0,2,1,156.0,0.0,0.0,0.5,0.25,39.0
2023,2,19393,WN,12892,10821,LAX,BWI,32,0,0,0,32,0,5,2,-183.0,0.0,0.0,0.15625,0.0625,-5.71875
2023,2,19393,WN,12892,11292,LAX,DEN,169,9,0,0,160,0,18,6,-763.0,0.05325443786982249,0.0,0.1125,0.0375,-4.76875
2023,2,19393,WN,12892,12173,LAX,HNL,28,0,0,0,28,0,2,0,-276.0,0.0,0.0,0.07142857142857142,0.0,-9.857142857142858
2023,2,19393,WN,12892,12889,LAX,LAS,244,4,0,0,240,0,64,20,2611.0,0.01639344262295082,0.0,0.26666666666666666,0.08333333333333333,10.879166666666666
2023,2,19393,WN,12892,13232,LAX,MDW,84,0,0,0,84,0,7,0,-567.0,0.0,0.0,0.08333333333333333,0.0,-6.75
2023,2,19393,WN,12892,13796,LAX,OAK,216,3,0,0,213,0,32,8,457.0,0.013888888888888888,0.0,0.15023474178403756,0.03755868544600939,2.1455399061032865
2023,2,19393,WN,12892,14107,LAX,PHX,160,1,1,0,158,0,34,9,828.0,0.00625,0.00625,0.21518987341772153,0.056962025316455694,5.2405063291139244
2023,2,19393,WN,12892,14771,LAX,SFO,116,0,0,0,116,0,30,7,751.0,0.0,0.0,0.25862068965517243,0.0603448275862069,6.474137931034483
2023,2,19393,WN,12892,14869,LAX,SLC,49,1,0,0,48,0,8,4,295.0,0.02040816326530612,0.0,0.16666666666666666,0.08333333333333333,6.145833333333333
2023,2,19393,WN,12892,15016,LAX,STL,28,0,0,0,28,0,4,1,-191.0,0.0,0.0,0.14285714285714285,0.03571428571428571,-6.821428571428571
2023,2,19393,WN,12953,10397,LGA,ATL,104,2,0,0,102,0,14,2,-548.0,0.019230769230769232,0.0,0.13725490196078433,0.0196078431372549,-5.372549019607843
2023,2,19393,WN,12953,11292,LGA,DEN,104,1,0,0,103,0,29,10,722.0,0.009615384615384616,0.0,0.2815533980582524,0.0970873786407767,7.009708737864078
2023,2,19393,WN,12953,13204,LGA,MCO,12,0,0,0,12,0,1,0,-90.0,0.0,0.0,0.08333333333333333,0.0,-7.5
2023,2,19393,WN,12953,13232,LGA,MDW,196,9,0,0,187,0,41,13,467.0,0.04591836734693878,0.0,0.2192513368983957,0.06951871657754011,2.4973262032085564
2023,2,19393,WN,12953,15016,LGA,STL,124,6,0,0,118,0,18,6,-246.0,0.04838709677419355,0.0,0.15254237288135594,0.05084745762711865,-2.0847457627118646
2023,2,19393,WN,12953,15304,LGA,TPA,32,0,0,0,32,0,7,3,87.0,0.0,0.0,0.21875,0.09375,2.71875
2023,2,19393,WN,13204,10397,MCO,ATL,116,0,0,0,116,0,9,1,-116.0,0.0,0.0,0.07758620689655173,0.008620689655172414,-1.0
2023,2,19393,WN,13204,10721,MCO,BOS,4,0,0,0,4,0,2,0,54.0,0.0,0.0,0.5,0.0,13.5
2023,2,19393,WN,13204,10821,MCO,BWI,266,1,0,0,265,0,41,3,-420.0,0.0037593984962406013,0.0,0.15471698113207547,0.011320754716981131,-1.5849056603773586
2023,2,19393,WN,13204,11278,MCO,DCA,76,0,0,0,76,0,15,1,205.0,0.0,0.0,0.19736842105263158,0.013157894736842105,2.6973684210526314
2023,2,19393,WN,13204,11292,MCO,DEN,116,1,0,0,115,0,11,2,-578.0,0.008620689655172414,0.0,0.09565217391304348,0.017391304347826087,-5.026086956521739
2023,2,19393,WN,13204,11433,MCO,DTW,6,0,0,0,6,0,2,0,7.0,0.0,0.0,0.3333333333333333,0.0,1.1666666666666667
2023,2,19393,WN,13204,11697,MCO,FLL,52,0,0,0,52,0,7,4,-2.0,0.0,0.0,0.1346153846153846,0.07692307692307693,-0.038461538461538464
2023,2,19393,WN,13204,12266,MCO,IAH,32,0,0,0,32,0,3,1,-368.0,0.0,0.0,0.09375,0.03125,-11.5
2023,2,19393,WN,13204,12889,MCO,LAS,12,0,0,0,12,0,3,0,48.0,0.0,0.0,0.25,0.0,4.0
2023,2,19393,WN,13204,12953,MCO,LGA,12,0,0,0,12,0,6,1,241.0,0.0,0.0,0.5,0.08333333333333333,20.083333333333332
2023,2,19393,WN,13204,13232,MCO,MDW,200,0,1,0,199,0,32,3,-26.0,0.0,0.005,0.16080402010050251,0.01507537688442211,-0.1306532663316583
2023,2,19393,WN,13204,13930,MCO,ORD,64,3,0,0,61,0,5,1,-153.0,0.046875,0.0,0.08196721311475409,0.01639344262295082,-2.5081967213114753
2023,2,19393,WN,13204,14100,MCO,PHL,20,0,0,0,20,0,5,0,12.0,0.0,0.0,0.25,0.0,0.6
2023,2,19393,WN,13204,14107,MCO,PHX,28,0,0,0,28,0,3,0,-331.0,0.0,0.0,0.10714285714285714,0.0,-11.821428571428571
2023,2,19393,WN,13204,14635,MCO,RSW,28,0,0,0,28,0,5,0,-16.0,0.0,0.0,0.17857142857142858,0.0,-0.5714285714285714
2023,2,19393,WN,13204,15016,MCO,STL,120,0,0,0,120,0,12,0,-434.0,0.0,0.0,0.1,0.0,-3.6166666666666667
2023,2,19393,WN,13232,10397,MDW,ATL,136,4,0,0,132,0,21,1,-332.0,0.029411764705882353,0.0,0.1590909090909091,0.007575757575757576,-2.515151515151515
2023,2,19393,WN,13232,10721,MDW,BOS,80,6,0,0,74,0,7,2,-437.0,0.075,0.0,0.0945945945945946,0.02702702702702703,-5.905405405405405
2023,2,19393,WN,13232,10821,MDW,BWI,156,6,0,0,150,0,20,4,-648.0,0.038461538461538464,0.0,0.13333333333333333,0.02666666666666667,-4.32
2023,2,19393,WN,13232,11278,MDW,DCA,160,4,0,0,156,0,11,0,-1576.0,0.025,0.0,0.07051282051282051,0.0,-10.102564102564102
2023,2,19393,WN,13232,11292,MDW,DEN,212,5,0,0,207,0,42,9,-321.0,0.02358490566037736,0.0,0.2028985507246377,0.043478260869565216,-1.5507246376811594
2023,2,19393,WN,13232,11433,MDW,DTW,80,5,0,0,75,0,10,3,-74.0,0.0625,0.0,0.13333333333333333,0.04,-0.9866666666666667
2023,2,19393,WN,13232,11697,MDW,FLL,112,1,0,0,111,0,14,4,-370.0,0.008928571428571428,0.0,0.12612612612612611,0.036036036036036036,-3.3333333333333335
2023,2,19393,WN,13232,12266,MDW,IAH,56,0,0,0,56,0,6,2,-186.0,0.0,0.0,0.10714285714285714,0.03571428571428571,-3.3214285714285716
2023,2,19393,WN,13232,12889,MDW,LAS,189,3,0,0,186,0,51,14,731.0,0.015873015873015872,0.0,0.27419354838709675,0.07526881720430108,3.9301075268817205
2023,2,19393,WN,13232,12892,MDW,LAX,84,0,1,0,83,0,24,8,210.0,0.0,0.011904761904761904,0.2891566265060241,0.0963855421686747,2.5301204819277108
2023,2,19393,WN,13232,12953,MDW,LGA,196,7,0,0,189,0,39,10,59.0,0.03571428571428571,0.0,0.20634920634920634,0.05291005291005291,0.31216931216931215
2023,2,19393,WN,13232,13204,MDW,MCO,200,2,0,0,198,0,26,2,-601.0,0.01,0.0,0.13131313131313133,0.010101010101010102,-3.0353535353535355
2023,2,19393,WN,13232,13303,MDW,MIA,84,1,0,0,83,0,6,2,-401.0,0.011904761904761904,0.0,0.07228915662650602,0.024096385542168676,-4.831325301204819
2023,2,19393,WN,13232,13487,MDW,MSP,132,13,0,0,119,0,12,4,-299.0,0.09848484848484848,0.0,0.10084033613445378,0.03361344537815126,-2.5126050420168067
2023,2,19393,WN,13232,13796,MDW,OAK,52,0,0,0,52,0,14,3,-14.0,0.0,0.0,0.2692307692307692,0.057692307692307696,-0.2692307692307692
2023,2,19393,WN,13232,14100,MDW,PHL,105,0,0,0,105,0,14,1,-380.0,0.0,0.0,0.13333333333333333,0.009523809523809525,-3.619047619047619
2023,2,19393,WN,13232,14107,MDW,PHX,160,2,0,0,158,0,42,5,268.0,0.0125,0.0,0.26582278481012656,0.03164556962025317,1.6962025316455696
2023,2,19393,WN,13232,14635,MDW,RSW,108,4,0,0,104,0,16,2,16.0,0.037037037037037035,0.0,0.15384615384615385,0.019230769230769232,0.15384615384615385
2023,2,19393,WN,13232,14679,MDW,SAN,84,1,1,0,82,0,23,9,224.0,0.011904761904761904,0.011904761904761904,0.2804878048780488,0.10975609756097561,2.731707317073171
2023,2,19393,WN,13232,14747,MDW,SEA,28,0,0,0,28,0,4,1,-138.0,0.0,0.0,0.14285714285714285,0.03571428571428571,-4.928571428571429
2023,2,19393,WN,13232,14869,MDW,SLC,73,4,0,0,69,0,20,1,374.0,0.0547945205479452,0.0,0.2898550724637681,0.014492753623188406,5.420289855072464
2023,2,19393,WN,13232,15016,MDW,STL,152,2,0,0,150,0,20,3,-353.0,0.013157894736842105,0.0,0.13333333333333333,0.02,-2.3533333333333335
2023,2,19393,WN,13232,15304,MDW,TPA,116,4,0,0,112,0,16,2,-396.0,0.034482758620689655,0.0,0.14285714285714285,0.017857142857142856,-3.5357142857142856
2023,2,19393,WN,13303,10397,MIA,ATL,56,0,0,0,56,0,7,1,-111.0,0.0,0.0,0.125,0.017857142857142856,-1.9821428571428572
2023,2,19393,WN,13303,10821,MIA,BWI,113,0,0,0,113,0,22,7,862.0,0.0,0.0,0.19469026548672566,0.061946902654867256,7.628318584070796
2023,2,19393,WN,13303,11292,MIA,DEN,8,0,0,0,8,0,3,1,146.0,0.0,0.0,0.375,0.125,18.25
2023,2,19393,WN,13303,13232,MIA,MDW,84,0,0,0,84,0,15,3,-51.0,0.0,0.0,0.17857142857142858,0.03571428571428571,-0.6071428571428571
2023,2,19393,WN,13303,15016,MIA,STL,28,0,0,0,28,0,4,1,51.0,0.0,0.0,0.14285714285714285,0.03571428571428571,1.8214285714285714
2023,2,19393,WN,13487,10821,MSP,BWI,20,1,0,0,19,0,5,1,194.0,0.05,0.0,0.2631578947368421,0.05263157894736842,10.210526315789474
2023,2,19393,WN,13487,11292,MSP,DEN,156,12,0,0,144,0,15,3,-1527.0,0.07692307692307693,0.0,0.10416666666666667,0.020833333333333332,-10.604166666666666
2023,2,19393,WN,13487,13232,MSP,MDW,132,13,0,0,119,0,9,4,-1104.0,0.09848484848484848,0.0,0.07563025210084033,0.03361344537815126,-9.277310924369749
2023,2,19393,WN,13487,14107,MSP,PHX,32,2,0,0,30,0,5,0,-384.0,0.0625,0.0,0.16666666666666666,0.0,-12.8
2023,2,19393,WN,13487,15016,MSP,STL,48,3,0,0,45,0,7,1,-35.0,0.0625,0.0,0.15555555555555556,0.022222222222222223,-0.7777777777777778
2023,2,19393,WN,13796,11292,OAK,DEN,140,3,0,0,137,0,16,3,-38.0,0.02142857142857143,0.0,0.11678832116788321,0.021897810218978103,-0.2773722627737226
2023,2,19393,WN,13796,12173,OAK,HNL,56,0,0,0,56,0,11,2,-126.0,0.0,0.0,0.19642857142857142,0.03571428571428571,-2.25
2023,2,19393,WN,13796,12889,OAK,LAS,280,4,3,0,273,0,61,23,2640.0,0.014285714285714285,0.010714285714285714,0.22344322344322345,0.08424908424908426,9.67032967032967
2023,2,19393,WN,13796,12892,OAK,LAX,215,4,1,0,210,0,34,8,225.0,0.018604651162790697,0.004651162790697674,0.1619047619047619,0.0380952380952381,1.0714285714285714
2023,2,19393,WN,13796,13232,OAK,MDW,52,0,0,0,52,0,1,1,-382.0,0.0,0.0,0.019230769230769232,0.019230769230769232,-7.346153846153846
2023,2,19393,WN,13796,14107,OAK,PHX,165,1,0,0,164,0,28,5,476.0,0.006060606060606061,0.0,0.17073170731707318,0.03048780487804878,2.902439024390244
2023,2,19393,WN,13796,14679,OAK,SAN,276,3,1,0,272,0,62,12,1582.0,0.010869565217391304,0.0036231884057971015,0.22794117647058823,0.04411764705882353,5.8161764705882355
2023,2,19393,WN,13796,14747,OAK,SEA,112,0,0,0,112,0,13,2,-343.0,0.0,0.0,0.11607142857142858,0.017857142857142856,-3.0625
2023,2,19393,WN,13796,14869,OAK,SLC,80,3,0,0,77,0,22,5,347.0,0.0375,0.0,0.2857142857142857,0.06493506493506493,4.5064935064935066
2023,2,19393,WN,13930,10821,ORD,BWI,76,2,0,0,74,0,7,2,-767.0,0.02631578947368421,0.0,0.0945945945945946,0.02702702702702703,-10.364864864864865
2023,2,19393,WN,13930,11292,ORD,DEN,152,13,0,0,139,0,28,4,-547.0,0.08552631578947369,0.0,0.2014388489208633,0.02877697841726619,-3.935251798561151
2023,2,19393,WN,13930,12889,ORD,LAS,56,1,0,0,55,0,16,2,349.0,0.017857142857142856,0.0,0.2909090909090909,0.03636363636363636,6.345454545454546
2023,2,19393,WN,13930,13204,ORD,MCO,64,2,0,0,62,0,5,1,-532.0,0.03125,0.0,0.08064516129032258,0.016129032258064516,-8.580645161290322
2023,2,19393,WN,13930,14107,ORD,PHX,84,3,0,0,81,0,25,3,316.0,0.03571428571428571,0.0,0.30864197530864196,0.037037037037037035,3.9012345679012346
2023,2,19393,WN,13930,14635,ORD,RSW,28,0,0,0,28,0,6,3,186.0,0.0,0.0,0.21428571428571427,0.10714285714285714,6.642857142857143
2023,2,19393,WN,13930,15304,ORD,TPA,28,0,1,0,27,0,5,2,117.0,0.0,0.03571428571428571,0.18518518518518517,0.07407407407407407,4.333333333333333
2023,2,19393,WN,14100,10397,PHL,ATL,29,0,0,0,29,0,0,0,-625.0,0.0,0.0,0.0,0.0,-21.551724137931036
2023,2,19393,WN,14100,11292,PHL,DEN,28,0,0,0,28,0,6,1,16.0,0.0,0.0,0.21428571428571427,0.03571428571428571,0.5714285714285714
2023,2,19393,WN,14100,11697,PHL,FLL,4,0,0,0,4,0,0,0,-53.0,0.0,0.0,0.0,0.0,-13.25
2023,2,19393,WN,14100,13204,PHL,MCO,20,0,1,0,19,0,1,0,-217.0,0.0,0.05,0.05263157894736842,0.0,-11.421052631578947
2023,2,19393,WN,14100,13232,PHL,MDW,105,0,0,0,105,0,17,4,-294.0,0.0,0.0,0.1619047619047619,0.0380952380952381,-2.8
2023,2,19393,WN,14100,14107,PHL,PHX,6,0,0,0,6,0,0,0,-138.0,0.0,0.0,0.0,0.0,-23.0
2023,2,19393,WN,14100,15016,PHL,STL,32,1,0,0,31,0,2,0,-276.0,0.03125,0.0,0.06451612903225806,0.0,-8.903225806451612
2023,2,19393,WN,14100,15304,PHL,TPA,4,0,0,0,4,0,0,0,-81.0,0.0,0.0,0.0,0.0,-20.25
2023,2,19393,WN,14107,10397,PHX,ATL,32,0,0,0,32,0,3,1,-152.0,0.0,0.0,0.09375,0.03125,-4.75
2023,2,19393,WN,14107,10821,PHX,BWI,64,0,1,0,63,0,8,0,-405.0,0.0,0.015625,0.12698412698412698,0.0,-6.428571428571429
2023,2,19393,WN,14107,11292,PHX,DEN,336,16,1,0,319,0,49,9,-707.0,0.047619047619047616,0.002976190476190476,0.1536050156739812,0.02821316614420063,-2.2163009404388716
2023,2,19393,WN,14107,11433,PHX,DTW,4,0,0,0,4,0,0,0,-36.0,0.0,0.0,0.0,0.0,-9.0
2023,2,19393,WN,14107,11697,PHX,FLL,4,0,0,0,4,0,2,1,153.0,0.0,0.0,0.5,0.25,38.25
2023,2,19393,WN,14107,12173,PHX,HNL,28,0,0,0,28,0,7,3,138.0,0.0,0.0,0.25,0.10714285714285714,4.928571428571429
2023,2,19393,WN,14107,12889,PHX,LAS,306,3,3,0,300,0,73,19,2697.0,0.00980392156862745,0.00980392156862745,0.24333333333333335,0.06333333333333334,8.99
2023,2,19393,WN,14107,12892,PHX,LAX,160,0,1,0,159,0,26,5,238.0,0.0,0.00625,0.16352201257861634,0.031446540880503145,1.4968553459119496
2023,2,19393,WN,14107,13204,PHX,MCO,28,0,0,0,28,0,5,0,56.0,0.0,0.0,0.17857142857142858,0.0,2.0
2023,2,19393,WN,14107,13232,PHX,MDW,160,1,1,0,158,0,18,7,-758.0,0.00625,0.00625,0.11392405063291139,0.04430379746835443,-4.7974683544303796
2023,2,19393,WN,14107,13487,PHX,MSP,32,2,0,0,30,0,5,2,49.0,0.0625,0.0,0.16666666666666666,0.06666666666666667,1.6333333333333333
2023,2,19393,WN,14107,13796,PHX,OAK,161,1,2,0,158,0,37,4,800.0,0.006211180124223602,0.012422360248447204,0.23417721518987342,0.02531645569620253,5.063291139240507
2023,2,19393,WN,14107,13930,PHX,ORD,84,3,1,0,80,0,5,3,-1146.0,0.03571428571428571,0.011904761904761904,0.0625,0.0375,-14.325
2023,2,19393,WN,14107,14100,PHX,PHL,6,0,0,0,6,0,1,0,10.0,0.0,0.0,0.16666666666666666,0.0,1.6666666666666667
2023,2,19393,WN,14107,14679,PHX,SAN,256,1,0,0,255,0,43,8,598.0,0.00390625,0.0,0.16862745098039217,0.03137254901960784,2.3450980392156864
2023,2,19393,WN,14107,14747,PHX,SEA,56,0,0,0,56,0,12,3,163.0,0.0,0.0,0.21428571428571427,0.05357142857142857,2.9107142857142856
2023,2,19393,WN,14107,14771,PHX,SFO,80,0,0,0,80,0,19,5,416.0,0.0,0.0,0.2375,0.0625,5.2
2023,2,19393,WN,14107,14869,PHX,SLC,132,4,0,0,128,0,23,3,213.0,0.030303030303030304,0.0,0.1796875,0.0234375,1.6640625
2023,2,19393,WN,14107,15016,PHX,STL,84,0,0,0,84,0,21,4,167.0,0.0,0.0,0.25,0.047619047619047616,1.9880952380952381
2023,2,19393,WN,14107,15304,PHX,TPA,28,0,0,0,28,0,5,1,149.0,0.0,0.0,0.17857142857142858,0.03571428571428571,5.321428571428571
2023,2,19393,WN,14635,10397,RSW,ATL,32,0,0,0,32,0,0,0,-428.0,0.0,0.0,0.0,0.0,-13.375
2023,2,19393,WN,14635,10821,RSW,BWI,120,1,0,0,119,0,9,0,-767.0,0.008333333333333333,0.0,0.07563025210084033,0.0,-6.445378151260504
2023,2,19393,WN,14635,11278,RSW,DCA,4,0,0,0,4,0,0,0,-23.0,0.0,0.0,0.0,0.0,-5.75
2023,2,19393,WN,14635,11292,RSW,DEN,4,0,0,0,4,0,1,0,63.0,0.0,0.0,0.25,0.0,15.75
2023,2,19393,WN,14635,13204,RSW,MCO,28,0,0,0,28,0,4,1,-133.0,0.0,0.0,0.14285714285714285,0.03571428571428571,-4.75
2023,2,19393,WN,14635,13232,RSW,MDW,108,4,0,0,104,0,8,1,-475.0,0.037037037037037035,0.0,0.07692307692307693,0.009615384615384616,-4.5673076923076925
2023,2,19393,WN,14635,13930,RSW,ORD,28,0,0,0,28,0,2,0,-271.0,0.0,0.0,0.07142857142857142,0.0,-9.678571428571429
2023,2,19393,WN,14635,15016,RSW,STL,68,0,0,0,68,0,8,1,35.0,0.0,0.0,0.11764705882352941,0.014705882352941176,0.5147058823529411
2023,2,19393,WN,14679,10821,SAN,BWI,28,0,0,0,28,0,6,1,63.0,0.0,0.0,0.21428571428571427,0.03571428571428571,2.25
2023,2,19393,WN,14679,11292,SAN,DEN,164,4,0,0,160,0,29,7,-331.0,0.024390243902439025,0.0,0.18125,0.04375,-2.06875
2023,2,19393,WN,14679,12173,SAN,HNL,56,0,1,0,55,0,9,3,-504.0,0.0,0.017857142857142856,0.16363636363636364,0.05454545454545454,-9.163636363636364
2023,2,19393,WN,14679,12889,SAN,LAS,332,6,1,0,325,0,74,18,1769.0,0.018072289156626505,0.0030120481927710845,0.2276923076923077,0.055384615384615386,5.443076923076923
2023,2,19393,WN,14679,13232,SAN,MDW,84,1,0,0,83,0,5,1,-1110.0,0.011904761904761904,0.0,0.060240963855421686,0.012048192771084338,-13.373493975903614
2023,2,19393,WN,14679,13796,SAN,OAK,268,1,0,0,267,0,61,12,1576.0,0.0037313432835820895,0.0,0.22846441947565543,0.0449438202247191,5.902621722846442
2023,2,19393,WN,14679,14107,SAN,PHX,260,3,0,0,257,0,29,5,-505.0,0.011538461538461539,0.0,0.11284046692607004,0.019455252918287938,-1.9649805447470816
2023,2,19393,WN,14679,14771,SAN,SFO,108,0,0,0,108,0,18,3,158.0,0.0,0.0,0.16666666666666666,0.027777777777777776,1.462962962962963
2023,2,19393,WN,14679,14869,SAN,SLC,32,1,0,0,31,0,7,4,330.0,0.03125,0.0,0.22580645161290322,0.12903225806451613,10.64516129032258
2023,2,19393,WN,14679,15016,SAN,STL,28,0,0,0,28,0,11,2,96.0,0.0,0.0,0.39285714285714285,0.07142857142857142,3.4285714285714284
2023,2,19393,WN,14747,11292,SEA,DEN,84,2,0,0,82,0,11,3,1.0,0.023809523809523808,0.0,0.13414634146341464,0.036585365853658534,0.012195121951219513
2023,2,19393,WN,14747,12889,SEA,LAS,60,0,0,0,60,0,8,3,10.0,0.0,0.0,0.13333333333333333,0.05,0.16666666666666666
2023,2,19393,WN,14747,13232,SEA,MDW,28,0,0,0,28,0,7,0,90.0,0.0,0.0,0.25,0.0,3.2142857142857144
2023,2,19393,WN,14747,13796,SEA,OAK,112,0,0,0,112,0,18,8,546.0,0.0,0.0,0.16071428571428573,0.07142857142857142,4.875
2023,2,19393,WN,14747,14107,SEA,PHX,56,0,0,0,56,0,4,0,-332.0,0.0,0.0,0.07142857142857142,0.0,-5.928571428571429
2023,2,19393,WN,14771,11292,SFO,DEN,80,1,0,0,79,0,8,3,-240.0,0.0125,0.0,0.10126582278481013,0.0379746835443038,-3.037974683544304
2023,2,19393,WN,14771,12889,SFO,LAS,104,1,1,0,102,0,27,5,681.0,0.009615384615384616,0.009615384615384616,0.2647058823529412,0.049019607843137254,6.676470588235294
2023,2,19393,WN,14771,12892,SFO,LAX,104,0,0,0,104,0,13,4,-499.0,0.0,0.0,0.125,0.038461538461538464,-4.798076923076923
2023,2,19393,WN,14771,14107,SFO,PHX,80,1,0,0,79,0,11,2,-235.0,0.0125,0.0,0.13924050632911392,0.02531645569620253,-2.9746835443037973
2023,2,19393,WN,14771,14679,SFO,SAN,120,0,0,0,120,0,18,2,32.0,0.0,0.0,0.15,0.016666666666666666,0.26666666666666666
2023,2,19393,WN,14869,10821,SLC,BWI,8,0,0,0,8,0,3,0,35.0,0.0,0.0,0.375,0.0,4.375
2023,2,19393,WN,14869,11292,SLC,DEN,204,14,0,0,190,0,40,8,807.0,0.06862745098039216,0.0,0.21052631578947367,0.042105263157894736,4.247368421052632
2023,2,19393,WN,14869,12889,SLC,LAS,136,5,0,0,131,0,43,20,2645.0,0.03676470588235294,0.0,0.3282442748091603,0.15267175572519084,20.19083969465649
2023,2,19393,WN,14869,12892,SLC,LAX,49,1,1,0,47,0,18,6,929.0,0.02040816326530612,0.02040816326530612,0.3829787234042553,0.1276595744680851,19.76595744680851
2023,2,19393,WN,14869,13232,SLC,MDW,73,3,0,0,70,0,12,3,145.0,0.0410958904109589,0.0,0.17142857142857143,0.04285714285714286,2.0714285714285716
2023,2,19393,WN,14869,13796,SLC,OAK,80,3,0,0,77,0,15,5,572.0,0.0375,0.0,0.19480519480519481,0.06493506493506493,7.428571428571429
2023,2,19393,WN,14869,14107,SLC,PHX,132,3,0,0,129,0,32,7,809.0,0.022727272727272728,0.0,0.24806201550387597,0.05426356589147287,6.271317829457364
2023,2,19393,WN,14869,14679,SLC,SAN,32,0,0,0,32,0,7,1,9.0,0.0,0.0,0.21875,0.03125,0.28125
2023,2,19393,WN,14869,15016,SLC,STL,8,0,0,0,8,0,0,0,-74.0,0.0,0.0,0.0,0.0,-9.25
2023,2,19393,WN,15016,10397,STL,ATL,80,0,0,0,80,0,8,1,-243.0,0.0,0.0,0.1,0.0125,-3.0375
2023,2,19393,WN,15016,10721,STL,BOS,48,2,0,0,46,0,5,1,-106.0,0.041666666666666664,0.0,0.10869565217391304,0.021739130434782608,-2.3043478260869565
2023,2,19393,WN,15016,10821,STL,BWI,80,0,0,0,80,0,10,1,-528.0,0.0,0.0,0.125,0.0125,-6.6
2023,2,19393,WN,15016,11278,STL,DCA,104,0,0,0,104,0,10,1,-852.0,0.0,0.0,0.09615384615384616,0.009615384615384616,-8.192307692307692
2023,2,19393,WN,15016,11292,STL,DEN,132,4,0,0,128,0,19,7,-231.0,0.030303030303030304,0.0,0.1484375,0.0546875,-1.8046875
2023,2,19393,WN,15016,11433,STL,DTW,48,1,0,0,47,0,4,3,-17.0,0.020833333333333332,0.0,0.0851063829787234,0.06382978723404255,-0.3617021276595745
2023,2,19393,WN,15016,11697,STL,FLL,40,0,0,0,40,0,5,0,-251.0,0.0,0.0,0.125,0.0,-6.275
2023,2,19393,WN,15016,12889,STL,LAS,84,0,0,0,84,0,21,4,440.0,0.0,0.0,0.25,0.047619047619047616,5.238095238095238
2023,2,19393,WN,15016,12892,STL,LAX,28,0,0,0,28,0,8,0,119.0,0.0,0.0,0.2857142857142857,0.0,4.25
2023,2,19393,WN,15016,12953,STL,LGA,124,4,0,0,120,0,17,6,-388.0,0.03225806451612903,0.0,0.14166666666666666,0.05,-3.2333333333333334
2023,2,19393,WN,15016,13204,STL,MCO,121,0,0,0,121,0,10,5,-791.0,0.0,0.0,0.08264462809917356,0.04132231404958678,-6.537190082644628
2023,2,19393,WN,15016,13232,STL,MDW,152,2,0,0,150,0,12,4,-645.0,0.013157894736842105,0.0,0.08,0.02666666666666667,-4.3
2023,2,19393,WN,15016,13303,STL,MIA,28,0,0,0,28,0,2,1,-166.0,0.0,0.0,0.07142857142857142,0.03571428571428571,-5.928571428571429
2023,2,19393,WN,15016,13487,STL,MSP,48,3,0,0,45,0,6,3,-114.0,0.0625,0.0,0.13333333333333333,0.06666666666666667,-2.533333333333333
2023,2,19393,WN,15016,14100,STL,PHL,32,0,0,0,32,0,0,0,-560.0,0.0,0.0,0.0,0.0,-17.5
2023,2,19393,WN,15016,14107,STL,PHX,84,0,0,0,84,0,18,3,211.0,0.0,0.0,0.21428571428571427,0.03571428571428571,2.511904761904762
2023,2,19393,WN,15016,14635,STL,RSW,68,0,0,0,68,0,12,3,260.0,0.0,0.0,0.17647058823529413,0.04411764705882353,3.823529411764706
2023,2,19393,WN,15016,14679,STL,SAN,28,0,0,0,28,0,7,2,57.0,0.0,0.0,0.25,0.07142857142857142,2.0357142857142856
2023,2,19393,WN,15016,14869,STL,SLC,8,0,0,0,8,0,0,0,-58.0,0.0,0.0,0.0,0.0,-7.25
2023,2,19393,WN,15016,15304,STL,TPA,64,0,0,0,64,0,8,2,-143.0,0.0,0.0,0.125,0.03125,-2.234375
2023,2,19393,WN,15304,10397,TPA,ATL,112,1,0,0,111,0,11,1,-684.0,0.008928571428571428,0.0,0.0990990990990991,0.009009009009009009,-6.162162162162162
2023,2,19393,WN,15304,10821,TPA,BWI,205,1,0,0,204,0,17,3,-1105.0,0.004878048780487805,0.0,0.08333333333333333,0.014705882352941176,-5.416666666666667
2023,2,19393,WN,15304,11278,TPA,DCA,60,1,0,0,59,0,5,0,-620.0,0.016666666666666666,0.0,0.0847457627118644,0.0,-10.508474576271187
2023,2,19393,WN,15304,11292,TPA,DEN,84,0,0,0,84,0,10,0,-349.0,0.0,0.0,0.11904761904761904,0.0,-4.154761904761905
2023,2,19393,WN,15304,11697,TPA,FLL,56,0,0,0,56,0,5,0,-575.0,0.0,0.0,0.08928571428571429,0.0,-10.267857142857142
2023,2,19393,WN,15304,12889,TPA,LAS,4,0,0,0,4,0,0,0,-14.0,0.0,0.0,0.0,0.0,-3.5
2023,2,19393,WN,15304,12953,TPA,LGA,32,0,0,0,32,0,7,0,76.0,0.0,0.0,0.21875,0.0,2.375
2023,2,19393,WN,15304,13232,TPA,MDW,116,6,0,0,110,0,10,0,-208.0,0.05172413793103448,0.0,0.09090909090909091,0.0,-1.8909090909090909
2023,2,19393,WN,15304,13930,TPA,ORD,28,0,0,0,28,0,4,0,-90.0,0.0,0.0,0.14285714285714285,0.0,-3.2142857142857144
2023,2,19393,WN,15304,14100,TPA,PHL,4,0,0,0,4,0,1,0,1.0,0.0,0.0,0.25,0.0,0.25
2023,2,19393,WN,15304,14107,TPA,PHX,28,0,0,0,28,0,2,0,-184.0,0.0,0.0,0.07142857142857142,0.0,-6.571428571428571
2023,2,19393,WN,15304,15016,TPA,STL,64,0,0,0,64,0,9,1,-70.0,0.0,0.0,0.140625,0.015625,-1.09375
2023,2,19690,HA,10721,12173,BOS,HNL,18,0,1,0,17,0,3,1,93.0,0.0,0.05555555555555555,0.17647058823529413,0.058823529411764705,5.470588235294118
2023,2,19690,HA,12173,10721,HNL,BOS,18,0,0,0,18,0,6,0,187.0,0.0,0.0,0.3333333333333333,0.0,10.38888888888889
2023,2,19690,HA,12173,12478,HNL,JFK,28,0,0,0,28,0,18,2,679.0,0.0,0.0,0.6428571428571429,0.07142857142857142,24.25
2023,2,19690,HA,12173,12889,HNL,LAS,80,0,0,0,80,0,26,5,1183.0,0.0,0.0,0.325,0.0625,14.7875
2023,2,19690,HA,12173,12892,HNL,LAX,84,0,1,0,83,0,30,6,1423.0,0.0,0.011904761904761904,0.3614457831325301,0.07228915662650602,17.14457831325301
2023,2,19690,HA,12173,13796,HNL,OAK,28,0,0,0,28,0,20,3,744.0,0.0,0.0,0.7142857142857143,0.10714285714285714,26.571428571428573
2023,2,19690,HA,12173,14107,HNL,PHX,28,0,1,0,27,0,7,3,493.0,0.0,0.03571428571428571,0.25925925925925924,0.1111111111111111,18.25925925925926
2023,2,19690,HA,12173,14679,HNL,SAN,28,0,0,0,28,0,19,2,695.0,0.0,0.0,0.6785714285714286,0.07142857142857142,24.821428571428573
2023,2,19690,HA,12173,14747,HNL,SEA,28,0,0,0,28,0,19,3,809.0,0.0,0.0,0.6785714285714286,0.10714285714285714,28.892857142857142
2023,2,19690,HA,12173,14771,HNL,SFO,28,1,0,0,27,0,18,1,512.0,0.03571428571428571,0.0,0.6666666666666666,0.037037037037037035,18.962962962962962
2023,2,19690,HA,12478,12173,JFK,HNL,28,0,1,0,27,0,10,3,417.0,0.0,0.03571428571428571,0.37037037037037035,0.1111111111111111,15.444444444444445
2023,2,19690,HA,12889,12173,LAS,HNL,80,0,0,0,80,0,17,4,1686.0,0.0,0.0,0.2125,0.05,21.075
2023,2,19690,HA,12892,12173,LAX,HNL,84,0,0,0,84,0,16,8,2427.0,0.0,0.0,0.19047619047619047,0.09523809523809523,28.892857142857142
2023,2,19690,HA,13796,12173,OAK,HNL,28,0,0,0,28,0,9,2,1631.0,0.0,0.0,0.32142857142857145,0.07142857142857142,58.25
2023,2,19690,HA,14107,12173,PHX,HNL,28,0,0,0,28,0,8,4,593.0,0.0,0.0,0.2857142857142857,0.14285714285714285,21.178571428571427
2023,2,19690,HA,14679,12173,SAN,HNL,28,0,0,0,28,0,6,0,74.0,0.0,0.0,0.21428571428571427,0.0,2.642857142857143
2023,2,19690,HA,14747,12173,SEA,HNL,28,0,0,0,28,0,6,0,-169.0,0.0,0.0,0.21428571428571427,0.0,-6.035714285714286
2023,2,19690,HA,14771,12173,SFO,HNL,28,1,0,0,27,0,6,2,282.0,0.03571428571428571,0.0,0.2222222222222222,0.07407407407407407,10.444444444444445
2023,2,19790,DL,10397,10721,ATL,BOS,264,3,0,0,261,0,35,6,-760.0,0.011363636363636364,0.0,0.13409961685823754,0.022988505747126436,-2.9118773946360155
2023,2,19790,DL,10397,10821,ATL,BWI,191,0,0,0,191,0,19,4,-320.0,0.0,0.0,0.09947643979057591,0.020942408376963352,-1.675392670157068
2023,2,19790,DL,10397,11278,ATL,DCA,296,0,2,0,294,0,54,12,1652.0,0.0,0.006756756756756757,0.1836734693877551,0.04081632653061224,5.619047619047619
2023,2,19790,DL,10397,11292,ATL,DEN,212,0,0,0,212,0,49,18,1761.0,0.0,0.0,0.23113207547169812,0.08490566037735849,8.306603773584905
2023,2,19790,DL,10397,11298,ATL,DFW,183,5,0,0,178,0,31,6,412.0,0.0273224043715847,0.0,0.17415730337078653,0.033707865168539325,2.3146067415730336
2023,2,19790,DL,10397,11433,ATL,DTW,265,0,0,0,265,0,28,8,69.0,0.0,0.0,0.10566037735849057,0.03018867924528302,0.26037735849056604
2023,2,19790,DL,10397,11618,ATL,EWR,229,1,2,0,226,0,35,10,349.0,0.004366812227074236,0.008733624454148471,0.15486725663716813,0.04424778761061947,1.5442477876106195
2023,2,19790,DL,10397,11697,ATL,FLL,319,0,1,0,318,0,44,7,42.0,0.0,0.003134796238244514,0.13836477987421383,0.0220125786163522,0.1320754716981132
2023,2,19790,DL,10397,12173,ATL,HNL,28,0,0,0,28,0,12,2,406.0,0.0,0.0,0.42857142857142855,0.07142857142857142,14.5
2023,2,19790,DL,10397,12266,ATL,IAH,153,0,1,0,152,0,37,4,685.0,0.0,0.006535947712418301,0.24342105263157895,0.02631578947368421,4.506578947368421
2023,2,19790,DL,10397,12478,ATL,JFK,168,0,0,0,168,0,45,5,1411.0,0.0,0.0,0.26785714285714285,0.02976190476190476,8.398809523809524
2023,2,19790,DL,10397,12889,ATL,LAS,210,0,2,0,208,0,63,5,1140.0,0.0,0.009523809523809525,0.30288461538461536,0.02403846153846154,5.480769230769231
2023,2,19790,DL,10397,12892,ATL,LAX,290,2,8,0,280,0,94,17,2544.0,0.006896551724137931,0.027586206896551724,0.3357142857142857,0.060714285714285714,9.085714285714285
2023,2,19790,DL,10397,12953,ATL,LGA,356,3,0,0,353,0,66,12,910.0,0.008426966292134831,0.0,0.18696883852691218,0.0339943342776204,2.5779036827195467
2023,2,19790,DL,10397,13204,ATL,MCO,401,0,0,0,401,0,51,9,98.0,0.0,0.0,0.12718204488778054,0.022443890274314215,0.24438902743142144
2023,2,19790,DL,10397,13232,ATL,MDW,78,1,0,0,77,0,10,4,71.0,0.01282051282051282,0.0,0.12987012987012986,0.05194805194805195,0.922077922077922
2023,2,19790,DL,10397,13303,ATL,MIA,237,2,0,0,235,0,54,9,1547.0,0.008438818565400843,0.0,0.2297872340425532,0.03829787234042553,6.582978723404255
2023,2,19790,DL,10397,13487,ATL,MSP,239,7,0,0,232,0,26,6,-683.0,0.029288702928870293,0.0,0.11206896551724138,0.02586206896551724,-2.9439655172413794
2023,2,19790,DL,10397,13930,ATL,ORD,170,0,0,0,170,0,40,7,1442.0,0.0,0.0,0.23529411764705882,0.041176470588235294,8.48235294117647
2023,2,19790,DL,10397,14100,ATL,PHL,197,0,0,0,197,0,19,4,-632.0,0.0,0.0,0.09644670050761421,0.02030456852791878,-3.2081218274111674
2023,2,19790,DL,10397,14107,ATL,PHX,187,1,1,0,185,0,36,0,334.0,0.0053475935828877,0.0053475935828877,0.1945945945945946,0.0,1.8054054054054054
2023,2,19790,DL,10397,14635,ATL,RSW,209,1,0,0,208,0,17,5,-247.0,0.004784688995215311,0.0,0.08173076923076923,0.02403846153846154,-1.1875
2023,2,19790,DL,10397,14679,ATL,SAN,133,0,4,0,129,0,44,7,1201.0,0.0,0.03007518796992481,0.34108527131782945,0.05426356589147287,9.310077519379846
2023,2,19790,DL,10397,14747,ATL,SEA,147,2,0,0,145,0,14,1,-928.0,0.013605442176870748,0.0,0.09655172413793103,0.006896551724137931,-6.4
2023,2,19790,DL,10397,14771,ATL,SFO,145,2,0,0,143,0,19,3,-1157.0,0.013793103448275862,0.0,0.13286713286713286,0.02097902097902098,-8.090909090909092
2023,2,19790,DL,10397,14869,ATL,SLC,210,0,0,0,210,0,39,3,-785.0,0.0,0.0,0.18571428571428572,0.014285714285714285,-3.738095238095238
2023,2,19790,DL,10397,15016,ATL,STL,153,1,0,0,152,0,18,7,519.0,0.006535947712418301,0.0,0.11842105263157894,0.046052631578947366,3.414473684210526
2023,2,19790,DL,10397,15304,ATL,TPA,313,0,0,0,313,0,40,4,-104.0,0.0,0.0,0.12779552715654952,0.012779552715654952,-0.33226837060702874
2023,2,19790,DL,10721,10397,BOS,ATL,263,4,1,0,258,0,54,15,783.0,0.015209125475285171,0.0038022813688212928,0.20930232558139536,0.05813953488372093,3.0348837209302326
2023,2,19790,DL,10721,11292,BOS,DEN,28,0,0,0,28,0,10,5,693.0,0.0,0.0,0.35714285714285715,0.17857142857142858,24.75
2023,2,19790,DL,10721,11298,BOS,DFW,49,3,0,0,46,0,12,6,335.0,0.061224489795918366,0.0,0.2608695652173913,0.13043478260869565,7.282608695652174
2023,2,19790,DL,10721,11433,BOS,DTW,132,4,1,0,127,0,26,12,1400.0,0.030303030303030304,0.007575757575757576,0.2047244094488189,0.09448818897637795,11.023622047244094
2023,2,19790,DL,10721,11697,BOS,FLL,56,1,1,0,54,0,17,5,513.0,0.017857142857142856,0.017857142857142856,0.3148148148148148,0.09259259259259259,9.5
2023,2,19790,DL,10721,12478,BOS,JFK,86,2,0,0,84,0,26,12,1925.0,0.023255813953488372,0.0,0.30952380952380953,0.14285714285714285,22.916666666666668
2023,2,19790,DL,10721,12889,BOS,LAS,28,0,1,0,27,0,16,7,1170.0,0.0,0.03571428571428571,0.5925925925925926,0.25925925925925924,43.333333333333336
2023,2,19790,DL,10721,12892,BOS,LAX,73,1,1,0,71,0,22,13,1247.0,0.0136986301369863,0.0136986301369863,0.30985915492957744,0.18309859154929578,17.56338028169014
2023,2,19790,DL,10721,12953,BOS,LGA,81,4,0,0,77,0,27,8,762.0,0.04938271604938271,0.0,0.35064935064935066,0.1038961038961039,9.896103896103897
2023,2,19790,DL,10721,13204,BOS,MCO,100,1,0,0,99,0,26,8,637.0,0.01,0.0,0.26262626262626265,0.08080808080808081,6.434343434343434
2023,2,19790,DL,10721,13303,BOS,MIA,28,0,0,0,28,0,7,3,176.0,0.0,0.0,0.25,0.10714285714285714,6.285714285714286
2023,2,19790,DL,10721,13487,BOS,MSP,121,4,0,0,117,0,29,8,904.0,0.03305785123966942,0.0,0.24786324786324787,0.06837606837606838,7.726495726495727
2023,2,19790,DL,10721,13930,BOS,ORD,70,1,1,0,68,0,27,9,1445.0,0.014285714285714285,0.014285714285714285,0.39705882352941174,0.1323529411764706,21.25
2023,2,19790,DL,10721,14107,BOS,PHX,28,1,1,0,26,0,5,2,-104.0,0.03571428571428571,0.03571428571428571,0.19230769230769232,0.07692307692307693,-4.0
2023,2,19790,DL,10721,14635,BOS,RSW,28,0,0,0,28,0,4,3,58.0,0.0,0.0,0.14285714285714285,0.10714285714285714,2.0714285714285716
2023,2,19790,DL,10721,14679,BOS,SAN,28,0,3,0,25,0,4,2,-71.0,0.0,0.10714285714285714,0.16,0.08,-2.84
2023,2,19790,DL,10721,14747,BOS,SEA,64,3,0,0,61,0,18,11,2097.0,0.046875,0.0,0.29508196721311475,0.18032786885245902,34.377049180327866
2023,2,19790,DL,10721,14771,BOS,SFO,28,1,0,0,27,0,7,4,332.0,0.03571428571428571,0.0,0.25925925925925924,0.14814814814814814,12.296296296296296
2023,2,19790,DL,10721,14869,BOS,SLC,56,0,0,0,56,0,22,7,1095.0,0.0,0.0,0.39285714285714285,0.125,19.553571428571427
2023,2,19790,DL,10721,15304,BOS,TPA,60,1,0,0,59,0,13,4,-334.0,0.016666666666666666,0.0,0.22033898305084745,0.06779661016949153,-5.661016949152542
2023,2,19790,DL,10821,10397,BWI,ATL,191,0,1,0,190,0,15,3,-1249.0,0.0,0.005235602094240838,0.07894736842105263,0.015789473684210527,-6.573684210526316
2023,2,19790,DL,10821,11433,BWI,DTW,78,2,0,0,76,0,11,3,283.0,0.02564102564102564,0.0,0.14473684210526316,0.039473684210526314,3.723684210526316
2023,2,19790,DL,10821,13487,BWI,MSP,52,3,0,0,49,0,4,0,-329.0,0.057692307692307696,0.0,0.08163265306122448,0.0,-6.714285714285714
2023,2,19790,DL,10821,14869,BWI,SLC,28,0,0,0,28,0,5,1,-216.0,0.0,0.0,0.17857142857142858,0.03571428571428571,-7.714285714285714
2023,2,19790,DL,11278,10397,DCA,ATL,296,1,0,0,295,0,39,16,1013.0,0.0033783783783783786,0.0,0.13220338983050847,0.05423728813559322,3.4338983050847456
2023,2,19790,DL,11278,11433,DCA,DTW,136,1,0,0,135,0,22,5,102.0,0.007352941176470588,0.0,0.16296296296296298,0.037037037037037035,0.7555555555555555
2023,2,19790,DL,11278,12892,DCA,LAX,28,1,0,0,27,0,10,3,465.0,0.03571428571428571,0.0,0.37037037037037035,0.1111111111111111,17.22222222222222
2023,2,19790,DL,11278,13487,DCA,MSP,140,4,0,0,136,0,13,3,-888.0,0.02857142857142857,0.0,0.09558823529411764,0.022058823529411766,-6.529411764705882
2023,2,19790,DL,11278,14869,DCA,SLC,28,1,0,0,27,0,5,3,208.0,0.03571428571428571,0.0,0.18518518518518517,0.1111111111111111,7.703703703703703
2023,2,19790,DL,11292,10397,DEN,ATL,211,1,0,0,210,0,45,10,536.0,0.004739336492890996,0.0,0.21428571428571427,0.047619047619047616,2.552380952380952
2023,2,19790,DL,11292,10721,DEN,BOS,28,0,0,0,28,0,11,6,910.0,0.0,0.0,0.39285714285714285,0.21428571428571427,32.5
2023,2,19790,DL,11292,11433,DEN,DTW,103,3,0,0,100,0,16,6,642.0,0.02912621359223301,0.0,0.16,0.06,6.42
2023,2,19790,DL,11292,12478,DEN,JFK,68,2,0,0,66,0,20,11,1600.0,0.029411764705882353,0.0,0.30303030303030304,0.16666666666666666,24.242424242424242
2023,2,19790,DL,11292,12892,DEN,LAX,84,1,0,0,83,0,19,9,1963.0,0.011904761904761904,0.0,0.2289156626506024,0.10843373493975904,23.650602409638555
2023,2,19790,DL,11292,12953,DEN,LGA,54,5,0,0,49,0,10,3,244.0,0.09259259259259259,0.0,0.20408163265306123,0.061224489795918366,4.979591836734694
2023,2,19790,DL,11292,13487,DEN,MSP,134,6,0,0,128,0,24,9,401.0,0.04477611940298507,0.0,0.1875,0.0703125,3.1328125
2023,2,19790,DL,11292,14747,DEN,SEA,84,2,0,0,82,0,15,10,1330.0,0.023809523809523808,0.0,0.18292682926829268,0.12195121951219512,16.21951219512195
2023,2,19790,DL,11292,14869,DEN,SLC,132,5,0,0,127,0,19,6,-70.0,0.03787878787878788,0.0,0.14960629921259844,0.047244094488188976,-0.5511811023622047
2023,2,19790,DL,11298,10397,DFW,ATL,183,6,0,0,177,0,17,4,-909.0,0.03278688524590164,0.0,0.096045197740113,0.022598870056497175,-5.135593220338983
2023,2,19790,DL,11298,10721,DFW,BOS,49,2,1,0,46,0,10,6,1018.0,0.04081632653061224,0.02040816326530612,0.21739130434782608,0.13043478260869565,22.130434782608695
2023,2,19790,DL,11298,11433,DFW,DTW,104,6,0,0,98,0,14,5,2515.0,0.057692307692307696,0.0,0.14285714285714285,0.05102040816326531,25.663265306122447
2023,2,19790,DL,11298,12478,DFW,JFK,52,2,0,0,50,0,6,2,-83.0,0.038461538461538464,0.0,0.12,0.04,-1.66
2023,2,19790,DL,11298,12892,DFW,LAX,50,4,0,0,46,0,8,4,-43.0,0.08,0.0,0.17391304347826086,0.08695652173913043,-0.9347826086956522
2023,2,19790,DL,11298,12953,DFW,LGA,124,8,1,0,115,0,23,10,424.0,0.06451612903225806,0.008064516129032258,0.2,0.08695652173913043,3.6869565217391305
2023,2,19790,DL,11298,13487,DFW,MSP,104,8,0,0,96,0,8,4,-441.0,0.07692307692307693,0.0,0.08333333333333333,0.041666666666666664,-4.59375
2023,2,19790,DL,11298,14869,DFW,SLC,104,6,0,0,98,0,17,10,1128.0,0.057692307692307696,0.0,0.17346938775510204,0.10204081632653061,11.510204081632653
2023,2,19790,DL,11433,10397,DTW,ATL,265,1,0,0,264,0,23,7,-3113.0,0.0037735849056603774,0.0,0.08712121212121213,0.026515151515151516,-11.791666666666666
2023,2,19790,DL,11433,10721,DTW,BOS,132,5,0,0,127,0,14,6,-832.0,0.03787878787878788,0.0,0.11023622047244094,0.047244094488188976,-6.551181102362205
2023,2,19790,DL,11433,10821,DTW,BWI,78,2,0,0,76,0,11,5,228.0,0.02564102564102564,0.0,0.14473684210526316,0.06578947368421052,3.0
2023,2,19790,DL,11433,11278,DTW,DCA,136,1,0,0,135,0,18,8,-388.0,0.007352941176470588,0.0,0.13333333333333333,0.05925925925925926,-2.8740740740740742
2023,2,19790,DL,11433,11292,DTW,DEN,103,3,0,0,100,0,25,12,708.0,0.02912621359223301,0.0,0.25,0.12,7.08
2023,2,19790,DL,11433,11298,DTW,DFW,104,5,0,0,99,0,21,4,-362.0,0.04807692307692308,0.0,0.21212121212121213,0.04040404040404041,-3.6565656565656566
2023,2,19790,DL,11433,11618,DTW,EWR,99,1,0,0,98,0,10,4,-1162.0,0.010101010101010102,0.0,0.10204081632653061,0.04081632653061224,-11.857142857142858
2023,2,19790,DL,11433,11697,DTW,FLL,112,2,0,0,110,0,19,5,622.0,0.017857142857142856,0.0,0.17272727272727273,0.045454545454545456,5.654545454545454
2023,2,19790,DL,11433,12173,DTW,HNL,28,0,0,0,28,0,5,0,-130.0,0.0,0.0,0.17857142857142858,0.0,-4.642857142857143
2023,2,19790,DL,11433,12266,DTW,IAH,105,2,0,0,103,0,14,1,-726.0,0.01904761904761905,0.0,0.13592233009708737,0.009708737864077669,-7.048543689320389
2023,2,19790,DL,11433,12478,DTW,JFK,28,0,0,0,28,0,4,1,-261.0,0.0,0.0,0.14285714285714285,0.03571428571428571,-9.321428571428571
2023,2,19790,DL,11433,12889,DTW,LAS,133,2,2,0,129,0,22,9,-767.0,0.015037593984962405,0.015037593984962405,0.17054263565891473,0.06976744186046512,-5.945736434108527
2023,2,19790,DL,11433,12892,DTW,LAX,118,4,8,0,106,0,21,9,861.0,0.03389830508474576,0.06779661016949153,0.19811320754716982,0.08490566037735849,8.122641509433961
2023,2,19790,DL,11433,12953,DTW,LGA,157,3,0,0,154,0,40,9,278.0,0.01910828025477707,0.0,0.2597402597402597,0.05844155844155844,1.8051948051948052
2023,2,19790,DL,11433,13204,DTW,MCO,168,2,0,0,166,0,31,7,82.0,0.011904761904761904,0.0,0.18674698795180722,0.04216867469879518,0.4939759036144578
2023,2,19790,DL,11433,13303,DTW,MIA,56,1,0,0,55,0,12,5,456.0,0.017857142857142856,0.0,0.21818181818181817,0.09090909090909091,8.290909090909091
2023,2,19790,DL,11433,13487,DTW,MSP,141,3,0,0,138,0,17,8,-916.0,0.02127659574468085,0.0,0.12318840579710146,0.057971014492753624,-6.63768115942029
2023,2,19790,DL,11433,13930,DTW,ORD,144,4,0,0,140,0,20,5,-792.0,0.027777777777777776,0.0,0.14285714285714285,0.03571428571428571,-5.6571428571428575
2023,2,19790,DL,11433,14100,DTW,PHL,104,1,0,0,103,0,10,6,-1703.0,0.009615384615384616,0.0,0.0970873786407767,0.05825242718446602,-16.533980582524272
2023,2,19790,DL,11433,14107,DTW,PHX,108,1,0,0,107,0,24,11,1244.0,0.009259259259259259,0.0,0.22429906542056074,0.102803738317757,11.626168224299066
2023,2,19790,DL,11433,14635,DTW,RSW,112,1,0,0,111,0,15,5,-850.0,0.008928571428571428,0.0,0.13513513513513514,0.04504504504504504,-7.657657657657658
2023,2,19790,DL,11433,14679,DTW,SAN,59,1,5,0,53,0,11,3,-238.0,0.01694915254237288,0.0847457627118644,0.20754716981132076,0.05660377358490566,-4.490566037735849
2023,2,19790,DL,11433,14747,DTW,SEA,92,0,0,0,92,0,5,2,-1423.0,0.0,0.0,0.05434782608695652,0.021739130434782608,-15.467391304347826
2023,2,19790,DL,11433,14771,DTW,SFO,92,0,0,0,92,0,14,2,-1264.0,0.0,0.0,0.15217391304347827,0.021739130434782608,-13.73913043478261
2023,2,19790,DL,11433,14869,DTW,SLC,104,2,1,0,101,0,18,5,-173.0,0.019230769230769232,0.009615384615384616,0.1782178217821782,0.04950495049504951,-1.7128712871287128
2023,2,19790,DL,11433,15016,DTW,STL,82,1,0,0,81,0,12,3,-658.0,0.012195121951219513,0.0,0.14814814814814814,0.037037037037037035,-8.123456790123457
2023,2,19790,DL,11433,15304,DTW,TPA,106,1,0,0,105,0,18,5,-48.0,0.009433962264150943,0.0,0.17142857142857143,0.047619047619047616,-0.45714285714285713
2023,2,19790,DL,11618,10397,EWR,ATL,229,1,0,0,228,0,31,12,-202.0,0.004366812227074236,0.0,0.13596491228070176,0.05263157894736842,-0.8859649122807017
2023,2,19790,DL,11618,11433,EWR,DTW,99,1,0,0,98,0,6,4,-32.0,0.010101010101010102,0.0,0.061224489795918366,0.04081632653061224,-0.32653061224489793
2023,2,19790,DL,11618,13487,EWR,MSP,72,4,0,0,68,0,12,5,506.0,0.05555555555555555,0.0,0.17647058823529413,0.07352941176470588,7.4411764705882355
2023,2,19790,DL,11618,14869,EWR,SLC,28,0,0,0,28,0,11,5,1152.0,0.0,0.0,0.39285714285714285,0.17857142857142858,41.142857142857146
2023,2,19790,DL,11697,10397,FLL,ATL,319,0,0,0,319,0,49,10,154.0,0.0,0.0,0.1536050156739812,0.03134796238244514,0.4827586206896552
2023,2,19790,DL,11697,10721,FLL,BOS,56,1,1,0,54,0,10,3,752.0,0.017857142857142856,0.017857142857142856,0.18518518518518517,0.05555555555555555,13.925925925925926
2023,2,19790,DL,11697,11433,FLL,DTW,112,2,0,0,110,0,22,7,892.0,0.017857142857142856,0.0,0.2,0.06363636363636363,8.10909090909091
2023,2,19790,DL,11697,12478,FLL,JFK,112,0,0,0,112,0,34,8,1361.0,0.0,0.0,0.30357142857142855,0.07142857142857142,12.151785714285714
2023,2,19790,DL,11697,12892,FLL,LAX,20,0,0,0,20,0,5,1,102.0,0.0,0.0,0.25,0.05,5.1
2023,2,19790,DL,11697,12953,FLL,LGA,110,2,0,0,108,0,19,7,437.0,0.01818181818181818,0.0,0.17592592592592593,0.06481481481481481,4.046296296296297
2023,2,19790,DL,11697,13487,FLL,MSP,72,2,0,0,70,0,13,5,889.0,0.027777777777777776,0.0,0.18571428571428572,0.07142857142857142,12.7
2023,2,19790,DL,11697,14747,FLL,SEA,28,0,0,0,28,0,5,1,-351.0,0.0,0.0,0.17857142857142858,0.03571428571428571,-12.535714285714286
2023,2,19790,DL,11697,14869,FLL,SLC,28,0,0,0,28,0,1,1,-304.0,0.0,0.0,0.03571428571428571,0.03571428571428571,-10.857142857142858
2023,2,19790,DL,12173,10397,HNL,ATL,28,0,0,0,28,0,13,0,335.0,0.0,0.0,0.4642857142857143,0.0,11.964285714285714
2023,2,19790,DL,12173,11433,HNL,DTW,28,0,2,0,26,0,16,4,891.0,0.0,0.07142857142857142,0.6153846153846154,0.15384615384615385,34.26923076923077
2023,2,19790,DL,12173,12478,HNL,JFK,28,1,0,0,27,0,5,2,115.0,0.03571428571428571,0.0,0.18518518518518517,0.07407407407407407,4.2592592592592595
2023,2,19790,DL,12173,12892,HNL,LAX,84,2,0,0,82,0,19,7,1539.0,0.023809523809523808,0.0,0.23170731707317074,0.08536585365853659,18.76829268292683
2023,2,19790,DL,12173,13487,HNL,MSP,28,1,0,0,27,0,11,2,456.0,0.03571428571428571,0.0,0.4074074074074074,0.07407407407407407,16.88888888888889
2023,2,19790,DL,12173,14747,HNL,SEA,52,2,0,0,50,0,17,7,2317.0,0.038461538461538464,0.0,0.34,0.14,46.34
2023,2,19790,DL,12173,14869,HNL,SLC,28,1,0,0,27,0,9,2,290.0,0.03571428571428571,0.0,0.3333333333333333,0.07407407407407407,10.74074074074074
2023,2,19790,DL,12266,10397,IAH,ATL,153,0,0,0,153,0,27,8,795.0,0.0,0.0,0.17647058823529413,0.05228758169934641,5.196078431372549
2023,2,19790,DL,12266,11433,IAH,DTW,105,2,0,0,103,0,8,4,-265.0,0.01904761904761905,0.0,0.07766990291262135,0.038834951456310676,-2.5728155339805827
2023,2,19790,DL,12266,12892,IAH,LAX,50,0,0,0,50,0,4,2,-342.0,0.0,0.0,0.08,0.04,-6.84
2023,2,19790,DL,12266,12953,IAH,LGA,96,2,0,0,94,0,15,3,207.0,0.020833333333333332,0.0,0.1595744680851064,0.031914893617021274,2.202127659574468
2023,2,19790,DL,12266,13487,IAH,MSP,102,3,0,0,99,0,10,7,384.0,0.029411764705882353,0.0,0.10101010101010101,0.0707070707070707,3.878787878787879
2023,2,19790,DL,12266,14869,IAH,SLC,76,0,1,0,75,0,7,2,-67.0,0.0,0.013157894736842105,0.09333333333333334,0.02666666666666667,-0.8933333333333333
2023,2,19790,DL,12478,10397,JFK,ATL,169,0,0,0,169,0,28,14,1205.0,0.0,0.0,0.16568047337278108,0.08284023668639054,7.1301775147929
2023,2,19790,DL,12478,10721,JFK,BOS,86,1,0,0,85,0,18,7,773.0,0.011627906976744186,0.0,0.21176470588235294,0.08235294117647059,9.094117647058823
2023,2,19790,DL,12478,11292,JFK,DEN,68,2,0,0,66,0,18,11,1403.0,0.029411764705882353,0.0,0.2727272727272727,0.16666666666666666,21.257575757575758
2023,2,19790,DL,12478,11298,JFK,DFW,52,2,0,0,50,0,8,1,-364.0,0.038461538461538464,0.0,0.16,0.02,-7.28
2023,2,19790,DL,12478,11433,JFK,DTW,28,0,0,0,28,0,1,0,-397.0,0.0,0.0,0.03571428571428571,0.0,-14.178571428571429
2023,2,19790,DL,12478,11697,JFK,FLL,112,0,0,0,112,0,24,4,346.0,0.0,0.0,0.21428571428571427,0.03571428571428571,3.0892857142857144
2023,2,19790,DL,12478,12173,JFK,HNL,28,1,0,0,27,0,4,2,-179.0,0.03571428571428571,0.0,0.14814814814814814,0.07407407407407407,-6.62962962962963
2023,2,19790,DL,12478,12889,JFK,LAS,112,0,3,0,109,0,27,7,12.0,0.0,0.026785714285714284,0.24770642201834864,0.06422018348623854,0.11009174311926606
2023,2,19790,DL,12478,12892,JFK,LAX,224,2,2,0,220,0,69,21,2272.0,0.008928571428571428,0.008928571428571428,0.31363636363636366,0.09545454545454546,10.327272727272728
2023,2,19790,DL,12478,13204,JFK,MCO,140,3,0,0,137,0,35,11,475.0,0.02142857142857143,0.0,0.25547445255474455,0.08029197080291971,3.4671532846715327
2023,2,19790,DL,12478,13303,JFK,MIA,112,0,0,0,112,0,32,6,1927.0,0.0,0.0,0.2857142857142857,0.05357142857142857,17.205357142857142
2023,2,19790,DL,12478,14107,JFK,PHX,72,0,0,0,72,0,25,4,581.0,0.0,0.0,0.3472222222222222,0.05555555555555555,8.069444444444445
2023,2,19790,DL,12478,14635,JFK,RSW,56,0,0,0,56,0,10,4,-201.0,0.0,0.0,0.17857142857142858,0.07142857142857142,-3.5892857142857144
2023,2,19790,DL,12478,14679,JFK,SAN,68,1,6,0,61,0,9,4,-213.0,0.014705882352941176,0.08823529411764706,0.14754098360655737,0.06557377049180328,-3.4918032786885247
2023,2,19790,DL,12478,14747,JFK,SEA,84,0,0,0,84,0,25,6,449.0,0.0,0.0,0.2976190476190476,0.07142857142857142,5.345238095238095
2023,2,19790,DL,12478,14771,JFK,SFO,149,0,0,0,149,0,23,8,-125.0,0.0,0.0,0.15436241610738255,0.053691275167785234,-0.8389261744966443
2023,2,19790,DL,12478,14869,JFK,SLC,114,1,0,0,113,0,25,8,-102.0,0.008771929824561403,0.0,0.22123893805309736,0.07079646017699115,-0.9026548672566371
2023,2,19790,DL,12478,15304,JFK,TPA,84,0,0,0,84,0,17,5,-92.0,0.0,0.0,0.20238095238095238,0.05952380952380952,-1.0952380952380953
2023,2,19790,DL,12889,10397,LAS,ATL,210,0,0,0,210,0,42,8,720.0,0.0,0.0,0.2,0.0380952380952381,3.4285714285714284
2023,2,19790,DL,12889,10721,LAS,BOS,28,0,0,0,28,0,18,9,2658.0,0.0,0.0,0.6428571428571429,0.32142857142857145,94.92857142857143
2023,2,19790,DL,12889,11433,LAS,DTW,133,2,0,0,131,0,14,2,-1513.0,0.015037593984962405,0.0,0.10687022900763359,0.015267175572519083,-11.549618320610687
2023,2,19790,DL,12889,12478,LAS,JFK,112,0,0,0,112,0,17,6,-352.0,0.0,0.0,0.15178571428571427,0.05357142857142857,-3.142857142857143
2023,2,19790,DL,12889,12892,LAS,LAX,137,3,0,0,134,0,32,14,1827.0,0.021897810218978103,0.0,0.23880597014925373,0.1044776119402985,13.634328358208956
2023,2,19790,DL,12889,13487,LAS,MSP,153,5,0,0,148,0,26,7,989.0,0.032679738562091505,0.0,0.17567567567567569,0.0472972972972973,6.6824324324324325
2023,2,19790,DL,12889,14747,LAS,SEA,134,1,0,0,133,0,18,8,1784.0,0.007462686567164179,0.0,0.13533834586466165,0.06015037593984962,13.413533834586467
2023,2,19790,DL,12889,14869,LAS,SLC,132,0,0,0,132,0,28,13,1238.0,0.0,0.0,0.21212121212121213,0.09848484848484848,9.378787878787879
2023,2,19790,DL,12892,10397,LAX,ATL,290,2,0,0,288,0,68,27,4154.0,0.006896551724137931,0.0,0.2361111111111111,0.09375,14.42361111111111
2023,2,19790,DL,12892,10721,LAX,BOS,73,1,0,0,72,0,10,5,241.0,0.0136986301369863,0.0,0.1388888888888889,0.06944444444444445,3.3472222222222223
2023,2,19790,DL,12892,11278,LAX,DCA,28,1,0,0,27,0,2,1,-217.0,0.03571428571428571,0.0,0.07407407407407407,0.037037037037037035,-8.037037037037036
2023,2,19790,DL,12892,11292,LAX,DEN,84,1,0,0,83,0,25,11,2197.0,0.011904761904761904,0.0,0.30120481927710846,0.13253012048192772,26.46987951807229
2023,2,19790,DL,12892,11298,LAX,DFW,50,2,0,0,48,0,13,8,1496.0,0.04,0.0,0.2708333333333333,0.16666666666666666,31.166666666666668
2023,2,19790,DL,12892,11433,LAX,DTW,118,4,0,0,114,0,14,4,-226.0,0.03389830508474576,0.0,0.12280701754385964,0.03508771929824561,-1.9824561403508771
2023,2,19790,DL,12892,11697,LAX,FLL,20,0,0,0,20,0,3,0,-146.0,0.0,0.0,0.15,0.0,-7.3
2023,2,19790,DL,12892,12173,LAX,HNL,84,2,0,0,82,0,11,1,-343.0,0.023809523809523808,0.0,0.13414634146341464,0.012195121951219513,-4.182926829268292
2023,2,19790,DL,12892,12266,LAX,IAH,50,0,0,0,50,0,9,5,334.0,0.0,0.0,0.18,0.1,6.68
2023,2,19790,DL,12892,12478,LAX,JFK,224,2,0,0,222,0,47,21,2098.0,0.008928571428571428,0.0,0.21171171171171171,0.0945945945945946,9.45045045045045
2023,2,19790,DL,12892,12889,LAX,LAS,137,3,1,0,133,0,43,17,2090.0,0.021897810218978103,0.0072992700729927005,0.3233082706766917,0.12781954887218044,15.714285714285714
2023,2,19790,DL,12892,13204,LAX,MCO,97,4,0,0,93,0,17,5,1645.0,0.041237113402061855,0.0,0.1827956989247312,0.053763440860215055,17.688172043010752
2023,2,19790,DL,12892,13303,LAX,MIA,28,0,0,0,28,0,5,2,340.0,0.0,0.0,0.17857142857142858,0.07142857142857142,12.142857142857142
2023,2,19790,DL,12892,13487,LAX,MSP,145,4,0,0,141,0,21,10,2071.0,0.027586206896551724,0.0,0.14893617021276595,0.07092198581560284,14.687943262411348
2023,2,19790,DL,12892,14747,LAX,SEA,162,1,0,0,161,0,19,5,-414.0,0.006172839506172839,0.0,0.11801242236024845,0.031055900621118012,-2.5714285714285716
2023,2,19790,DL,12892,14771,LAX,SFO,175,5,0,0,170,0,48,18,2402.0,0.02857142857142857,0.0,0.2823529411764706,0.10588235294117647,14.129411764705882
2023,2,19790,DL,12892,14869,LAX,SLC,190,2,0,0,188,0,34,11,1443.0,0.010526315789473684,0.0,0.18085106382978725,0.05851063829787234,7.675531914893617
2023,2,19790,DL,12892,15304,LAX,TPA,38,1,0,0,37,0,7,1,485.0,0.02631578947368421,0.0,0.1891891891891892,0.02702702702702703,13.108108108108109
2023,2,19790,DL,12953,10397,LGA,ATL,356,3,0,0,353,0,69,18,881.0,0.008426966292134831,0.0,0.1954674220963173,0.05099150141643059,2.4957507082152977
2023,2,19790,DL,12953,10721,LGA,BOS,81,4,0,0,77,0,24,6,763.0,0.04938271604938271,0.0,0.3116883116883117,0.07792207792207792,9.909090909090908
2023,2,19790,DL,12953,11292,LGA,DEN,54,5,0,0,49,0,12,4,366.0,0.09259259259259259,0.0,0.24489795918367346,0.08163265306122448,7.469387755102041
2023,2,19790,DL,12953,11298,LGA,DFW,124,8,0,0,116,0,25,12,19.0,0.06451612903225806,0.0,0.21551724137931033,0.10344827586206896,0.16379310344827586
2023,2,19790,DL,12953,11433,LGA,DTW,157,3,0,0,154,0,30,11,517.0,0.01910828025477707,0.0,0.19480519480519481,0.07142857142857142,3.357142857142857
2023,2,19790,DL,12953,11697,LGA,FLL,110,2,0,0,108,0,26,10,432.0,0.01818181818181818,0.0,0.24074074074074073,0.09259259259259259,4.0
2023,2,19790,DL,12953,12266,LGA,IAH,96,2,0,0,94,0,17,7,-48.0,0.020833333333333332,0.0,0.18085106382978725,0.07446808510638298,-0.5106382978723404
2023,2,19790,DL,12953,13204,LGA,MCO,166,1,0,0,165,0,41,11,165.0,0.006024096385542169,0.0,0.24848484848484848,0.06666666666666667,1.0
2023,2,19790,DL,12953,13303,LGA,MIA,110,0,0,0,110,0,31,6,241.0,0.0,0.0,0.2818181818181818,0.05454545454545454,2.190909090909091
2023,2,19790,DL,12953,13487,LGA,MSP,132,5,0,0,127,0,28,8,-160.0,0.03787878787878788,0.0,0.2204724409448819,0.06299212598425197,-1.2598425196850394
2023,2,19790,DL,12953,13930,LGA,ORD,200,3,2,0,195,0,45,14,415.0,0.015,0.01,0.23076923076923078,0.07179487179487179,2.128205128205128
2023,2,19790,DL,12953,14635,LGA,RSW,56,0,0,0,56,0,11,2,-154.0,0.0,0.0,0.19642857142857142,0.03571428571428571,-2.75
2023,2,19790,DL,12953,15304,LGA,TPA,110,1,0,0,109,0,19,5,-537.0,0.00909090909090909,0.0,0.1743119266055046,0.045871559633027525,-4.926605504587156
2023,2,19790,DL,13204,10397,MCO,ATL,401,0,0,0,401,0,46,11,-92.0,0.0,0.0,0.11471321695760599,0.02743142144638404,-0.22942643391521197
2023,2,19790,DL,13204,10721,MCO,BOS,100,1,0,0,99,0,23,8,1052.0,0.01,0.0,0.23232323232323232,0.08080808080808081,10.626262626262626
2023,2,19790,DL,13204,11433,MCO,DTW,168,2,0,0,166,0,35,9,999.0,0.011904761904761904,0.0,0.21084337349397592,0.05421686746987952,6.018072289156627
2023,2,19790,DL,13204,12478,MCO,JFK,140,3,0,0,137,0,26,6,717.0,0.02142857142857143,0.0,0.1897810218978102,0.043795620437956206,5.233576642335766
2023,2,19790,DL,13204,12892,MCO,LAX,97,3,0,0,94,0,20,5,852.0,0.030927835051546393,0.0,0.2127659574468085,0.05319148936170213,9.063829787234043
2023,2,19790,DL,13204,12953,MCO,LGA,166,1,1,0,164,0,52,15,2094.0,0.006024096385542169,0.006024096385542169,0.3170731707317073,0.09146341463414634,12.768292682926829
2023,2,19790,DL,13204,13303,MCO,MIA,56,0,0,0,56,0,12,3,218.0,0.0,0.0,0.21428571428571427,0.05357142857142857,3.892857142857143
2023,2,19790,DL,13204,13487,MCO,MSP,136,4,0,0,132,0,44,16,4143.0,0.029411764705882353,0.0,0.3333333333333333,0.12121212121212122,31.386363636363637
2023,2,19790,DL,13204,14747,MCO,SEA,40,0,0,0,40,0,3,1,-499.0,0.0,0.0,0.075,0.025,-12.475
2023,2,19790,DL,13204,14869,MCO,SLC,126,1,0,0,125,0,35,8,1089.0,0.007936507936507936,0.0,0.28,0.064,8.712
2023,2,19790,DL,13232,10397,MDW,ATL,78,1,0,0,77,0,12,3,578.0,0.01282051282051282,0.0,0.15584415584415584,0.03896103896103896,7.5064935064935066
2023,2,19790,DL,13303,10397,MIA,ATL,237,2,0,0,235,0,35,8,575.0,0.008438818565400843,0.0,0.14893617021276595,0.03404255319148936,2.4468085106382977
2023,2,19790,DL,13303,10721,MIA,BOS,28,0,0,0,28,0,7,3,341.0,0.0,0.0,0.25,0.10714285714285714,12.178571428571429
2023,2,19790,DL,13303,11433,MIA,DTW,56,1,0,0,55,0,12,2,249.0,0.017857142857142856,0.0,0.21818181818181817,0.03636363636363636,4.527272727272727
2023,2,19790,DL,13303,12478,MIA,JFK,112,0,0,0,112,0,40,12,1915.0,0.0,0.0,0.35714285714285715,0.10714285714285714,17.098214285714285
2023,2,19790,DL,13303,12892,MIA,LAX,28,0,0,0,28,0,4,0,-242.0,0.0,0.0,0.14285714285714285,0.0,-8.642857142857142
2023,2,19790,DL,13303,12953,MIA,LGA,110,0,0,0,110,0,36,8,1545.0,0.0,0.0,0.32727272727272727,0.07272727272727272,14.045454545454545
2023,2,19790,DL,13303,13204,MIA,MCO,56,0,0,0,56,0,6,3,532.0,0.0,0.0,0.10714285714285714,0.05357142857142857,9.5
2023,2,19790,DL,13303,13487,MIA,MSP,48,2,0,0,46,0,4,0,-378.0,0.041666666666666664,0.0,0.08695652173913043,0.0,-8.217391304347826
2023,2,19790,DL,13303,14869,MIA,SLC,28,0,0,0,28,0,1,1,-359.0,0.0,0.0,0.03571428571428571,0.03571428571428571,-12.821428571428571
2023,2,19790,DL,13487,10397,MSP,ATL,239,6,0,0,233,0,28,6,-1288.0,0.02510460251046025,0.0,0.12017167381974249,0.02575107296137339,-5.527896995708154
2023,2,19790,DL,13487,10721,MSP,BOS,121,4,0,0,117,0,17,2,-339.0,0.03305785123966942,0.0,0.1452991452991453,0.017094017094017096,-2.8974358974358974
2023,2,19790,DL,13487,10821,MSP,BWI,52,3,0,0,49,0,4,0,-859.0,0.057692307692307696,0.0,0.08163265306122448,0.0,-17.53061224489796
2023,2,19790,DL,13487,11278,MSP,DCA,140,4,0,0,136,0,16,4,-1000.0,0.02857142857142857,0.0,0.11764705882352941,0.029411764705882353,-7.352941176470588
2023,2,19790,DL,13487,11292,MSP,DEN,134,6,0,0,128,0,25,10,494.0,0.04477611940298507,0.0,0.1953125,0.078125,3.859375
2023,2,19790,DL,13487,11298,MSP,DFW,104,6,0,0,98,0,16,4,-454.0,0.057692307692307696,0.0,0.16326530612244897,0.04081632653061224,-4.63265306122449
2023,2,19790,DL,13487,11433,MSP,DTW,141,3,0,0,138,0,20,7,363.0,0.02127659574468085,0.0,0.14492753623188406,0.050724637681159424,2.630434782608696
2023,2,19790,DL,13487,11618,MSP,EWR,72,2,0,0,70,0,11,6,1114.0,0.027777777777777776,0.0,0.15714285714285714,0.08571428571428572,15.914285714285715
2023,2,19790,DL,13487,11697,MSP,FLL,72,2,0,0,70,0,13,4,-265.0,0.027777777777777776,0.0,0.18571428571428572,0.05714285714285714,-3.7857142857142856
2023,2,19790,DL,13487,12173,MSP,HNL,28,1,0,0,27,0,3,1,-466.0,0.03571428571428571,0.0,0.1111111111111111,0.037037037037037035,-17.25925925925926
2023,2,19790,DL,13487,12266,MSP,IAH,102,3,0,0,99,0,29,5,1041.0,0.029411764705882353,0.0,0.29292929292929293,0.050505050505050504,10.515151515151516
2023,2,19790,DL,13487,12478,MSP,JFK,1,0,0,0,1,0,0,0,-5.0,0.0,0.0,0.0,0.0,-5.0
2023,2,19790,DL,13487,12889,MSP,LAS,153,4,2,0,147,0,34,6,-727.0,0.026143790849673203,0.013071895424836602,0.23129251700680273,0.04081632653061224,-4.945578231292517
2023,2,19790,DL,13487,12892,MSP,LAX,145,4,1,0,140,0,42,8,201.0,0.027586206896551724,0.006896551724137931,0.3,0.05714285714285714,1.4357142857142857
2023,2,19790,DL,13487,12953,MSP,LGA,132,5,1,0,126,0,26,8,-115.0,0.03787878787878788,0.007575757575757576,0.20634920634920634,0.06349206349206349,-0.9126984126984127
2023,2,19790,DL,13487,13204,MSP,MCO,136,4,0,0,132,0,28,13,1105.0,0.029411764705882353,0.0,0.21212121212121213,0.09848484848484848,8.371212121212121
2023,2,19790,DL,13487,13303,MSP,MIA,48,2,0,0,46,0,10,4,-80.0,0.041666666666666664,0.0,0.21739130434782608,0.08695652173913043,-1.7391304347826086
2023,2,19790,DL,13487,13930,MSP,ORD,158,6,0,0,152,0,17,6,-1334.0,0.0379746835443038,0.0,0.1118421052631579,0.039473684210526314,-8.776315789473685
2023,2,19790,DL,13487,14100,MSP,PHL,76,3,0,0,73,0,11,3,97.0,0.039473684210526314,0.0,0.1506849315068493,0.0410958904109589,1.3287671232876712
2023,2,19790,DL,13487,14107,MSP,PHX,168,5,1,0,162,0,40,11,1956.0,0.02976190476190476,0.005952380952380952,0.24691358024691357,0.06790123456790123,12.074074074074074
2023,2,19790,DL,13487,14635,MSP,RSW,112,4,0,0,108,0,16,5,-71.0,0.03571428571428571,0.0,0.14814814814814814,0.046296296296296294,-0.6574074074074074
2023,2,19790,DL,13487,14679,MSP,SAN,84,2,0,0,82,0,15,6,-278.0,0.023809523809523808,0.0,0.18292682926829268,0.07317073170731707,-3.3902439024390243
2023,2,19790,DL,13487,14747,MSP,SEA,126,4,0,0,122,0,9,4,-1718.0,0.031746031746031744,0.0,0.07377049180327869,0.03278688524590164,-14.081967213114755
2023,2,19790,DL,13487,14771,MSP,SFO,104,5,0,0,99,0,19,5,-746.0,0.04807692307692308,0.0,0.1919191919191919,0.050505050505050504,-7.5353535353535355
2023,2,19790,DL,13487,14869,MSP,SLC,114,4,0,0,110,0,19,4,-541.0,0.03508771929824561,0.0,0.17272727272727273,0.03636363636363636,-4.918181818181818
2023,2,19790,DL,13487,15016,MSP,STL,101,3,0,0,98,0,16,2,-587.0,0.0297029702970297,0.0,0.16326530612244897,0.02040816326530612,-5.989795918367347
2023,2,19790,DL,13487,15304,MSP,TPA,85,3,0,0,82,0,12,2,-463.0,0.03529411764705882,0.0,0.14634146341463414,0.024390243902439025,-5.646341463414634
2023,2,19790,DL,13796,14869,OAK,SLC,56,2,0,0,54,0,7,4,283.0,0.03571428571428571,0.0,0.12962962962962962,0.07407407407407407,5.2407407407407405
2023,2,19790,DL,13930,10397,ORD,ATL,170,0,0,0,170,0,35,11,1133.0,0.0,0.0,0.20588235294117646,0.06470588235294118,6.6647058823529415
2023,2,19790,DL,13930,10721,ORD,BOS,70,1,0,0,69,0,16,7,832.0,0.014285714285714285,0.0,0.2318840579710145,0.10144927536231885,12.057971014492754
2023,2,19790,DL,13930,11433,ORD,DTW,144,3,0,0,141,0,17,6,-721.0,0.020833333333333332,0.0,0.12056737588652482,0.0425531914893617,-5.113475177304965
2023,2,19790,DL,13930,12953,ORD,LGA,200,3,0,0,197,0,37,13,948.0,0.015,0.0,0.18781725888324874,0.06598984771573604,4.812182741116751
2023,2,19790,DL,13930,13487,ORD,MSP,158,7,0,0,151,0,26,5,-343.0,0.04430379746835443,0.0,0.17218543046357615,0.033112582781456956,-2.271523178807947
2023,2,19790,DL,13930,14747,ORD,SEA,51,1,0,0,50,0,6,4,-39.0,0.0196078431372549,0.0,0.12,0.08,-0.78
2023,2,19790,DL,13930,14869,ORD,SLC,76,2,0,0,74,0,18,7,1289.0,0.02631578947368421,0.0,0.24324324324324326,0.0945945945945946,17.41891891891892
2023,2,19790,DL,14100,10397,PHL,ATL,199,0,0,0,199,0,10,3,-1784.0,0.0,0.0,0.05025125628140704,0.01507537688442211,-8.964824120603016
2023,2,19790,DL,14100,11433,PHL,DTW,104,1,0,0,103,0,9,6,-364.0,0.009615384615384616,0.0,0.08737864077669903,0.05825242718446602,-3.533980582524272
2023,2,19790,DL,14100,13487,PHL,MSP,76,3,0,0,73,0,15,5,468.0,0.039473684210526314,0.0,0.2054794520547945,0.0684931506849315,6.410958904109589
2023,2,19790,DL,14100,14107,PHL,PHX,2,0,0,0,2,0,0,0,-83.0,0.0,0.0,0.0,0.0,-41.5
2023,2,19790,DL,14100,14869,PHL,SLC,28,0,0,0,28,0,3,0,-300.0,0.0,0.0,0.10714285714285714,0.0,-10.714285714285714
2023,2,19790,DL,14107,10397,PHX,ATL,185,1,0,0,184,0,17,3,-852.0,0.005405405405405406,0.0,0.09239130434782608,0.016304347826086956,-4.630434782608695
2023,2,19790,DL,14107,10721,PHX,BOS,28,1,0,0,27,0,2,0,-545.0,0.03571428571428571,0.0,0.07407407407407407,0.0,-20.185185185185187
2023,2,19790,DL,14107,11433,PHX,DTW,108,1,0,0,107,0,13,5,-765.0,0.009259259259259259,0.0,0.12149532710280374,0.04672897196261682,-7.149532710280374
2023,2,19790,DL,14107,12478,PHX,JFK,74,0,0,0,74,0,25,9,1616.0,0.0,0.0,0.33783783783783783,0.12162162162162163,21.83783783783784
2023,2,19790,DL,14107,13487,PHX,MSP,168,5,0,0,163,0,21,7,274.0,0.02976190476190476,0.0,0.12883435582822086,0.04294478527607362,1.6809815950920246
2023,2,19790,DL,14107,14100,PHX,PHL,2,0,0,0,2,0,1,0,45.0,0.0,0.0,0.5,0.0,22.5
2023,2,19790,DL,14107,14747,PHX,SEA,136,1,0,0,135,0,11,6,-2141.0,0.007352941176470588,0.0,0.08148148148148149,0.044444444444444446,-15.85925925925926
2023,2,19790,DL,14107,14869,PHX,SLC,135,0,0,0,135,0,24,7,72.0,0.0,0.0,0.17777777777777778,0.05185185185185185,0.5333333333333333
2023,2,19790,DL,14635,10397,RSW,ATL,209,1,0,0,208,0,5,2,-2698.0,0.004784688995215311,0.0,0.02403846153846154,0.009615384615384616,-12.971153846153847
2023,2,19790,DL,14635,10721,RSW,BOS,28,1,1,0,26,0,3,1,-198.0,0.03571428571428571,0.03571428571428571,0.11538461538461539,0.038461538461538464,-7.615384615384615
2023,2,19790,DL,14635,11433,RSW,DTW,112,1,0,0,111,0,9,3,-501.0,0.008928571428571428,0.0,0.08108108108108109,0.02702702702702703,-4.513513513513513
2023,2,19790,DL,14635,12478,RSW,JFK,56,0,0,0,56,0,4,2,-246.0,0.0,0.0,0.07142857142857142,0.03571428571428571,-4.392857142857143
2023,2,19790,DL,14635,12953,RSW,LGA,56,0,0,0,56,0,9,2,-95.0,0.0,0.0,0.16071428571428573,0.03571428571428571,-1.6964285714285714
2023,2,19790,DL,14635,13487,RSW,MSP,112,4,0,0,108,0,13,5,890.0,0.03571428571428571,0.0,0.12037037037037036,0.046296296296296294,8.24074074074074
2023,2,19790,DL,14679,10397,SAN,ATL,133,0,0,0,133,0,13,7,204.0,0.0,0.0,0.09774436090225563,0.05263157894736842,1.5338345864661653
2023,2,19790,DL,14679,10721,SAN,BOS,28,0,0,0,28,0,6,3,834.0,0.0,0.0,0.21428571428571427,0.10714285714285714,29.785714285714285
2023,2,19790,DL,14679,11433,SAN,DTW,59,1,0,0,58,0,8,4,155.0,0.01694915254237288,0.0,0.13793103448275862,0.06896551724137931,2.6724137931034484
2023,2,19790,DL,14679,12478,SAN,JFK,68,1,0,0,67,0,14,3,-267.0,0.014705882352941176,0.0,0.208955223880597,0.04477611940298507,-3.985074626865672
2023,2,19790,DL,14679,13487,SAN,MSP,84,2,0,0,82,0,13,3,-408.0,0.023809523809523808,0.0,0.15853658536585366,0.036585365853658534,-4.975609756097561
2023,2,19790,DL,14679,14747,SAN,SEA,134,4,0,0,130,0,17,6,-1043.0,0.029850746268656716,0.0,0.13076923076923078,0.046153846153846156,-8.023076923076923
2023,2,19790,DL,14679,14869,SAN,SLC,136,3,0,0,133,0,18,9,1736.0,0.022058823529411766,0.0,0.13533834586466165,0.06766917293233082,13.052631578947368
2023,2,19790,DL,14747,10397,SEA,ATL,145,2,0,0,143,0,34,9,674.0,0.013793103448275862,0.0,0.23776223776223776,0.06293706293706294,4.713286713286713
2023,2,19790,DL,14747,10721,SEA,BOS,64,3,0,0,61,0,14,3,490.0,0.046875,0.0,0.22950819672131148,0.04918032786885246,8.032786885245901
2023,2,19790,DL,14747,11292,SEA,DEN,84,2,0,0,82,0,16,11,1210.0,0.023809523809523808,0.0,0.1951219512195122,0.13414634146341464,14.75609756097561
2023,2,19790,DL,14747,11433,SEA,DTW,92,0,0,0,92,0,16,4,-321.0,0.0,0.0,0.17391304347826086,0.043478260869565216,-3.489130434782609
2023,2,19790,DL,14747,11697,SEA,FLL,28,0,0,0,28,0,5,2,-143.0,0.0,0.0,0.17857142857142858,0.07142857142857142,-5.107142857142857
2023,2,19790,DL,14747,12173,SEA,HNL,52,0,0,0,52,0,5,4,1638.0,0.0,0.0,0.09615384615384616,0.07692307692307693,31.5
2023,2,19790,DL,14747,12478,SEA,JFK,84,0,0,0,84,0,21,5,288.0,0.0,0.0,0.25,0.05952380952380952,3.4285714285714284
2023,2,19790,DL,14747,12889,SEA,LAS,134,1,0,0,133,0,18,7,409.0,0.007462686567164179,0.0,0.13533834586466165,0.05263157894736842,3.075187969924812
2023,2,19790,DL,14747,12892,SEA,LAX,162,1,0,0,161,0,33,11,1655.0,0.006172839506172839,0.0,0.20496894409937888,0.06832298136645963,10.279503105590063
2023,2,19790,DL,14747,13204,SEA,MCO,40,0,0,0,40,0,10,3,467.0,0.0,0.0,0.25,0.075,11.675
2023,2,19790,DL,14747,13487,SEA,MSP,126,4,0,0,122,0,11,5,-158.0,0.031746031746031744,0.0,0.09016393442622951,0.040983606557377046,-1.2950819672131149
2023,2,19790,DL,14747,13930,SEA,ORD,51,1,0,0,50,0,12,7,639.0,0.0196078431372549,0.0,0.24,0.14,12.78
2023,2,19790,DL,14747,14107,SEA,PHX,136,1,0,0,135,0,27,7,242.0,0.007352941176470588,0.0,0.2,0.05185185185185185,1.7925925925925925
2023,2,19790,DL,14747,14679,SEA,SAN,134,3,0,0,131,0,20,5,32.0,0.022388059701492536,0.0,0.15267175572519084,0.03816793893129771,0.24427480916030533
2023,2,19790,DL,14747,14771,SEA,SFO,94,3,0,0,91,0,21,9,1132.0,0.031914893617021274,0.0,0.23076923076923078,0.0989010989010989,12.43956043956044
2023,2,19790,DL,14747,14869,SEA,SLC,139,1,0,0,138,0,23,7,1139.0,0.007194244604316547,0.0,0.16666666666666666,0.050724637681159424,8.253623188405797
2023,2,19790,DL,14747,15304,SEA,TPA,24,0,0,0,24,0,5,2,-25.0,0.0,0.0,0.20833333333333334,0.08333333333333333,-1.0416666666666667
2023,2,19790,DL,14771,10397,SFO,ATL,145,2,0,0,143,0,6,1,-1339.0,0.013793103448275862,0.0,0.04195804195804196,0.006993006993006993,-9.363636363636363
2023,2,19790,DL,14771,10721,SFO,BOS,28,1,0,0,27,0,6,4,499.0,0.03571428571428571,0.0,0.2222222222222222,0.14814814814814814,18.48148148148148
2023,2,19790,DL,14771,11433,SFO,DTW,92,1,0,0,91,0,3,0,-1087.0,0.010869565217391304,0.0,0.03296703296703297,0.0,-11.945054945054945
2023,2,19790,DL,14771,12478,SFO,JFK,149,0,1,0,148,0,30,5,980.0,0.0,0.006711409395973154,0.20270270270270271,0.033783783783783786,6.621621621621622
2023,2,19790,DL,14771,12892,SFO,LAX,175,5,0,0,170,0,33,18,2162.0,0.02857142857142857,0.0,0.19411764705882353,0.10588235294117647,12.717647058823529
2023,2,19790,DL,14771,13487,SFO,MSP,104,4,0,0,100,0,13,2,-209.0,0.038461538461538464,0.0,0.13,0.02,-2.09
2023,2,19790,DL,14771,14747,SFO,SEA,94,3,0,0,91,0,13,6,157.0,0.031914893617021274,0.0,0.14285714285714285,0.06593406593406594,1.7252747252747254
2023,2,19790,DL,14771,14869,SFO,SLC,132,3,0,0,129,0,22,10,542.0,0.022727272727272728,0.0,0.17054263565891473,0.07751937984496124,4.2015503875969
2023,2,19790,DL,14869,10397,SLC,ATL,210,0,0,0,210,0,31,8,-562.0,0.0,0.0,0.14761904761904762,0.0380952380952381,-2.676190476190476
2023,2,19790,DL,14869,10721,SLC,BOS,56,0,0,0,56,0,14,6,805.0,0.0,0.0,0.25,0.10714285714285714,14.375
2023,2,19790,DL,14869,10821,SLC,BWI,28,0,0,0,28,0,4,0,-156.0,0.0,0.0,0.14285714285714285,0.0,-5.571428571428571
2023,2,19790,DL,14869,11278,SLC,DCA,28,1,0,0,27,0,5,3,75.0,0.03571428571428571,0.0,0.18518518518518517,0.1111111111111111,2.7777777777777777
2023,2,19790,DL,14869,11292,SLC,DEN,132,5,0,0,127,0,33,15,2249.0,0.03787878787878788,0.0,0.25984251968503935,0.11811023622047244,17.708661417322833
2023,2,19790,DL,14869,11298,SLC,DFW,105,8,0,0,97,0,28,12,1409.0,0.0761904761904762,0.0,0.28865979381443296,0.12371134020618557,14.525773195876289
2023,2,19790,DL,14869,11433,SLC,DTW,104,3,0,0,101,0,8,2,-237.0,0.028846153846153848,0.0,0.07920792079207921,0.019801980198019802,-2.3465346534653464
2023,2,19790,DL,14869,11618,SLC,EWR,28,0,0,0,28,0,6,2,58.0,0.0,0.0,0.21428571428571427,0.07142857142857142,2.0714285714285716
2023,2,19790,DL,14869,11697,SLC,FLL,28,0,0,0,28,0,2,0,-322.0,0.0,0.0,0.07142857142857142,0.0,-11.5
2023,2,19790,DL,14869,12173,SLC,HNL,28,2,0,0,26,0,3,1,-313.0,0.07142857142857142,0.0,0.11538461538461539,0.038461538461538464,-12.038461538461538
2023,2,19790,DL,14869,12266,SLC,IAH,76,0,0,0,76,0,14,7,514.0,0.0,0.0,0.18421052631578946,0.09210526315789473,6.7631578947368425
2023,2,19790,DL,14869,12478,SLC,JFK,114,1,0,0,113,0,37,16,2394.0,0.008771929824561403,0.0,0.3274336283185841,0.1415929203539823,21.1858407079646
2023,2,19790,DL,14869,12889,SLC,LAS,132,0,1,0,131,0,36,16,2057.0,0.0,0.007575757575757576,0.2748091603053435,0.12213740458015267,15.702290076335878
2023,2,19790,DL,14869,12892,SLC,LAX,190,1,2,0,187,0,42,17,848.0,0.005263157894736842,0.010526315789473684,0.22459893048128343,0.09090909090909091,4.53475935828877
2023,2,19790,DL,14869,13204,SLC,MCO,126,1,0,0,125,0,26,9,958.0,0.007936507936507936,0.0,0.208,0.072,7.664
2023,2,19790,DL,14869,13303,SLC,MIA,28,0,0,0,28,0,10,1,270.0,0.0,0.0,0.35714285714285715,0.03571428571428571,9.642857142857142
2023,2,19790,DL,14869,13487,SLC,MSP,114,3,0,0,111,0,17,4,-187.0,0.02631578947368421,0.0,0.15315315315315314,0.036036036036036036,-1.6846846846846846
2023,2,19790,DL,14869,13796,SLC,OAK,56,2,0,0,54,0,5,3,-153.0,0.03571428571428571,0.0,0.09259259259259259,0.05555555555555555,-2.8333333333333335
2023,2,19790,DL,14869,13930,SLC,ORD,76,2,0,0,74,0,15,8,591.0,0.02631578947368421,0.0,0.20270270270270271,0.10810810810810811,7.986486486486487
2023,2,19790,DL,14869,14100,SLC,PHL,28,0,0,0,28,0,1,0,-569.0,0.0,0.0,0.03571428571428571,0.0,-20.321428571428573
2023,2,19790,DL,14869,14107,SLC,PHX,136,0,0,0,136,0,35,11,1032.0,0.0,0.0,0.25735294117647056,0.08088235294117647,7.588235294117647
2023,2,19790,DL,14869,14679,SLC,SAN,136,3,0,0,133,0,30,9,563.0,0.022058823529411766,0.0,0.22556390977443608,0.06766917293233082,4.2330827067669174
2023,2,19790,DL,14869,14747,SLC,SEA,138,1,1,0,136,0,25,10,-106.0,0.007246376811594203,0.007246376811594203,0.18382352941176472,0.07352941176470588,-0.7794117647058824
2023,2,19790,DL,14869,14771,SLC,SFO,132,2,0,0,130,0,32,12,1237.0,0.015151515151515152,0.0,0.24615384615384617,0.09230769230769231,9.515384615384615
2023,2,19790,DL,14869,15016,SLC,STL,61,1,0,0,60,0,15,8,447.0,0.01639344262295082,0.0,0.25,0.13333333333333333,7.45
2023,2,19790,DL,14869,15304,SLC,TPA,28,0,0,0,28,0,5,1,399.0,0.0,0.0,0.17857142857142858,0.03571428571428571,14.25
2023,2,19790,DL,15016,10397,STL,ATL,153,1,0,0,152,0,19,9,575.0,0.006535947712418301,0.0,0.125,0.05921052631578947,3.7828947368421053
2023,2,19790,DL,15016,11433,STL,DTW,82,1,0,0,81,0,3,1,-877.0,0.012195121951219513,0.0,0.037037037037037035,0.012345679012345678,-10.82716049382716
2023,2,19790,DL,15016,13487,STL,MSP,101,3,0,0,98,0,9,2,-793.0,0.0297029702970297,0.0,0.09183673469387756,0.02040816326530612,-8.091836734693878
2023,2,19790,DL,15016,14869,STL,SLC,61,1,0,0,60,0,8,2,250.0,0.01639344262295082,0.0,0.13333333333333333,0.03333333333333333,4.166666666666667
2023,2,19790,DL,15304,10397,TPA,ATL,313,0,0,0,313,0,13,3,-3346.0,0.0,0.0,0.04153354632587859,0.009584664536741214,-10.690095846645367
2023,2,19790,DL,15304,10721,TPA,BOS,60,1,0,0,59,0,10,1,-278.0,0.016666666666666666,0.0,0.1694915254237288,0.01694915254237288,-4.711864406779661
2023,2,19790,DL,15304,11433,TPA,DTW,106,1,0,0,105,0,12,5,892.0,0.009433962264150943,0.0,0.11428571428571428,0.047619047619047616,8.495238095238095
2023,2,19790,DL,15304,12478,TPA,JFK,84,0,0,0,84,0,15,3,36.0,0.0,0.0,0.17857142857142858,0.03571428571428571,0.42857142857142855
2023,2,19790,DL,15304,12892,TPA,LAX,38,1,0,0,37,0,3,0,-348.0,0.02631578947368421,0.0,0.08108108108108109,0.0,-9.405405405405405
2023,2,19790,DL,15304,12953,TPA,LGA,110,1,0,0,109,0,28,7,790.0,0.00909090909090909,0.0,0.25688073394495414,0.06422018348623854,7.247706422018348
2023,2,19790,DL,15304,13487,TPA,MSP,85,3,0,0,82,0,7,3,271.0,0.03529411764705882,0.0,0.08536585365853659,0.036585365853658534,3.3048780487804876
2023,2,19790,DL,15304,14747,TPA,SEA,24,0,0,0,24,0,4,1,-223.0,0.0,0.0,0.16666666666666666,0.041666666666666664,-9.291666666666666
2023,2,19790,DL,15304,14869,TPA,SLC,28,0,0,0,28,0,3,2,172.0,0.0,0.0,0.10714285714285714,0.07142857142857142,6.142857142857143
2023,2,19805,AA,10397,11278,ATL,DCA,32,0,0,0,32,0,4,2,-135.0,0.0,0.0,0.125,0.0625,-4.21875
2023,2,19805,AA,10397,11298,ATL,DFW,166,8,0,0,158,0,30,12,713.0,0.04819277108433735,0.0,0.189873417721519,0.0759493670886076,4.512658227848101
2023,2,19805,AA,10397,12892,ATL,LAX,28,0,0,0,28,0,5,2,61.0,0.0,0.0,0.17857142857142858,0.07142857142857142,2.1785714285714284
2023,2,19805,AA,10397,13303,ATL,MIA,138,0,0,0,138,0,26,9,803.0,0.0,0.0,0.18840579710144928,0.06521739130434782,5.818840579710145
2023,2,19805,AA,10397,13930,ATL,ORD,53,2,1,0,50,0,14,4,836.0,0.03773584905660377,0.018867924528301886,0.28,0.08,16.72
2023,2,19805,AA,10397,14100,ATL,PHL,30,0,0,0,30,0,1,0,-295.0,0.0,0.0,0.03333333333333333,0.0,-9.833333333333334
2023,2,19805,AA,10397,14107,ATL,PHX,54,0,1,0,53,0,10,2,359.0,0.0,0.018518518518518517,0.18867924528301888,0.03773584905660377,6.773584905660377
2023,2,19805,AA,10721,11278,BOS,DCA,199,0,1,0,198,0,36,11,606.0,0.0,0.005025125628140704,0.18181818181818182,0.05555555555555555,3.0606060606060606
2023,2,19805,AA,10721,11298,BOS,DFW,162,8,0,0,154,0,39,9,1130.0,0.04938271604938271,0.0,0.2532467532467532,0.05844155844155844,7.337662337662338
2023,2,19805,AA,10721,12892,BOS,LAX,53,0,3,0,50,0,16,7,661.0,0.0,0.05660377358490566,0.32,0.14,13.22
2023,2,19805,AA,10721,13303,BOS,MIA,156,0,0,0,156,0,28,5,-1249.0,0.0,0.0,0.1794871794871795,0.03205128205128205,-8.006410256410257
2023,2,19805,AA,10721,13930,BOS,ORD,134,2,1,0,131,0,40,18,3775.0,0.014925373134328358,0.007462686567164179,0.3053435114503817,0.13740458015267176,28.81679389312977
2023,2,19805,AA,10721,14100,BOS,PHL,155,0,1,0,154,0,20,8,-239.0,0.0,0.0064516129032258064,0.12987012987012986,0.05194805194805195,-1.551948051948052
2023,2,19805,AA,10721,14107,BOS,PHX,90,0,2,0,88,0,30,8,1971.0,0.0,0.022222222222222223,0.3409090909090909,0.09090909090909091,22.397727272727273
2023,2,19805,AA,10821,11298,BWI,DFW,77,3,0,0,74,0,19,5,1289.0,0.03896103896103896,0.0,0.25675675675675674,0.06756756756756757,17.41891891891892
2023,2,19805,AA,10821,13303,BWI,MIA,28,0,1,0,27,0,1,0,-453.0,0.0,0.03571428571428571,0.037037037037037035,0.0,-16.77777777777778
2023,2,19805,AA,10821,13930,BWI,ORD,25,1,0,0,24,0,2,0,-189.0,0.04,0.0,0.08333333333333333,0.0,-7.875
2023,2,19805,AA,11278,10397,DCA,ATL,32,0,0,0,32,0,3,2,-59.0,0.0,0.0,0.09375,0.0625,-1.84375
2023,2,19805,AA,11278,10721,DCA,BOS,199,0,0,0,199,0,33,14,609.0,0.0,0.0,0.1658291457286432,0.07035175879396985,3.0603015075376883
2023,2,19805,AA,11278,11298,DCA,DFW,251,14,0,0,237,0,43,16,1790.0,0.055776892430278883,0.0,0.18143459915611815,0.06751054852320675,7.552742616033755
2023,2,19805,AA,11278,12889,DCA,LAS,28,0,0,0,28,0,9,2,116.0,0.0,0.0,0.32142857142857145,0.07142857142857142,4.142857142857143
2023,2,19805,AA,11278,12892,DCA,LAX,56,0,0,0,56,0,19,3,1056.0,0.0,0.0,0.3392857142857143,0.05357142857142857,18.857142857142858
2023,2,19805,AA,11278,12953,DCA,LGA,210,6,0,0,204,0,61,21,3043.0,0.02857142857142857,0.0,0.29901960784313725,0.10294117647058823,14.916666666666666
2023,2,19805,AA,11278,13204,DCA,MCO,140,1,0,0,139,0,17,3,-548.0,0.007142857142857143,0.0,0.1223021582733813,0.02158273381294964,-3.9424460431654675
2023,2,19805,AA,11278,13303,DCA,MIA,220,2,0,0,218,0,31,9,-1330.0,0.00909090909090909,0.0,0.14220183486238533,0.04128440366972477,-6.10091743119266
2023,2,19805,AA,11278,13930,DCA,ORD,235,3,1,0,231,0,42,12,870.0,0.01276595744680851,0.00425531914893617,0.18181818181818182,0.05194805194805195,3.7662337662337664
2023,2,19805,AA,11278,14107,DCA,PHX,84,0,0,0,84,0,23,3,279.0,0.0,0.0,0.27380952380952384,0.03571428571428571,3.3214285714285716
2023,2,19805,AA,11278,14635,DCA,RSW,56,1,0,0,55,0,13,4,331.0,0.017857142857142856,0.0,0.23636363636363636,0.07272727272727272,6.0181818181818185
2023,2,19805,AA,11278,15016,DCA,STL,22,0,0,0,22,0,8,3,319.0,0.0,0.0,0.36363636363636365,0.13636363636363635,14.5
2023,2,19805,AA,11278,15304,DCA,TPA,112,0,0,0,112,0,12,6,-145.0,0.0,0.0,0.10714285714285714,0.05357142857142857,-1.2946428571428572
2023,2,19805,AA,11292,11298,DEN,DFW,210,7,0,0,203,0,63,19,3263.0,0.03333333333333333,0.0,0.3103448275862069,0.09359605911330049,16.073891625615765
2023,2,19805,AA,11292,13303,DEN,MIA,56,0,0,0,56,0,8,3,-53.0,0.0,0.0,0.14285714285714285,0.05357142857142857,-0.9464285714285714
2023,2,19805,AA,11292,13930,DEN,ORD,73,2,0,0,71,0,13,7,687.0,0.0273972602739726,0.0,0.18309859154929578,0.09859154929577464,9.67605633802817
2023,2,19805,AA,11292,14100,DEN,PHL,56,0,0,0,56,0,8,2,606.0,0.0,0.0,0.14285714285714285,0.03571428571428571,10.821428571428571
2023,2,19805,AA,11292,14107,DEN,PHX,81,0,0,0,81,0,30,10,1510.0,0.0,0.0,0.37037037037037035,0.12345679012345678,18.641975308641975
2023,2,19805,AA,11298,10397,DFW,ATL,166,8,1,0,157,0,45,11,2817.0,0.04819277108433735,0.006024096385542169,0.28662420382165604,0.07006369426751592,17.94267515923567
2023,2,19805,AA,11298,10721,DFW,BOS,162,7,0,0,155,0,33,6,-182.0,0.043209876543209874,0.0,0.2129032258064516,0.03870967741935484,-1.1741935483870967
2023,2,19805,AA,11298,10821,DFW,BWI,78,3,0,0,75,0,18,7,616.0,0.038461538461538464,0.0,0.24,0.09333333333333334,8.213333333333333
2023,2,19805,AA,11298,11278,DFW,DCA,252,13,0,0,239,0,61,20,1955.0,0.051587301587301584,0.0,0.25523012552301255,0.08368200836820083,8.179916317991632
2023,2,19805,AA,11298,11292,DFW,DEN,210,8,0,0,202,0,69,24,3694.0,0.0380952380952381,0.0,0.3415841584158416,0.1188118811881188,18.287128712871286
2023,2,19805,AA,11298,11433,DFW,DTW,111,6,0,0,105,0,23,10,634.0,0.05405405405405406,0.0,0.21904761904761905,0.09523809523809523,6.038095238095238
2023,2,19805,AA,11298,11618,DFW,EWR,139,7,0,0,132,0,37,12,1051.0,0.050359712230215826,0.0,0.2803030303030303,0.09090909090909091,7.962121212121212
2023,2,19805,AA,11298,11697,DFW,FLL,134,6,0,0,128,0,40,10,1537.0,0.04477611940298507,0.0,0.3125,0.078125,12.0078125
2023,2,19805,AA,11298,12173,DFW,HNL,56,0,0,0,56,0,11,6,-21.0,0.0,0.0,0.19642857142857142,0.10714285714285714,-0.375
2023,2,19805,AA,11298,12266,DFW,IAH,210,7,0,0,203,0,58,18,3059.0,0.03333333333333333,0.0,0.2857142857142857,0.08866995073891626,15.068965517241379
2023,2,19805,AA,11298,12478,DFW,JFK,83,3,0,0,80,0,18,6,327.0,0.03614457831325301,0.0,0.225,0.075,4.0875
2023,2,19805,AA,11298,12889,DFW,LAS,262,9,1,0,252,0,82,23,3817.0,0.03435114503816794,0.003816793893129771,0.3253968253968254,0.09126984126984126,15.146825396825397
2023,2,19805,AA,11298,12892,DFW,LAX,355,14,1,0,340,0,95,38,4952.0,0.03943661971830986,0.0028169014084507044,0.27941176470588236,0.11176470588235295,14.564705882352941
2023,2,19805,AA,11298,12953,DFW,LGA,324,18,1,0,305,0,97,44,5544.0,0.05555555555555555,0.0030864197530864196,0.3180327868852459,0.14426229508196722,18.17704918032787
2023,2,19805,AA,11298,13204,DFW,MCO,246,8,2,0,236,0,93,24,4933.0,0.032520325203252036,0.008130081300813009,0.3940677966101695,0.1016949152542373,20.902542372881356
2023,2,19805,AA,11298,13303,DFW,MIA,226,8,0,0,218,0,61,23,4007.0,0.035398230088495575,0.0,0.2798165137614679,0.10550458715596331,18.380733944954127
2023,2,19805,AA,11298,13487,DFW,MSP,112,7,0,0,105,0,23,6,489.0,0.0625,0.0,0.21904761904761905,0.05714285714285714,4.6571428571428575
2023,2,19805,AA,11298,13930,DFW,ORD,248,10,0,0,238,0,48,16,1578.0,0.04032258064516129,0.0,0.20168067226890757,0.06722689075630252,6.630252100840337
2023,2,19805,AA,11298,14100,DFW,PHL,205,4,0,0,201,0,56,16,1355.0,0.01951219512195122,0.0,0.27860696517412936,0.07960199004975124,6.741293532338308
2023,2,19805,AA,11298,14107,DFW,PHX,309,10,0,0,299,0,101,30,5929.0,0.032362459546925564,0.0,0.3377926421404682,0.10033444816053512,19.82943143812709
2023,2,19805,AA,11298,14635,DFW,RSW,106,4,0,0,102,0,37,10,1537.0,0.03773584905660377,0.0,0.3627450980392157,0.09803921568627451,15.068627450980392
2023,2,19805,AA,11298,14679,DFW,SAN,246,10,0,0,236,0,75,21,4884.0,0.04065040650406504,0.0,0.3177966101694915,0.08898305084745763,20.694915254237287
2023,2,19805,AA,11298,14747,DFW,SEA,160,7,0,0,153,0,39,12,1120.0,0.04375,0.0,0.2549019607843137,0.0784313725490196,7.3202614379084965
2023,2,19805,AA,11298,14771,DFW,SFO,212,8,0,0,204,0,64,28,4822.0,0.03773584905660377,0.0,0.3137254901960784,0.13725490196078433,23.637254901960784
2023,2,19805,AA,11298,14869,DFW,SLC,141,7,0,0,134,0,50,11,2125.0,0.04964539007092199,0.0,0.373134328358209,0.08208955223880597,15.85820895522388
2023,2,19805,AA,11298,15016,DFW,STL,137,4,0,0,133,0,39,17,2066.0,0.029197080291970802,0.0,0.2932330827067669,0.12781954887218044,15.533834586466165
2023,2,19805,AA,11298,15304,DFW,TPA,162,7,0,0,155,0,46,8,1579.0,0.043209876543209874,0.0,0.2967741935483871,0.05161290322580645,10.187096774193549
2023,2,19805,AA,11433,11298,DTW,DFW,111,5,0,0,106,0,20,6,696.0,0.04504504504504504,0.0,0.18867924528301888,0.05660377358490566,6.566037735849057
2023,2,19805,AA,11433,13303,DTW,MIA,28,0,1,0,27,0,2,0,-231.0,0.0,0.03571428571428571,0.07407407407407407,0.0,-8.555555555555555
2023,2,19805,AA,11433,13930,DTW,ORD,26,1,0,0,25,0,2,0,-393.0,0.038461538461538464,0.0,0.08,0.0,-15.72
2023,2,19805,AA,11433,14107,DTW,PHX,54,2,0,0,52,0,12,3,-95.0,0.037037037037037035,0.0,0.23076923076923078,0.057692307692307696,-1.8269230769230769
2023,2,19805,AA,11618,11298,EWR,DFW,138,7,0,0,131,0,43,7,866.0,0.050724637681159424,0.0,0.3282442748091603,0.05343511450381679,6.6106870229007635
2023,2,19805,AA,11618,13303,EWR,MIA,112,1,0,0,111,0,33,8,862.0,0.008928571428571428,0.0,0.2972972972972973,0.07207207207207207,7.7657657657657655
2023,2,19805,AA,11618,13930,EWR,ORD,133,1,0,0,132,0,31,12,1949.0,0.007518796992481203,0.0,0.23484848484848486,0.09090909090909091,14.765151515151516
2023,2,19805,AA,11618,14107,EWR,PHX,84,0,0,0,84,0,31,9,1117.0,0.0,0.0,0.36904761904761907,0.10714285714285714,13.297619047619047
2023,2,19805,AA,11697,11298,FLL,DFW,134,6,0,0,128,0,19,6,659.0,0.04477611940298507,0.0,0.1484375,0.046875,5.1484375
2023,2,19805,AA,11697,12892,FLL,LAX,26,0,1,0,25,0,10,1,440.0,0.0,0.038461538461538464,0.4,0.04,17.6
2023,2,19805,AA,11697,13930,FLL,ORD,45,0,0,0,45,0,6,2,-102.0,0.0,0.0,0.13333333333333333,0.044444444444444446,-2.2666666666666666
2023,2,19805,AA,11697,14100,FLL,PHL,91,0,0,0,91,0,15,8,566.0,0.0,0.0,0.16483516483516483,0.08791208791208792,6.21978021978022
2023,2,19805,AA,12173,11298,HNL,DFW,56,0,0,0,56,0,15,4,460.0,0.0,0.0,0.26785714285714285,0.07142857142857142,8.214285714285714
2023,2,19805,AA,12173,12892,HNL,LAX,84,0,0,0,84,0,16,0,-29.0,0.0,0.0,0.19047619047619047,0.0,-0.34523809523809523
2023,2,19805,AA,12173,14107,HNL,PHX,54,0,0,0,54,0,6,1,-267.0,0.0,0.0,0.1111111111111111,0.018518518518518517,-4.944444444444445
2023,2,19805,AA,12266,11298,IAH,DFW,209,8,0,0,201,0,40,16,3048.0,0.03827751196172249,0.0,0.19900497512437812,0.07960199004975124,15.164179104477611
2023,2,19805,AA,12266,13303,IAH,MIA,76,0,0,0,76,0,13,3,9.0,0.0,0.0,0.17105263157894737,0.039473684210526314,0.11842105263157894
2023,2,19805,AA,12266,13930,IAH,ORD,53,0,0,0,53,0,6,3,279.0,0.0,0.0,0.11320754716981132,0.05660377358490566,5.264150943396227
2023,2,19805,AA,12266,14100,IAH,PHL,28,0,0,0,28,0,6,2,287.0,0.0,0.0,0.21428571428571427,0.07142857142857142,10.25
2023,2,19805,AA,12266,14107,IAH,PHX,52,0,0,0,52,0,7,2,343.0,0.0,0.0,0.1346153846153846,0.038461538461538464,6.596153846153846
2023,2,19805,AA,12478,11298,JFK,DFW,83,4,0,0,79,0,25,12,1745.0,0.04819277108433735,0.0,0.31645569620253167,0.1518987341772152,22.088607594936708
2023,2,19805,AA,12478,12892,JFK,LAX,248,1,3,0,244,0,69,14,302.0,0.004032258064516129,0.012096774193548387,0.2827868852459016,0.05737704918032787,1.2377049180327868
2023,2,19805,AA,12478,13303,JFK,MIA,268,2,0,0,266,0,51,20,1107.0,0.007462686567164179,0.0,0.19172932330827067,0.07518796992481203,4.161654135338346
2023,2,19805,AA,12478,13930,JFK,ORD,56,0,0,0,56,0,11,6,1145.0,0.0,0.0,0.19642857142857142,0.10714285714285714,20.446428571428573
2023,2,19805,AA,12478,14107,JFK,PHX,90,0,0,0,90,0,28,9,986.0,0.0,0.0,0.3111111111111111,0.1,10.955555555555556
2023,2,19805,AA,12478,14771,JFK,SFO,106,1,0,0,105,0,29,7,727.0,0.009433962264150943,0.0,0.2761904761904762,0.06666666666666667,6.923809523809524
2023,2,19805,AA,12889,11278,LAS,DCA,28,0,0,0,28,0,8,4,273.0,0.0,0.0,0.2857142857142857,0.14285714285714285,9.75
2023,2,19805,AA,12889,11298,LAS,DFW,262,9,0,0,253,0,70,28,6589.0,0.03435114503816794,0.0,0.2766798418972332,0.11067193675889328,26.043478260869566
2023,2,19805,AA,12889,12892,LAS,LAX,83,2,0,0,81,0,23,10,4031.0,0.024096385542168676,0.0,0.2839506172839506,0.12345679012345678,49.76543209876543
2023,2,19805,AA,12889,13303,LAS,MIA,56,0,0,0,56,0,8,4,824.0,0.0,0.0,0.14285714285714285,0.07142857142857142,14.714285714285714
2023,2,19805,AA,12889,13930,LAS,ORD,101,1,0,0,100,0,12,5,-67.0,0.009900990099009901,0.0,0.12,0.05,-0.67
2023,2,19805,AA,12889,14100,LAS,PHL,58,0,0,0,58,0,7,1,-740.0,0.0,0.0,0.1206896551724138,0.017241379310344827,-12.758620689655173
2023,2,19805,AA,12889,14107,LAS,PHX,117,2,0,0,115,0,32,12,2638.0,0.017094017094017096,0.0,0.2782608695652174,0.10434782608695652,22.93913043478261
2023,2,19805,AA,12892,10397,LAX,ATL,28,0,0,0,28,0,6,2,213.0,0.0,0.0,0.21428571428571427,0.07142857142857142,7.607142857142857
2023,2,19805,AA,12892,10721,LAX,BOS,53,0,0,0,53,0,6,1,-631.0,0.0,0.0,0.11320754716981132,0.018867924528301886,-11.90566037735849
2023,2,19805,AA,12892,11278,LAX,DCA,56,0,0,0,56,0,8,1,-390.0,0.0,0.0,0.14285714285714285,0.017857142857142856,-6.964285714285714
2023,2,19805,AA,12892,11298,LAX,DFW,355,14,1,0,340,0,63,24,3946.0,0.03943661971830986,0.0028169014084507044,0.18529411764705883,0.07058823529411765,11.605882352941176
2023,2,19805,AA,12892,11697,LAX,FLL,26,0,0,0,26,0,5,1,105.0,0.0,0.0,0.19230769230769232,0.038461538461538464,4.038461538461538
2023,2,19805,AA,12892,12173,LAX,HNL,84,0,0,0,84,0,10,3,-1159.0,0.0,0.0,0.11904761904761904,0.03571428571428571,-13.797619047619047
2023,2,19805,AA,12892,12478,LAX,JFK,248,2,1,0,245,0,30,15,511.0,0.008064516129032258,0.004032258064516129,0.12244897959183673,0.061224489795918366,2.085714285714286
2023,2,19805,AA,12892,12889,LAX,LAS,83,2,0,0,81,0,24,10,2620.0,0.024096385542168676,0.0,0.2962962962962963,0.12345679012345678,32.34567901234568
2023,2,19805,AA,12892,13204,LAX,MCO,56,1,0,0,55,0,13,2,227.0,0.017857142857142856,0.0,0.23636363636363636,0.03636363636363636,4.127272727272727
2023,2,19805,AA,12892,13303,LAX,MIA,196,0,0,0,196,0,49,15,3808.0,0.0,0.0,0.25,0.07653061224489796,19.428571428571427
2023,2,19805,AA,12892,13930,LAX,ORD,218,6,0,0,212,0,40,18,2962.0,0.027522935779816515,0.0,0.18867924528301888,0.08490566037735849,13.971698113207546
2023,2,19805,AA,12892,14100,LAX,PHL,160,0,1,0,159,0,24,8,1386.0,0.0,0.00625,0.1509433962264151,0.050314465408805034,8.716981132075471
2023,2,19805,AA,12892,14107,LAX,PHX,147,1,0,0,146,0,41,7,3152.0,0.006802721088435374,0.0,0.2808219178082192,0.04794520547945205,21.589041095890412
2023,2,19805,AA,12892,14771,LAX,SFO,28,1,0,0,27,0,11,5,616.0,0.03571428571428571,0.0,0.4074074074074074,0.18518518518518517,22.814814814814813
2023,2,19805,AA,12892,15016,LAX,STL,28,1,0,0,27,0,3,0,-388.0,0.03571428571428571,0.0,0.1111111111111111,0.0,-14.37037037037037
2023,2,19805,AA,12892,15304,LAX,TPA,26,1,0,0,25,0,3,1,-28.0,0.038461538461538464,0.0,0.12,0.04,-1.12
2023,2,19805,AA,12953,11278,LGA,DCA,210,6,0,0,204,0,45,25,2182.0,0.02857142857142857,0.0,0.22058823529411764,0.12254901960784313,10.696078431372548
2023,2,19805,AA,12953,11298,LGA,DFW,324,18,0,0,306,0,80,20,1676.0,0.05555555555555555,0.0,0.26143790849673204,0.06535947712418301,5.477124183006536
2023,2,19805,AA,12953,13303,LGA,MIA,272,0,2,0,270,0,40,13,-2565.0,0.0,0.007352941176470588,0.14814814814814814,0.04814814814814815,-9.5
2023,2,19805,AA,12953,13930,LGA,ORD,331,9,1,0,321,0,57,25,368.0,0.027190332326283987,0.0030211480362537764,0.17757009345794392,0.0778816199376947,1.146417445482866
2023,2,19805,AA,12953,15016,LGA,STL,48,0,0,0,48,0,10,5,-31.0,0.0,0.0,0.20833333333333334,0.10416666666666667,-0.6458333333333334
2023,2,19805,AA,13204,11278,MCO,DCA,140,1,0,0,139,0,29,7,1206.0,0.007142857142857143,0.0,0.20863309352517986,0.050359712230215826,8.676258992805755
2023,2,19805,AA,13204,11298,MCO,DFW,246,9,0,0,237,0,54,15,1991.0,0.036585365853658534,0.0,0.22784810126582278,0.06329113924050633,8.40084388185654
2023,2,19805,AA,13204,12892,MCO,LAX,56,1,0,0,55,0,4,1,-347.0,0.017857142857142856,0.0,0.07272727272727272,0.01818181818181818,-6.3090909090909095
2023,2,19805,AA,13204,13303,MCO,MIA,190,0,1,0,189,0,27,11,425.0,0.0,0.005263157894736842,0.14285714285714285,0.0582010582010582,2.248677248677249
2023,2,19805,AA,13204,13930,MCO,ORD,122,0,0,0,122,0,24,7,61.0,0.0,0.0,0.19672131147540983,0.05737704918032787,0.5
2023,2,19805,AA,13204,14100,MCO,PHL,167,0,0,0,167,0,36,14,2324.0,0.0,0.0,0.2155688622754491,0.08383233532934131,13.916167664670658
2023,2,19805,AA,13204,14107,MCO,PHX,60,0,1,0,59,0,8,4,1328.0,0.0,0.016666666666666666,0.13559322033898305,0.06779661016949153,22.508474576271187
2023,2,19805,AA,13303,10397,MIA,ATL,137,0,0,0,137,0,28,9,1521.0,0.0,0.0,0.20437956204379562,0.06569343065693431,11.102189781021897
2023,2,19805,AA,13303,10721,MIA,BOS,157,0,0,0,157,0,47,18,2428.0,0.0,0.0,0.29936305732484075,0.11464968152866242,15.464968152866241
2023,2,19805,AA,13303,10821,MIA,BWI,28,0,0,0,28,0,7,2,186.0,0.0,0.0,0.25,0.07142857142857142,6.642857142857143
2023,2,19805,AA,13303,11278,MIA,DCA,220,1,0,0,219,0,50,13,2187.0,0.004545454545454545,0.0,0.228310502283105,0.0593607305936073,9.986301369863014
2023,2,19805,AA,13303,11292,MIA,DEN,56,0,0,0,56,0,10,1,-12.0,0.0,0.0,0.17857142857142858,0.017857142857142856,-0.21428571428571427
2023,2,19805,AA,13303,11298,MIA,DFW,225,9,0,0,216,0,50,19,2693.0,0.04,0.0,0.23148148148148148,0.08796296296296297,12.467592592592593
2023,2,19805,AA,13303,11433,MIA,DTW,28,0,0,0,28,0,4,2,117.0,0.0,0.0,0.14285714285714285,0.07142857142857142,4.178571428571429
2023,2,19805,AA,13303,11618,MIA,EWR,112,1,0,0,111,0,41,16,2868.0,0.008928571428571428,0.0,0.36936936936936937,0.14414414414414414,25.83783783783784
2023,2,19805,AA,13303,12266,MIA,IAH,76,0,0,0,76,0,15,5,-85.0,0.0,0.0,0.19736842105263158,0.06578947368421052,-1.118421052631579
2023,2,19805,AA,13303,12478,MIA,JFK,269,2,0,0,267,0,69,18,2525.0,0.007434944237918215,0.0,0.25842696629213485,0.06741573033707865,9.456928838951312
2023,2,19805,AA,13303,12889,MIA,LAS,56,0,1,0,55,0,17,4,822.0,0.0,0.017857142857142856,0.3090909090909091,0.07272727272727272,14.945454545454545
2023,2,19805,AA,13303,12892,MIA,LAX,196,0,2,0,194,0,60,15,2405.0,0.0,0.01020408163265306,0.30927835051546393,0.07731958762886598,12.396907216494846
2023,2,19805,AA,13303,12953,MIA,LGA,272,0,0,0,272,0,99,36,5482.0,0.0,0.0,0.3639705882352941,0.1323529411764706,20.154411764705884
2023,2,19805,AA,13303,13204,MIA,MCO,190,0,0,0,190,0,39,9,1058.0,0.0,0.0,0.20526315789473684,0.04736842105263158,5.568421052631579
2023,2,19805,AA,13303,13487,MIA,MSP,28,1,0,0,27,0,9,4,351.0,0.03571428571428571,0.0,0.3333333333333333,0.14814814814814814,13.0
2023,2,19805,AA,13303,13930,MIA,ORD,191,2,2,0,187,0,45,16,1786.0,0.010471204188481676,0.010471204188481676,0.24064171122994651,0.0855614973262032,9.550802139037433
2023,2,19805,AA,13303,14100,MIA,PHL,166,0,0,0,166,0,42,21,1860.0,0.0,0.0,0.25301204819277107,0.12650602409638553,11.204819277108435
2023,2,19805,AA,13303,14107,MIA,PHX,114,0,0,0,114,0,36,7,983.0,0.0,0.0,0.3157894736842105,0.06140350877192982,8.62280701754386
2023,2,19805,AA,13303,14679,MIA,SAN,28,0,1,0,27,0,5,0,105.0,0.0,0.03571428571428571,0.18518518518518517,0.0,3.888888888888889
2023,2,19805,AA,13303,14747,MIA,SEA,28,1,0,0,27,0,6,2,490.0,0.03571428571428571,0.0,0.2222222222222222,0.07407407407407407,18.14814814814815
2023,2,19805,AA,13303,14771,MIA,SFO,82,1,0,0,81,0,19,3,-60.0,0.012195121951219513,0.0,0.2345679012345679,0.037037037037037035,-0.7407407407407407
2023,2,19805,AA,13303,14869,MIA,SLC,28,0,0,0,28,0,3,0,-319.0,0.0,0.0,0.10714285714285714,0.0,-11.392857142857142
2023,2,19805,AA,13303,15016,MIA,STL,28,0,0,0,28,0,5,2,159.0,0.0,0.0,0.17857142857142858,0.07142857142857142,5.678571428571429
2023,2,19805,AA,13303,15304,MIA,TPA,125,0,0,0,125,0,27,7,817.0,0.0,0.0,0.216,0.056,6.536
2023,2,19805,AA,13487,11298,MSP,DFW,112,8,0,0,104,0,25,6,2607.0,0.07142857142857142,0.0,0.2403846153846154,0.057692307692307696,25.067307692307693
2023,2,19805,AA,13487,13303,MSP,MIA,28,1,0,0,27,0,2,0,-423.0,0.03571428571428571,0.0,0.07407407407407407,0.0,-15.666666666666666
2023,2,19805,AA,13487,13930,MSP,ORD,43,3,0,0,40,0,10,3,503.0,0.06976744186046512,0.0,0.25,0.075,12.575
2023,2,19805,AA,13487,14107,MSP,PHX,56,1,0,0,55,0,16,3,373.0,0.017857142857142856,0.0,0.2909090909090909,0.05454545454545454,6.781818181818182
2023,2,19805,AA,13930,10397,ORD,ATL,53,1,0,0,52,0,10,6,1531.0,0.018867924528301886,0.0,0.19230769230769232,0.11538461538461539,29.442307692307693
2023,2,19805,AA,13930,10721,ORD,BOS,133,2,0,0,131,0,39,17,1687.0,0.015037593984962405,0.0,0.29770992366412213,0.1297709923664122,12.877862595419847
2023,2,19805,AA,13930,10821,ORD,BWI,26,1,0,0,25,0,6,2,57.0,0.038461538461538464,0.0,0.24,0.08,2.28
2023,2,19805,AA,13930,11278,ORD,DCA,235,3,0,0,232,0,46,13,1472.0,0.01276595744680851,0.0,0.19827586206896552,0.05603448275862069,6.344827586206897
2023,2,19805,AA,13930,11292,ORD,DEN,73,2,0,0,71,0,17,7,587.0,0.0273972602739726,0.0,0.23943661971830985,0.09859154929577464,8.267605633802816
2023,2,19805,AA,13930,11298,ORD,DFW,247,11,0,0,236,0,64,18,3751.0,0.044534412955465584,0.0,0.2711864406779661,0.07627118644067797,15.89406779661017
2023,2,19805,AA,13930,11433,ORD,DTW,26,1,0,0,25,0,8,2,336.0,0.038461538461538464,0.0,0.32,0.08,13.44
2023,2,19805,AA,13930,11618,ORD,EWR,132,1,0,0,131,0,38,17,2153.0,0.007575757575757576,0.0,0.2900763358778626,0.1297709923664122,16.435114503816795
2023,2,19805,AA,13930,11697,ORD,FLL,46,0,0,0,46,0,13,10,1046.0,0.0,0.0,0.2826086956521739,0.21739130434782608,22.73913043478261
2023,2,19805,AA,13930,12266,ORD,IAH,54,0,0,0,54,0,14,8,862.0,0.0,0.0,0.25925925925925924,0.14814814814814814,15.962962962962964
2023,2,19805,AA,13930,12478,ORD,JFK,56,0,0,0,56,0,15,5,578.0,0.0,0.0,0.26785714285714285,0.08928571428571429,10.321428571428571
2023,2,19805,AA,13930,12889,ORD,LAS,102,1,0,0,101,0,40,15,1928.0,0.00980392156862745,0.0,0.39603960396039606,0.1485148514851485,19.08910891089109
2023,2,19805,AA,13930,12892,ORD,LAX,217,6,1,0,210,0,70,19,2977.0,0.027649769585253458,0.004608294930875576,0.3333333333333333,0.09047619047619047,14.176190476190476
2023,2,19805,AA,13930,12953,ORD,LGA,331,7,0,0,324,0,81,30,4068.0,0.021148036253776436,0.0,0.25,0.09259259259259259,12.555555555555555
2023,2,19805,AA,13930,13204,ORD,MCO,122,0,0,0,122,0,25,10,371.0,0.0,0.0,0.20491803278688525,0.08196721311475409,3.040983606557377
2023,2,19805,AA,13930,13303,ORD,MIA,191,1,1,0,189,0,40,16,1983.0,0.005235602094240838,0.005235602094240838,0.21164021164021163,0.08465608465608465,10.492063492063492
2023,2,19805,AA,13930,13487,ORD,MSP,43,3,0,0,40,0,6,2,277.0,0.06976744186046512,0.0,0.15,0.05,6.925
2023,2,19805,AA,13930,14100,ORD,PHL,183,2,0,0,181,0,42,19,5267.0,0.01092896174863388,0.0,0.23204419889502761,0.10497237569060773,29.099447513812155
2023,2,19805,AA,13930,14107,ORD,PHX,207,3,1,0,203,0,67,17,3698.0,0.014492753623188406,0.004830917874396135,0.33004926108374383,0.08374384236453201,18.216748768472907
2023,2,19805,AA,13930,14635,ORD,RSW,76,2,0,0,74,0,16,5,658.0,0.02631578947368421,0.0,0.21621621621621623,0.06756756756756757,8.891891891891891
2023,2,19805,AA,13930,14679,ORD,SAN,72,0,0,0,72,0,21,5,705.0,0.0,0.0,0.2916666666666667,0.06944444444444445,9.791666666666666
2023,2,19805,AA,13930,14747,ORD,SEA,28,0,0,0,28,0,3,1,-131.0,0.0,0.0,0.10714285714285714,0.03571428571428571,-4.678571428571429
2023,2,19805,AA,13930,14771,ORD,SFO,51,0,0,0,51,0,16,5,675.0,0.0,0.0,0.3137254901960784,0.09803921568627451,13.235294117647058
2023,2,19805,AA,13930,14869,ORD,SLC,28,0,0,0,28,0,6,2,394.0,0.0,0.0,0.21428571428571427,0.07142857142857142,14.071428571428571
2023,2,19805,AA,13930,15016,ORD,STL,29,0,0,0,29,0,9,4,527.0,0.0,0.0,0.3103448275862069,0.13793103448275862,18.17241379310345
2023,2,19805,AA,13930,15304,ORD,TPA,79,0,0,0,79,0,9,3,-476.0,0.0,0.0,0.11392405063291139,0.0379746835443038,-6.025316455696203
2023,2,19805,AA,14100,10397,PHL,ATL,30,0,0,0,30,0,7,3,413.0,0.0,0.0,0.23333333333333334,0.1,13.766666666666667
2023,2,19805,AA,14100,10721,PHL,BOS,155,0,0,0,155,0,24,5,-516.0,0.0,0.0,0.15483870967741936,0.03225806451612903,-3.329032258064516
2023,2,19805,AA,14100,11292,PHL,DEN,56,0,0,0,56,0,27,1,1527.0,0.0,0.0,0.48214285714285715,0.017857142857142856,27.267857142857142
2023,2,19805,AA,14100,11298,PHL,DFW,205,3,0,0,202,0,41,9,469.0,0.014634146341463415,0.0,0.20297029702970298,0.04455445544554455,2.3217821782178216
2023,2,19805,AA,14100,11697,PHL,FLL,91,0,0,0,91,0,19,4,580.0,0.0,0.0,0.2087912087912088,0.04395604395604396,6.373626373626373
2023,2,19805,AA,14100,12266,PHL,IAH,28,0,0,0,28,0,1,0,-204.0,0.0,0.0,0.03571428571428571,0.0,-7.285714285714286
2023,2,19805,AA,14100,12889,PHL,LAS,58,0,0,0,58,0,9,0,-636.0,0.0,0.0,0.15517241379310345,0.0,-10.96551724137931
2023,2,19805,AA,14100,12892,PHL,LAX,160,0,1,0,159,0,34,6,528.0,0.0,0.00625,0.2138364779874214,0.03773584905660377,3.3207547169811322
2023,2,19805,AA,14100,13204,PHL,MCO,168,0,0,0,168,0,29,10,957.0,0.0,0.0,0.17261904761904762,0.05952380952380952,5.696428571428571
2023,2,19805,AA,14100,13303,PHL,MIA,167,0,0,0,167,0,22,8,77.0,0.0,0.0,0.1317365269461078,0.04790419161676647,0.46107784431137727
2023,2,19805,AA,14100,13930,PHL,ORD,183,2,1,0,180,0,36,4,64.0,0.01092896174863388,0.00546448087431694,0.2,0.022222222222222223,0.35555555555555557
2023,2,19805,AA,14100,14107,PHL,PHX,173,1,0,0,172,0,48,12,1615.0,0.005780346820809248,0.0,0.27906976744186046,0.06976744186046512,9.38953488372093
2023,2,19805,AA,14100,14635,PHL,RSW,74,0,0,0,74,0,13,5,265.0,0.0,0.0,0.17567567567567569,0.06756756756756757,3.581081081081081
2023,2,19805,AA,14100,14679,PHL,SAN,56,0,0,0,56,0,16,2,219.0,0.0,0.0,0.2857142857142857,0.03571428571428571,3.9107142857142856
2023,2,19805,AA,14100,14747,PHL,SEA,28,0,0,0,28,0,7,4,295.0,0.0,0.0,0.25,0.14285714285714285,10.535714285714286
2023,2,19805,AA,14100,14771,PHL,SFO,83,0,0,0,83,0,18,0,-332.0,0.0,0.0,0.21686746987951808,0.0,-4.0
2023,2,19805,AA,14100,15016,PHL,STL,2,0,0,0,2,0,0,0,-6.0,0.0,0.0,0.0,0.0,-3.0
2023,2,19805,AA,14100,15304,PHL,TPA,111,0,0,0,111,0,13,7,-55.0,0.0,0.0,0.11711711711711711,0.06306306306306306,-0.4954954954954955
2023,2,19805,AA,14107,10397,PHX,ATL,54,0,0,0,54,0,16,7,649.0,0.0,0.0,0.2962962962962963,0.12962962962962962,12.018518518518519
2023,2,19805,AA,14107,10721,PHX,BOS,90,0,0,0,90,0,9,2,-885.0,0.0,0.0,0.1,0.022222222222222223,-9.833333333333334
2023,2,19805,AA,14107,11278,PHX,DCA,84,0,0,0,84,0,8,2,-1130.0,0.0,0.0,0.09523809523809523,0.023809523809523808,-13.452380952380953
2023,2,19805,AA,14107,11292,PHX,DEN,81,0,0,0,81,0,32,9,1775.0,0.0,0.0,0.3950617283950617,0.1111111111111111,21.91358024691358
2023,2,19805,AA,14107,11298,PHX,DFW,312,10,1,0,301,0,56,15,2167.0,0.03205128205128205,0.003205128205128205,0.18604651162790697,0.04983388704318937,7.1993355481727574
2023,2,19805,AA,14107,11433,PHX,DTW,54,2,0,0,52,0,7,5,-40.0,0.037037037037037035,0.0,0.1346153846153846,0.09615384615384616,-0.7692307692307693
2023,2,19805,AA,14107,11618,PHX,EWR,84,0,0,0,84,0,18,4,117.0,0.0,0.0,0.21428571428571427,0.047619047619047616,1.3928571428571428
2023,2,19805,AA,14107,12173,PHX,HNL,54,0,0,0,54,0,9,1,-448.0,0.0,0.0,0.16666666666666666,0.018518518518518517,-8.296296296296296
2023,2,19805,AA,14107,12266,PHX,IAH,52,0,0,0,52,0,13,5,664.0,0.0,0.0,0.25,0.09615384615384616,12.76923076923077
2023,2,19805,AA,14107,12478,PHX,JFK,90,0,0,0,90,0,27,5,68.0,0.0,0.0,0.3,0.05555555555555555,0.7555555555555555
2023,2,19805,AA,14107,12889,PHX,LAS,117,2,0,0,115,0,49,14,2704.0,0.017094017094017096,0.0,0.4260869565217391,0.12173913043478261,23.51304347826087
2023,2,19805,AA,14107,12892,PHX,LAX,146,1,1,0,144,0,36,9,1914.0,0.00684931506849315,0.00684931506849315,0.25,0.0625,13.291666666666666
2023,2,19805,AA,14107,13204,PHX,MCO,60,0,0,0,60,0,13,5,693.0,0.0,0.0,0.21666666666666667,0.08333333333333333,11.55
2023,2,19805,AA,14107,13303,PHX,MIA,114,0,0,0,114,0,16,1,-223.0,0.0,0.0,0.14035087719298245,0.008771929824561403,-1.956140350877193
2023,2,19805,AA,14107,13487,PHX,MSP,56,1,0,0,55,0,10,2,-151.0,0.017857142857142856,0.0,0.18181818181818182,0.03636363636363636,-2.7454545454545456
2023,2,19805,AA,14107,13930,PHX,ORD,207,3,2,0,202,0,28,6,-1413.0,0.014492753623188406,0.00966183574879227,0.13861386138613863,0.0297029702970297,-6.9950495049504955
2023,2,19805,AA,14107,14100,PHX,PHL,172,1,0,0,171,0,19,5,-1065.0,0.005813953488372093,0.0,0.1111111111111111,0.029239766081871343,-6.228070175438597
2023,2,19805,AA,14107,14679,PHX,SAN,114,1,0,0,113,0,35,8,1773.0,0.008771929824561403,0.0,0.30973451327433627,0.07079646017699115,15.690265486725664
2023,2,19805,AA,14107,14747,PHX,SEA,86,0,0,0,86,0,16,5,772.0,0.0,0.0,0.18604651162790697,0.05813953488372093,8.976744186046512
2023,2,19805,AA,14107,14771,PHX,SFO,86,2,0,0,84,0,18,5,333.0,0.023255813953488372,0.0,0.21428571428571427,0.05952380952380952,3.9642857142857144
2023,2,19805,AA,14107,14869,PHX,SLC,80,0,0,0,80,0,35,9,3243.0,0.0,0.0,0.4375,0.1125,40.5375
2023,2,19805,AA,14107,15016,PHX,STL,56,0,0,0,56,0,13,4,358.0,0.0,0.0,0.23214285714285715,0.07142857142857142,6.392857142857143
2023,2,19805,AA,14107,15304,PHX,TPA,60,0,0,0,60,0,20,4,712.0,0.0,0.0,0.3333333333333333,0.06666666666666667,11.866666666666667
2023,2,19805,AA,14635,11278,RSW,DCA,56,1,0,0,55,0,14,4,961.0,0.017857142857142856,0.0,0.2545454545454545,0.07272727272727272,17.472727272727273
2023,2,19805,AA,14635,11298,RSW,DFW,106,4,0,0,102,0,19,3,34.0,0.03773584905660377,0.0,0.18627450980392157,0.029411764705882353,0.3333333333333333
2023,2,19805,AA,14635,13930,RSW,ORD,76,2,1,0,73,0,9,3,-83.0,0.02631578947368421,0.013157894736842105,0.1232876712328767,0.0410958904109589,-1.1369863013698631
2023,2,19805,AA,14635,14100,RSW,PHL,74,0,0,0,74,0,10,5,256.0,0.0,0.0,0.13513513513513514,0.06756756756756757,3.4594594594594597
2023,2,19805,AA,14679,11298,SAN,DFW,246,10,0,0,236,0,40,16,1868.0,0.04065040650406504,0.0,0.1694915254237288,0.06779661016949153,7.915254237288136
2023,2,19805,AA,14679,13303,SAN,MIA,28,0,0,0,28,0,3,1,-11.0,0.0,0.0,0.10714285714285714,0.03571428571428571,-0.39285714285714285
2023,2,19805,AA,14679,13930,SAN,ORD,72,0,0,0,72,0,11,4,1209.0,0.0,0.0,0.1527777777777778,0.05555555555555555,16.791666666666668
2023,2,19805,AA,14679,14100,SAN,PHL,56,0,0,0,56,0,2,1,-1481.0,0.0,0.0,0.03571428571428571,0.017857142857142856,-26.446428571428573
2023,2,19805,AA,14679,14107,SAN,PHX,114,1,0,0,113,0,30,12,2340.0,0.008771929824561403,0.0,0.26548672566371684,0.10619469026548672,20.707964601769913
2023,2,19805,AA,14747,11298,SEA,DFW,161,7,0,0,154,0,33,12,2946.0,0.043478260869565216,0.0,0.21428571428571427,0.07792207792207792,19.12987012987013
2023,2,19805,AA,14747,13303,SEA,MIA,28,1,0,0,27,0,9,3,1671.0,0.03571428571428571,0.0,0.3333333333333333,0.1111111111111111,61.888888888888886
2023,2,19805,AA,14747,13930,SEA,ORD,28,0,0,0,28,0,5,0,110.0,0.0,0.0,0.17857142857142858,0.0,3.9285714285714284
2023,2,19805,AA,14747,14100,SEA,PHL,28,0,0,0,28,0,5,3,71.0,0.0,0.0,0.17857142857142858,0.10714285714285714,2.5357142857142856
2023,2,19805,AA,14747,14107,SEA,PHX,86,0,0,0,86,0,15,5,1867.0,0.0,0.0,0.1744186046511628,0.05813953488372093,21.709302325581394
2023,2,19805,AA,14771,11298,SFO,DFW,212,11,0,0,201,0,38,16,2737.0,0.05188679245283019,0.0,0.1890547263681592,0.07960199004975124,13.616915422885572
2023,2,19805,AA,14771,12478,SFO,JFK,106,1,0,0,105,0,19,5,312.0,0.009433962264150943,0.0,0.18095238095238095,0.047619047619047616,2.9714285714285715
2023,2,19805,AA,14771,12892,SFO,LAX,28,1,0,0,27,0,3,1,-167.0,0.03571428571428571,0.0,0.1111111111111111,0.037037037037037035,-6.185185185185185
2023,2,19805,AA,14771,13303,SFO,MIA,81,1,0,0,80,0,9,2,391.0,0.012345679012345678,0.0,0.1125,0.025,4.8875
2023,2,19805,AA,14771,13930,SFO,ORD,51,0,0,0,51,0,3,2,-500.0,0.0,0.0,0.058823529411764705,0.0392156862745098,-9.803921568627452
2023,2,19805,AA,14771,14100,SFO,PHL,84,0,0,0,84,0,8,0,-1196.0,0.0,0.0,0.09523809523809523,0.0,-14.238095238095237
2023,2,19805,AA,14771,14107,SFO,PHX,86,3,0,0,83,0,17,8,1091.0,0.03488372093023256,0.0,0.20481927710843373,0.0963855421686747,13.144578313253012
2023,2,19805,AA,14869,11298,SLC,DFW,141,8,0,0,133,0,39,15,2722.0,0.05673758865248227,0.0,0.2932330827067669,0.11278195488721804,20.466165413533833
2023,2,19805,AA,14869,13303,SLC,MIA,28,0,0,0,28,0,6,2,520.0,0.0,0.0,0.21428571428571427,0.07142857142857142,18.571428571428573
2023,2,19805,AA,14869,13930,SLC,ORD,28,0,0,0,28,0,8,4,1776.0,0.0,0.0,0.2857142857142857,0.14285714285714285,63.42857142857143
2023,2,19805,AA,14869,14107,SLC,PHX,80,0,0,0,80,0,29,15,2400.0,0.0,0.0,0.3625,0.1875,30.0
2023,2,19805,AA,15016,11278,STL,DCA,22,0,0,0,22,0,5,1,129.0,0.0,0.0,0.22727272727272727,0.045454545454545456,5.863636363636363
2023,2,19805,AA,15016,11298,STL,DFW,137,6,0,0,131,0,28,13,3215.0,0.043795620437956206,0.0,0.21374045801526717,0.09923664122137404,24.541984732824428
2023,2,19805,AA,15016,12892,STL,LAX,28,0,1,0,27,0,11,4,593.0,0.0,0.03571428571428571,0.4074074074074074,0.14814814814814814,21.962962962962962
2023,2,19805,AA,15016,12953,STL,LGA,48,1,0,0,47,0,15,8,881.0,0.020833333333333332,0.0,0.3191489361702128,0.1702127659574468,18.74468085106383
2023,2,19805,AA,15016,13303,STL,MIA,28,0,0,0,28,0,1,1,-23.0,0.0,0.0,0.03571428571428571,0.03571428571428571,-0.8214285714285714
2023,2,19805,AA,15016,13930,STL,ORD,29,0,0,0,29,0,3,2,59.0,0.0,0.0,0.10344827586206896,0.06896551724137931,2.0344827586206895
2023,2,19805,AA,15016,14100,STL,PHL,3,0,0,0,3,0,0,0,-54.0,0.0,0.0,0.0,0.0,-18.0
2023,2,19805,AA,15016,14107,STL,PHX,56,0,0,0,56,0,14,4,309.0,0.0,0.0,0.25,0.07142857142857142,5.517857142857143
2023,2,19805,AA,15304,11278,TPA,DCA,112,0,0,0,112,0,9,4,-614.0,0.0,0.0,0.08035714285714286,0.03571428571428571,-5.482142857142857
2023,2,19805,AA,15304,11298,TPA,DFW,162,7,0,0,155,0,23,9,2592.0,0.043209876543209874,0.0,0.14838709677419354,0.05806451612903226,16.72258064516129
2023,2,19805,AA,15304,12892,TPA,LAX,25,1,0,0,24,0,3,1,-36.0,0.04,0.0,0.125,0.041666666666666664,-1.5
2023,2,19805,AA,15304,13303,TPA,MIA,125,1,0,0,124,0,19,5,1678.0,0.008,0.0,0.1532258064516129,0.04032258064516129,13.53225806451613
2023,2,19805,AA,15304,13930,TPA,ORD,79,0,0,0,79,0,12,2,-214.0,0.0,0.0,0.1518987341772152,0.02531645569620253,-2.7088607594936707
2023,2,19805,AA,15304,14100,TPA,PHL,111,0,0,0,111,0,16,7,1038.0,0.0,0.0,0.14414414414414414,0.06306306306306306,9.35135135135135
2023,2,19805,AA,15304,14107,TPA,PHX,60,0,0,0,60,0,13,1,286.0,0.0,0.0,0.21666666666666667,0.016666666666666666,4.766666666666667
2023,2,19930,AS,10397,14747,ATL,SEA,56,1,0,0,55,0,12,2,7.0,0.017857142857142856,0.0,0.21818181818181817,0.03636363636363636,0.12727272727272726
2023,2,19930,AS,10721,14679,BOS,SAN,28,1,1,0,26,0,9,3,280.0,0.03571428571428571,0.03571428571428571,0.34615384615384615,0.11538461538461539,10.76923076923077
2023,2,19930,AS,10721,14747,BOS,SEA,76,2,1,0,73,0,18,7,420.0,0.02631578947368421,0.013157894736842105,0.2465753424657534,0.0958904109589041,5.7534246575342465
2023,2,19930,AS,10721,14771,BOS,SFO,28,1,1,0,26,0,4,3,-52.0,0.03571428571428571,0.03571428571428571,0.15384615384615385,0.11538461538461539,-2.0
2023,2,19930,AS,10821,14747,BWI,SEA,28,2,0,0,26,0,5,3,190.0,0.07142857142857142,0.0,0.19230769230769232,0.11538461538461539,7.3076923076923075
2023,2,19930,AS,11278,12892,DCA,LAX,28,0,1,0,27,0,7,3,409.0,0.0,0.03571428571428571,0.25925925925925924,0.1111111111111111,15.148148148148149
2023,2,19930,AS,11278,14747,DCA,SEA,56,1,0,0,55,0,7,2,-406.0,0.017857142857142856,0.0,0.12727272727272726,0.03636363636363636,-7.381818181818182
2023,2,19930,AS,11278,14771,DCA,SFO,28,0,0,0,28,0,3,2,-69.0,0.0,0.0,0.10714285714285714,0.07142857142857142,-2.4642857142857144
2023,2,19930,AS,11292,14747,DEN,SEA,105,6,0,0,99,0,29,10,1642.0,0.05714285714285714,0.0,0.29292929292929293,0.10101010101010101,16.585858585858585
2023,2,19930,AS,11298,14747,DFW,SEA,112,11,0,0,101,0,18,4,-122.0,0.09821428571428571,0.0,0.1782178217821782,0.039603960396039604,-1.2079207920792079
2023,2,19930,AS,11433,14747,DTW,SEA,24,2,0,0,22,0,5,2,67.0,0.08333333333333333,0.0,0.22727272727272727,0.09090909090909091,3.0454545454545454
2023,2,19930,AS,11618,12892,EWR,LAX,76,1,0,0,75,0,23,8,481.0,0.013157894736842105,0.0,0.30666666666666664,0.10666666666666667,6.413333333333333
2023,2,19930,AS,11618,14679,EWR,SAN,24,1,1,0,22,0,7,5,367.0,0.041666666666666664,0.041666666666666664,0.3181818181818182,0.22727272727272727,16.681818181818183
2023,2,19930,AS,11618,14747,EWR,SEA,69,2,0,0,67,0,25,7,1150.0,0.028985507246376812,0.0,0.373134328358209,0.1044776119402985,17.16417910447761
2023,2,19930,AS,11618,14771,EWR,SFO,66,1,4,0,61,0,18,9,1038.0,0.015151515151515152,0.06060606060606061,0.29508196721311475,0.14754098360655737,17.016393442622952
2023,2,19930,AS,11697,12892,FLL,LAX,28,0,0,0,28,0,8,2,358.0,0.0,0.0,0.2857142857142857,0.07142857142857142,12.785714285714286
2023,2,19930,AS,11697,14679,FLL,SAN,28,0,0,0,28,0,10,1,317.0,0.0,0.0,0.35714285714285715,0.03571428571428571,11.321428571428571
2023,2,19930,AS,11697,14747,FLL,SEA,56,1,5,0,50,0,17,7,755.0,0.017857142857142856,0.08928571428571429,0.34,0.14,15.1
2023,2,19930,AS,12173,12892,HNL,LAX,44,0,1,0,43,0,15,2,393.0,0.0,0.022727272727272728,0.3488372093023256,0.046511627906976744,9.13953488372093
2023,2,19930,AS,12173,14679,HNL,SAN,28,0,0,0,28,0,6,0,85.0,0.0,0.0,0.21428571428571427,0.0,3.0357142857142856
2023,2,19930,AS,12173,14747,HNL,SEA,112,1,2,0,109,0,47,11,2422.0,0.008928571428571428,0.017857142857142856,0.43119266055045874,0.10091743119266056,22.220183486238533
2023,2,19930,AS,12173,14771,HNL,SFO,28,1,0,0,27,0,13,3,743.0,0.03571428571428571,0.0,0.48148148148148145,0.1111111111111111,27.51851851851852
2023,2,19930,AS,12266,14747,IAH,SEA,56,1,1,0,54,0,8,1,-280.0,0.017857142857142856,0.017857142857142856,0.14814814814814814,0.018518518518518517,-5.185185185185185
2023,2,19930,AS,12478,14679,JFK,SAN,40,1,2,0,37,0,15,4,435.0,0.025,0.05,0.40540540540540543,0.10810810810810811,11.756756756756756
2023,2,19930,AS,12478,14747,JFK,SEA,84,0,0,0,84,0,14,1,-621.0,0.0,0.0,0.16666666666666666,0.011904761904761904,-7.392857142857143
2023,2,19930,AS,12478,14771,JFK,SFO,115,3,4,0,108,0,30,7,850.0,0.02608695652173913,0.034782608695652174,0.2777777777777778,0.06481481481481481,7.87037037037037
2023,2,19930,AS,12889,14747,LAS,SEA,217,11,0,0,206,0,35,11,1218.0,0.05069124423963134,0.0,0.16990291262135923,0.05339805825242718,5.912621359223301
2023,2,19930,AS,12889,14771,LAS,SFO,88,1,0,0,87,0,30,11,1305.0,0.011363636363636364,0.0,0.3448275862068966,0.12643678160919541,15.0
2023,2,19930,AS,12892,11278,LAX,DCA,28,0,0,0,28,0,7,3,494.0,0.0,0.0,0.25,0.10714285714285714,17.642857142857142
2023,2,19930,AS,12892,11618,LAX,EWR,76,1,1,0,74,0,16,4,-185.0,0.013157894736842105,0.013157894736842105,0.21621621621621623,0.05405405405405406,-2.5
2023,2,19930,AS,12892,11697,LAX,FLL,28,0,0,0,28,0,3,1,-46.0,0.0,0.0,0.10714285714285714,0.03571428571428571,-1.6428571428571428
2023,2,19930,AS,12892,12173,LAX,HNL,44,0,0,0,44,0,7,2,-143.0,0.0,0.0,0.1590909090909091,0.045454545454545456,-3.25
2023,2,19930,AS,12892,12889,LAX,LAS,1,0,0,0,1,0,0,0,-15.0,0.0,0.0,0.0,0.0,-15.0
2023,2,19930,AS,12892,14747,LAX,SEA,256,5,0,0,251,0,47,23,1016.0,0.01953125,0.0,0.18725099601593626,0.09163346613545817,4.047808764940239
2023,2,19930,AS,12892,14771,LAX,SFO,73,1,0,0,72,0,17,3,529.0,0.0136986301369863,0.0,0.2361111111111111,0.041666666666666664,7.347222222222222
2023,2,19930,AS,13204,14679,MCO,SAN,28,0,0,0,28,0,6,0,-61.0,0.0,0.0,0.21428571428571427,0.0,-2.1785714285714284
2023,2,19930,AS,13204,14747,MCO,SEA,84,2,2,0,80,0,13,4,-168.0,0.023809523809523808,0.023809523809523808,0.1625,0.05,-2.1
2023,2,19930,AS,13204,14771,MCO,SFO,28,0,0,0,28,0,8,1,-65.0,0.0,0.0,0.2857142857142857,0.03571428571428571,-2.3214285714285716
2023,2,19930,AS,13303,14747,MIA,SEA,28,1,2,0,25,0,5,1,4.0,0.03571428571428571,0.07142857142857142,0.2,0.04,0.16
2023,2,19930,AS,13487,14747,MSP,SEA,49,3,0,0,46,0,10,5,545.0,0.061224489795918366,0.0,0.21739130434782608,0.10869565217391304,11.847826086956522
2023,2,19930,AS,13796,14747,OAK,SEA,51,4,0,0,47,0,5,2,18.0,0.0784313725490196,0.0,0.10638297872340426,0.0425531914893617,0.3829787234042553
2023,2,19930,AS,13930,14747,ORD,SEA,100,0,0,0,100,0,15,5,-361.0,0.0,0.0,0.15,0.05,-3.61
2023,2,19930,AS,13930,14771,ORD,SFO,28,1,0,0,27,0,6,4,53.0,0.03571428571428571,0.0,0.2222222222222222,0.14814814814814814,1.962962962962963
2023,2,19930,AS,14100,14747,PHL,SEA,28,2,0,0,26,0,3,1,-129.0,0.07142857142857142,0.0,0.11538461538461539,0.038461538461538464,-4.961538461538462
2023,2,19930,AS,14107,14747,PHX,SEA,250,6,2,0,242,0,43,11,81.0,0.024,0.008,0.17768595041322313,0.045454545454545456,0.3347107438016529
2023,2,19930,AS,14635,14747,RSW,SEA,8,0,0,0,8,0,4,1,135.0,0.0,0.0,0.5,0.125,16.875
2023,2,19930,AS,14679,10721,SAN,BOS,28,1,0,0,27,0,5,0,-117.0,0.03571428571428571,0.0,0.18518518518518517,0.0,-4.333333333333333
2023,2,19930,AS,14679,11618,SAN,EWR,24,1,0,0,23,0,11,3,763.0,0.041666666666666664,0.0,0.4782608695652174,0.13043478260869565,33.17391304347826
2023,2,19930,AS,14679,11697,SAN,FLL,28,0,0,0,28,0,7,3,282.0,0.0,0.0,0.25,0.10714285714285714,10.071428571428571
2023,2,19930,AS,14679,12173,SAN,HNL,28,0,0,0,28,0,7,1,3.0,0.0,0.0,0.25,0.03571428571428571,0.10714285714285714
2023,2,19930,AS,14679,12478,SAN,JFK,41,1,0,0,40,0,4,1,-380.0,0.024390243902439025,0.0,0.1,0.025,-9.5
2023,2,19930,AS,14679,13204,SAN,MCO,28,0,0,0,28,0,8,0,159.0,0.0,0.0,0.2857142857142857,0.0,5.678571428571429
2023,2,19930,AS,14679,14747,SAN,SEA,189,2,1,0,186,0,36,10,650.0,0.010582010582010581,0.005291005291005291,0.1935483870967742,0.053763440860215055,3.4946236559139785
2023,2,19930,AS,14679,14771,SAN,SFO,1,0,0,0,1,0,0,0,-12.0,0.0,0.0,0.0,0.0,-12.0
2023,2,19930,AS,14747,10397,SEA,ATL,56,0,0,0,56,0,11,1,155.0,0.0,0.0,0.19642857142857142,0.017857142857142856,2.767857142857143
2023,2,19930,AS,14747,10721,SEA,BOS,76,2,0,0,74,0,22,4,582.0,0.02631578947368421,0.0,0.2972972972972973,0.05405405405405406,7.864864864864865
2023,2,19930,AS,14747,10821,SEA,BWI,28,2,0,0,26,0,7,2,76.0,0.07142857142857142,0.0,0.2692307692307692,0.07692307692307693,2.923076923076923
2023,2,19930,AS,14747,11278,SEA,DCA,56,1,0,0,55,0,6,1,-142.0,0.017857142857142856,0.0,0.10909090909090909,0.01818181818181818,-2.581818181818182
2023,2,19930,AS,14747,11292,SEA,DEN,105,5,0,0,100,0,31,9,1155.0,0.047619047619047616,0.0,0.31,0.09,11.55
2023,2,19930,AS,14747,11298,SEA,DFW,112,9,0,0,103,0,24,6,827.0,0.08035714285714286,0.0,0.23300970873786409,0.05825242718446602,8.029126213592233
2023,2,19930,AS,14747,11433,SEA,DTW,24,2,0,0,22,0,3,1,-43.0,0.08333333333333333,0.0,0.13636363636363635,0.045454545454545456,-1.9545454545454546
2023,2,19930,AS,14747,11618,SEA,EWR,69,2,0,0,67,0,14,3,60.0,0.028985507246376812,0.0,0.208955223880597,0.04477611940298507,0.8955223880597015
2023,2,19930,AS,14747,11697,SEA,FLL,56,1,0,0,55,0,27,6,1284.0,0.017857142857142856,0.0,0.4909090909090909,0.10909090909090909,23.345454545454544
2023,2,19930,AS,14747,12173,SEA,HNL,112,1,0,0,111,0,18,5,-331.0,0.008928571428571428,0.0,0.16216216216216217,0.04504504504504504,-2.981981981981982
2023,2,19930,AS,14747,12266,SEA,IAH,56,1,0,0,55,0,14,2,322.0,0.017857142857142856,0.0,0.2545454545454545,0.03636363636363636,5.8545454545454545
2023,2,19930,AS,14747,12478,SEA,JFK,86,1,0,0,85,0,15,3,-192.0,0.011627906976744186,0.0,0.17647058823529413,0.03529411764705882,-2.2588235294117647
2023,2,19930,AS,14747,12889,SEA,LAS,216,9,3,0,204,0,51,9,1802.0,0.041666666666666664,0.013888888888888888,0.25,0.04411764705882353,8.833333333333334
2023,2,19930,AS,14747,12892,SEA,LAX,255,6,1,0,248,0,63,19,2335.0,0.023529411764705882,0.00392156862745098,0.2540322580645161,0.07661290322580645,9.415322580645162
2023,2,19930,AS,14747,13204,SEA,MCO,84,0,1,0,83,0,19,3,72.0,0.0,0.011904761904761904,0.2289156626506024,0.03614457831325301,0.8674698795180723
2023,2,19930,AS,14747,13303,SEA,MIA,28,1,0,0,27,0,7,1,5.0,0.03571428571428571,0.0,0.25925925925925924,0.037037037037037035,0.18518518518518517
2023,2,19930,AS,14747,13487,SEA,MSP,49,3,0,0,46,0,9,0,200.0,0.061224489795918366,0.0,0.1956521739130435,0.0,4.3478260869565215
2023,2,19930,AS,14747,13796,SEA,OAK,55,2,0,0,53,0,14,2,293.0,0.03636363636363636,0.0,0.2641509433962264,0.03773584905660377,5.528301886792453
2023,2,19930,AS,14747,13930,SEA,ORD,100,0,0,0,100,0,17,7,253.0,0.0,0.0,0.17,0.07,2.53
2023,2,19930,AS,14747,14100,SEA,PHL,28,2,0,0,26,0,6,1,0.0,0.07142857142857142,0.0,0.23076923076923078,0.038461538461538464,0.0
2023,2,19930,AS,14747,14107,SEA,PHX,250,4,0,0,246,0,60,14,2454.0,0.016,0.0,0.24390243902439024,0.056910569105691054,9.975609756097562
2023,2,19930,AS,14747,14635,SEA,RSW,8,0,0,0,8,0,2,1,225.0,0.0,0.0,0.25,0.125,28.125
2023,2,19930,AS,14747,14679,SEA,SAN,189,2,0,0,187,0,40,8,1083.0,0.010582010582010581,0.0,0.21390374331550802,0.0427807486631016,5.791443850267379
2023,2,19930,AS,14747,14771,SEA,SFO,229,6,0,0,223,0,51,12,1489.0,0.026200873362445413,0.0,0.22869955156950672,0.053811659192825115,6.677130044843049
2023,2,19930,AS,14747,14869,SEA,SLC,84,5,0,0,79,0,19,4,601.0,0.05952380952380952,0.0,0.24050632911392406,0.05063291139240506,7.6075949367088604
2023,2,19930,AS,14747,15016,SEA,STL,41,1,0,0,40,0,2,0,-220.0,0.024390243902439025,0.0,0.05,0.0,-5.5
2023,2,19930,AS,14747,15304,SEA,TPA,56,0,0,0,56,0,12,2,245.0,0.0,0.0,0.21428571428571427,0.03571428571428571,4.375
2023,2,19930,AS,14771,10721,SFO,BOS,28,1,0,0,27,0,3,3,32.0,0.03571428571428571,0.0,0.1111111111111111,0.1111111111111111,1.1851851851851851
2023,2,19930,AS,14771,11278,SFO,DCA,28,0,0,0,28,0,4,2,-21.0,0.0,0.0,0.14285714285714285,0.07142857142857142,-0.75
2023,2,19930,AS,14771,11618,SFO,EWR,67,1,0,0,66,0,20,11,952.0,0.014925373134328358,0.0,0.30303030303030304,0.16666666666666666,14.424242424242424
2023,2,19930,AS,14771,12173,SFO,HNL,28,0,0,0,28,0,2,0,-413.0,0.0,0.0,0.07142857142857142,0.0,-14.75
2023,2,19930,AS,14771,12478,SFO,JFK,117,2,0,0,115,0,19,5,-31.0,0.017094017094017096,0.0,0.16521739130434782,0.043478260869565216,-0.26956521739130435
2023,2,19930,AS,14771,12889,SFO,LAS,88,1,0,0,87,0,24,8,928.0,0.011363636363636364,0.0,0.27586206896551724,0.09195402298850575,10.666666666666666
2023,2,19930,AS,14771,12892,SFO,LAX,75,3,0,0,72,0,6,3,-409.0,0.04,0.0,0.08333333333333333,0.041666666666666664,-5.680555555555555
2023,2,19930,AS,14771,13204,SFO,MCO,28,0,0,0,28,0,2,1,-82.0,0.0,0.0,0.07142857142857142,0.03571428571428571,-2.9285714285714284
2023,2,19930,AS,14771,13930,SFO,ORD,28,1,0,0,27,0,6,3,287.0,0.03571428571428571,0.0,0.2222222222222222,0.1111111111111111,10.62962962962963
2023,2,19930,AS,14771,14747,SFO,SEA,228,5,1,0,222,0,45,17,1964.0,0.021929824561403508,0.0043859649122807015,0.20270270270270271,0.07657657657657657,8.846846846846846
2023,2,19930,AS,14771,15304,SFO,TPA,28,0,0,0,28,0,7,3,329.0,0.0,0.0,0.25,0.10714285714285714,11.75
2023,2,19930,AS,14869,14747,SLC,SEA,84,5,0,0,79,0,13,4,171.0,0.05952380952380952,0.0,0.16455696202531644,0.05063291139240506,2.1645569620253164
2023,2,19930,AS,15016,14747,STL,SEA,40,1,0,0,39,0,5,1,-410.0,0.025,0.0,0.1282051282051282,0.02564102564102564,-10.512820512820513
2023,2,19930,AS,15304,14747,TPA,SEA,56,0,1,0,55,0,8,2,-293.0,0.0,0.017857142857142856,0.14545454545454545,0.03636363636363636,-5.327272727272727
2023,2,19930,AS,15304,14771,TPA,SFO,28,0,0,0,28,0,4,1,-121.0,0.0,0.0,0.14285714285714285,0.03571428571428571,-4.321428571428571
2023,2,19977,UA,10397,11292,ATL,DEN,73,0,0,0,73,0,14,3,61.0,0.0,0.0,0.1917808219178082,0.0410958904109589,0.8356164383561644
2023,2,19977,UA,10397,11618,ATL,EWR,164,2,0,0,162,0,37,8,580.0,0.012195121951219513,0.0,0.22839506172839505,0.04938271604938271,3.580246913580247
2023,2,19977,UA,10397,12266,ATL,IAH,93,0,0,0,93,0,16,2,208.0,0.0,0.0,0.17204301075268819,0.021505376344086023,2.236559139784946
2023,2,19977,UA,10397,13930,ATL,ORD,100,0,1,0,99,0,22,9,1306.0,0.0,0.01,0.2222222222222222,0.09090909090909091,13.191919191919192
2023,2,19977,UA,10397,14771,ATL,SFO,28,0,0,0,28,0,10,6,714.0,0.0,0.0,0.35714285714285715,0.21428571428571427,25.5
2023,2,19977,UA,10721,11292,BOS,DEN,112,1,0,0,111,0,25,11,797.0,0.008928571428571428,0.0,0.22522522522522523,0.0990990990990991,7.18018018018018
2023,2,19977,UA,10721,11618,BOS,EWR,268,4,0,0,264,0,71,20,1792.0,0.014925373134328358,0.0,0.2689393939393939,0.07575757575757576,6.787878787878788
2023,2,19977,UA,10721,12266,BOS,IAH,84,0,0,0,84,0,11,2,-497.0,0.0,0.0,0.13095238095238096,0.023809523809523808,-5.916666666666667
2023,2,19977,UA,10721,12892,BOS,LAX,56,0,3,0,53,0,11,1,-215.0,0.0,0.05357142857142857,0.20754716981132076,0.018867924528301886,-4.056603773584905
2023,2,19977,UA,10721,13930,BOS,ORD,133,3,1,0,129,0,38,11,1442.0,0.022556390977443608,0.007518796992481203,0.29457364341085274,0.08527131782945736,11.178294573643411
2023,2,19977,UA,10721,14771,BOS,SFO,131,0,1,0,130,0,36,12,781.0,0.0,0.007633587786259542,0.27692307692307694,0.09230769230769231,6.007692307692308
2023,2,19977,UA,10821,11292,BWI,DEN,56,0,0,0,56,0,11,2,157.0,0.0,0.0,0.19642857142857142,0.03571428571428571,2.8035714285714284
2023,2,19977,UA,10821,12266,BWI,IAH,51,0,0,0,51,0,4,1,-210.0,0.0,0.0,0.0784313725490196,0.0196078431372549,-4.117647058823529
2023,2,19977,UA,10821,12892,BWI,LAX,28,0,0,0,28,0,3,0,-132.0,0.0,0.0,0.10714285714285714,0.0,-4.714285714285714
2023,2,19977,UA,10821,13930,BWI,ORD,80,1,1,0,78,0,9,1,-339.0,0.0125,0.0125,0.11538461538461539,0.01282051282051282,-4.346153846153846
2023,2,19977,UA,10821,14771,BWI,SFO,28,0,0,0,28,0,5,2,-101.0,0.0,0.0,0.17857142857142858,0.07142857142857142,-3.607142857142857
2023,2,19977,UA,11278,11292,DCA,DEN,28,0,0,0,28,0,13,5,790.0,0.0,0.0,0.4642857142857143,0.17857142857142858,28.214285714285715
2023,2,19977,UA,11278,12266,DCA,IAH,178,1,0,0,177,0,27,10,-59.0,0.0056179775280898875,0.0,0.15254237288135594,0.05649717514124294,-0.3333333333333333
2023,2,19977,UA,11278,13930,DCA,ORD,178,1,0,0,177,0,29,10,221.0,0.0056179775280898875,0.0,0.1638418079096045,0.05649717514124294,1.2485875706214689
2023,2,19977,UA,11278,14771,DCA,SFO,28,0,0,0,28,0,5,1,-201.0,0.0,0.0,0.17857142857142858,0.03571428571428571,-7.178571428571429
2023,2,19977,UA,11292,10397,DEN,ATL,73,0,0,0,73,0,16,8,557.0,0.0,0.0,0.2191780821917808,0.1095890410958904,7.63013698630137
2023,2,19977,UA,11292,10721,DEN,BOS,112,1,0,0,111,0,14,3,-674.0,0.008928571428571428,0.0,0.12612612612612611,0.02702702702702703,-6.072072072072072
2023,2,19977,UA,11292,10821,DEN,BWI,56,0,0,0,56,0,7,2,-210.0,0.0,0.0,0.125,0.03571428571428571,-3.75
2023,2,19977,UA,11292,11278,DEN,DCA,28,0,0,0,28,0,8,4,301.0,0.0,0.0,0.2857142857142857,0.14285714285714285,10.75
2023,2,19977,UA,11292,11298,DEN,DFW,110,3,0,0,107,0,27,13,1387.0,0.02727272727272727,0.0,0.2523364485981308,0.12149532710280374,12.962616822429906
2023,2,19977,UA,11292,11433,DEN,DTW,56,1,0,0,55,0,13,5,651.0,0.017857142857142856,0.0,0.23636363636363636,0.09090909090909091,11.836363636363636
2023,2,19977,UA,11292,11618,DEN,EWR,245,1,1,0,243,0,58,15,508.0,0.004081632653061225,0.004081632653061225,0.23868312757201646,0.06172839506172839,2.090534979423868
2023,2,19977,UA,11292,11697,DEN,FLL,75,0,0,0,75,0,24,6,817.0,0.0,0.0,0.32,0.08,10.893333333333333
2023,2,19977,UA,11292,12173,DEN,HNL,31,0,0,0,31,0,9,2,185.0,0.0,0.0,0.2903225806451613,0.06451612903225806,5.967741935483871
2023,2,19977,UA,11292,12266,DEN,IAH,245,3,0,0,242,0,72,26,3947.0,0.012244897959183673,0.0,0.2975206611570248,0.10743801652892562,16.3099173553719
2023,2,19977,UA,11292,12889,DEN,LAS,161,1,1,0,159,0,44,18,1943.0,0.006211180124223602,0.006211180124223602,0.27672955974842767,0.11320754716981132,12.220125786163521
2023,2,19977,UA,11292,12892,DEN,LAX,224,1,0,0,223,0,59,27,3025.0,0.004464285714285714,0.0,0.2645739910313901,0.1210762331838565,13.565022421524663
2023,2,19977,UA,11292,12953,DEN,LGA,184,3,1,0,180,0,60,19,2083.0,0.016304347826086956,0.005434782608695652,0.3333333333333333,0.10555555555555556,11.572222222222223
2023,2,19977,UA,11292,13204,DEN,MCO,136,1,0,0,135,0,27,12,726.0,0.007352941176470588,0.0,0.2,0.08888888888888889,5.377777777777778
2023,2,19977,UA,11292,13303,DEN,MIA,56,0,1,0,55,0,16,5,593.0,0.0,0.017857142857142856,0.2909090909090909,0.09090909090909091,10.781818181818181
2023,2,19977,UA,11292,13487,DEN,MSP,103,4,0,0,99,0,20,8,546.0,0.038834951456310676,0.0,0.20202020202020202,0.08080808080808081,5.515151515151516
2023,2,19977,UA,11292,13930,DEN,ORD,225,1,0,0,224,0,56,19,2561.0,0.0044444444444444444,0.0,0.25,0.08482142857142858,11.433035714285714
2023,2,19977,UA,11292,14100,DEN,PHL,56,0,0,0,56,0,7,2,-121.0,0.0,0.0,0.125,0.03571428571428571,-2.1607142857142856
2023,2,19977,UA,11292,14107,DEN,PHX,167,0,0,0,167,0,28,12,425.0,0.0,0.0,0.16766467065868262,0.0718562874251497,2.5449101796407185
2023,2,19977,UA,11292,14635,DEN,RSW,56,0,1,0,55,0,15,6,795.0,0.0,0.017857142857142856,0.2727272727272727,0.10909090909090909,14.454545454545455
2023,2,19977,UA,11292,14679,DEN,SAN,136,0,0,0,136,0,29,9,320.0,0.0,0.0,0.21323529411764705,0.0661764705882353,2.3529411764705883
2023,2,19977,UA,11292,14747,DEN,SEA,133,0,0,0,133,0,27,8,-34.0,0.0,0.0,0.20300751879699247,0.06015037593984962,-0.2556390977443609
2023,2,19977,UA,11292,14771,DEN,SFO,224,0,0,0,224,0,50,20,1722.0,0.0,0.0,0.22321428571428573,0.08928571428571429,7.6875
2023,2,19977,UA,11292,14869,DEN,SLC,75,1,0,0,74,0,21,11,964.0,0.013333333333333334,0.0,0.28378378378378377,0.14864864864864866,13.027027027027026
2023,2,19977,UA,11292,15016,DEN,STL,37,1,0,0,36,0,12,7,896.0,0.02702702702702703,0.0,0.3333333333333333,0.19444444444444445,24.88888888888889
2023,2,19977,UA,11292,15304,DEN,TPA,107,0,0,0,107,0,32,10,955.0,0.0,0.0,0.29906542056074764,0.09345794392523364,8.925233644859814
2023,2,19977,UA,11298,11292,DFW,DEN,111,5,0,0,106,0,11,5,-72.0,0.04504504504504504,0.0,0.10377358490566038,0.04716981132075472,-0.6792452830188679
2023,2,19977,UA,11298,11618,DFW,EWR,141,5,0,0,136,0,27,6,68.0,0.03546099290780142,0.0,0.19852941176470587,0.04411764705882353,0.5
2023,2,19977,UA,11298,12266,DFW,IAH,113,5,0,0,108,0,35,8,2001.0,0.04424778761061947,0.0,0.32407407407407407,0.07407407407407407,18.52777777777778
2023,2,19977,UA,11298,13930,DFW,ORD,107,5,0,0,102,0,15,7,623.0,0.04672897196261682,0.0,0.14705882352941177,0.06862745098039216,6.107843137254902
2023,2,19977,UA,11298,14771,DFW,SFO,56,3,0,0,53,0,10,2,-62.0,0.05357142857142857,0.0,0.18867924528301888,0.03773584905660377,-1.169811320754717
2023,2,19977,UA,11433,11292,DTW,DEN,56,1,1,0,54,0,11,2,433.0,0.017857142857142856,0.017857142857142856,0.2037037037037037,0.037037037037037035,8.018518518518519
2023,2,19977,UA,11433,11618,DTW,EWR,73,2,0,0,71,0,10,1,-491.0,0.0273972602739726,0.0,0.14084507042253522,0.014084507042253521,-6.915492957746479
2023,2,19977,UA,11433,12266,DTW,IAH,46,0,0,0,46,0,11,4,371.0,0.0,0.0,0.2391304347826087,0.08695652173913043,8.065217391304348
2023,2,19977,UA,11433,13930,DTW,ORD,56,1,0,0,55,0,14,4,209.0,0.017857142857142856,0.0,0.2545454545454545,0.07272727272727272,3.8
2023,2,19977,UA,11618,10397,EWR,ATL,164,2,0,0,162,0,45,8,1127.0,0.012195121951219513,0.0,0.2777777777777778,0.04938271604938271,6.95679012345679
2023,2,19977,UA,11618,10721,EWR,BOS,268,1,1,0,266,0,70,24,2111.0,0.0037313432835820895,0.0037313432835820895,0.2631578947368421,0.09022556390977443,7.93609022556391
2023,2,19977,UA,11618,11292,EWR,DEN,245,2,0,0,243,0,77,23,2810.0,0.00816326530612245,0.0,0.3168724279835391,0.09465020576131687,11.563786008230453
2023,2,19977,UA,11618,11298,EWR,DFW,141,4,1,0,136,0,33,4,521.0,0.028368794326241134,0.0070921985815602835,0.2426470588235294,0.029411764705882353,3.8308823529411766
2023,2,19977,UA,11618,11433,EWR,DTW,72,2,0,0,70,0,15,5,306.0,0.027777777777777776,0.0,0.21428571428571427,0.07142857142857142,4.371428571428571
2023,2,19977,UA,11618,11697,EWR,FLL,236,1,1,0,234,0,63,22,2121.0,0.00423728813559322,0.00423728813559322,0.2692307692307692,0.09401709401709402,9.064102564102564
2023,2,19977,UA,11618,12173,EWR,HNL,28,0,0,0,28,0,6,0,-185.0,0.0,0.0,0.21428571428571427,0.0,-6.607142857142857
2023,2,19977,UA,11618,12266,EWR,IAH,232,0,0,0,232,0,54,16,1441.0,0.0,0.0,0.23275862068965517,0.06896551724137931,6.211206896551724
2023,2,19977,UA,11618,12889,EWR,LAS,196,0,4,0,192,0,62,20,2722.0,0.0,0.02040816326530612,0.3229166666666667,0.10416666666666667,14.177083333333334
2023,2,19977,UA,11618,12892,EWR,LAX,217,0,1,0,216,0,68,16,2381.0,0.0,0.004608294930875576,0.3148148148148148,0.07407407407407407,11.023148148148149
2023,2,19977,UA,11618,13204,EWR,MCO,324,0,0,0,324,0,86,23,2694.0,0.0,0.0,0.2654320987654321,0.07098765432098765,8.314814814814815
2023,2,19977,UA,11618,13303,EWR,MIA,211,2,1,0,208,0,65,13,1916.0,0.009478672985781991,0.004739336492890996,0.3125,0.0625,9.211538461538462
2023,2,19977,UA,11618,13487,EWR,MSP,41,1,0,0,40,0,13,1,289.0,0.024390243902439025,0.0,0.325,0.025,7.225
2023,2,19977,UA,11618,13930,EWR,ORD,275,0,1,0,274,0,72,18,2209.0,0.0,0.0036363636363636364,0.26277372262773724,0.06569343065693431,8.062043795620438
2023,2,19977,UA,11618,14100,EWR,PHL,5,0,0,0,5,0,4,2,276.0,0.0,0.0,0.8,0.4,55.2
2023,2,19977,UA,11618,14107,EWR,PHX,114,0,0,0,114,0,49,12,2413.0,0.0,0.0,0.4298245614035088,0.10526315789473684,21.166666666666668
2023,2,19977,UA,11618,14635,EWR,RSW,187,0,0,0,187,0,38,9,919.0,0.0,0.0,0.20320855614973263,0.0481283422459893,4.9144385026737964
2023,2,19977,UA,11618,14679,EWR,SAN,84,2,1,0,81,0,28,7,1675.0,0.023809523809523808,0.011904761904761904,0.345679012345679,0.08641975308641975,20.679012345679013
2023,2,19977,UA,11618,14747,EWR,SEA,56,0,0,0,56,0,15,3,134.0,0.0,0.0,0.26785714285714285,0.05357142857142857,2.392857142857143
2023,2,19977,UA,11618,14771,EWR,SFO,251,3,0,0,248,0,68,21,2289.0,0.01195219123505976,0.0,0.27419354838709675,0.0846774193548387,9.22983870967742
2023,2,19977,UA,11618,14869,EWR,SLC,47,1,0,0,46,0,26,11,1504.0,0.02127659574468085,0.0,0.5652173913043478,0.2391304347826087,32.69565217391305
2023,2,19977,UA,11618,15016,EWR,STL,32,0,0,0,32,0,14,6,1275.0,0.0,0.0,0.4375,0.1875,39.84375
2023,2,19977,UA,11618,15304,EWR,TPA,251,0,0,0,251,0,50,17,850.0,0.0,0.0,0.199203187250996,0.06772908366533864,3.3864541832669324
2023,2,19977,UA,11697,11292,FLL,DEN,75,0,0,0,75,0,9,1,-382.0,0.0,0.0,0.12,0.013333333333333334,-5.093333333333334
2023,2,19977,UA,11697,11618,FLL,EWR,236,1,0,0,235,0,48,18,1867.0,0.00423728813559322,0.0,0.20425531914893616,0.07659574468085106,7.94468085106383
2023,2,19977,UA,11697,12266,FLL,IAH,112,0,0,0,112,0,19,6,-282.0,0.0,0.0,0.16964285714285715,0.05357142857142857,-2.517857142857143
2023,2,19977,UA,11697,13930,FLL,ORD,85,0,0,0,85,0,17,3,308.0,0.0,0.0,0.2,0.03529411764705882,3.623529411764706
2023,2,19977,UA,11697,14771,FLL,SFO,28,0,0,0,28,0,4,2,-186.0,0.0,0.0,0.14285714285714285,0.07142857142857142,-6.642857142857143
2023,2,19977,UA,12173,11292,HNL,DEN,31,0,0,0,31,0,10,2,292.0,0.0,0.0,0.3225806451612903,0.06451612903225806,9.419354838709678
2023,2,19977,UA,12173,11618,HNL,EWR,28,0,0,0,28,0,8,2,78.0,0.0,0.0,0.2857142857142857,0.07142857142857142,2.7857142857142856
2023,2,19977,UA,12173,12266,HNL,IAH,28,0,0,0,28,0,10,1,40.0,0.0,0.0,0.35714285714285715,0.03571428571428571,1.4285714285714286
2023,2,19977,UA,12173,12892,HNL,LAX,57,1,0,0,56,0,28,6,1128.0,0.017543859649122806,0.0,0.5,0.10714285714285714,20.142857142857142
2023,2,19977,UA,12173,13930,HNL,ORD,28,0,0,0,28,0,6,1,-18.0,0.0,0.0,0.21428571428571427,0.03571428571428571,-0.6428571428571429
2023,2,19977,UA,12173,14771,HNL,SFO,104,1,0,0,103,0,30,7,841.0,0.009615384615384616,0.0,0.2912621359223301,0.06796116504854369,8.16504854368932
2023,2,19977,UA,12266,10397,IAH,ATL,93,0,1,0,92,0,19,5,678.0,0.0,0.010752688172043012,0.20652173913043478,0.05434782608695652,7.369565217391305
2023,2,19977,UA,12266,10721,IAH,BOS,84,0,0,0,84,0,9,2,-810.0,0.0,0.0,0.10714285714285714,0.023809523809523808,-9.642857142857142
2023,2,19977,UA,12266,10821,IAH,BWI,51,0,0,0,51,0,7,2,-124.0,0.0,0.0,0.13725490196078433,0.0392156862745098,-2.4313725490196076
2023,2,19977,UA,12266,11278,IAH,DCA,178,1,1,0,176,0,41,14,1220.0,0.0056179775280898875,0.0056179775280898875,0.23295454545454544,0.07954545454545454,6.931818181818182
2023,2,19977,UA,12266,11292,IAH,DEN,244,2,0,0,242,0,66,15,2865.0,0.00819672131147541,0.0,0.2727272727272727,0.06198347107438017,11.838842975206612
2023,2,19977,UA,12266,11298,IAH,DFW,113,3,0,0,110,0,19,7,1003.0,0.02654867256637168,0.0,0.17272727272727273,0.06363636363636363,9.118181818181819
2023,2,19977,UA,12266,11433,IAH,DTW,46,0,0,0,46,0,4,1,-86.0,0.0,0.0,0.08695652173913043,0.021739130434782608,-1.8695652173913044
2023,2,19977,UA,12266,11618,IAH,EWR,231,0,0,0,231,0,43,10,-298.0,0.0,0.0,0.18614718614718614,0.04329004329004329,-1.29004329004329
2023,2,19977,UA,12266,11697,IAH,FLL,112,0,0,0,112,0,24,6,391.0,0.0,0.0,0.21428571428571427,0.05357142857142857,3.4910714285714284
2023,2,19977,UA,12266,12173,IAH,HNL,28,0,0,0,28,0,7,4,1857.0,0.0,0.0,0.25,0.14285714285714285,66.32142857142857
2023,2,19977,UA,12266,12889,IAH,LAS,162,0,1,0,161,0,36,10,845.0,0.0,0.006172839506172839,0.2236024844720497,0.062111801242236024,5.248447204968944
2023,2,19977,UA,12266,12892,IAH,LAX,221,1,2,0,218,0,48,13,2118.0,0.004524886877828055,0.00904977375565611,0.22018348623853212,0.05963302752293578,9.715596330275229
2023,2,19977,UA,12266,12953,IAH,LGA,128,1,0,0,127,0,27,9,363.0,0.0078125,0.0,0.2125984251968504,0.07086614173228346,2.858267716535433
2023,2,19977,UA,12266,13204,IAH,MCO,168,0,0,0,168,0,25,3,-571.0,0.0,0.0,0.1488095238095238,0.017857142857142856,-3.3988095238095237
2023,2,19977,UA,12266,13303,IAH,MIA,84,0,0,0,84,0,22,7,627.0,0.0,0.0,0.2619047619047619,0.08333333333333333,7.464285714285714
2023,2,19977,UA,12266,13487,IAH,MSP,56,2,0,0,54,0,7,0,-383.0,0.03571428571428571,0.0,0.12962962962962962,0.0,-7.092592592592593
2023,2,19977,UA,12266,13930,IAH,ORD,221,0,0,0,221,0,38,15,1135.0,0.0,0.0,0.17194570135746606,0.06787330316742081,5.135746606334842
2023,2,19977,UA,12266,14100,IAH,PHL,56,0,0,0,56,0,8,3,-340.0,0.0,0.0,0.14285714285714285,0.05357142857142857,-6.071428571428571
2023,2,19977,UA,12266,14107,IAH,PHX,140,0,0,0,140,0,35,14,1201.0,0.0,0.0,0.25,0.1,8.57857142857143
2023,2,19977,UA,12266,14635,IAH,RSW,56,0,0,0,56,0,12,4,334.0,0.0,0.0,0.21428571428571427,0.07142857142857142,5.964285714285714
2023,2,19977,UA,12266,14679,IAH,SAN,112,0,0,0,112,0,21,3,217.0,0.0,0.0,0.1875,0.026785714285714284,1.9375
2023,2,19977,UA,12266,14747,IAH,SEA,75,0,0,0,75,0,16,5,246.0,0.0,0.0,0.21333333333333335,0.06666666666666667,3.28
2023,2,19977,UA,12266,14771,IAH,SFO,221,0,0,0,221,0,36,12,13.0,0.0,0.0,0.16289592760180996,0.05429864253393665,0.058823529411764705
2023,2,19977,UA,12266,14869,IAH,SLC,56,0,0,0,56,0,15,3,336.0,0.0,0.0,0.26785714285714285,0.05357142857142857,6.0
2023,2,19977,UA,12266,15016,IAH,STL,28,0,0,0,28,0,4,1,106.0,0.0,0.0,0.14285714285714285,0.03571428571428571,3.7857142857142856
2023,2,19977,UA,12266,15304,IAH,TPA,84,0,0,0,84,0,17,5,388.0,0.0,0.0,0.20238095238095238,0.05952380952380952,4.619047619047619
2023,2,19977,UA,12889,11292,LAS,DEN,162,1,0,0,161,0,35,14,1822.0,0.006172839506172839,0.0,0.21739130434782608,0.08695652173913043,11.316770186335404
2023,2,19977,UA,12889,11618,LAS,EWR,195,4,1,0,190,0,38,15,137.0,0.020512820512820513,0.005128205128205128,0.2,0.07894736842105263,0.7210526315789474
2023,2,19977,UA,12889,12266,LAS,IAH,163,0,0,0,163,0,39,13,2351.0,0.0,0.0,0.2392638036809816,0.07975460122699386,14.423312883435583
2023,2,19977,UA,12889,12892,LAS,LAX,107,0,0,0,107,0,16,7,-141.0,0.0,0.0,0.14953271028037382,0.06542056074766354,-1.3177570093457944
2023,2,19977,UA,12889,13930,LAS,ORD,138,0,0,0,138,0,23,7,498.0,0.0,0.0,0.16666666666666666,0.050724637681159424,3.608695652173913
2023,2,19977,UA,12889,14771,LAS,SFO,157,0,0,0,157,0,38,14,1393.0,0.0,0.0,0.24203821656050956,0.08917197452229299,8.872611464968152
2023,2,19977,UA,12892,10721,LAX,BOS,56,0,0,0,56,0,2,0,-1257.0,0.0,0.0,0.03571428571428571,0.0,-22.446428571428573
2023,2,19977,UA,12892,10821,LAX,BWI,28,0,0,0,28,0,1,0,-539.0,0.0,0.0,0.03571428571428571,0.0,-19.25
2023,2,19977,UA,12892,11292,LAX,DEN,224,2,1,0,221,0,29,16,577.0,0.008928571428571428,0.004464285714285714,0.13122171945701358,0.07239819004524888,2.6108597285067874
2023,2,19977,UA,12892,11618,LAX,EWR,217,0,0,0,217,0,29,10,-1059.0,0.0,0.0,0.1336405529953917,0.04608294930875576,-4.880184331797235
2023,2,19977,UA,12892,12173,LAX,HNL,57,2,0,0,55,0,9,3,-303.0,0.03508771929824561,0.0,0.16363636363636364,0.05454545454545454,-5.509090909090909
2023,2,19977,UA,12892,12266,LAX,IAH,222,0,0,0,222,0,28,6,-767.0,0.0,0.0,0.12612612612612611,0.02702702702702703,-3.454954954954955
2023,2,19977,UA,12892,12889,LAX,LAS,109,0,0,0,109,0,19,7,769.0,0.0,0.0,0.1743119266055046,0.06422018348623854,7.055045871559633
2023,2,19977,UA,12892,13204,LAX,MCO,56,0,0,0,56,0,6,2,-385.0,0.0,0.0,0.10714285714285714,0.03571428571428571,-6.875
2023,2,19977,UA,12892,13930,LAX,ORD,196,1,0,0,195,0,21,8,-1115.0,0.00510204081632653,0.0,0.1076923076923077,0.041025641025641026,-5.717948717948718
2023,2,19977,UA,12892,14107,LAX,PHX,47,0,0,0,47,0,9,4,250.0,0.0,0.0,0.19148936170212766,0.0851063829787234,5.319148936170213
2023,2,19977,UA,12892,14747,LAX,SEA,28,0,0,0,28,0,4,1,-41.0,0.0,0.0,0.14285714285714285,0.03571428571428571,-1.4642857142857142
2023,2,19977,UA,12892,14771,LAX,SFO,165,0,0,0,165,0,35,8,340.0,0.0,0.0,0.21212121212121213,0.048484848484848485,2.0606060606060606
2023,2,19977,UA,12892,15304,LAX,TPA,28,0,0,0,28,0,1,0,-371.0,0.0,0.0,0.03571428571428571,0.0,-13.25
2023,2,19977,UA,12953,11292,LGA,DEN,184,3,0,0,181,0,51,14,2385.0,0.016304347826086956,0.0,0.281767955801105,0.07734806629834254,13.176795580110497
2023,2,19977,UA,12953,12266,LGA,IAH,129,1,0,0,128,0,29,8,311.0,0.007751937984496124,0.0,0.2265625,0.0625,2.4296875
2023,2,19977,UA,12953,13930,LGA,ORD,210,4,0,0,206,0,51,15,563.0,0.01904761904761905,0.0,0.24757281553398058,0.07281553398058252,2.733009708737864
2023,2,19977,UA,13204,11292,MCO,DEN,135,1,0,0,134,0,24,5,440.0,0.007407407407407408,0.0,0.1791044776119403,0.03731343283582089,3.283582089552239
2023,2,19977,UA,13204,11618,MCO,EWR,323,0,0,0,323,0,71,21,2544.0,0.0,0.0,0.21981424148606812,0.06501547987616099,7.876160990712075
2023,2,19977,UA,13204,12266,MCO,IAH,168,0,0,0,168,0,17,8,523.0,0.0,0.0,0.10119047619047619,0.047619047619047616,3.113095238095238
2023,2,19977,UA,13204,12892,MCO,LAX,56,0,0,0,56,0,11,0,86.0,0.0,0.0,0.19642857142857142,0.0,1.5357142857142858
2023,2,19977,UA,13204,13930,MCO,ORD,161,1,0,0,160,0,38,9,1117.0,0.006211180124223602,0.0,0.2375,0.05625,6.98125
2023,2,19977,UA,13204,14771,MCO,SFO,56,0,0,0,56,0,4,1,-586.0,0.0,0.0,0.07142857142857142,0.017857142857142856,-10.464285714285714
2023,2,19977,UA,13303,11292,MIA,DEN,56,0,1,0,55,0,14,5,925.0,0.0,0.017857142857142856,0.2545454545454545,0.09090909090909091,16.818181818181817
2023,2,19977,UA,13303,11618,MIA,EWR,210,3,0,0,207,0,55,17,2359.0,0.014285714285714285,0.0,0.26570048309178745,0.0821256038647343,11.396135265700483
2023,2,19977,UA,13303,12266,MIA,IAH,83,0,0,0,83,0,20,6,435.0,0.0,0.0,0.24096385542168675,0.07228915662650602,5.240963855421687
2023,2,19977,UA,13303,13930,MIA,ORD,78,2,0,0,76,0,17,6,819.0,0.02564102564102564,0.0,0.2236842105263158,0.07894736842105263,10.776315789473685
2023,2,19977,UA,13303,14771,MIA,SFO,28,0,0,0,28,0,7,1,889.0,0.0,0.0,0.25,0.03571428571428571,31.75
2023,2,19977,UA,13487,11292,MSP,DEN,102,5,0,0,97,0,15,7,857.0,0.049019607843137254,0.0,0.15463917525773196,0.07216494845360824,8.835051546391753
2023,2,19977,UA,13487,11618,MSP,EWR,41,1,0,0,40,0,6,1,-244.0,0.024390243902439025,0.0,0.15,0.025,-6.1
2023,2,19977,UA,13487,12266,MSP,IAH,56,2,0,0,54,0,12,3,427.0,0.03571428571428571,0.0,0.2222222222222222,0.05555555555555555,7.907407407407407
2023,2,19977,UA,13487,13930,MSP,ORD,149,6,0,0,143,0,33,10,878.0,0.040268456375838924,0.0,0.23076923076923078,0.06993006993006994,6.13986013986014
2023,2,19977,UA,13487,14771,MSP,SFO,28,2,0,0,26,0,3,0,-299.0,0.07142857142857142,0.0,0.11538461538461539,0.0,-11.5
2023,2,19977,UA,13930,10397,ORD,ATL,103,0,0,0,103,0,18,9,246.0,0.0,0.0,0.17475728155339806,0.08737864077669903,2.3883495145631066
2023,2,19977,UA,13930,10721,ORD,BOS,133,2,0,0,131,0,21,3,-680.0,0.015037593984962405,0.0,0.16030534351145037,0.022900763358778626,-5.190839694656488
2023,2,19977,UA,13930,10821,ORD,BWI,80,1,0,0,79,0,10,3,-216.0,0.0125,0.0,0.12658227848101267,0.0379746835443038,-2.7341772151898733
2023,2,19977,UA,13930,11278,ORD,DCA,178,1,0,0,177,0,39,12,487.0,0.0056179775280898875,0.0,0.22033898305084745,0.06779661016949153,2.751412429378531
2023,2,19977,UA,13930,11292,ORD,DEN,224,1,0,0,223,0,59,23,2594.0,0.004464285714285714,0.0,0.2645739910313901,0.1031390134529148,11.632286995515695
2023,2,19977,UA,13930,11298,ORD,DFW,107,4,0,0,103,0,26,10,946.0,0.037383177570093455,0.0,0.2524271844660194,0.0970873786407767,9.184466019417476
2023,2,19977,UA,13930,11433,ORD,DTW,56,1,0,0,55,0,16,3,648.0,0.017857142857142856,0.0,0.2909090909090909,0.05454545454545454,11.781818181818181
2023,2,19977,UA,13930,11618,ORD,EWR,273,0,0,0,273,0,55,12,755.0,0.0,0.0,0.20146520146520147,0.04395604395604396,2.7655677655677655
2023,2,19977,UA,13930,11697,ORD,FLL,86,0,0,0,86,0,12,2,-257.0,0.0,0.0,0.13953488372093023,0.023255813953488372,-2.988372093023256
2023,2,19977,UA,13930,12173,ORD,HNL,28,0,0,0,28,0,4,0,-332.0,0.0,0.0,0.14285714285714285,0.0,-11.857142857142858
2023,2,19977,UA,13930,12266,ORD,IAH,221,0,0,0,221,0,51,18,1587.0,0.0,0.0,0.23076923076923078,0.08144796380090498,7.180995475113122
2023,2,19977,UA,13930,12889,ORD,LAS,137,0,2,0,135,0,42,17,1608.0,0.0,0.014598540145985401,0.3111111111111111,0.1259259259259259,11.911111111111111
2023,2,19977,UA,13930,12892,ORD,LAX,196,0,1,0,195,0,52,20,2307.0,0.0,0.00510204081632653,0.26666666666666666,0.10256410256410256,11.830769230769231
2023,2,19977,UA,13930,12953,ORD,LGA,210,3,0,0,207,0,50,20,611.0,0.014285714285714285,0.0,0.24154589371980675,0.0966183574879227,2.9516908212560384
2023,2,19977,UA,13930,13204,ORD,MCO,160,0,0,0,160,0,39,17,1202.0,0.0,0.0,0.24375,0.10625,7.5125
2023,2,19977,UA,13930,13303,ORD,MIA,78,2,1,0,75,0,21,6,551.0,0.02564102564102564,0.01282051282051282,0.28,0.08,7.346666666666667
2023,2,19977,UA,13930,13487,ORD,MSP,149,7,0,0,142,0,33,11,1021.0,0.04697986577181208,0.0,0.2323943661971831,0.07746478873239436,7.190140845070423
2023,2,19977,UA,13930,14100,ORD,PHL,82,0,0,0,82,0,17,8,-111.0,0.0,0.0,0.2073170731707317,0.0975609756097561,-1.353658536585366
2023,2,19977,UA,13930,14107,ORD,PHX,149,0,0,0,149,0,39,11,808.0,0.0,0.0,0.26174496644295303,0.0738255033557047,5.422818791946309
2023,2,19977,UA,13930,14635,ORD,RSW,104,1,0,0,103,0,16,8,206.0,0.009615384615384616,0.0,0.1553398058252427,0.07766990291262135,2.0
2023,2,19977,UA,13930,14679,ORD,SAN,110,0,0,0,110,0,30,6,374.0,0.0,0.0,0.2727272727272727,0.05454545454545454,3.4
2023,2,19977,UA,13930,14747,ORD,SEA,84,0,0,0,84,0,10,5,-427.0,0.0,0.0,0.11904761904761904,0.05952380952380952,-5.083333333333333
2023,2,19977,UA,13930,14771,ORD,SFO,197,0,0,0,197,0,46,12,1167.0,0.0,0.0,0.233502538071066,0.06091370558375635,5.9238578680203045
2023,2,19977,UA,13930,14869,ORD,SLC,75,1,0,0,74,0,24,7,651.0,0.013333333333333334,0.0,0.32432432432432434,0.0945945945945946,8.797297297297296
2023,2,19977,UA,13930,15016,ORD,STL,28,0,0,0,28,0,8,3,280.0,0.0,0.0,0.2857142857142857,0.10714285714285714,10.0
2023,2,19977,UA,13930,15304,ORD,TPA,98,0,0,0,98,0,17,4,140.0,0.0,0.0,0.17346938775510204,0.04081632653061224,1.4285714285714286
2023,2,19977,UA,14100,11292,PHL,DEN,55,0,1,0,54,0,6,2,80.0,0.0,0.01818181818181818,0.1111111111111111,0.037037037037037035,1.4814814814814814
2023,2,19977,UA,14100,11618,PHL,EWR,5,0,0,0,5,0,0,0,-50.0,0.0,0.0,0.0,0.0,-10.0
2023,2,19977,UA,14100,12266,PHL,IAH,55,0,0,0,55,0,9,3,104.0,0.0,0.0,0.16363636363636364,0.05454545454545454,1.8909090909090909
2023,2,19977,UA,14100,13930,PHL,ORD,84,0,1,0,83,0,10,3,-173.0,0.0,0.011904761904761904,0.12048192771084337,0.03614457831325301,-2.0843373493975905
2023,2,19977,UA,14100,14107,PHL,PHX,2,0,0,0,2,0,0,0,-45.0,0.0,0.0,0.0,0.0,-22.5
2023,2,19977,UA,14100,14771,PHL,SFO,28,0,0,0,28,0,2,0,-413.0,0.0,0.0,0.07142857142857142,0.0,-14.75
2023,2,19977,UA,14107,11292,PHX,DEN,169,0,0,0,169,0,27,7,164.0,0.0,0.0,0.15976331360946747,0.04142011834319527,0.9704142011834319
2023,2,19977,UA,14107,11618,PHX,EWR,114,1,0,0,113,0,24,10,715.0,0.008771929824561403,0.0,0.21238938053097345,0.08849557522123894,6.327433628318584
2023,2,19977,UA,14107,12266,PHX,IAH,141,0,0,0,141,0,21,7,106.0,0.0,0.0,0.14893617021276595,0.04964539007092199,0.75177304964539
2023,2,19977,UA,14107,12892,PHX,LAX,48,0,1,0,47,0,4,1,-367.0,0.0,0.020833333333333332,0.0851063829787234,0.02127659574468085,-7.808510638297872
2023,2,19977,UA,14107,13930,PHX,ORD,148,0,0,0,148,0,13,4,-1736.0,0.0,0.0,0.08783783783783784,0.02702702702702703,-11.72972972972973
2023,2,19977,UA,14107,14100,PHX,PHL,2,0,0,0,2,0,1,1,85.0,0.0,0.0,0.5,0.5,42.5
2023,2,19977,UA,14107,14771,PHX,SFO,83,0,0,0,83,0,13,9,255.0,0.0,0.0,0.1566265060240964,0.10843373493975904,3.072289156626506
2023,2,19977,UA,14635,11292,RSW,DEN,56,0,0,0,56,0,5,1,-60.0,0.0,0.0,0.08928571428571429,0.017857142857142856,-1.0714285714285714
2023,2,19977,UA,14635,11618,RSW,EWR,186,1,0,0,185,0,25,8,-323.0,0.005376344086021506,0.0,0.13513513513513514,0.043243243243243246,-1.7459459459459459
2023,2,19977,UA,14635,12266,RSW,IAH,56,0,0,0,56,0,8,2,-99.0,0.0,0.0,0.14285714285714285,0.03571428571428571,-1.7678571428571428
2023,2,19977,UA,14635,13930,RSW,ORD,103,1,0,0,102,0,6,2,-495.0,0.009708737864077669,0.0,0.058823529411764705,0.0196078431372549,-4.852941176470588
2023,2,19977,UA,14679,11292,SAN,DEN,136,0,0,0,136,0,25,4,-127.0,0.0,0.0,0.18382352941176472,0.029411764705882353,-0.9338235294117647
2023,2,19977,UA,14679,11618,SAN,EWR,84,1,1,0,82,0,20,7,1583.0,0.011904761904761904,0.011904761904761904,0.24390243902439024,0.08536585365853659,19.304878048780488
2023,2,19977,UA,14679,12266,SAN,IAH,112,0,0,0,112,0,13,4,207.0,0.0,0.0,0.11607142857142858,0.03571428571428571,1.8482142857142858
2023,2,19977,UA,14679,13930,SAN,ORD,110,0,0,0,110,0,9,4,-1372.0,0.0,0.0,0.08181818181818182,0.03636363636363636,-12.472727272727273
2023,2,19977,UA,14679,14771,SAN,SFO,102,0,0,0,102,0,18,4,140.0,0.0,0.0,0.17647058823529413,0.0392156862745098,1.3725490196078431
2023,2,19977,UA,14747,11292,SEA,DEN,133,0,0,0,133,0,20,8,114.0,0.0,0.0,0.15037593984962405,0.06015037593984962,0.8571428571428571
2023,2,19977,UA,14747,11618,SEA,EWR,56,1,0,0,55,0,5,1,-772.0,0.017857142857142856,0.0,0.09090909090909091,0.01818181818181818,-14.036363636363637
2023,2,19977,UA,14747,12266,SEA,IAH,75,1,0,0,74,0,5,0,-532.0,0.013333333333333334,0.0,0.06756756756756757,0.0,-7.1891891891891895
2023,2,19977,UA,14747,12892,SEA,LAX,28,0,0,0,28,0,3,1,135.0,0.0,0.0,0.10714285714285714,0.03571428571428571,4.821428571428571
2023,2,19977,UA,14747,13930,SEA,ORD,84,0,1,0,83,0,12,6,-111.0,0.0,0.011904761904761904,0.14457831325301204,0.07228915662650602,-1.3373493975903614
2023,2,19977,UA,14747,14771,SEA,SFO,107,0,0,0,107,0,13,7,-117.0,0.0,0.0,0.12149532710280374,0.06542056074766354,-1.0934579439252337
2023,2,19977,UA,14771,10397,SFO,ATL,28,0,1,0,27,0,8,0,137.0,0.0,0.03571428571428571,0.2962962962962963,0.0,5.074074074074074
2023,2,19977,UA,14771,10721,SFO,BOS,131,1,0,0,130,0,24,7,-6.0,0.007633587786259542,0.0,0.18461538461538463,0.05384615384615385,-0.046153846153846156
2023,2,19977,UA,14771,10821,SFO,BWI,28,0,0,0,28,0,1,0,-373.0,0.0,0.0,0.03571428571428571,0.0,-13.321428571428571
2023,2,19977,UA,14771,11278,SFO,DCA,28,0,0,0,28,0,3,0,-341.0,0.0,0.0,0.10714285714285714,0.0,-12.178571428571429
2023,2,19977,UA,14771,11292,SFO,DEN,224,0,0,0,224,0,46,10,883.0,0.0,0.0,0.20535714285714285,0.044642857142857144,3.9419642857142856
2023,2,19977,UA,14771,11298,SFO,DFW,56,2,0,0,54,0,7,2,-167.0,0.03571428571428571,0.0,0.12962962962962962,0.037037037037037035,-3.0925925925925926
2023,2,19977,UA,14771,11618,SFO,EWR,252,1,1,0,250,0,55,10,445.0,0.003968253968253968,0.003968253968253968,0.22,0.04,1.78
2023,2,19977,UA,14771,11697,SFO,FLL,28,0,0,0,28,0,5,1,62.0,0.0,0.0,0.17857142857142858,0.03571428571428571,2.2142857142857144
2023,2,19977,UA,14771,12173,SFO,HNL,105,0,0,0,105,0,18,11,401.0,0.0,0.0,0.17142857142857143,0.10476190476190476,3.8190476190476192
2023,2,19977,UA,14771,12266,SFO,IAH,219,0,0,0,219,0,52,19,2373.0,0.0,0.0,0.2374429223744292,0.0867579908675799,10.835616438356164
2023,2,19977,UA,14771,12889,SFO,LAS,156,0,1,0,155,0,41,14,1959.0,0.0,0.00641025641025641,0.2645161290322581,0.09032258064516129,12.638709677419355
2023,2,19977,UA,14771,12892,SFO,LAX,165,0,0,0,165,0,22,6,-413.0,0.0,0.0,0.13333333333333333,0.03636363636363636,-2.503030303030303
2023,2,19977,UA,14771,13204,SFO,MCO,56,0,0,0,56,0,7,3,-89.0,0.0,0.0,0.125,0.05357142857142857,-1.5892857142857142
2023,2,19977,UA,14771,13303,SFO,MIA,28,0,0,0,28,0,3,0,-51.0,0.0,0.0,0.10714285714285714,0.0,-1.8214285714285714
2023,2,19977,UA,14771,13487,SFO,MSP,28,2,0,0,26,0,3,0,-236.0,0.07142857142857142,0.0,0.11538461538461539,0.0,-9.076923076923077
2023,2,19977,UA,14771,13930,SFO,ORD,197,1,0,0,196,0,39,12,1559.0,0.005076142131979695,0.0,0.1989795918367347,0.061224489795918366,7.954081632653061
2023,2,19977,UA,14771,14100,SFO,PHL,28,0,0,0,28,0,1,0,-527.0,0.0,0.0,0.03571428571428571,0.0,-18.821428571428573
2023,2,19977,UA,14771,14107,SFO,PHX,85,0,0,0,85,0,15,7,227.0,0.0,0.0,0.17647058823529413,0.08235294117647059,2.6705882352941175
2023,2,19977,UA,14771,14679,SFO,SAN,101,0,0,0,101,0,16,6,191.0,0.0,0.0,0.15841584158415842,0.0594059405940594,1.891089108910891
2023,2,19977,UA,14771,14747,SFO,SEA,107,0,0,0,107,0,19,2,-100.0,0.0,0.0,0.17757009345794392,0.018691588785046728,-0.9345794392523364
2023,2,19977,UA,14771,14869,SFO,SLC,7,0,0,0,7,0,0,0,-52.0,0.0,0.0,0.0,0.0,-7.428571428571429
2023,2,19977,UA,14771,15304,SFO,TPA,56,1,0,0,55,0,2,0,-702.0,0.017857142857142856,0.0,0.03636363636363636,0.0,-12.763636363636364
2023,2,19977,UA,14869,11292,SLC,DEN,75,2,0,0,73,0,19,7,1157.0,0.02666666666666667,0.0,0.2602739726027397,0.0958904109589041,15.849315068493151
2023,2,19977,UA,14869,11618,SLC,EWR,47,1,0,0,46,0,19,9,952.0,0.02127659574468085,0.0,0.41304347826086957,0.1956521739130435,20.695652173913043
2023,2,19977,UA,14869,12266,SLC,IAH,56,0,0,0,56,0,16,9,1177.0,0.0,0.0,0.2857142857142857,0.16071428571428573,21.017857142857142
2023,2,19977,UA,14869,13930,SLC,ORD,75,2,0,0,73,0,16,7,734.0,0.02666666666666667,0.0,0.2191780821917808,0.0958904109589041,10.054794520547945
2023,2,19977,UA,14869,14771,SLC,SFO,7,0,0,0,7,0,1,0,-46.0,0.0,0.0,0.14285714285714285,0.0,-6.571428571428571
2023,2,19977,UA,15016,11292,STL,DEN,37,2,0,0,35,0,8,2,164.0,0.05405405405405406,0.0,0.22857142857142856,0.05714285714285714,4.685714285714286
2023,2,19977,UA,15016,11618,STL,EWR,32,0,1,0,31,0,2,1,21.0,0.0,0.03125,0.06451612903225806,0.03225806451612903,0.6774193548387096
2023,2,19977,UA,15016,12266,STL,IAH,28,0,0,0,28,0,8,1,760.0,0.0,0.0,0.2857142857142857,0.03571428571428571,27.142857142857142
2023,2,19977,UA,15016,13930,STL,ORD,28,0,0,0,28,0,2,1,-170.0,0.0,0.0,0.07142857142857142,0.03571428571428571,-6.071428571428571
2023,2,19977,UA,15304,11292,TPA,DEN,107,1,0,0,106,0,18,7,759.0,0.009345794392523364,0.0,0.16981132075471697,0.0660377358490566,7.160377358490566
2023,2,19977,UA,15304,11618,TPA,EWR,251,2,0,0,249,0,44,18,1390.0,0.00796812749003984,0.0,0.17670682730923695,0.07228915662650602,5.582329317269076
2023,2,19977,UA,15304,12266,TPA,IAH,84,0,0,0,84,0,14,3,-327.0,0.0,0.0,0.16666666666666666,0.03571428571428571,-3.892857142857143
2023,2,19977,UA,15304,12892,TPA,LAX,28,1,0,0,27,0,1,0,-572.0,0.03571428571428571,0.0,0.037037037037037035,0.0,-21.185185185185187
2023,2,19977,UA,15304,13930,TPA,ORD,98,0,1,0,97,0,15,1,-673.0,0.0,0.01020408163265306,0.15463917525773196,0.010309278350515464,-6.938144329896907
2023,2,19977,UA,15304,14771,TPA,SFO,56,1,0,0,55,0,9,3,144.0,0.017857142857142856,0.0,0.16363636363636364,0.05454545454545454,2.618181818181818
2023,2,20304,OO,10397,12266,ATL,IAH,1,0,0,0,1,0,0,0,-1.0,0.0,0.0,0.0,0.0,-1.0
2023,2,20304,OO,10397,13930,ATL,ORD,1,0,0,0,1,0,0,0,-12.0,0.0,0.0,0.0,0.0,-12.0
2023,2,20304,OO,10721,11618,BOS,EWR,24,0,0,0,24,0,10,4,714.0,0.0,0.0,0.4166666666666667,0.16666666666666666,29.75
2023,2,20304,OO,10721,12478,BOS,JFK,28,1,0,0,27,0,8,3,466.0,0.03571428571428571,0.0,0.2962962962962963,0.1111111111111111,17.25925925925926
2023,2,20304,OO,10721,13930,BOS,ORD,58,2,1,0,55,0,20,6,584.0,0.034482758620689655,0.017241379310344827,0.36363636363636365,0.10909090909090909,10.618181818181819
2023,2,20304,OO,11278,13930,DCA,ORD,94,0,0,0,94,0,15,7,461.0,0.0,0.0,0.1595744680851064,0.07446808510638298,4.904255319148936
2023,2,20304,OO,11292,11298,DEN,DFW,16,0,0,0,16,0,5,1,116.0,0.0,0.0,0.3125,0.0625,7.25
2023,2,20304,OO,11292,12892,DEN,LAX,56,0,1,0,55,0,10,0,23.0,0.0,0.017857142857142856,0.18181818181818182,0.0,0.41818181818181815
2023,2,20304,OO,11292,14107,DEN,PHX,28,0,0,0,28,0,10,3,562.0,0.0,0.0,0.35714285714285715,0.10714285714285714,20.071428571428573
2023,2,20304,OO,11292,14869,DEN,SLC,115,3,0,0,112,0,39,9,1480.0,0.02608695652173913,0.0,0.3482142857142857,0.08035714285714286,13.214285714285714
2023,2,20304,OO,11292,15016,DEN,STL,66,1,0,0,65,0,19,8,956.0,0.015151515151515152,0.0,0.2923076923076923,0.12307692307692308,14.707692307692307
2023,2,20304,OO,11298,11292,DFW,DEN,16,0,0,0,16,0,5,2,108.0,0.0,0.0,0.3125,0.125,6.75
2023,2,20304,OO,11433,11618,DTW,EWR,27,0,0,0,27,0,7,4,269.0,0.0,0.0,0.25925925925925924,0.14814814814814814,9.962962962962964
2023,2,20304,OO,11433,12266,DTW,IAH,9,0,0,0,9,0,1,0,-26.0,0.0,0.0,0.1111111111111111,0.0,-2.888888888888889
2023,2,20304,OO,11433,13930,DTW,ORD,57,3,1,0,53,0,6,2,-76.0,0.05263157894736842,0.017543859649122806,0.11320754716981132,0.03773584905660377,-1.4339622641509433
2023,2,20304,OO,11433,15016,DTW,STL,20,1,0,0,19,0,4,2,63.0,0.05,0.0,0.21052631578947367,0.10526315789473684,3.3157894736842106
2023,2,20304,OO,11618,10721,EWR,BOS,24,1,0,0,23,0,4,2,-123.0,0.041666666666666664,0.0,0.17391304347826086,0.08695652173913043,-5.3478260869565215
2023,2,20304,OO,11618,11433,EWR,DTW,27,0,0,0,27,0,7,4,227.0,0.0,0.0,0.25925925925925924,0.14814814814814814,8.407407407407407
2023,2,20304,OO,11618,13487,EWR,MSP,23,1,0,0,22,0,7,4,1447.0,0.043478260869565216,0.0,0.3181818181818182,0.18181818181818182,65.77272727272727
2023,2,20304,OO,12266,10397,IAH,ATL,1,0,0,0,1,0,0,0,-9.0,0.0,0.0,0.0,0.0,-9.0
2023,2,20304,OO,12266,11433,IAH,DTW,9,0,0,0,9,0,1,0,-63.0,0.0,0.0,0.1111111111111111,0.0,-7.0
2023,2,20304,OO,12266,12892,IAH,LAX,28,1,0,0,27,0,5,3,1160.0,0.03571428571428571,0.0,0.18518518518518517,0.1111111111111111,42.96296296296296
2023,2,20304,OO,12266,12953,IAH,LGA,27,1,0,0,26,0,8,2,242.0,0.037037037037037035,0.0,0.3076923076923077,0.07692307692307693,9.307692307692308
2023,2,20304,OO,12266,14869,IAH,SLC,47,0,0,0,47,0,8,1,98.0,0.0,0.0,0.1702127659574468,0.02127659574468085,2.0851063829787235
2023,2,20304,OO,12478,10721,JFK,BOS,28,1,0,0,27,0,9,4,443.0,0.03571428571428571,0.0,0.3333333333333333,0.14814814814814814,16.40740740740741
2023,2,20304,OO,12478,13487,JFK,MSP,46,3,0,0,43,0,12,4,505.0,0.06521739130434782,0.0,0.27906976744186046,0.09302325581395349,11.744186046511627
2023,2,20304,OO,12478,13930,JFK,ORD,103,1,1,0,101,0,30,6,902.0,0.009708737864077669,0.009708737864077669,0.297029702970297,0.0594059405940594,8.930693069306932
2023,2,20304,OO,12889,12892,LAS,LAX,38,1,0,0,37,0,13,6,1020.0,0.02631578947368421,0.0,0.35135135135135137,0.16216216216216217,27.56756756756757
2023,2,20304,OO,12889,14771,LAS,SFO,30,0,0,0,30,0,16,5,1060.0,0.0,0.0,0.5333333333333333,0.16666666666666666,35.333333333333336
2023,2,20304,OO,12892,11292,LAX,DEN,56,0,0,0,56,0,10,3,384.0,0.0,0.0,0.17857142857142858,0.05357142857142857,6.857142857142857
2023,2,20304,OO,12892,12266,LAX,IAH,28,1,1,0,26,0,4,1,17.0,0.03571428571428571,0.03571428571428571,0.15384615384615385,0.038461538461538464,0.6538461538461539
2023,2,20304,OO,12892,12889,LAX,LAS,38,0,0,0,38,0,10,5,1025.0,0.0,0.0,0.2631578947368421,0.13157894736842105,26.973684210526315
2023,2,20304,OO,12892,13796,LAX,OAK,77,0,0,0,77,0,14,5,150.0,0.0,0.0,0.18181818181818182,0.06493506493506493,1.948051948051948
2023,2,20304,OO,12892,14107,LAX,PHX,122,0,0,0,122,0,24,11,847.0,0.0,0.0,0.19672131147540983,0.09016393442622951,6.942622950819672
2023,2,20304,OO,12892,14679,LAX,SAN,84,1,0,0,83,0,14,4,38.0,0.011904761904761904,0.0,0.1686746987951807,0.04819277108433735,0.4578313253012048
2023,2,20304,OO,12892,14747,LAX,SEA,72,1,0,0,71,0,6,1,-524.0,0.013888888888888888,0.0,0.08450704225352113,0.014084507042253521,-7.380281690140845
2023,2,20304,OO,12892,14771,LAX,SFO,241,2,0,0,239,0,52,22,2421.0,0.008298755186721992,0.0,0.2175732217573222,0.09205020920502092,10.129707112970712
2023,2,20304,OO,12892,14869,LAX,SLC,58,0,0,0,58,0,12,7,752.0,0.0,0.0,0.20689655172413793,0.1206896551724138,12.96551724137931
2023,2,20304,OO,12953,12266,LGA,IAH,26,1,1,0,24,0,6,1,105.0,0.038461538461538464,0.038461538461538464,0.25,0.041666666666666664,4.375
2023,2,20304,OO,12953,13930,LGA,ORD,79,2,0,0,77,0,21,7,1681.0,0.02531645569620253,0.0,0.2727272727272727,0.09090909090909091,21.83116883116883
2023,2,20304,OO,13487,11618,MSP,EWR,23,0,0,0,23,0,8,3,345.0,0.0,0.0,0.34782608695652173,0.13043478260869565,15.0
2023,2,20304,OO,13487,12478,MSP,JFK,46,3,0,0,43,0,12,5,690.0,0.06521739130434782,0.0,0.27906976744186046,0.11627906976744186,16.046511627906977
2023,2,20304,OO,13487,13930,MSP,ORD,5,0,0,0,5,0,0,0,-52.0,0.0,0.0,0.0,0.0,-10.4
2023,2,20304,OO,13487,15016,MSP,STL,1,0,0,0,1,0,0,0,-4.0,0.0,0.0,0.0,0.0,-4.0
2023,2,20304,OO,13796,12892,OAK,LAX,77,0,0,0,77,0,9,4,23.0,0.0,0.0,0.11688311688311688,0.05194805194805195,0.2987012987012987
2023,2,20304,OO,13796,14747,OAK,SEA,13,0,0,0,13,0,1,1,27.0,0.0,0.0,0.07692307692307693,0.07692307692307693,2.076923076923077
2023,2,20304,OO,13796,14869,OAK,SLC,22,0,0,0,22,0,3,1,5.0,0.0,0.0,0.13636363636363635,0.045454545454545456,0.22727272727272727
2023,2,20304,OO,13930,10397,ORD,ATL,1,0,0,0,1,0,0,0,-5.0,0.0,0.0,0.0,0.0,-5.0
2023,2,20304,OO,13930,10721,ORD,BOS,58,1,1,0,56,0,13,3,212.0,0.017241379310344827,0.017241379310344827,0.23214285714285715,0.05357142857142857,3.7857142857142856
2023,2,20304,OO,13930,11278,ORD,DCA,94,1,0,0,93,0,22,8,107.0,0.010638297872340425,0.0,0.23655913978494625,0.08602150537634409,1.1505376344086022
2023,2,20304,OO,13930,11433,ORD,DTW,56,3,0,0,53,0,11,5,375.0,0.05357142857142857,0.0,0.20754716981132076,0.09433962264150944,7.0754716981132075
2023,2,20304,OO,13930,12478,ORD,JFK,102,1,0,0,101,0,29,5,777.0,0.00980392156862745,0.0,0.2871287128712871,0.04950495049504951,7.693069306930693
2023,2,20304,OO,13930,12953,ORD,LGA,79,2,0,0,77,0,24,4,1190.0,0.02531645569620253,0.0,0.3116883116883117,0.05194805194805195,15.454545454545455
2023,2,20304,OO,13930,13487,ORD,MSP,5,0,0,0,5,0,0,0,10.0,0.0,0.0,0.0,0.0,2.0
2023,2,20304,OO,13930,14869,ORD,SLC,34,0,0,0,34,0,11,1,98.0,0.0,0.0,0.3235294117647059,0.029411764705882353,2.8823529411764706
2023,2,20304,OO,13930,15016,ORD,STL,28,1,0,0,27,0,3,3,156.0,0.03571428571428571,0.0,0.1111111111111111,0.1111111111111111,5.777777777777778
2023,2,20304,OO,14107,11292,PHX,DEN,28,0,0,0,28,0,0,0,-283.0,0.0,0.0,0.0,0.0,-10.107142857142858
2023,2,20304,OO,14107,12892,PHX,LAX,122,0,1,0,121,0,25,10,882.0,0.0,0.00819672131147541,0.2066115702479339,0.08264462809917356,7.289256198347108
2023,2,20304,OO,14107,14747,PHX,SEA,4,0,0,0,4,0,1,0,5.0,0.0,0.0,0.25,0.0,1.25
2023,2,20304,OO,14107,14771,PHX,SFO,36,0,0,0,36,0,10,3,534.0,0.0,0.0,0.2777777777777778,0.08333333333333333,14.833333333333334
2023,2,20304,OO,14107,14869,PHX,SLC,6,0,0,0,6,0,0,0,-68.0,0.0,0.0,0.0,0.0,-11.333333333333334
2023,2,20304,OO,14679,12892,SAN,LAX,84,1,0,0,83,0,10,5,265.0,0.011904761904761904,0.0,0.12048192771084337,0.060240963855421686,3.1927710843373496
2023,2,20304,OO,14679,14747,SAN,SEA,7,0,0,0,7,0,1,0,28.0,0.0,0.0,0.14285714285714285,0.0,4.0
2023,2,20304,OO,14679,14771,SAN,SFO,188,0,0,0,188,0,52,14,2494.0,0.0,0.0,0.2765957446808511,0.07446808510638298,13.26595744680851
2023,2,20304,OO,14679,14869,SAN,SLC,12,0,0,0,12,0,3,0,48.0,0.0,0.0,0.25,0.0,4.0
2023,2,20304,OO,14747,12892,SEA,LAX,72,1,0,0,71,0,8,1,-111.0,0.013888888888888888,0.0,0.11267605633802817,0.014084507042253521,-1.5633802816901408
2023,2,20304,OO,14747,13796,SEA,OAK,19,1,0,0,18,0,5,1,115.0,0.05263157894736842,0.0,0.2777777777777778,0.05555555555555555,6.388888888888889
2023,2,20304,OO,14747,14107,SEA,PHX,4,0,0,0,4,0,1,1,91.0,0.0,0.0,0.25,0.25,22.75
2023,2,20304,OO,14747,14679,SEA,SAN,6,0,0,0,6,0,1,0,-16.0,0.0,0.0,0.16666666666666666,0.0,-2.6666666666666665
2023,2,20304,OO,14747,14771,SEA,SFO,53,1,0,0,52,0,12,4,-34.0,0.018867924528301886,0.0,0.23076923076923078,0.07692307692307693,-0.6538461538461539
2023,2,20304,OO,14747,14869,SEA,SLC,37,0,0,0,37,0,6,0,65.0,0.0,0.0,0.16216216216216217,0.0,1.7567567567567568
2023,2,20304,OO,14771,12889,SFO,LAS,30,0,0,0,30,0,13,7,981.0,0.0,0.0,0.43333333333333335,0.23333333333333334,32.7
2023,2,20304,OO,14771,12892,SFO,LAX,241,2,0,0,239,0,46,18,1708.0,0.008298755186721992,0.0,0.19246861924686193,0.07531380753138076,7.146443514644352
2023,2,20304,OO,14771,14107,SFO,PHX,36,0,0,0,36,0,9,2,443.0,0.0,0.0,0.25,0.05555555555555555,12.305555555555555
2023,2,20304,OO,14771,14679,SFO,SAN,188,0,0,0,188,0,40,8,1303.0,0.0,0.0,0.2127659574468085,0.0425531914893617,6.930851063829787
2023,2,20304,OO,14771,14747,SFO,SEA,53,1,0,0,52,0,7,3,-49.0,0.018867924528301886,0.0,0.1346153846153846,0.057692307692307696,-0.9423076923076923
2023,2,20304,OO,14771,14869,SFO,SLC,161,1,0,0,160,0,34,13,1383.0,0.006211180124223602,0.0,0.2125,0.08125,8.64375
2023,2,20304,OO,14869,11292,SLC,DEN,115,2,0,0,113,0,24,7,1357.0,0.017391304347826087,0.0,0.21238938053097345,0.061946902654867256,12.008849557522124
2023,2,20304,OO,14869,12266,SLC,IAH,47,0,0,0,47,0,6,4,729.0,0.0,0.0,0.1276595744680851,0.0851063829787234,15.51063829787234
2023,2,20304,OO,14869,12892,SLC,LAX,58,0,1,0,57,0,9,4,-95.0,0.0,0.017241379310344827,0.15789473684210525,0.07017543859649122,-1.6666666666666667
2023,2,20304,OO,14869,13796,SLC,OAK,22,0,0,0,22,0,4,1,165.0,0.0,0.0,0.18181818181818182,0.045454545454545456,7.5
2023,2,20304,OO,14869,13930,SLC,ORD,35,0,0,0,35,0,7,3,404.0,0.0,0.0,0.2,0.08571428571428572,11.542857142857143
2023,2,20304,OO,14869,14107,SLC,PHX,6,0,0,0,6,0,0,0,-44.0,0.0,0.0,0.0,0.0,-7.333333333333333
2023,2,20304,OO,14869,14679,SLC,SAN,12,0,0,0,12,0,4,1,75.0,0.0,0.0,0.3333333333333333,0.08333333333333333,6.25
2023,2,20304,OO,14869,14747,SLC,SEA,37,0,0,0,37,0,5,0,-189.0,0.0,0.0,0.13513513513513514,0.0,-5.108108108108108
2023,2,20304,OO,14869,14771,SLC,SFO,160,1,0,0,159,0,32,12,726.0,0.00625,0.0,0.20125786163522014,0.07547169811320754,4.566037735849057
2023,2,20304,OO,15016,11292,STL,DEN,65,0,0,0,65,0,15,6,532.0,0.0,0.0,0.23076923076923078,0.09230769230769231,8.184615384615384
2023,2,20304,OO,15016,11433,STL,DTW,20,1,0,0,19,0,3,1,-62.0,0.05,0.0,0.15789473684210525,0.05263157894736842,-3.263157894736842
2023,2,20304,OO,15016,13487,STL,MSP,1,0,0,0,1,0,0,0,0.0,0.0,0.0,0.0,0.0,0.0
2023,2,20304,OO,15016,13930,STL,ORD,28,1,0,0,27,0,7,3,431.0,0.03571428571428571,0.0,0.25925925925925924,0.1111111111111111,15.962962962962964
2023,2,20363,9E,10821,12478,BWI,JFK,56,0,0,0,56,0,10,1,-252.0,0.0,0.0,0.17857142857142858,0.017857142857142856,-4.5
2023,2,20363,9E,11433,11618,DTW,EWR,2,0,0,0,2,0,0,0,-53.0,0.0,0.0,0.0,0.0,-26.5
2023,2,20363,9E,11433,12478,DTW,JFK,84,1,0,0,83,0,12,3,-280.0,0.011904761904761904,0.0,0.14457831325301204,0.03614457831325301,-3.3734939759036147
2023,2,20363,9E,11433,13232,DTW,MDW,76,2,0,0,74,0,4,2,-1021.0,0.02631578947368421,0.0,0.05405405405405406,0.02702702702702703,-13.797297297297296
2023,2,20363,9E,11618,11433,EWR,DTW,2,0,0,0,2,0,0,0,-37.0,0.0,0.0,0.0,0.0,-18.5
2023,2,20363,9E,11618,13487,EWR,MSP,5,0,0,0,5,0,2,1,50.0,0.0,0.0,0.4,0.2,10.0
2023,2,20363,9E,12478,10821,JFK,BWI,56,0,0,0,56,0,5,3,-244.0,0.0,0.0,0.08928571428571429,0.05357142857142857,-4.357142857142857
2023,2,20363,9E,12478,11433,JFK,DTW,84,1,0,0,83,0,12,5,-410.0,0.011904761904761904,0.0,0.14457831325301204,0.060240963855421686,-4.9397590361445785
2023,2,20363,9E,12478,13487,JFK,MSP,38,2,0,0,36,0,5,2,-249.0,0.05263157894736842,0.0,0.1388888888888889,0.05555555555555555,-6.916666666666667
2023,2,20363,9E,12953,15016,LGA,STL,17,0,0,0,17,0,3,2,119.0,0.0,0.0,0.17647058823529413,0.11764705882352941,7.0
2023,2,20363,9E,13232,11433,MDW,DTW,76,2,0,0,74,0,5,3,-1066.0,0.02631578947368421,0.0,0.06756756756756757,0.04054054054054054,-14.405405405405405
2023,2,20363,9E,13232,13487,MDW,MSP,74,6,0,0,68,0,1,0,-2305.0,0.08108108108108109,0.0,0.014705882352941176,0.0,-33.89705882352941
2023,2,20363,9E,13487,11618,MSP,EWR,5,0,0,0,5,0,1,0,-41.0,0.0,0.0,0.2,0.0,-8.2
2023,2,20363,9E,13487,12478,MSP,JFK,38,2,0,0,36,0,6,2,138.0,0.05263157894736842,0.0,0.16666666666666666,0.05555555555555555,3.8333333333333335
2023,2,20363,9E,13487,13232,MSP,MDW,74,6,0,0,68,0,3,2,-879.0,0.08108108108108109,0.0,0.04411764705882353,0.029411764705882353,-12.926470588235293
2023,2,20363,9E,13487,15016,MSP,STL,3,0,0,0,3,0,0,0,-30.0,0.0,0.0,0.0,0.0,-10.0
2023,2,20363,9E,15016,12953,STL,LGA,17,1,0,0,16,0,5,3,256.0,0.058823529411764705,0.0,0.3125,0.1875,16.0
2023,2,20363,9E,15016,13487,STL,MSP,3,0,0,0,3,0,0,0,-45.0,0.0,0.0,0.0,0.0,-15.0
2023,2,20368,G4,12889,14679,LAS,SAN,4,0,0,0,4,0,3,1,161.0,0.0,0.0,0.75,0.25,40.25
2023,2,20368,G4,14679,12889,SAN,LAS,4,0,0,0,4,0,4,1,169.0,0.0,0.0,1.0,0.25,42.25
2023,2,20397,OH,10397,11278,ATL,DCA,13,0,0,0,13,0,1,1,-75.0,0.0,0.0,0.07692307692307693,0.07692307692307693,-5.769230769230769
2023,2,20397,OH,10397,14100,ATL,PHL,54,0,0,0,54,0,5,0,-623.0,0.0,0.0,0.09259259259259259,0.0,-11.537037037037036
2023,2,20397,OH,11278,10397,DCA,ATL,12,0,0,0,12,0,6,2,207.0,0.0,0.0,0.5,0.16666666666666666,17.25
2023,2,20397,OH,11278,11433,DCA,DTW,58,1,0,0,57,0,15,5,474.0,0.017241379310344827,0.0,0.2631578947368421,0.08771929824561403,8.31578947368421
2023,2,20397,OH,11278,13487,DCA,MSP,46,2,0,0,44,0,10,1,-150.0,0.043478260869565216,0.0,0.22727272727272727,0.022727272727272728,-3.409090909090909
2023,2,20397,OH,11278,14100,DCA,PHL,54,0,0,0,54,0,5,4,-41.0,0.0,0.0,0.09259259259259259,0.07407407407407407,-0.7592592592592593
2023,2,20397,OH,11278,15016,DCA,STL,10,0,0,0,10,0,2,0,-61.0,0.0,0.0,0.2,0.0,-6.1
2023,2,20397,OH,11433,11278,DTW,DCA,59,2,0,0,57,0,10,4,340.0,0.03389830508474576,0.0,0.17543859649122806,0.07017543859649122,5.964912280701754
2023,2,20397,OH,11433,14100,DTW,PHL,56,1,0,0,55,0,4,1,-760.0,0.017857142857142856,0.0,0.07272727272727272,0.01818181818181818,-13.818181818181818
2023,2,20397,OH,13487,11278,MSP,DCA,46,2,1,0,43,0,13,2,1463.0,0.043478260869565216,0.021739130434782608,0.3023255813953488,0.046511627906976744,34.02325581395349
2023,2,20397,OH,13487,14100,MSP,PHL,28,1,0,0,27,0,5,2,110.0,0.03571428571428571,0.0,0.18518518518518517,0.07407407407407407,4.074074074074074
2023,2,20397,OH,14100,10397,PHL,ATL,54,0,0,0,54,0,5,1,-465.0,0.0,0.0,0.09259259259259259,0.018518518518518517,-8.61111111111111
2023,2,20397,OH,14100,11278,PHL,DCA,54,0,0,0,54,0,9,4,189.0,0.0,0.0,0.16666666666666666,0.07407407407407407,3.5
2023,2,20397,OH,14100,11433,PHL,DTW,56,1,0,0,55,0,4,0,-400.0,0.017857142857142856,0.0,0.07272727272727272,0.0,-7.2727272727272725
2023,2,20397,OH,14100,13487,PHL,MSP,28,1,0,0,27,0,6,1,39.0,0.03571428571428571,0.0,0.2222222222222222,0.037037037037037035,1.4444444444444444
2023,2,20397,OH,14100,14635,PHL,RSW,4,0,0,0,4,0,0,0,-90.0,0.0,0.0,0.0,0.0,-22.5
2023,2,20397,OH,14100,15016,PHL,STL,26,0,0,0,26,0,4,0,-139.0,0.0,0.0,0.15384615384615385,0.0,-5.346153846153846
2023,2,20397,OH,14635,14100,RSW,PHL,4,0,0,0,4,0,0,0,-59.0,0.0,0.0,0.0,0.0,-14.75
2023,2,20397,OH,15016,11278,STL,DCA,10,0,0,0,10,0,1,0,-156.0,0.0,0.0,0.1,0.0,-15.6
2023,2,20397,OH,15016,14100,STL,PHL,25,0,0,0,25,0,2,1,21.0,0.0,0.0,0.08,0.04,0.84
2023,2,20398,MQ,10397,11278,ATL,DCA,4,0,0,0,4,0,0,0,-34.0,0.0,0.0,0.0,0.0,-8.5
2023,2,20398,MQ,10397,13303,ATL,MIA,2,0,0,0,2,0,0,0,-32.0,0.0,0.0,0.0,0.0,-16.0
2023,2,20398,MQ,10397,13930,ATL,ORD,27,1,0,0,26,0,5,2,90.0,0.037037037037037035,0.0,0.19230769230769232,0.07692307692307693,3.4615384615384617
2023,2,20398,MQ,10721,13930,BOS,ORD,54,1,0,0,53,0,11,2,-178.0,0.018518518518518517,0.0,0.20754716981132076,0.03773584905660377,-3.358490566037736
2023,2,20398,MQ,10821,13930,BWI,ORD,30,1,0,0,29,0,5,2,-39.0,0.03333333333333333,0.0,0.1724137931034483,0.06896551724137931,-1.3448275862068966
2023,2,20398,MQ,11278,10397,DCA,ATL,4,0,0,0,4,0,0,0,12.0,0.0,0.0,0.0,0.0,3.0
2023,2,20398,MQ,11433,13930,DTW,ORD,2,0,0,0,2,0,1,0,10.0,0.0,0.0,0.5,0.0,5.0
2023,2,20398,MQ,11618,13930,EWR,ORD,30,0,0,0,30,0,7,3,262.0,0.0,0.0,0.23333333333333334,0.1,8.733333333333333
2023,2,20398,MQ,12266,13303,IAH,MIA,7,0,0,0,7,0,1,0,-9.0,0.0,0.0,0.14285714285714285,0.0,-1.2857142857142858
2023,2,20398,MQ,12266,13930,IAH,ORD,2,0,0,0,2,0,0,0,-13.0,0.0,0.0,0.0,0.0,-6.5
2023,2,20398,MQ,13303,10397,MIA,ATL,2,0,0,0,2,0,0,0,-30.0,0.0,0.0,0.0,0.0,-15.0
2023,2,20398,MQ,13303,12266,MIA,IAH,7,0,0,0,7,0,1,0,20.0,0.0,0.0,0.14285714285714285,0.0,2.857142857142857
2023,2,20398,MQ,13303,15016,MIA,STL,26,0,0,0,26,0,5,0,-20.0,0.0,0.0,0.19230769230769232,0.0,-0.7692307692307693
2023,2,20398,MQ,13303,15304,MIA,TPA,51,0,0,0,51,0,3,0,-293.0,0.0,0.0,0.058823529411764705,0.0,-5.745098039215686
2023,2,20398,MQ,13487,13930,MSP,ORD,3,0,0,0,3,0,0,0,-26.0,0.0,0.0,0.0,0.0,-8.666666666666666
2023,2,20398,MQ,13930,10397,ORD,ATL,27,1,0,0,26,0,4,2,95.0,0.037037037037037035,0.0,0.15384615384615385,0.07692307692307693,3.6538461538461537
2023,2,20398,MQ,13930,10721,ORD,BOS,54,1,0,0,53,0,6,1,-271.0,0.018518518518518517,0.0,0.11320754716981132,0.018867924528301886,-5.113207547169812
2023,2,20398,MQ,13930,10821,ORD,BWI,29,1,0,0,28,0,5,1,5.0,0.034482758620689655,0.0,0.17857142857142858,0.03571428571428571,0.17857142857142858
2023,2,20398,MQ,13930,11433,ORD,DTW,2,0,0,0,2,0,0,0,-30.0,0.0,0.0,0.0,0.0,-15.0
2023,2,20398,MQ,13930,11618,ORD,EWR,30,0,0,0,30,0,4,3,-63.0,0.0,0.0,0.13333333333333333,0.1,-2.1
2023,2,20398,MQ,13930,12266,ORD,IAH,1,0,0,0,1,0,1,0,15.0,0.0,0.0,1.0,0.0,15.0
2023,2,20398,MQ,13930,13487,ORD,MSP,3,0,0,0,3,0,1,0,8.0,0.0,0.0,0.3333333333333333,0.0,2.6666666666666665
2023,2,20398,MQ,13930,15016,ORD,STL,77,0,0,0,77,0,15,2,-69.0,0.0,0.0,0.19480519480519481,0.025974025974025976,-0.8961038961038961
2023,2,20398,MQ,15016,13303,STL,MIA,26,0,0,0,26,0,6,1,230.0,0.0,0.0,0.23076923076923078,0.038461538461538464,8.846153846153847
2023,2,20398,MQ,15016,13930,STL,ORD,77,0,0,0,77,0,15,3,274.0,0.0,0.0,0.19480519480519481,0.03896103896103896,3.5584415584415585
2023,2,20398,MQ,15304,13303,TPA,MIA,51,0,0,0,51,0,9,5,356.0,0.0,0.0,0.17647058823529413,0.09803921568627451,6.980392156862745
2023,2,20409,B6,10397,10721,ATL,BOS,76,0,0,0,76,0,26,16,2118.0,0.0,0.0,0.34210526315789475,0.21052631578947367,27.86842105263158
2023,2,20409,B6,10397,11697,ATL,FLL,28,0,0,0,28,0,4,3,31.0,0.0,0.0,0.14285714285714285,0.10714285714285714,1.1071428571428572
2023,2,20409,B6,10397,12478,ATL,JFK,126,0,0,0,126,0,42,14,1742.0,0.0,0.0,0.3333333333333333,0.1111111111111111,13.825396825396826
2023,2,20409,B6,10721,10397,BOS,ATL,77,0,0,0,77,0,23,13,1922.0,0.0,0.0,0.2987012987012987,0.16883116883116883,24.961038961038962
2023,2,20409,B6,10721,10821,BOS,BWI,80,2,0,0,78,0,23,8,852.0,0.025,0.0,0.2948717948717949,0.10256410256410256,10.923076923076923
2023,2,20409,B6,10721,11278,BOS,DCA,422,12,0,0,410,0,81,17,-974.0,0.02843601895734597,0.0,0.1975609756097561,0.041463414634146344,-2.375609756097561
2023,2,20409,B6,10721,11292,BOS,DEN,28,0,0,0,28,0,7,7,505.0,0.0,0.0,0.25,0.25,18.035714285714285
2023,2,20409,B6,10721,11298,BOS,DFW,28,1,0,0,27,0,9,3,406.0,0.03571428571428571,0.0,0.3333333333333333,0.1111111111111111,15.037037037037036
2023,2,20409,B6,10721,11433,BOS,DTW,80,4,0,0,76,0,29,7,1225.0,0.05,0.0,0.3815789473684211,0.09210526315789473,16.11842105263158
2023,2,20409,B6,10721,11618,BOS,EWR,56,3,0,0,53,0,14,5,91.0,0.05357142857142857,0.0,0.2641509433962264,0.09433962264150944,1.7169811320754718
2023,2,20409,B6,10721,11697,BOS,FLL,142,2,1,0,139,0,44,19,2541.0,0.014084507042253521,0.007042253521126761,0.31654676258992803,0.1366906474820144,18.280575539568346
2023,2,20409,B6,10721,12266,BOS,IAH,28,0,0,0,28,0,12,5,949.0,0.0,0.0,0.42857142857142855,0.17857142857142858,33.892857142857146
2023,2,20409,B6,10721,12478,BOS,JFK,265,5,0,0,260,0,84,37,5984.0,0.018867924528301886,0.0,0.3230769230769231,0.1423076923076923,23.015384615384615
2023,2,20409,B6,10721,12889,BOS,LAS,56,2,5,0,49,0,14,6,537.0,0.03571428571428571,0.08928571428571429,0.2857142857142857,0.12244897959183673,10.959183673469388
2023,2,20409,B6,10721,12892,BOS,LAX,112,0,3,0,109,0,33,15,627.0,0.0,0.026785714285714284,0.30275229357798167,0.13761467889908258,5.752293577981652
2023,2,20409,B6,10721,12953,BOS,LGA,340,26,0,0,314,0,69,36,1729.0,0.07647058823529412,0.0,0.2197452229299363,0.11464968152866242,5.506369426751593
2023,2,20409,B6,10721,13204,BOS,MCO,192,2,1,0,189,0,60,29,3522.0,0.010416666666666666,0.005208333333333333,0.31746031746031744,0.15343915343915343,18.634920634920636
2023,2,20409,B6,10721,13303,BOS,MIA,28,0,0,0,28,0,6,2,-46.0,0.0,0.0,0.21428571428571427,0.07142857142857142,-1.6428571428571428
2023,2,20409,B6,10721,13487,BOS,MSP,28,1,0,0,27,0,4,2,-10.0,0.03571428571428571,0.0,0.14814814814814814,0.07407407407407407,-0.37037037037037035
2023,2,20409,B6,10721,13930,BOS,ORD,28,0,0,0,28,0,11,3,159.0,0.0,0.0,0.39285714285714285,0.10714285714285714,5.678571428571429
2023,2,20409,B6,10721,14100,BOS,PHL,101,2,0,0,99,0,24,8,790.0,0.019801980198019802,0.0,0.24242424242424243,0.08080808080808081,7.97979797979798
2023,2,20409,B6,10721,14107,BOS,PHX,28,2,2,0,24,0,12,5,764.0,0.07142857142857142,0.07142857142857142,0.5,0.20833333333333334,31.833333333333332
2023,2,20409,B6,10721,14635,BOS,RSW,121,3,1,0,117,0,37,18,1723.0,0.024793388429752067,0.008264462809917356,0.3162393162393162,0.15384615384615385,14.726495726495726
2023,2,20409,B6,10721,14679,BOS,SAN,56,0,4,0,52,0,14,5,-52.0,0.0,0.07142857142857142,0.2692307692307692,0.09615384615384616,-1.0
2023,2,20409,B6,10721,14747,BOS,SEA,28,0,0,0,28,0,10,7,874.0,0.0,0.0,0.35714285714285715,0.25,31.214285714285715
2023,2,20409,B6,10721,14771,BOS,SFO,120,3,0,0,117,0,40,18,1372.0,0.025,0.0,0.3418803418803419,0.15384615384615385,11.726495726495726
2023,2,20409,B6,10721,14869,BOS,SLC,27,0,3,0,24,0,14,7,1189.0,0.0,0.1111111111111111,0.5833333333333334,0.2916666666666667,49.541666666666664
2023,2,20409,B6,10721,15304,BOS,TPA,134,1,0,0,133,0,43,17,1716.0,0.007462686567164179,0.0,0.3233082706766917,0.12781954887218044,12.902255639097744
2023,2,20409,B6,10821,10721,BWI,BOS,80,2,0,0,78,0,14,6,251.0,0.025,0.0,0.1794871794871795,0.07692307692307693,3.217948717948718
2023,2,20409,B6,11278,10721,DCA,BOS,422,12,1,0,409,0,70,22,-373.0,0.02843601895734597,0.002369668246445498,0.17114914425427874,0.05378973105134474,-0.9119804400977995
2023,2,20409,B6,11278,11697,DCA,FLL,140,0,1,0,139,0,23,5,-560.0,0.0,0.007142857142857143,0.16546762589928057,0.03597122302158273,-4.028776978417266
2023,2,20409,B6,11278,13204,DCA,MCO,112,1,0,0,111,0,21,7,343.0,0.008928571428571428,0.0,0.1891891891891892,0.06306306306306306,3.09009009009009
2023,2,20409,B6,11278,14635,DCA,RSW,28,0,0,0,28,0,7,4,123.0,0.0,0.0,0.25,0.14285714285714285,4.392857142857143
2023,2,20409,B6,11292,10721,DEN,BOS,28,1,0,0,27,0,8,5,322.0,0.03571428571428571,0.0,0.2962962962962963,0.18518518518518517,11.925925925925926
2023,2,20409,B6,11292,12478,DEN,JFK,56,1,0,0,55,0,15,8,701.0,0.017857142857142856,0.0,0.2727272727272727,0.14545454545454545,12.745454545454546
2023,2,20409,B6,11292,12953,DEN,LGA,54,0,0,0,54,0,19,8,965.0,0.0,0.0,0.35185185185185186,0.14814814814814814,17.87037037037037
2023,2,20409,B6,11298,10721,DFW,BOS,28,1,0,0,27,0,10,5,605.0,0.03571428571428571,0.0,0.37037037037037035,0.18518518518518517,22.40740740740741
2023,2,20409,B6,11298,12478,DFW,JFK,28,0,0,0,28,0,4,2,101.0,0.0,0.0,0.14285714285714285,0.07142857142857142,3.607142857142857
2023,2,20409,B6,11433,10721,DTW,BOS,80,3,0,0,77,0,23,5,886.0,0.0375,0.0,0.2987012987012987,0.06493506493506493,11.506493506493506
2023,2,20409,B6,11433,12478,DTW,JFK,84,4,0,0,80,0,30,11,1336.0,0.047619047619047616,0.0,0.375,0.1375,16.7
2023,2,20409,B6,11618,10721,EWR,BOS,56,3,0,0,53,0,12,5,68.0,0.05357142857142857,0.0,0.22641509433962265,0.09433962264150944,1.2830188679245282
2023,2,20409,B6,11618,11697,EWR,FLL,124,1,1,0,122,0,25,10,-52.0,0.008064516129032258,0.008064516129032258,0.20491803278688525,0.08196721311475409,-0.4262295081967213
2023,2,20409,B6,11618,12892,EWR,LAX,100,1,2,0,97,0,25,6,-145.0,0.01,0.02,0.25773195876288657,0.061855670103092786,-1.4948453608247423
2023,2,20409,B6,11618,13204,EWR,MCO,129,2,0,0,127,0,26,12,104.0,0.015503875968992248,0.0,0.2047244094488189,0.09448818897637795,0.8188976377952756
2023,2,20409,B6,11618,13303,EWR,MIA,28,0,0,0,28,0,4,1,-402.0,0.0,0.0,0.14285714285714285,0.03571428571428571,-14.357142857142858
2023,2,20409,B6,11618,14635,EWR,RSW,28,0,0,0,28,0,8,4,388.0,0.0,0.0,0.2857142857142857,0.14285714285714285,13.857142857142858
2023,2,20409,B6,11618,15304,EWR,TPA,28,0,0,0,28,0,6,2,123.0,0.0,0.0,0.21428571428571427,0.07142857142857142,4.392857142857143
2023,2,20409,B6,11697,10397,FLL,ATL,28,0,0,0,28,0,11,6,483.0,0.0,0.0,0.39285714285714285,0.21428571428571427,17.25
2023,2,20409,B6,11697,10721,FLL,BOS,141,3,0,0,138,0,37,19,2856.0,0.02127659574468085,0.0,0.26811594202898553,0.13768115942028986,20.695652173913043
2023,2,20409,B6,11697,11278,FLL,DCA,140,0,0,0,140,0,42,8,1514.0,0.0,0.0,0.3,0.05714285714285714,10.814285714285715
2023,2,20409,B6,11697,11618,FLL,EWR,123,1,0,0,122,0,30,8,553.0,0.008130081300813009,0.0,0.2459016393442623,0.06557377049180328,4.532786885245901
2023,2,20409,B6,11697,12478,FLL,JFK,221,2,0,0,219,0,54,25,2778.0,0.00904977375565611,0.0,0.2465753424657534,0.1141552511415525,12.684931506849315
2023,2,20409,B6,11697,12889,FLL,LAS,28,0,0,0,28,0,9,1,69.0,0.0,0.0,0.32142857142857145,0.03571428571428571,2.4642857142857144
2023,2,20409,B6,11697,12892,FLL,LAX,84,0,1,0,83,0,25,9,883.0,0.0,0.011904761904761904,0.30120481927710846,0.10843373493975904,10.63855421686747
2023,2,20409,B6,11697,12953,FLL,LGA,177,1,0,0,176,0,45,14,1274.0,0.005649717514124294,0.0,0.2556818181818182,0.07954545454545454,7.238636363636363
2023,2,20409,B6,11697,14679,FLL,SAN,13,0,0,0,13,0,4,1,91.0,0.0,0.0,0.3076923076923077,0.07692307692307693,7.0
2023,2,20409,B6,11697,14771,FLL,SFO,56,0,0,0,56,0,11,4,545.0,0.0,0.0,0.19642857142857142,0.07142857142857142,9.732142857142858
2023,2,20409,B6,11697,14869,FLL,SLC,23,0,0,0,23,0,8,3,268.0,0.0,0.0,0.34782608695652173,0.13043478260869565,11.652173913043478
2023,2,20409,B6,12266,10721,IAH,BOS,28,0,0,0,28,0,11,6,829.0,0.0,0.0,0.39285714285714285,0.21428571428571427,29.607142857142858
2023,2,20409,B6,12266,12478,IAH,JFK,37,0,0,0,37,0,11,1,274.0,0.0,0.0,0.2972972972972973,0.02702702702702703,7.405405405405405
2023,2,20409,B6,12478,10397,JFK,ATL,126,0,0,0,126,0,43,15,1691.0,0.0,0.0,0.3412698412698413,0.11904761904761904,13.420634920634921
2023,2,20409,B6,12478,10721,JFK,BOS,267,6,1,0,260,0,97,37,5740.0,0.02247191011235955,0.003745318352059925,0.3730769230769231,0.1423076923076923,22.076923076923077
2023,2,20409,B6,12478,11292,JFK,DEN,56,1,0,0,55,0,19,10,1038.0,0.017857142857142856,0.0,0.34545454545454546,0.18181818181818182,18.87272727272727
2023,2,20409,B6,12478,11298,JFK,DFW,28,0,0,0,28,0,15,5,871.0,0.0,0.0,0.5357142857142857,0.17857142857142858,31.107142857142858
2023,2,20409,B6,12478,11433,JFK,DTW,84,2,0,0,82,0,31,12,1892.0,0.023809523809523808,0.0,0.3780487804878049,0.14634146341463414,23.073170731707318
2023,2,20409,B6,12478,11697,JFK,FLL,223,4,0,0,219,0,63,27,1797.0,0.017937219730941704,0.0,0.2876712328767123,0.1232876712328767,8.205479452054794
2023,2,20409,B6,12478,12266,JFK,IAH,37,0,0,0,37,0,9,4,135.0,0.0,0.0,0.24324324324324326,0.10810810810810811,3.6486486486486487
2023,2,20409,B6,12478,12889,JFK,LAS,99,1,4,0,94,0,33,16,1833.0,0.010101010101010102,0.04040404040404041,0.35106382978723405,0.1702127659574468,19.5
2023,2,20409,B6,12478,12892,JFK,LAX,283,1,3,0,279,0,78,22,330.0,0.0035335689045936395,0.01060070671378092,0.27956989247311825,0.07885304659498207,1.1827956989247312
2023,2,20409,B6,12478,13204,JFK,MCO,240,4,0,0,236,0,75,31,2242.0,0.016666666666666666,0.0,0.3177966101694915,0.13135593220338984,9.5
2023,2,20409,B6,12478,13303,JFK,MIA,125,2,0,0,123,0,25,12,-146.0,0.016,0.0,0.2032520325203252,0.0975609756097561,-1.1869918699186992
2023,2,20409,B6,12478,13487,JFK,MSP,41,2,0,0,39,0,13,2,333.0,0.04878048780487805,0.0,0.3333333333333333,0.05128205128205128,8.538461538461538
2023,2,20409,B6,12478,13930,JFK,ORD,58,0,0,0,58,0,13,3,257.0,0.0,0.0,0.22413793103448276,0.05172413793103448,4.431034482758621
2023,2,20409,B6,12478,14107,JFK,PHX,42,0,0,0,42,0,15,6,464.0,0.0,0.0,0.35714285714285715,0.14285714285714285,11.047619047619047
2023,2,20409,B6,12478,14635,JFK,RSW,70,1,0,0,69,0,16,5,-323.0,0.014285714285714285,0.0,0.2318840579710145,0.07246376811594203,-4.681159420289855
2023,2,20409,B6,12478,14679,JFK,SAN,69,1,3,0,65,0,23,7,710.0,0.014492753623188406,0.043478260869565216,0.35384615384615387,0.1076923076923077,10.923076923076923
2023,2,20409,B6,12478,14747,JFK,SEA,28,0,0,0,28,0,8,2,334.0,0.0,0.0,0.2857142857142857,0.07142857142857142,11.928571428571429
2023,2,20409,B6,12478,14771,JFK,SFO,155,2,0,0,153,0,46,21,1470.0,0.012903225806451613,0.0,0.3006535947712418,0.13725490196078433,9.607843137254902
2023,2,20409,B6,12478,14869,JFK,SLC,56,0,2,0,54,0,24,9,1246.0,0.0,0.03571428571428571,0.4444444444444444,0.16666666666666666,23.074074074074073
2023,2,20409,B6,12478,15304,JFK,TPA,110,1,0,0,109,0,22,10,456.0,0.00909090909090909,0.0,0.2018348623853211,0.09174311926605505,4.18348623853211
2023,2,20409,B6,12889,10721,LAS,BOS,56,2,1,0,53,0,19,13,1416.0,0.03571428571428571,0.017857142857142856,0.3584905660377358,0.24528301886792453,26.71698113207547
2023,2,20409,B6,12889,11697,LAS,FLL,28,0,0,0,28,0,15,3,527.0,0.0,0.0,0.5357142857142857,0.10714285714285714,18.821428571428573
2023,2,20409,B6,12889,12478,LAS,JFK,99,1,0,0,98,0,36,18,4443.0,0.010101010101010102,0.0,0.3673469387755102,0.1836734693877551,45.33673469387755
2023,2,20409,B6,12889,12892,LAS,LAX,56,2,0,0,54,0,22,10,1442.0,0.03571428571428571,0.0,0.4074074074074074,0.18518518518518517,26.703703703703702
2023,2,20409,B6,12892,10721,LAX,BOS,112,0,0,0,112,0,14,7,-1343.0,0.0,0.0,0.125,0.0625,-11.991071428571429
2023,2,20409,B6,12892,11618,LAX,EWR,100,1,0,0,99,0,15,6,-1474.0,0.01,0.0,0.15151515151515152,0.06060606060606061,-14.88888888888889
2023,2,20409,B6,12892,11697,LAX,FLL,84,0,0,0,84,0,21,8,856.0,0.0,0.0,0.25,0.09523809523809523,10.19047619047619
2023,2,20409,B6,12892,12478,LAX,JFK,282,1,0,0,281,0,35,13,-3110.0,0.0035460992907801418,0.0,0.12455516014234876,0.046263345195729534,-11.067615658362989
2023,2,20409,B6,12892,12889,LAX,LAS,56,2,0,0,54,0,20,7,1397.0,0.03571428571428571,0.0,0.37037037037037035,0.12962962962962962,25.87037037037037
2023,2,20409,B6,12892,13204,LAX,MCO,10,1,0,0,9,0,5,1,243.0,0.1,0.0,0.5555555555555556,0.1111111111111111,27.0
2023,2,20409,B6,12892,13303,LAX,MIA,56,1,0,0,55,0,13,2,835.0,0.017857142857142856,0.0,0.23636363636363636,0.03636363636363636,15.181818181818182
2023,2,20409,B6,12892,14771,LAX,SFO,54,1,0,0,53,0,13,7,854.0,0.018518518518518517,0.0,0.24528301886792453,0.1320754716981132,16.11320754716981
2023,2,20409,B6,12892,14869,LAX,SLC,53,0,0,0,53,0,8,4,785.0,0.0,0.0,0.1509433962264151,0.07547169811320754,14.81132075471698
2023,2,20409,B6,12953,10721,LGA,BOS,340,25,0,0,315,0,85,36,3833.0,0.07352941176470588,0.0,0.2698412698412698,0.11428571428571428,12.168253968253968
2023,2,20409,B6,12953,11292,LGA,DEN,54,0,1,0,53,0,14,5,233.0,0.0,0.018518518518518517,0.2641509433962264,0.09433962264150944,4.39622641509434
2023,2,20409,B6,12953,11697,LGA,FLL,177,1,0,0,176,0,45,20,688.0,0.005649717514124294,0.0,0.2556818181818182,0.11363636363636363,3.909090909090909
2023,2,20409,B6,12953,13204,LGA,MCO,175,1,0,0,174,0,45,12,649.0,0.005714285714285714,0.0,0.25862068965517243,0.06896551724137931,3.7298850574712645
2023,2,20409,B6,12953,14635,LGA,RSW,41,0,0,0,41,0,6,1,-588.0,0.0,0.0,0.14634146341463414,0.024390243902439025,-14.341463414634147
2023,2,20409,B6,12953,15304,LGA,TPA,80,1,0,0,79,0,18,12,1116.0,0.0125,0.0,0.22784810126582278,0.1518987341772152,14.126582278481013
2023,2,20409,B6,13204,10721,MCO,BOS,194,5,0,0,189,0,65,34,5006.0,0.02577319587628866,0.0,0.3439153439153439,0.17989417989417988,26.486772486772487
2023,2,20409,B6,13204,11278,MCO,DCA,112,1,0,0,111,0,22,9,627.0,0.008928571428571428,0.0,0.1981981981981982,0.08108108108108109,5.648648648648648
2023,2,20409,B6,13204,11618,MCO,EWR,129,2,1,0,126,0,37,13,1573.0,0.015503875968992248,0.007751937984496124,0.29365079365079366,0.10317460317460317,12.484126984126984
2023,2,20409,B6,13204,12478,MCO,JFK,240,3,0,0,237,0,66,24,3321.0,0.0125,0.0,0.27848101265822783,0.10126582278481013,14.012658227848101
2023,2,20409,B6,13204,12892,MCO,LAX,10,0,0,0,10,0,1,0,-25.0,0.0,0.0,0.1,0.0,-2.5
2023,2,20409,B6,13204,12953,MCO,LGA,175,2,0,0,173,0,53,23,2520.0,0.011428571428571429,0.0,0.3063583815028902,0.1329479768786127,14.566473988439306
2023,2,20409,B6,13204,14869,MCO,SLC,20,0,0,0,20,0,7,2,147.0,0.0,0.0,0.35,0.1,7.35
2023,2,20409,B6,13303,10721,MIA,BOS,28,0,0,0,28,0,5,3,0.0,0.0,0.0,0.17857142857142858,0.10714285714285714,0.0
2023,2,20409,B6,13303,11618,MIA,EWR,28,0,0,0,28,0,8,2,134.0,0.0,0.0,0.2857142857142857,0.07142857142857142,4.785714285714286
2023,2,20409,B6,13303,12478,MIA,JFK,125,1,0,0,124,0,27,11,1157.0,0.008,0.0,0.21774193548387097,0.08870967741935484,9.330645161290322
2023,2,20409,B6,13303,12892,MIA,LAX,56,1,0,0,55,0,16,5,956.0,0.017857142857142856,0.0,0.2909090909090909,0.09090909090909091,17.381818181818183
2023,2,20409,B6,13487,10721,MSP,BOS,28,1,0,0,27,0,5,3,-168.0,0.03571428571428571,0.0,0.18518518518518517,0.1111111111111111,-6.222222222222222
2023,2,20409,B6,13487,12478,MSP,JFK,41,2,0,0,39,0,10,2,-102.0,0.04878048780487805,0.0,0.2564102564102564,0.05128205128205128,-2.6153846153846154
2023,2,20409,B6,13930,10721,ORD,BOS,28,0,0,0,28,0,9,3,260.0,0.0,0.0,0.32142857142857145,0.10714285714285714,9.285714285714286
2023,2,20409,B6,13930,12478,ORD,JFK,59,2,0,0,57,0,12,5,235.0,0.03389830508474576,0.0,0.21052631578947367,0.08771929824561403,4.12280701754386
2023,2,20409,B6,14100,10721,PHL,BOS,101,3,0,0,98,0,14,4,75.0,0.0297029702970297,0.0,0.14285714285714285,0.04081632653061224,0.7653061224489796
2023,2,20409,B6,14107,10721,PHX,BOS,28,2,0,0,26,0,11,8,1683.0,0.07142857142857142,0.0,0.4230769230769231,0.3076923076923077,64.73076923076923
2023,2,20409,B6,14107,12478,PHX,JFK,43,0,0,0,43,0,11,4,412.0,0.0,0.0,0.2558139534883721,0.09302325581395349,9.581395348837209
2023,2,20409,B6,14635,10721,RSW,BOS,120,3,0,0,117,0,28,16,1478.0,0.025,0.0,0.23931623931623933,0.13675213675213677,12.632478632478632
2023,2,20409,B6,14635,11278,RSW,DCA,28,1,0,0,27,0,10,5,793.0,0.03571428571428571,0.0,0.37037037037037035,0.18518518518518517,29.37037037037037
2023,2,20409,B6,14635,11618,RSW,EWR,28,0,0,0,28,0,8,5,517.0,0.0,0.0,0.2857142857142857,0.17857142857142858,18.464285714285715
2023,2,20409,B6,14635,12478,RSW,JFK,69,1,0,0,68,0,12,4,56.0,0.014492753623188406,0.0,0.17647058823529413,0.058823529411764705,0.8235294117647058
2023,2,20409,B6,14635,12953,RSW,LGA,41,1,0,0,40,0,7,3,-337.0,0.024390243902439025,0.0,0.175,0.075,-8.425
2023,2,20409,B6,14679,10721,SAN,BOS,56,0,0,0,56,0,16,5,1612.0,0.0,0.0,0.2857142857142857,0.08928571428571429,28.785714285714285
2023,2,20409,B6,14679,11697,SAN,FLL,13,0,0,0,13,0,6,2,265.0,0.0,0.0,0.46153846153846156,0.15384615384615385,20.384615384615383
2023,2,20409,B6,14679,12478,SAN,JFK,69,1,1,0,67,0,20,7,938.0,0.014492753623188406,0.014492753623188406,0.29850746268656714,0.1044776119402985,14.0
2023,2,20409,B6,14747,10721,SEA,BOS,28,1,0,0,27,0,12,7,1615.0,0.03571428571428571,0.0,0.4444444444444444,0.25925925925925924,59.81481481481482
2023,2,20409,B6,14747,12478,SEA,JFK,28,0,0,0,28,0,5,3,175.0,0.0,0.0,0.17857142857142858,0.10714285714285714,6.25
2023,2,20409,B6,14771,10721,SFO,BOS,120,3,0,0,117,0,13,6,-608.0,0.025,0.0,0.1111111111111111,0.05128205128205128,-5.196581196581197
2023,2,20409,B6,14771,11697,SFO,FLL,56,1,0,0,55,0,19,6,870.0,0.017857142857142856,0.0,0.34545454545454546,0.10909090909090909,15.818181818181818
2023,2,20409,B6,14771,12478,SFO,JFK,156,1,0,0,155,0,19,4,-1013.0,0.00641025641025641,0.0,0.12258064516129032,0.025806451612903226,-6.535483870967742
2023,2,20409,B6,14771,12892,SFO,LAX,54,1,1,0,52,0,20,8,1966.0,0.018518518518518517,0.018518518518518517,0.38461538461538464,0.15384615384615385,37.80769230769231
2023,2,20409,B6,14869,10721,SLC,BOS,27,1,0,0,26,0,16,10,3106.0,0.037037037037037035,0.0,0.6153846153846154,0.38461538461538464,119.46153846153847
2023,2,20409,B6,14869,11697,SLC,FLL,23,0,0,0,23,0,11,6,1590.0,0.0,0.0,0.4782608695652174,0.2608695652173913,69.1304347826087
2023,2,20409,B6,14869,12478,SLC,JFK,56,0,0,0,56,0,29,12,3047.0,0.0,0.0,0.5178571428571429,0.21428571428571427,54.410714285714285
2023,2,20409,B6,14869,12892,SLC,LAX,53,1,0,0,52,0,9,5,394.0,0.018867924528301886,0.0,0.17307692307692307,0.09615384615384616,7.576923076923077
2023,2,20409,B6,14869,13204,SLC,MCO,20,0,0,0,20,0,7,2,638.0,0.0,0.0,0.35,0.1,31.9
2023,2,20409,B6,15304,10721,TPA,BOS,134,1,0,0,133,0,37,18,1584.0,0.007462686567164179,0.0,0.2781954887218045,0.13533834586466165,11.909774436090226
2023,2,20409,B6,15304,11618,TPA,EWR,28,0,0,0,28,0,2,2,-162.0,0.0,0.0,0.07142857142857142,0.07142857142857142,-5.785714285714286
2023,2,20409,B6,15304,12478,TPA,JFK,110,1,0,0,109,0,21,6,768.0,0.00909090909090909,0.0,0.1926605504587156,0.05504587155963303,7.045871559633028
2023,2,20409,B6,15304,12953,TPA,LGA,80,0,0,0,80,0,12,3,-676.0,0.0,0.0,0.15,0.0375,-8.45
2023,2,20416,NK,10397,10721,ATL,BOS,35,0,0,0,35,0,8,3,765.0,0.0,0.0,0.22857142857142856,0.08571428571428572,21.857142857142858
2023,2,20416,NK,10397,10821,ATL,BWI,63,0,0,0,63,0,12,6,606.0,0.0,0.0,0.19047619047619047,0.09523809523809523,9.619047619047619
2023,2,20416,NK,10397,11298,ATL,DFW,56,3,0,0,53,0,12,2,520.0,0.05357142857142857,0.0,0.22641509433962265,0.03773584905660377,9.81132075471698
2023,2,20416,NK,10397,11433,ATL,DTW,112,3,0,0,109,0,11,7,355.0,0.026785714285714284,0.0,0.10091743119266056,0.06422018348623854,3.256880733944954
2023,2,20416,NK,10397,11618,ATL,EWR,56,0,0,0,56,0,26,11,1541.0,0.0,0.0,0.4642857142857143,0.19642857142857142,27.517857142857142
2023,2,20416,NK,10397,11697,ATL,FLL,161,0,0,0,161,0,31,10,1883.0,0.0,0.0,0.19254658385093168,0.062111801242236024,11.695652173913043
2023,2,20416,NK,10397,12266,ATL,IAH,56,0,0,0,56,0,10,5,509.0,0.0,0.0,0.17857142857142858,0.08928571428571429,9.089285714285714
2023,2,20416,NK,10397,12889,ATL,LAS,56,1,0,0,55,0,12,3,674.0,0.017857142857142856,0.0,0.21818181818181817,0.05454545454545454,12.254545454545454
2023,2,20416,NK,10397,12892,ATL,LAX,54,0,0,0,54,0,11,0,-102.0,0.0,0.0,0.2037037037037037,0.0,-1.8888888888888888
2023,2,20416,NK,10397,13204,ATL,MCO,107,0,0,0,107,0,20,7,406.0,0.0,0.0,0.18691588785046728,0.06542056074766354,3.794392523364486
2023,2,20416,NK,10397,13303,ATL,MIA,56,0,0,0,56,0,11,2,527.0,0.0,0.0,0.19642857142857142,0.03571428571428571,9.410714285714286
2023,2,20416,NK,10397,13487,ATL,MSP,56,3,0,0,53,0,2,0,-440.0,0.05357142857142857,0.0,0.03773584905660377,0.0,-8.30188679245283
2023,2,20416,NK,10397,13930,ATL,ORD,91,0,1,0,90,0,9,5,705.0,0.0,0.01098901098901099,0.1,0.05555555555555555,7.833333333333333
2023,2,20416,NK,10397,14100,ATL,PHL,57,0,0,0,57,0,9,7,285.0,0.0,0.0,0.15789473684210525,0.12280701754385964,5.0
2023,2,20416,NK,10397,15304,ATL,TPA,56,0,0,0,56,0,6,2,-193.0,0.0,0.0,0.10714285714285714,0.03571428571428571,-3.4464285714285716
2023,2,20416,NK,10721,10397,BOS,ATL,35,0,0,0,35,0,9,3,1167.0,0.0,0.0,0.2571428571428571,0.08571428571428572,33.34285714285714
2023,2,20416,NK,10721,11697,BOS,FLL,76,2,0,0,74,0,40,15,2813.0,0.02631578947368421,0.0,0.5405405405405406,0.20270270270270271,38.013513513513516
2023,2,20416,NK,10721,13204,BOS,MCO,125,4,0,0,121,0,50,23,3679.0,0.032,0.0,0.4132231404958678,0.19008264462809918,30.40495867768595
2023,2,20416,NK,10721,13303,BOS,MIA,28,1,0,0,27,0,10,3,350.0,0.03571428571428571,0.0,0.37037037037037035,0.1111111111111111,12.962962962962964
2023,2,20416,NK,10721,14635,BOS,RSW,28,0,0,0,28,0,8,3,702.0,0.0,0.0,0.2857142857142857,0.10714285714285714,25.071428571428573
2023,2,20416,NK,10721,15304,BOS,TPA,49,1,0,0,48,0,17,8,1940.0,0.02040816326530612,0.0,0.3541666666666667,0.16666666666666666,40.416666666666664
2023,2,20416,NK,10821,10397,BWI,ATL,63,0,0,0,63,0,5,5,502.0,0.0,0.0,0.07936507936507936,0.07936507936507936,7.968253968253968
2023,2,20416,NK,10821,11298,BWI,DFW,28,0,0,0,28,0,5,2,1007.0,0.0,0.0,0.17857142857142858,0.07142857142857142,35.964285714285715
2023,2,20416,NK,10821,11433,BWI,DTW,7,0,0,0,7,0,2,0,69.0,0.0,0.0,0.2857142857142857,0.0,9.857142857142858
2023,2,20416,NK,10821,11697,BWI,FLL,56,0,0,0,56,0,11,4,827.0,0.0,0.0,0.19642857142857142,0.07142857142857142,14.767857142857142
2023,2,20416,NK,10821,12266,BWI,IAH,29,0,0,0,29,0,7,0,-56.0,0.0,0.0,0.2413793103448276,0.0,-1.9310344827586208
2023,2,20416,NK,10821,12889,BWI,LAS,28,0,1,0,27,0,10,2,520.0,0.0,0.03571428571428571,0.37037037037037035,0.07407407407407407,19.25925925925926
2023,2,20416,NK,10821,12892,BWI,LAX,28,0,0,0,28,0,9,2,215.0,0.0,0.0,0.32142857142857145,0.07142857142857142,7.678571428571429
2023,2,20416,NK,10821,13204,BWI,MCO,83,0,0,0,83,0,19,5,697.0,0.0,0.0,0.2289156626506024,0.060240963855421686,8.397590361445783
2023,2,20416,NK,10821,13303,BWI,MIA,27,0,0,0,27,0,7,3,411.0,0.0,0.0,0.25925925925925924,0.1111111111111111,15.222222222222221
2023,2,20416,NK,10821,15304,BWI,TPA,28,0,0,0,28,0,5,3,49.0,0.0,0.0,0.17857142857142858,0.10714285714285714,1.75
2023,2,20416,NK,11292,11697,DEN,FLL,34,1,0,0,33,0,7,6,749.0,0.029411764705882353,0.0,0.21212121212121213,0.18181818181818182,22.696969696969695
2023,2,20416,NK,11292,12266,DEN,IAH,28,0,0,0,28,0,9,4,569.0,0.0,0.0,0.32142857142857145,0.14285714285714285,20.321428571428573
2023,2,20416,NK,11292,12889,DEN,LAS,77,0,0,0,77,0,28,14,1425.0,0.0,0.0,0.36363636363636365,0.18181818181818182,18.506493506493506
2023,2,20416,NK,11292,12892,DEN,LAX,28,1,0,0,27,0,9,6,605.0,0.03571428571428571,0.0,0.3333333333333333,0.2222222222222222,22.40740740740741
2023,2,20416,NK,11292,13303,DEN,MIA,28,1,0,0,27,0,4,3,-40.0,0.03571428571428571,0.0,0.14814814814814814,0.1111111111111111,-1.4814814814814814
2023,2,20416,NK,11298,10397,DFW,ATL,55,3,0,0,52,0,12,3,299.0,0.05454545454545454,0.0,0.23076923076923078,0.057692307692307696,5.75
2023,2,20416,NK,11298,10821,DFW,BWI,27,1,0,0,26,0,7,2,245.0,0.037037037037037035,0.0,0.2692307692307692,0.07692307692307693,9.423076923076923
2023,2,20416,NK,11298,11433,DFW,DTW,28,2,0,0,26,0,7,2,988.0,0.07142857142857142,0.0,0.2692307692307692,0.07692307692307693,38.0
2023,2,20416,NK,11298,11697,DFW,FLL,58,3,0,0,55,0,11,5,640.0,0.05172413793103448,0.0,0.2,0.09090909090909091,11.636363636363637
2023,2,20416,NK,11298,12889,DFW,LAS,112,4,0,0,108,0,33,12,2435.0,0.03571428571428571,0.0,0.3055555555555556,0.1111111111111111,22.546296296296298
2023,2,20416,NK,11298,12892,DFW,LAX,83,5,0,0,78,0,16,5,143.0,0.060240963855421686,0.0,0.20512820512820512,0.0641025641025641,1.8333333333333333
2023,2,20416,NK,11298,12953,DFW,LGA,24,1,0,0,23,0,3,2,-110.0,0.041666666666666664,0.0,0.13043478260869565,0.08695652173913043,-4.782608695652174
2023,2,20416,NK,11298,13204,DFW,MCO,91,4,0,0,87,0,26,9,1492.0,0.04395604395604396,0.0,0.2988505747126437,0.10344827586206896,17.149425287356323
2023,2,20416,NK,11298,13303,DFW,MIA,28,2,0,0,26,0,10,2,663.0,0.07142857142857142,0.0,0.38461538461538464,0.07692307692307693,25.5
2023,2,20416,NK,11298,13930,DFW,ORD,48,0,0,0,48,0,12,5,209.0,0.0,0.0,0.25,0.10416666666666667,4.354166666666667
2023,2,20416,NK,11298,14100,DFW,PHL,27,2,0,0,25,0,6,1,145.0,0.07407407407407407,0.0,0.24,0.04,5.8
2023,2,20416,NK,11298,14107,DFW,PHX,30,0,0,0,30,0,6,4,298.0,0.0,0.0,0.2,0.13333333333333333,9.933333333333334
2023,2,20416,NK,11298,15304,DFW,TPA,16,2,0,0,14,0,2,1,40.0,0.125,0.0,0.14285714285714285,0.07142857142857142,2.857142857142857
2023,2,20416,NK,11433,10397,DTW,ATL,113,3,0,0,110,0,20,8,326.0,0.02654867256637168,0.0,0.18181818181818182,0.07272727272727272,2.963636363636364
2023,2,20416,NK,11433,10821,DTW,BWI,7,0,0,0,7,0,2,0,3.0,0.0,0.0,0.2857142857142857,0.0,0.42857142857142855
2023,2,20416,NK,11433,11298,DTW,DFW,28,1,0,0,27,0,8,3,173.0,0.03571428571428571,0.0,0.2962962962962963,0.1111111111111111,6.407407407407407
2023,2,20416,NK,11433,11697,DTW,FLL,97,1,0,0,96,0,17,5,705.0,0.010309278350515464,0.0,0.17708333333333334,0.052083333333333336,7.34375
2023,2,20416,NK,11433,12266,DTW,IAH,28,0,0,0,28,0,7,4,254.0,0.0,0.0,0.25,0.14285714285714285,9.071428571428571
2023,2,20416,NK,11433,12889,DTW,LAS,84,2,0,0,82,0,17,7,131.0,0.023809523809523808,0.0,0.2073170731707317,0.08536585365853659,1.5975609756097562
2023,2,20416,NK,11433,12892,DTW,LAX,56,2,2,0,52,0,10,4,-245.0,0.03571428571428571,0.03571428571428571,0.19230769230769232,0.07692307692307693,-4.711538461538462
2023,2,20416,NK,11433,12953,DTW,LGA,80,1,1,0,78,0,21,8,503.0,0.0125,0.0125,0.2692307692307692,0.10256410256410256,6.448717948717949
2023,2,20416,NK,11433,13204,DTW,MCO,135,1,0,0,134,0,27,8,226.0,0.007407407407407408,0.0,0.20149253731343283,0.05970149253731343,1.6865671641791045
2023,2,20416,NK,11433,13303,DTW,MIA,28,1,0,0,27,0,7,1,13.0,0.03571428571428571,0.0,0.25925925925925924,0.037037037037037035,0.48148148148148145
2023,2,20416,NK,11433,13487,DTW,MSP,31,2,0,0,29,0,3,0,-338.0,0.06451612903225806,0.0,0.10344827586206896,0.0,-11.655172413793103
2023,2,20416,NK,11433,14100,DTW,PHL,27,0,0,0,27,0,4,0,-229.0,0.0,0.0,0.14814814814814814,0.0,-8.481481481481481
2023,2,20416,NK,11433,14107,DTW,PHX,31,0,0,0,31,0,15,3,392.0,0.0,0.0,0.4838709677419355,0.0967741935483871,12.64516129032258
2023,2,20416,NK,11433,14635,DTW,RSW,77,1,0,0,76,0,12,2,-464.0,0.012987012987012988,0.0,0.15789473684210525,0.02631578947368421,-6.105263157894737
2023,2,20416,NK,11433,15304,DTW,TPA,77,0,0,0,77,0,19,7,536.0,0.0,0.0,0.24675324675324675,0.09090909090909091,6.961038961038961
2023,2,20416,NK,11618,10397,EWR,ATL,56,0,0,0,56,0,16,6,592.0,0.0,0.0,0.2857142857142857,0.10714285714285714,10.571428571428571
2023,2,20416,NK,11618,11697,EWR,FLL,133,0,0,0,133,0,33,11,252.0,0.0,0.0,0.24812030075187969,0.08270676691729323,1.894736842105263
2023,2,20416,NK,11618,12266,EWR,IAH,28,0,0,0,28,0,9,3,572.0,0.0,0.0,0.32142857142857145,0.10714285714285714,20.428571428571427
2023,2,20416,NK,11618,12889,EWR,LAS,30,1,0,0,29,0,13,6,646.0,0.03333333333333333,0.0,0.4482758620689655,0.20689655172413793,22.275862068965516
2023,2,20416,NK,11618,12892,EWR,LAX,28,1,1,0,26,0,11,5,767.0,0.03571428571428571,0.03571428571428571,0.4230769230769231,0.19230769230769232,29.5
2023,2,20416,NK,11618,13204,EWR,MCO,132,0,0,0,132,0,28,13,1253.0,0.0,0.0,0.21212121212121213,0.09848484848484848,9.492424242424242
2023,2,20416,NK,11618,13303,EWR,MIA,56,0,0,0,56,0,12,6,302.0,0.0,0.0,0.21428571428571427,0.10714285714285714,5.392857142857143
2023,2,20416,NK,11697,10397,FLL,ATL,161,0,0,0,161,0,31,12,1184.0,0.0,0.0,0.19254658385093168,0.07453416149068323,7.354037267080745
2023,2,20416,NK,11697,10721,FLL,BOS,77,2,0,0,75,0,23,10,1322.0,0.025974025974025976,0.0,0.30666666666666664,0.13333333333333333,17.626666666666665
2023,2,20416,NK,11697,10821,FLL,BWI,56,0,0,0,56,0,18,7,929.0,0.0,0.0,0.32142857142857145,0.125,16.589285714285715
2023,2,20416,NK,11697,11292,FLL,DEN,34,0,0,0,34,0,10,2,291.0,0.0,0.0,0.29411764705882354,0.058823529411764705,8.558823529411764
2023,2,20416,NK,11697,11298,FLL,DFW,56,1,0,0,55,0,14,2,241.0,0.017857142857142856,0.0,0.2545454545454545,0.03636363636363636,4.381818181818182
2023,2,20416,NK,11697,11433,FLL,DTW,99,1,0,0,98,0,30,14,1627.0,0.010101010101010102,0.0,0.30612244897959184,0.14285714285714285,16.602040816326532
2023,2,20416,NK,11697,11618,FLL,EWR,132,0,0,0,132,0,35,13,1955.0,0.0,0.0,0.26515151515151514,0.09848484848484848,14.81060606060606
2023,2,20416,NK,11697,12266,FLL,IAH,63,0,0,0,63,0,11,2,-150.0,0.0,0.0,0.1746031746031746,0.031746031746031744,-2.380952380952381
2023,2,20416,NK,11697,12889,FLL,LAS,29,1,0,0,28,0,5,1,-112.0,0.034482758620689655,0.0,0.17857142857142858,0.03571428571428571,-4.0
2023,2,20416,NK,11697,12892,FLL,LAX,28,0,0,0,28,0,11,3,482.0,0.0,0.0,0.39285714285714285,0.10714285714285714,17.214285714285715
2023,2,20416,NK,11697,12953,FLL,LGA,111,0,0,0,111,0,35,17,2098.0,0.0,0.0,0.3153153153153153,0.15315315315315314,18.9009009009009
2023,2,20416,NK,11697,13204,FLL,MCO,57,0,0,0,57,0,12,4,409.0,0.0,0.0,0.21052631578947367,0.07017543859649122,7.175438596491228
2023,2,20416,NK,11697,13930,FLL,ORD,84,0,0,0,84,0,24,8,950.0,0.0,0.0,0.2857142857142857,0.09523809523809523,11.30952380952381
2023,2,20416,NK,11697,14100,FLL,PHL,84,0,0,0,84,0,21,5,782.0,0.0,0.0,0.25,0.05952380952380952,9.30952380952381
2023,2,20416,NK,11697,14107,FLL,PHX,29,0,0,0,29,0,11,4,675.0,0.0,0.0,0.3793103448275862,0.13793103448275862,23.275862068965516
2023,2,20416,NK,11697,15304,FLL,TPA,56,0,0,0,56,0,11,3,197.0,0.0,0.0,0.19642857142857142,0.05357142857142857,3.517857142857143
2023,2,20416,NK,12266,10397,IAH,ATL,56,0,0,0,56,0,18,6,638.0,0.0,0.0,0.32142857142857145,0.10714285714285714,11.392857142857142
2023,2,20416,NK,12266,10821,IAH,BWI,28,0,0,0,28,0,5,0,-188.0,0.0,0.0,0.17857142857142858,0.0,-6.714285714285714
2023,2,20416,NK,12266,11292,IAH,DEN,28,1,0,0,27,0,11,7,980.0,0.03571428571428571,0.0,0.4074074074074074,0.25925925925925924,36.2962962962963
2023,2,20416,NK,12266,11433,IAH,DTW,29,1,0,0,28,0,8,3,194.0,0.034482758620689655,0.0,0.2857142857142857,0.10714285714285714,6.928571428571429
2023,2,20416,NK,12266,11618,IAH,EWR,27,0,0,0,27,0,4,2,12.0,0.0,0.0,0.14814814814814814,0.07407407407407407,0.4444444444444444
2023,2,20416,NK,12266,11697,IAH,FLL,63,0,0,0,63,0,13,3,460.0,0.0,0.0,0.20634920634920634,0.047619047619047616,7.301587301587301
2023,2,20416,NK,12266,12889,IAH,LAS,88,0,0,0,88,0,16,6,636.0,0.0,0.0,0.18181818181818182,0.06818181818181818,7.2272727272727275
2023,2,20416,NK,12266,12892,IAH,LAX,84,1,0,0,83,0,19,5,546.0,0.011904761904761904,0.0,0.2289156626506024,0.060240963855421686,6.578313253012048
2023,2,20416,NK,12266,12953,IAH,LGA,28,0,0,0,28,0,7,2,207.0,0.0,0.0,0.25,0.07142857142857142,7.392857142857143
2023,2,20416,NK,12266,13204,IAH,MCO,64,0,0,0,64,0,14,7,390.0,0.0,0.0,0.21875,0.109375,6.09375
2023,2,20416,NK,12266,13303,IAH,MIA,28,0,0,0,28,0,5,1,36.0,0.0,0.0,0.17857142857142858,0.03571428571428571,1.2857142857142858
2023,2,20416,NK,12266,13930,IAH,ORD,28,0,0,0,28,0,5,3,103.0,0.0,0.0,0.17857142857142858,0.10714285714285714,3.6785714285714284
2023,2,20416,NK,12266,15304,IAH,TPA,19,0,0,0,19,0,6,1,126.0,0.0,0.0,0.3157894736842105,0.05263157894736842,6.631578947368421
2023,2,20416,NK,12889,10397,LAS,ATL,56,1,0,0,55,0,16,8,1543.0,0.017857142857142856,0.0,0.2909090909090909,0.14545454545454545,28.054545454545455
2023,2,20416,NK,12889,10821,LAS,BWI,28,0,0,0,28,0,5,1,153.0,0.0,0.0,0.17857142857142858,0.03571428571428571,5.464285714285714
2023,2,20416,NK,12889,11292,LAS,DEN,77,0,0,0,77,0,19,7,669.0,0.0,0.0,0.24675324675324675,0.09090909090909091,8.688311688311689
2023,2,20416,NK,12889,11298,LAS,DFW,111,4,0,0,107,0,37,12,2006.0,0.036036036036036036,0.0,0.34579439252336447,0.11214953271028037,18.747663551401867
2023,2,20416,NK,12889,11433,LAS,DTW,84,2,0,0,82,0,17,9,1319.0,0.023809523809523808,0.0,0.2073170731707317,0.10975609756097561,16.085365853658537
2023,2,20416,NK,12889,11618,LAS,EWR,30,1,0,0,29,0,9,1,208.0,0.03333333333333333,0.0,0.3103448275862069,0.034482758620689655,7.172413793103448
2023,2,20416,NK,12889,11697,LAS,FLL,29,0,0,0,29,0,12,5,871.0,0.0,0.0,0.41379310344827586,0.1724137931034483,30.03448275862069
2023,2,20416,NK,12889,12266,LAS,IAH,89,0,0,0,89,0,32,12,2959.0,0.0,0.0,0.3595505617977528,0.1348314606741573,33.247191011235955
2023,2,20416,NK,12889,12892,LAS,LAX,161,2,0,0,159,0,42,16,1925.0,0.012422360248447204,0.0,0.2641509433962264,0.10062893081761007,12.10691823899371
2023,2,20416,NK,12889,13204,LAS,MCO,35,1,0,0,34,0,9,3,496.0,0.02857142857142857,0.0,0.2647058823529412,0.08823529411764706,14.588235294117647
2023,2,20416,NK,12889,13303,LAS,MIA,28,0,0,0,28,0,9,2,474.0,0.0,0.0,0.32142857142857145,0.07142857142857142,16.928571428571427
2023,2,20416,NK,12889,13487,LAS,MSP,28,1,0,0,27,0,6,2,267.0,0.03571428571428571,0.0,0.2222222222222222,0.07407407407407407,9.88888888888889
2023,2,20416,NK,12889,13796,LAS,OAK,112,2,0,0,110,0,34,18,2558.0,0.017857142857142856,0.0,0.3090909090909091,0.16363636363636364,23.254545454545454
2023,2,20416,NK,12889,13930,LAS,ORD,83,2,1,0,80,0,30,8,1276.0,0.024096385542168676,0.012048192771084338,0.375,0.1,15.95
2023,2,20416,NK,12889,14100,LAS,PHL,29,1,0,0,28,0,5,2,149.0,0.034482758620689655,0.0,0.17857142857142858,0.07142857142857142,5.321428571428571
2023,2,20416,NK,12889,14107,LAS,PHX,60,2,0,0,58,0,11,4,574.0,0.03333333333333333,0.0,0.1896551724137931,0.06896551724137931,9.89655172413793
2023,2,20416,NK,12889,14679,LAS,SAN,140,1,0,0,139,0,53,19,3189.0,0.007142857142857143,0.0,0.381294964028777,0.1366906474820144,22.942446043165468
2023,2,20416,NK,12889,14747,LAS,SEA,105,3,0,0,102,0,28,8,1268.0,0.02857142857142857,0.0,0.27450980392156865,0.0784313725490196,12.431372549019608
2023,2,20416,NK,12889,14869,LAS,SLC,54,1,0,0,53,0,21,6,1061.0,0.018518518518518517,0.0,0.39622641509433965,0.11320754716981132,20.0188679245283
2023,2,20416,NK,12889,15016,LAS,STL,16,0,0,0,16,0,3,1,-15.0,0.0,0.0,0.1875,0.0625,-0.9375
2023,2,20416,NK,12889,15304,LAS,TPA,33,0,0,0,33,0,6,5,192.0,0.0,0.0,0.18181818181818182,0.15151515151515152,5.818181818181818
2023,2,20416,NK,12892,10397,LAX,ATL,57,0,0,0,57,0,10,2,-233.0,0.0,0.0,0.17543859649122806,0.03508771929824561,-4.087719298245614
2023,2,20416,NK,12892,10821,LAX,BWI,28,0,0,0,28,0,9,5,806.0,0.0,0.0,0.32142857142857145,0.17857142857142858,28.785714285714285
2023,2,20416,NK,12892,11292,LAX,DEN,28,0,0,0,28,0,9,5,443.0,0.0,0.0,0.32142857142857145,0.17857142857142858,15.821428571428571
2023,2,20416,NK,12892,11298,LAX,DFW,84,5,0,0,79,0,18,7,2391.0,0.05952380952380952,0.0,0.22784810126582278,0.08860759493670886,30.265822784810126
2023,2,20416,NK,12892,11433,LAX,DTW,56,1,0,0,55,0,12,7,1358.0,0.017857142857142856,0.0,0.21818181818181817,0.12727272727272726,24.69090909090909
2023,2,20416,NK,12892,11618,LAX,EWR,28,1,0,0,27,0,6,1,46.0,0.03571428571428571,0.0,0.2222222222222222,0.037037037037037035,1.7037037037037037
2023,2,20416,NK,12892,11697,LAX,FLL,28,1,0,0,27,0,8,4,433.0,0.03571428571428571,0.0,0.2962962962962963,0.14814814814814814,16.037037037037038
2023,2,20416,NK,12892,12266,LAX,IAH,84,2,0,0,82,0,16,3,343.0,0.023809523809523808,0.0,0.1951219512195122,0.036585365853658534,4.182926829268292
2023,2,20416,NK,12892,12889,LAX,LAS,161,2,0,0,159,0,52,20,3023.0,0.012422360248447204,0.0,0.3270440251572327,0.12578616352201258,19.0125786163522
2023,2,20416,NK,12892,13487,LAX,MSP,28,1,0,0,27,0,11,2,456.0,0.03571428571428571,0.0,0.4074074074074074,0.07407407407407407,16.88888888888889
2023,2,20416,NK,12892,13796,LAX,OAK,26,0,0,0,26,0,7,4,422.0,0.0,0.0,0.2692307692307692,0.15384615384615385,16.23076923076923
2023,2,20416,NK,12892,13930,LAX,ORD,62,2,0,0,60,0,20,6,1098.0,0.03225806451612903,0.0,0.3333333333333333,0.1,18.3
2023,2,20416,NK,12892,14100,LAX,PHL,26,0,0,0,26,0,3,0,-447.0,0.0,0.0,0.11538461538461539,0.0,-17.192307692307693
2023,2,20416,NK,12892,14869,LAX,SLC,20,0,0,0,20,0,9,6,578.0,0.0,0.0,0.45,0.3,28.9
2023,2,20416,NK,12953,11298,LGA,DFW,24,1,0,0,23,0,4,1,110.0,0.041666666666666664,0.0,0.17391304347826086,0.043478260869565216,4.782608695652174
2023,2,20416,NK,12953,11433,LGA,DTW,80,1,0,0,79,0,20,11,496.0,0.0125,0.0,0.25316455696202533,0.13924050632911392,6.2784810126582276
2023,2,20416,NK,12953,11697,LGA,FLL,111,1,0,0,110,0,28,12,578.0,0.009009009009009009,0.0,0.2545454545454545,0.10909090909090909,5.254545454545455
2023,2,20416,NK,12953,12266,LGA,IAH,28,0,0,0,28,0,1,0,-584.0,0.0,0.0,0.03571428571428571,0.0,-20.857142857142858
2023,2,20416,NK,12953,13204,LGA,MCO,84,0,0,0,84,0,17,9,15.0,0.0,0.0,0.20238095238095238,0.10714285714285714,0.17857142857142858
2023,2,20416,NK,12953,13303,LGA,MIA,57,1,0,0,56,0,10,5,106.0,0.017543859649122806,0.0,0.17857142857142858,0.08928571428571429,1.8928571428571428
2023,2,20416,NK,13204,10397,MCO,ATL,107,0,0,0,107,0,26,5,391.0,0.0,0.0,0.24299065420560748,0.04672897196261682,3.6542056074766354
2023,2,20416,NK,13204,10721,MCO,BOS,125,4,0,0,121,0,59,24,3634.0,0.032,0.0,0.48760330578512395,0.19834710743801653,30.03305785123967
2023,2,20416,NK,13204,10821,MCO,BWI,84,0,0,0,84,0,18,5,794.0,0.0,0.0,0.21428571428571427,0.05952380952380952,9.452380952380953
2023,2,20416,NK,13204,11298,MCO,DFW,91,4,0,0,87,0,26,5,876.0,0.04395604395604396,0.0,0.2988505747126437,0.05747126436781609,10.068965517241379
2023,2,20416,NK,13204,11433,MCO,DTW,133,1,0,0,132,0,42,11,1852.0,0.007518796992481203,0.0,0.3181818181818182,0.08333333333333333,14.030303030303031
2023,2,20416,NK,13204,11618,MCO,EWR,133,0,0,0,133,0,46,15,2060.0,0.0,0.0,0.3458646616541353,0.11278195488721804,15.488721804511279
2023,2,20416,NK,13204,11697,MCO,FLL,57,0,1,0,56,0,15,5,699.0,0.0,0.017543859649122806,0.26785714285714285,0.08928571428571429,12.482142857142858
2023,2,20416,NK,13204,12266,MCO,IAH,63,0,0,0,63,0,14,6,442.0,0.0,0.0,0.2222222222222222,0.09523809523809523,7.015873015873016
2023,2,20416,NK,13204,12889,MCO,LAS,34,1,0,0,33,0,8,3,207.0,0.029411764705882353,0.0,0.24242424242424243,0.09090909090909091,6.2727272727272725
2023,2,20416,NK,13204,12953,MCO,LGA,84,0,0,0,84,0,18,6,862.0,0.0,0.0,0.21428571428571427,0.07142857142857142,10.261904761904763
2023,2,20416,NK,13204,13930,MCO,ORD,84,0,0,0,84,0,21,5,536.0,0.0,0.0,0.25,0.05952380952380952,6.380952380952381
2023,2,20416,NK,13204,14100,MCO,PHL,83,0,0,0,83,0,34,8,2196.0,0.0,0.0,0.40963855421686746,0.0963855421686747,26.457831325301203
2023,2,20416,NK,13204,14869,MCO,SLC,28,1,0,0,27,0,12,0,298.0,0.03571428571428571,0.0,0.4444444444444444,0.0,11.037037037037036
2023,2,20416,NK,13204,15016,MCO,STL,25,0,0,0,25,0,6,2,277.0,0.0,0.0,0.24,0.08,11.08
2023,2,20416,NK,13303,10397,MIA,ATL,56,0,0,0,56,0,9,4,609.0,0.0,0.0,0.16071428571428573,0.07142857142857142,10.875
2023,2,20416,NK,13303,10721,MIA,BOS,29,0,0,0,29,0,5,3,233.0,0.0,0.0,0.1724137931034483,0.10344827586206896,8.03448275862069
2023,2,20416,NK,13303,10821,MIA,BWI,28,0,0,0,28,0,3,1,157.0,0.0,0.0,0.10714285714285714,0.03571428571428571,5.607142857142857
2023,2,20416,NK,13303,11292,MIA,DEN,28,0,0,0,28,0,3,0,-172.0,0.0,0.0,0.10714285714285714,0.0,-6.142857142857143
2023,2,20416,NK,13303,11298,MIA,DFW,27,1,0,0,26,0,3,1,-46.0,0.037037037037037035,0.0,0.11538461538461539,0.038461538461538464,-1.7692307692307692
2023,2,20416,NK,13303,11433,MIA,DTW,27,0,0,0,27,0,5,2,161.0,0.0,0.0,0.18518518518518517,0.07407407407407407,5.962962962962963
2023,2,20416,NK,13303,11618,MIA,EWR,56,1,1,0,54,0,22,7,961.0,0.017857142857142856,0.017857142857142856,0.4074074074074074,0.12962962962962962,17.796296296296298
2023,2,20416,NK,13303,12266,MIA,IAH,28,0,0,0,28,0,15,4,636.0,0.0,0.0,0.5357142857142857,0.14285714285714285,22.714285714285715
2023,2,20416,NK,13303,12889,MIA,LAS,28,0,1,0,27,0,6,0,-5.0,0.0,0.03571428571428571,0.2222222222222222,0.0,-0.18518518518518517
2023,2,20416,NK,13303,12953,MIA,LGA,56,0,0,0,56,0,15,11,1094.0,0.0,0.0,0.26785714285714285,0.19642857142857142,19.535714285714285
2023,2,20416,NK,13303,13930,MIA,ORD,29,0,0,0,29,0,5,1,-168.0,0.0,0.0,0.1724137931034483,0.034482758620689655,-5.793103448275862
2023,2,20416,NK,13303,14100,MIA,PHL,28,0,0,0,28,0,7,2,508.0,0.0,0.0,0.25,0.07142857142857142,18.142857142857142
2023,2,20416,NK,13487,10397,MSP,ATL,56,3,0,0,53,0,3,1,-828.0,0.05357142857142857,0.0,0.05660377358490566,0.018867924528301886,-15.622641509433961
2023,2,20416,NK,13487,11433,MSP,DTW,32,2,0,0,30,0,6,0,-78.0,0.0625,0.0,0.2,0.0,-2.6
2023,2,20416,NK,13487,12889,MSP,LAS,28,2,0,0,26,0,6,3,115.0,0.07142857142857142,0.0,0.23076923076923078,0.11538461538461539,4.423076923076923
2023,2,20416,NK,13487,12892,MSP,LAX,28,1,0,0,27,0,20,12,2613.0,0.03571428571428571,0.0,0.7407407407407407,0.4444444444444444,96.77777777777777
2023,2,20416,NK,13487,14107,MSP,PHX,28,1,0,0,27,0,6,2,-7.0,0.03571428571428571,0.0,0.2222222222222222,0.07407407407407407,-0.25925925925925924
2023,2,20416,NK,13796,12889,OAK,LAS,110,3,0,0,107,0,31,12,3400.0,0.02727272727272727,0.0,0.2897196261682243,0.11214953271028037,31.77570093457944
2023,2,20416,NK,13796,12892,OAK,LAX,26,0,0,0,26,0,7,1,62.0,0.0,0.0,0.2692307692307692,0.038461538461538464,2.3846153846153846
2023,2,20416,NK,13796,14679,OAK,SAN,16,0,0,0,16,0,2,1,-35.0,0.0,0.0,0.125,0.0625,-2.1875
2023,2,20416,NK,13930,10397,ORD,ATL,91,0,0,0,91,0,23,3,74.0,0.0,0.0,0.25274725274725274,0.03296703296703297,0.8131868131868132
2023,2,20416,NK,13930,11298,ORD,DFW,48,0,0,0,48,0,13,3,387.0,0.0,0.0,0.2708333333333333,0.0625,8.0625
2023,2,20416,NK,13930,11697,ORD,FLL,84,0,0,0,84,0,13,4,136.0,0.0,0.0,0.15476190476190477,0.047619047619047616,1.619047619047619
2023,2,20416,NK,13930,12266,ORD,IAH,29,0,0,0,29,0,9,1,272.0,0.0,0.0,0.3103448275862069,0.034482758620689655,9.379310344827585
2023,2,20416,NK,13930,12889,ORD,LAS,83,2,1,0,80,0,18,5,578.0,0.024096385542168676,0.012048192771084338,0.225,0.0625,7.225
2023,2,20416,NK,13930,12892,ORD,LAX,63,1,1,0,61,0,12,3,-191.0,0.015873015873015872,0.015873015873015872,0.19672131147540983,0.04918032786885246,-3.1311475409836067
2023,2,20416,NK,13930,13204,ORD,MCO,84,0,0,0,84,0,17,3,138.0,0.0,0.0,0.20238095238095238,0.03571428571428571,1.6428571428571428
2023,2,20416,NK,13930,13303,ORD,MIA,28,0,0,0,28,0,8,2,139.0,0.0,0.0,0.2857142857142857,0.07142857142857142,4.964285714285714
2023,2,20416,NK,13930,14107,ORD,PHX,28,0,0,0,28,0,8,3,281.0,0.0,0.0,0.2857142857142857,0.10714285714285714,10.035714285714286
2023,2,20416,NK,13930,14635,ORD,RSW,28,0,0,0,28,0,5,3,4.0,0.0,0.0,0.17857142857142858,0.10714285714285714,0.14285714285714285
2023,2,20416,NK,13930,15304,ORD,TPA,28,0,0,0,28,0,2,1,-290.0,0.0,0.0,0.07142857142857142,0.03571428571428571,-10.357142857142858
2023,2,20416,NK,14100,10397,PHL,ATL,54,0,0,0,54,0,4,1,-165.0,0.0,0.0,0.07407407407407407,0.018518518518518517,-3.0555555555555554
2023,2,20416,NK,14100,11298,PHL,DFW,28,1,0,0,27,0,7,3,208.0,0.03571428571428571,0.0,0.25925925925925924,0.1111111111111111,7.703703703703703
2023,2,20416,NK,14100,11433,PHL,DTW,29,0,0,0,29,0,14,4,731.0,0.0,0.0,0.4827586206896552,0.13793103448275862,25.20689655172414
2023,2,20416,NK,14100,11697,PHL,FLL,84,0,0,0,84,0,10,5,-525.0,0.0,0.0,0.11904761904761904,0.05952380952380952,-6.25
2023,2,20416,NK,14100,12889,PHL,LAS,28,1,1,0,26,0,10,2,350.0,0.03571428571428571,0.03571428571428571,0.38461538461538464,0.07692307692307693,13.461538461538462
2023,2,20416,NK,14100,12892,PHL,LAX,28,0,0,0,28,0,9,3,123.0,0.0,0.0,0.32142857142857145,0.10714285714285714,4.392857142857143
2023,2,20416,NK,14100,13204,PHL,MCO,84,0,0,0,84,0,19,5,836.0,0.0,0.0,0.2261904761904762,0.05952380952380952,9.952380952380953
2023,2,20416,NK,14100,13303,PHL,MIA,27,0,0,0,27,0,2,1,-428.0,0.0,0.0,0.07407407407407407,0.037037037037037035,-15.851851851851851
2023,2,20416,NK,14107,11298,PHX,DFW,30,1,0,0,29,0,9,5,469.0,0.03333333333333333,0.0,0.3103448275862069,0.1724137931034483,16.17241379310345
2023,2,20416,NK,14107,11433,PHX,DTW,31,0,0,0,31,0,13,2,350.0,0.0,0.0,0.41935483870967744,0.06451612903225806,11.290322580645162
2023,2,20416,NK,14107,11697,PHX,FLL,29,1,0,0,28,0,7,2,340.0,0.034482758620689655,0.0,0.25,0.07142857142857142,12.142857142857142
2023,2,20416,NK,14107,12889,PHX,LAS,60,1,0,0,59,0,10,6,322.0,0.016666666666666666,0.0,0.1694915254237288,0.1016949152542373,5.4576271186440675
2023,2,20416,NK,14107,13487,PHX,MSP,27,2,0,0,25,0,6,3,215.0,0.07407407407407407,0.0,0.24,0.12,8.6
2023,2,20416,NK,14107,13930,PHX,ORD,28,0,0,0,28,0,2,1,-181.0,0.0,0.0,0.07142857142857142,0.03571428571428571,-6.464285714285714
2023,2,20416,NK,14635,10721,RSW,BOS,28,0,0,0,28,0,5,3,869.0,0.0,0.0,0.17857142857142858,0.10714285714285714,31.035714285714285
2023,2,20416,NK,14635,11433,RSW,DTW,77,1,0,0,76,0,12,3,-235.0,0.012987012987012988,0.0,0.15789473684210525,0.039473684210526314,-3.0921052631578947
2023,2,20416,NK,14635,13930,RSW,ORD,28,0,0,0,28,0,4,2,-204.0,0.0,0.0,0.14285714285714285,0.07142857142857142,-7.285714285714286
2023,2,20416,NK,14679,12889,SAN,LAS,140,1,0,0,139,0,48,18,3147.0,0.007142857142857143,0.0,0.34532374100719426,0.12949640287769784,22.640287769784173
2023,2,20416,NK,14679,13796,SAN,OAK,16,0,0,0,16,0,4,1,24.0,0.0,0.0,0.25,0.0625,1.5
2023,2,20416,NK,14747,12889,SEA,LAS,105,3,0,0,102,0,30,19,2816.0,0.02857142857142857,0.0,0.29411764705882354,0.18627450980392157,27.607843137254903
2023,2,20416,NK,14869,12889,SLC,LAS,54,2,0,0,52,0,17,9,1311.0,0.037037037037037035,0.0,0.3269230769230769,0.17307692307692307,25.21153846153846
2023,2,20416,NK,14869,12892,SLC,LAX,20,0,0,0,20,0,8,2,370.0,0.0,0.0,0.4,0.1,18.5
2023,2,20416,NK,14869,13204,SLC,MCO,28,1,0,0,27,0,11,0,259.0,0.03571428571428571,0.0,0.4074074074074074,0.0,9.592592592592593
2023,2,20416,NK,15016,12889,STL,LAS,16,0,0,0,16,0,3,0,88.0,0.0,0.0,0.1875,0.0,5.5
2023,2,20416,NK,15016,13204,STL,MCO,25,0,0,0,25,0,4,0,-129.0,0.0,0.0,0.16,0.0,-5.16
2023,2,20416,NK,15304,10397,TPA,ATL,56,0,0,0,56,0,5,3,-240.0,0.0,0.0,0.08928571428571429,0.05357142857142857,-4.285714285714286
2023,2,20416,NK,15304,10721,TPA,BOS,49,1,0,0,48,0,16,5,720.0,0.02040816326530612,0.0,0.3333333333333333,0.10416666666666667,15.0
2023,2,20416,NK,15304,10821,TPA,BWI,28,0,0,0,28,0,4,3,210.0,0.0,0.0,0.14285714285714285,0.10714285714285714,7.5
2023,2,20416,NK,15304,11298,TPA,DFW,16,2,0,0,14,0,1,1,10.0,0.125,0.0,0.07142857142857142,0.07142857142857142,0.7142857142857143
2023,2,20416,NK,15304,11433,TPA,DTW,77,0,0,0,77,0,9,4,-290.0,0.0,0.0,0.11688311688311688,0.05194805194805195,-3.7662337662337664
2023,2,20416,NK,15304,11697,TPA,FLL,57,0,0,0,57,0,5,2,-150.0,0.0,0.0,0.08771929824561403,0.03508771929824561,-2.6315789473684212
2023,2,20416,NK,15304,12266,TPA,IAH,19,0,0,0,19,0,1,1,-127.0,0.0,0.0,0.05263157894736842,0.05263157894736842,-6.684210526315789
2023,2,20416,NK,15304,12889,TPA,LAS,33,0,0,0,33,0,2,0,-303.0,0.0,0.0,0.06060606060606061,0.0,-9.181818181818182
2023,2,20416,NK,15304,13930,TPA,ORD,28,0,0,0,28,0,5,4,-82.0,0.0,0.0,0.17857142857142858,0.14285714285714285,-2.9285714285714284
2023,2,20436,F9,10397,10821,ATL,BWI,28,0,0,0,28,0,4,0,-220.0,0.0,0.0,0.14285714285714285,0.0,-7.857142857142857
2023,2,20436,F9,10397,11292,ATL,DEN,52,1,0,0,51,0,23,7,1461.0,0.019230769230769232,0.0,0.45098039215686275,0.13725490196078433,28.647058823529413
2023,2,20436,F9,10397,11298,ATL,DFW,41,1,0,0,40,0,17,6,1045.0,0.024390243902439025,0.0,0.425,0.15,26.125
2023,2,20436,F9,10397,11433,ATL,DTW,16,1,0,0,15,0,6,3,482.0,0.0625,0.0,0.4,0.2,32.13333333333333
2023,2,20436,F9,10397,11697,ATL,FLL,28,0,0,0,28,0,11,5,1003.0,0.0,0.0,0.39285714285714285,0.17857142857142858,35.82142857142857
2023,2,20436,F9,10397,12266,ATL,IAH,24,0,0,0,24,0,10,2,512.0,0.0,0.0,0.4166666666666667,0.08333333333333333,21.333333333333332
2023,2,20436,F9,10397,12889,ATL,LAS,55,0,0,0,55,0,26,10,1429.0,0.0,0.0,0.4727272727272727,0.18181818181818182,25.98181818181818
2023,2,20436,F9,10397,12953,ATL,LGA,28,0,0,0,28,0,5,2,48.0,0.0,0.0,0.17857142857142858,0.07142857142857142,1.7142857142857142
2023,2,20436,F9,10397,13204,ATL,MCO,56,0,0,0,56,0,21,7,935.0,0.0,0.0,0.375,0.125,16.696428571428573
2023,2,20436,F9,10397,13232,ATL,MDW,28,0,0,0,28,0,12,4,655.0,0.0,0.0,0.42857142857142855,0.14285714285714285,23.392857142857142
2023,2,20436,F9,10397,13303,ATL,MIA,36,0,0,0,36,0,11,3,255.0,0.0,0.0,0.3055555555555556,0.08333333333333333,7.083333333333333
2023,2,20436,F9,10397,13930,ATL,ORD,28,0,0,0,28,0,3,2,420.0,0.0,0.0,0.10714285714285714,0.07142857142857142,15.0
2023,2,20436,F9,10397,14100,ATL,PHL,56,0,0,0,56,0,28,11,2023.0,0.0,0.0,0.5,0.19642857142857142,36.125
2023,2,20436,F9,10397,14107,ATL,PHX,28,0,0,0,28,0,21,8,1845.0,0.0,0.0,0.75,0.2857142857142857,65.89285714285714
2023,2,20436,F9,10397,14771,ATL,SFO,13,0,0,0,13,0,8,4,674.0,0.0,0.0,0.6153846153846154,0.3076923076923077,51.84615384615385
2023,2,20436,F9,10397,15304,ATL,TPA,28,0,0,0,28,0,5,5,178.0,0.0,0.0,0.17857142857142858,0.17857142857142858,6.357142857142857
2023,2,20436,F9,10721,13204,BOS,MCO,21,0,0,0,21,0,8,3,1555.0,0.0,0.0,0.38095238095238093,0.14285714285714285,74.04761904761905
2023,2,20436,F9,10721,13303,BOS,MIA,16,1,0,0,15,0,2,0,-281.0,0.0625,0.0,0.13333333333333333,0.0,-18.733333333333334
2023,2,20436,F9,10721,14100,BOS,PHL,5,0,0,0,5,0,4,2,383.0,0.0,0.0,0.8,0.4,76.6
2023,2,20436,F9,10821,10397,BWI,ATL,28,1,0,0,27,0,8,2,88.0,0.03571428571428571,0.0,0.2962962962962963,0.07407407407407407,3.259259259259259
2023,2,20436,F9,10821,11292,BWI,DEN,13,1,0,0,12,0,1,1,-226.0,0.07692307692307693,0.0,0.08333333333333333,0.08333333333333333,-18.833333333333332
2023,2,20436,F9,10821,12889,BWI,LAS,28,0,0,0,28,0,8,3,255.0,0.0,0.0,0.2857142857142857,0.10714285714285714,9.107142857142858
2023,2,20436,F9,10821,13204,BWI,MCO,56,0,0,0,56,0,16,3,58.0,0.0,0.0,0.2857142857142857,0.05357142857142857,1.0357142857142858
2023,2,20436,F9,10821,13303,BWI,MIA,13,0,0,0,13,0,2,1,-182.0,0.0,0.0,0.15384615384615385,0.07692307692307693,-14.0
2023,2,20436,F9,10821,14107,BWI,PHX,28,0,0,0,28,0,8,2,68.0,0.0,0.0,0.2857142857142857,0.07142857142857142,2.4285714285714284
2023,2,20436,F9,11278,11292,DCA,DEN,84,3,1,0,80,0,16,4,-364.0,0.03571428571428571,0.011904761904761904,0.2,0.05,-4.55
2023,2,20436,F9,11292,10397,DEN,ATL,52,1,0,0,51,0,17,8,1084.0,0.019230769230769232,0.0,0.3333333333333333,0.1568627450980392,21.254901960784313
2023,2,20436,F9,11292,10821,DEN,BWI,13,1,0,0,12,0,2,1,-160.0,0.07692307692307693,0.0,0.16666666666666666,0.08333333333333333,-13.333333333333334
2023,2,20436,F9,11292,11278,DEN,DCA,84,2,0,0,82,0,15,6,310.0,0.023809523809523808,0.0,0.18292682926829268,0.07317073170731707,3.7804878048780486
2023,2,20436,F9,11292,11298,DEN,DFW,73,1,0,0,72,0,25,10,1945.0,0.0136986301369863,0.0,0.3472222222222222,0.1388888888888889,27.01388888888889
2023,2,20436,F9,11292,11433,DEN,DTW,8,0,0,0,8,0,3,1,197.0,0.0,0.0,0.375,0.125,24.625
2023,2,20436,F9,11292,12266,DEN,IAH,28,0,0,0,28,0,11,4,409.0,0.0,0.0,0.39285714285714285,0.14285714285714285,14.607142857142858
2023,2,20436,F9,11292,12889,DEN,LAS,140,1,0,0,139,0,40,13,1280.0,0.007142857142857143,0.0,0.28776978417266186,0.09352517985611511,9.20863309352518
2023,2,20436,F9,11292,13204,DEN,MCO,84,1,0,0,83,0,27,5,1082.0,0.011904761904761904,0.0,0.3253012048192771,0.060240963855421686,13.036144578313253
2023,2,20436,F9,11292,13232,DEN,MDW,28,0,0,0,28,0,6,2,112.0,0.0,0.0,0.21428571428571427,0.07142857142857142,4.0
2023,2,20436,F9,11292,13303,DEN,MIA,28,0,0,0,28,0,8,1,130.0,0.0,0.0,0.2857142857142857,0.03571428571428571,4.642857142857143
2023,2,20436,F9,11292,13487,DEN,MSP,26,2,0,0,24,0,4,1,-169.0,0.07692307692307693,0.0,0.16666666666666666,0.041666666666666664,-7.041666666666667
2023,2,20436,F9,11292,13796,DEN,OAK,11,0,0,0,11,0,4,3,324.0,0.0,0.0,0.36363636363636365,0.2727272727272727,29.454545454545453
2023,2,20436,F9,11292,14100,DEN,PHL,23,0,0,0,23,0,12,3,355.0,0.0,0.0,0.5217391304347826,0.13043478260869565,15.434782608695652
2023,2,20436,F9,11292,14107,DEN,PHX,88,2,0,0,86,0,27,9,1437.0,0.022727272727272728,0.0,0.313953488372093,0.10465116279069768,16.709302325581394
2023,2,20436,F9,11292,14635,DEN,RSW,28,1,0,0,27,0,4,1,-178.0,0.03571428571428571,0.0,0.14814814814814814,0.037037037037037035,-6.592592592592593
2023,2,20436,F9,11292,14679,DEN,SAN,56,0,0,0,56,0,19,8,726.0,0.0,0.0,0.3392857142857143,0.14285714285714285,12.964285714285714
2023,2,20436,F9,11292,14747,DEN,SEA,19,0,0,0,19,0,5,0,-88.0,0.0,0.0,0.2631578947368421,0.0,-4.631578947368421
2023,2,20436,F9,11292,14771,DEN,SFO,56,0,0,0,56,0,10,4,-225.0,0.0,0.0,0.17857142857142858,0.07142857142857142,-4.017857142857143
2023,2,20436,F9,11292,14869,DEN,SLC,56,1,0,0,55,0,24,7,1462.0,0.017857142857142856,0.0,0.43636363636363634,0.12727272727272726,26.581818181818182
2023,2,20436,F9,11292,15016,DEN,STL,26,1,0,0,25,0,6,3,468.0,0.038461538461538464,0.0,0.24,0.12,18.72
2023,2,20436,F9,11292,15304,DEN,TPA,72,0,0,0,72,0,13,6,-109.0,0.0,0.0,0.18055555555555555,0.08333333333333333,-1.5138888888888888
2023,2,20436,F9,11298,10397,DFW,ATL,41,1,0,0,40,0,16,6,861.0,0.024390243902439025,0.0,0.4,0.15,21.525
2023,2,20436,F9,11298,11292,DFW,DEN,73,2,0,0,71,0,20,6,1109.0,0.0273972602739726,0.0,0.28169014084507044,0.08450704225352113,15.619718309859154
2023,2,20436,F9,11298,12889,DFW,LAS,56,4,2,0,50,0,24,13,3184.0,0.07142857142857142,0.03571428571428571,0.48,0.26,63.68
2023,2,20436,F9,11298,13204,DFW,MCO,38,2,0,0,36,0,12,5,453.0,0.05263157894736842,0.0,0.3333333333333333,0.1388888888888889,12.583333333333334
2023,2,20436,F9,11298,13232,DFW,MDW,28,3,0,0,25,0,9,6,737.0,0.10714285714285714,0.0,0.36,0.24,29.48
2023,2,20436,F9,11298,14100,DFW,PHL,7,0,0,0,7,0,5,3,311.0,0.0,0.0,0.7142857142857143,0.42857142857142855,44.42857142857143
2023,2,20436,F9,11298,14107,DFW,PHX,23,0,0,0,23,0,14,4,1332.0,0.0,0.0,0.6086956521739131,0.17391304347826086,57.91304347826087
2023,2,20436,F9,11298,14679,DFW,SAN,23,0,0,0,23,0,5,1,149.0,0.0,0.0,0.21739130434782608,0.043478260869565216,6.478260869565218
2023,2,20436,F9,11298,14771,DFW,SFO,28,1,0,0,27,0,13,6,717.0,0.03571428571428571,0.0,0.48148148148148145,0.2222222222222222,26.555555555555557
2023,2,20436,F9,11298,15304,DFW,TPA,13,1,0,0,12,0,5,1,184.0,0.07692307692307693,0.0,0.4166666666666667,0.08333333333333333,15.333333333333334
2023,2,20436,F9,11433,10397,DTW,ATL,16,0,0,0,16,0,4,1,1143.0,0.0,0.0,0.25,0.0625,71.4375
2023,2,20436,F9,11433,11292,DTW,DEN,8,0,0,0,8,0,3,1,280.0,0.0,0.0,0.375,0.125,35.0
2023,2,20436,F9,11433,12889,DTW,LAS,28,2,1,0,25,0,11,4,596.0,0.07142857142857142,0.03571428571428571,0.44,0.16,23.84
2023,2,20436,F9,11433,13204,DTW,MCO,33,2,0,0,31,0,12,6,746.0,0.06060606060606061,0.0,0.3870967741935484,0.1935483870967742,24.06451612903226
2023,2,20436,F9,11433,14107,DTW,PHX,28,0,0,0,28,0,7,4,89.0,0.0,0.0,0.25,0.14285714285714285,3.1785714285714284
2023,2,20436,F9,11433,15304,DTW,TPA,16,1,0,0,15,0,3,2,153.0,0.0625,0.0,0.2,0.13333333333333333,10.2
2023,2,20436,F9,11697,10397,FLL,ATL,28,0,0,0,28,0,12,3,539.0,0.0,0.0,0.42857142857142855,0.10714285714285714,19.25
2023,2,20436,F9,11697,12889,FLL,LAS,28,0,0,0,28,0,15,5,953.0,0.0,0.0,0.5357142857142857,0.17857142857142858,34.035714285714285
2023,2,20436,F9,11697,13232,FLL,MDW,28,1,0,0,27,0,4,1,-119.0,0.03571428571428571,0.0,0.14814814814814814,0.037037037037037035,-4.407407407407407
2023,2,20436,F9,11697,14100,FLL,PHL,28,2,0,0,26,0,12,4,767.0,0.07142857142857142,0.0,0.46153846153846156,0.15384615384615385,29.5
2023,2,20436,F9,11697,14107,FLL,PHX,28,1,0,0,27,0,7,2,600.0,0.03571428571428571,0.0,0.25925925925925924,0.07407407407407407,22.22222222222222
2023,2,20436,F9,12266,10397,IAH,ATL,24,0,0,0,24,0,18,7,1071.0,0.0,0.0,0.75,0.2916666666666667,44.625
2023,2,20436,F9,12266,11292,IAH,DEN,28,0,0,0,28,0,9,5,368.0,0.0,0.0,0.32142857142857145,0.17857142857142858,13.142857142857142
2023,2,20436,F9,12266,12889,IAH,LAS,24,0,0,0,24,0,7,3,602.0,0.0,0.0,0.2916666666666667,0.125,25.083333333333332
2023,2,20436,F9,12266,13204,IAH,MCO,16,0,0,0,16,0,6,1,305.0,0.0,0.0,0.375,0.0625,19.0625
2023,2,20436,F9,12889,10397,LAS,ATL,55,0,0,0,55,0,16,3,297.0,0.0,0.0,0.2909090909090909,0.05454545454545454,5.4
2023,2,20436,F9,12889,10821,LAS,BWI,28,0,0,0,28,0,8,4,366.0,0.0,0.0,0.2857142857142857,0.14285714285714285,13.071428571428571
2023,2,20436,F9,12889,11292,LAS,DEN,140,2,0,0,138,0,49,19,2376.0,0.014285714285714285,0.0,0.35507246376811596,0.13768115942028986,17.217391304347824
2023,2,20436,F9,12889,11298,LAS,DFW,56,4,0,0,52,0,18,3,310.0,0.07142857142857142,0.0,0.34615384615384615,0.057692307692307696,5.961538461538462
2023,2,20436,F9,12889,11433,LAS,DTW,28,0,0,0,28,0,11,4,332.0,0.0,0.0,0.39285714285714285,0.14285714285714285,11.857142857142858
2023,2,20436,F9,12889,11697,LAS,FLL,28,0,0,0,28,0,9,3,336.0,0.0,0.0,0.32142857142857145,0.10714285714285714,12.0
2023,2,20436,F9,12889,12266,LAS,IAH,24,0,0,0,24,0,4,2,245.0,0.0,0.0,0.16666666666666666,0.08333333333333333,10.208333333333334
2023,2,20436,F9,12889,13204,LAS,MCO,57,0,0,0,57,0,17,6,868.0,0.0,0.0,0.2982456140350877,0.10526315789473684,15.228070175438596
2023,2,20436,F9,12889,13232,LAS,MDW,32,1,0,0,31,0,7,2,259.0,0.03125,0.0,0.22580645161290322,0.06451612903225806,8.35483870967742
2023,2,20436,F9,12889,13303,LAS,MIA,28,0,0,0,28,0,8,3,272.0,0.0,0.0,0.2857142857142857,0.10714285714285714,9.714285714285714
2023,2,20436,F9,12889,13487,LAS,MSP,11,0,0,0,11,0,2,1,104.0,0.0,0.0,0.18181818181818182,0.09090909090909091,9.454545454545455
2023,2,20436,F9,12889,13796,LAS,OAK,19,0,0,0,19,0,11,7,1030.0,0.0,0.0,0.5789473684210527,0.3684210526315789,54.21052631578947
2023,2,20436,F9,12889,13930,LAS,ORD,14,2,0,0,12,0,2,0,-153.0,0.14285714285714285,0.0,0.16666666666666666,0.0,-12.75
2023,2,20436,F9,12889,14100,LAS,PHL,28,0,0,0,28,0,7,1,-152.0,0.0,0.0,0.25,0.03571428571428571,-5.428571428571429
2023,2,20436,F9,12889,14107,LAS,PHX,56,0,0,0,56,0,32,6,1516.0,0.0,0.0,0.5714285714285714,0.10714285714285714,27.071428571428573
2023,2,20436,F9,12889,14679,LAS,SAN,35,0,0,0,35,0,16,4,760.0,0.0,0.0,0.45714285714285713,0.11428571428571428,21.714285714285715
2023,2,20436,F9,12889,14747,LAS,SEA,32,0,0,0,32,0,5,2,89.0,0.0,0.0,0.15625,0.0625,2.78125
2023,2,20436,F9,12889,14771,LAS,SFO,51,1,0,0,50,0,20,9,1043.0,0.0196078431372549,0.0,0.4,0.18,20.86
2023,2,20436,F9,12889,14869,LAS,SLC,28,0,0,0,28,0,14,8,836.0,0.0,0.0,0.5,0.2857142857142857,29.857142857142858
2023,2,20436,F9,12889,15016,LAS,STL,28,0,0,0,28,0,5,2,73.0,0.0,0.0,0.17857142857142858,0.07142857142857142,2.607142857142857
2023,2,20436,F9,12889,15304,LAS,TPA,43,0,0,0,43,0,15,7,713.0,0.0,0.0,0.3488372093023256,0.16279069767441862,16.58139534883721
2023,2,20436,F9,12953,10397,LGA,ATL,28,0,0,0,28,0,8,6,392.0,0.0,0.0,0.2857142857142857,0.21428571428571427,14.0
2023,2,20436,F9,12953,13204,LGA,MCO,28,1,0,0,27,0,16,7,916.0,0.03571428571428571,0.0,0.5925925925925926,0.25925925925925924,33.925925925925924
2023,2,20436,F9,12953,13303,LGA,MIA,28,0,0,0,28,0,6,2,-77.0,0.0,0.0,0.21428571428571427,0.07142857142857142,-2.75
2023,2,20436,F9,13204,10397,MCO,ATL,56,0,0,0,56,0,17,6,795.0,0.0,0.0,0.30357142857142855,0.10714285714285714,14.196428571428571
2023,2,20436,F9,13204,10721,MCO,BOS,21,0,0,0,21,0,2,0,-203.0,0.0,0.0,0.09523809523809523,0.0,-9.666666666666666
2023,2,20436,F9,13204,10821,MCO,BWI,56,0,0,0,56,0,19,6,981.0,0.0,0.0,0.3392857142857143,0.10714285714285714,17.517857142857142
2023,2,20436,F9,13204,11292,MCO,DEN,84,1,1,0,82,0,24,8,892.0,0.011904761904761904,0.011904761904761904,0.2926829268292683,0.0975609756097561,10.878048780487806
2023,2,20436,F9,13204,11298,MCO,DFW,38,2,0,0,36,0,8,4,198.0,0.05263157894736842,0.0,0.2222222222222222,0.1111111111111111,5.5
2023,2,20436,F9,13204,11433,MCO,DTW,33,1,0,0,32,0,11,3,460.0,0.030303030303030304,0.0,0.34375,0.09375,14.375
2023,2,20436,F9,13204,12266,MCO,IAH,16,0,0,0,16,0,13,8,953.0,0.0,0.0,0.8125,0.5,59.5625
2023,2,20436,F9,13204,12889,MCO,LAS,56,0,1,0,55,0,20,6,1635.0,0.0,0.017857142857142856,0.36363636363636365,0.10909090909090909,29.727272727272727
2023,2,20436,F9,13204,12953,MCO,LGA,28,1,0,0,27,0,14,7,931.0,0.03571428571428571,0.0,0.5185185185185185,0.25925925925925924,34.48148148148148
2023,2,20436,F9,13204,13232,MCO,MDW,54,1,0,0,53,0,21,4,703.0,0.018518518518518517,0.0,0.39622641509433965,0.07547169811320754,13.264150943396226
2023,2,20436,F9,13204,13930,MCO,ORD,31,0,0,0,31,0,4,0,-66.0,0.0,0.0,0.12903225806451613,0.0,-2.129032258064516
2023,2,20436,F9,13204,14100,MCO,PHL,157,1,0,0,156,0,53,23,4573.0,0.006369426751592357,0.0,0.33974358974358976,0.14743589743589744,29.314102564102566
2023,2,20436,F9,13204,14107,MCO,PHX,28,0,0,0,28,0,17,5,1283.0,0.0,0.0,0.6071428571428571,0.17857142857142858,45.82142857142857
2023,2,20436,F9,13204,14679,MCO,SAN,13,0,0,0,13,0,3,2,220.0,0.0,0.0,0.23076923076923078,0.15384615384615385,16.923076923076923
2023,2,20436,F9,13204,15016,MCO,STL,28,0,0,0,28,0,8,2,267.0,0.0,0.0,0.2857142857142857,0.07142857142857142,9.535714285714286
2023,2,20436,F9,13232,10397,MDW,ATL,28,0,0,0,28,0,10,2,414.0,0.0,0.0,0.35714285714285715,0.07142857142857142,14.785714285714286
2023,2,20436,F9,13232,11292,MDW,DEN,28,0,0,0,28,0,8,4,514.0,0.0,0.0,0.2857142857142857,0.14285714285714285,18.357142857142858
2023,2,20436,F9,13232,11298,MDW,DFW,28,2,0,0,26,0,17,6,1232.0,0.07142857142857142,0.0,0.6538461538461539,0.23076923076923078,47.38461538461539
2023,2,20436,F9,13232,11697,MDW,FLL,28,0,0,0,28,0,5,3,170.0,0.0,0.0,0.17857142857142858,0.10714285714285714,6.071428571428571
2023,2,20436,F9,13232,12889,MDW,LAS,32,1,0,0,31,0,11,4,431.0,0.03125,0.0,0.3548387096774194,0.12903225806451613,13.903225806451612
2023,2,20436,F9,13232,13204,MDW,MCO,54,1,0,0,53,0,18,4,514.0,0.018518518518518517,0.0,0.33962264150943394,0.07547169811320754,9.69811320754717
2023,2,20436,F9,13232,13303,MDW,MIA,20,1,0,0,19,0,6,2,266.0,0.05,0.0,0.3157894736842105,0.10526315789473684,14.0
2023,2,20436,F9,13232,14100,MDW,PHL,13,1,0,0,12,0,5,4,1083.0,0.07692307692307693,0.0,0.4166666666666667,0.3333333333333333,90.25
2023,2,20436,F9,13232,14107,MDW,PHX,28,1,0,0,27,0,11,4,1150.0,0.03571428571428571,0.0,0.4074074074074074,0.14814814814814814,42.592592592592595
2023,2,20436,F9,13232,15304,MDW,TPA,32,1,0,0,31,0,7,2,466.0,0.03125,0.0,0.22580645161290322,0.06451612903225806,15.03225806451613
2023,2,20436,F9,13303,10397,MIA,ATL,36,0,0,0,36,0,10,2,279.0,0.0,0.0,0.2777777777777778,0.05555555555555555,7.75
2023,2,20436,F9,13303,10721,MIA,BOS,16,1,0,0,15,0,2,0,-208.0,0.0625,0.0,0.13333333333333333,0.0,-13.866666666666667
2023,2,20436,F9,13303,10821,MIA,BWI,13,0,0,0,13,0,1,0,-86.0,0.0,0.0,0.07692307692307693,0.0,-6.615384615384615
2023,2,20436,F9,13303,11292,MIA,DEN,28,0,0,0,28,0,6,1,-10.0,0.0,0.0,0.21428571428571427,0.03571428571428571,-0.35714285714285715
2023,2,20436,F9,13303,12889,MIA,LAS,28,0,0,0,28,0,9,0,-12.0,0.0,0.0,0.32142857142857145,0.0,-0.42857142857142855
2023,2,20436,F9,13303,12953,MIA,LGA,28,0,0,0,28,0,5,2,-109.0,0.0,0.0,0.17857142857142858,0.07142857142857142,-3.892857142857143
2023,2,20436,F9,13303,13232,MIA,MDW,20,1,0,0,19,0,4,1,103.0,0.05,0.0,0.21052631578947367,0.05263157894736842,5.421052631578948
2023,2,20436,F9,13303,14100,MIA,PHL,28,1,0,0,27,0,2,2,-50.0,0.03571428571428571,0.0,0.07407407407407407,0.07407407407407407,-1.8518518518518519
2023,2,20436,F9,13487,11292,MSP,DEN,26,2,0,0,24,0,3,1,-288.0,0.07692307692307693,0.0,0.125,0.041666666666666664,-12.0
2023,2,20436,F9,13487,12889,MSP,LAS,11,0,0,0,11,0,2,1,-72.0,0.0,0.0,0.18181818181818182,0.09090909090909091,-6.545454545454546
2023,2,20436,F9,13487,14107,MSP,PHX,13,1,0,0,12,0,4,2,380.0,0.07692307692307693,0.0,0.3333333333333333,0.16666666666666666,31.666666666666668
2023,2,20436,F9,13796,11292,OAK,DEN,11,0,0,0,11,0,3,1,71.0,0.0,0.0,0.2727272727272727,0.09090909090909091,6.454545454545454
2023,2,20436,F9,13796,12889,OAK,LAS,19,0,0,0,19,0,13,7,1256.0,0.0,0.0,0.6842105263157895,0.3684210526315789,66.10526315789474
2023,2,20436,F9,13796,14107,OAK,PHX,10,0,0,0,10,0,4,3,422.0,0.0,0.0,0.4,0.3,42.2
2023,2,20436,F9,13930,10397,ORD,ATL,28,0,0,0,28,0,13,5,2152.0,0.0,0.0,0.4642857142857143,0.17857142857142858,76.85714285714286
2023,2,20436,F9,13930,12889,ORD,LAS,14,2,0,0,12,0,2,1,295.0,0.14285714285714285,0.0,0.16666666666666666,0.08333333333333333,24.583333333333332
2023,2,20436,F9,13930,13204,ORD,MCO,31,0,0,0,31,0,8,5,127.0,0.0,0.0,0.25806451612903225,0.16129032258064516,4.096774193548387
2023,2,20436,F9,14100,10397,PHL,ATL,56,0,0,0,56,0,19,6,786.0,0.0,0.0,0.3392857142857143,0.10714285714285714,14.035714285714286
2023,2,20436,F9,14100,10721,PHL,BOS,5,0,0,0,5,0,3,2,340.0,0.0,0.0,0.6,0.4,68.0
2023,2,20436,F9,14100,11292,PHL,DEN,23,0,0,0,23,0,9,5,543.0,0.0,0.0,0.391304347826087,0.21739130434782608,23.608695652173914
2023,2,20436,F9,14100,11298,PHL,DFW,7,0,0,0,7,0,6,3,335.0,0.0,0.0,0.8571428571428571,0.42857142857142855,47.857142857142854
2023,2,20436,F9,14100,11697,PHL,FLL,28,1,0,0,27,0,5,2,357.0,0.03571428571428571,0.0,0.18518518518518517,0.07407407407407407,13.222222222222221
2023,2,20436,F9,14100,12889,PHL,LAS,28,0,0,0,28,0,13,5,780.0,0.0,0.0,0.4642857142857143,0.17857142857142858,27.857142857142858
2023,2,20436,F9,14100,13204,PHL,MCO,158,2,1,0,155,0,34,15,977.0,0.012658227848101266,0.006329113924050633,0.21935483870967742,0.0967741935483871,6.303225806451613
2023,2,20436,F9,14100,13232,PHL,MDW,13,0,0,0,13,0,4,1,201.0,0.0,0.0,0.3076923076923077,0.07692307692307693,15.461538461538462
2023,2,20436,F9,14100,13303,PHL,MIA,28,0,0,0,28,0,5,2,-63.0,0.0,0.0,0.17857142857142858,0.07142857142857142,-2.25
2023,2,20436,F9,14100,14107,PHL,PHX,28,0,0,0,28,0,20,7,1380.0,0.0,0.0,0.7142857142857143,0.25,49.285714285714285
2023,2,20436,F9,14100,14635,PHL,RSW,41,1,0,0,40,0,9,7,247.0,0.024390243902439025,0.0,0.225,0.175,6.175
2023,2,20436,F9,14100,15304,PHL,TPA,49,0,0,0,49,0,8,2,-480.0,0.0,0.0,0.16326530612244897,0.04081632653061224,-9.795918367346939
2023,2,20436,F9,14107,10397,PHX,ATL,27,0,0,0,27,0,16,6,1261.0,0.0,0.0,0.5925925925925926,0.2222222222222222,46.7037037037037
2023,2,20436,F9,14107,10821,PHX,BWI,28,0,0,0,28,0,5,0,-255.0,0.0,0.0,0.17857142857142858,0.0,-9.107142857142858
2023,2,20436,F9,14107,11292,PHX,DEN,88,2,0,0,86,0,23,13,811.0,0.022727272727272728,0.0,0.26744186046511625,0.1511627906976744,9.430232558139535
2023,2,20436,F9,14107,11298,PHX,DFW,23,0,0,0,23,0,2,0,-103.0,0.0,0.0,0.08695652173913043,0.0,-4.478260869565218
2023,2,20436,F9,14107,11433,PHX,DTW,28,2,0,0,26,0,8,1,65.0,0.07142857142857142,0.0,0.3076923076923077,0.038461538461538464,2.5
2023,2,20436,F9,14107,11697,PHX,FLL,28,0,0,0,28,0,6,3,534.0,0.0,0.0,0.21428571428571427,0.10714285714285714,19.071428571428573
2023,2,20436,F9,14107,12889,PHX,LAS,56,0,0,0,56,0,17,10,2177.0,0.0,0.0,0.30357142857142855,0.17857142857142858,38.875
2023,2,20436,F9,14107,13204,PHX,MCO,28,0,0,0,28,0,2,2,-134.0,0.0,0.0,0.07142857142857142,0.07142857142857142,-4.785714285714286
2023,2,20436,F9,14107,13232,PHX,MDW,28,0,0,0,28,0,2,2,-112.0,0.0,0.0,0.07142857142857142,0.07142857142857142,-4.0
2023,2,20436,F9,14107,13487,PHX,MSP,13,1,0,0,12,0,4,1,299.0,0.07692307692307693,0.0,0.3333333333333333,0.08333333333333333,24.916666666666668
2023,2,20436,F9,14107,13796,PHX,OAK,10,0,0,0,10,0,2,0,-39.0,0.0,0.0,0.2,0.0,-3.9
2023,2,20436,F9,14107,14100,PHX,PHL,28,0,0,0,28,0,15,3,732.0,0.0,0.0,0.5357142857142857,0.10714285714285714,26.142857142857142
2023,2,20436,F9,14107,14679,PHX,SAN,25,0,0,0,25,0,11,1,285.0,0.0,0.0,0.44,0.04,11.4
2023,2,20436,F9,14107,14747,PHX,SEA,13,0,0,0,13,0,1,0,-135.0,0.0,0.0,0.07692307692307693,0.0,-10.384615384615385
2023,2,20436,F9,14107,14771,PHX,SFO,26,0,0,0,26,0,4,1,-31.0,0.0,0.0,0.15384615384615385,0.038461538461538464,-1.1923076923076923
2023,2,20436,F9,14107,14869,PHX,SLC,28,0,0,0,28,0,12,4,785.0,0.0,0.0,0.42857142857142855,0.14285714285714285,28.035714285714285
2023,2,20436,F9,14635,11292,RSW,DEN,28,1,0,0,27,0,7,1,99.0,0.03571428571428571,0.0,0.25925925925925924,0.037037037037037035,3.6666666666666665
2023,2,20436,F9,14635,14100,RSW,PHL,41,1,0,0,40,0,9,2,414.0,0.024390243902439025,0.0,0.225,0.05,10.35
2023,2,20436,F9,14679,11292,SAN,DEN,56,0,0,0,56,0,5,3,-183.0,0.0,0.0,0.08928571428571429,0.05357142857142857,-3.267857142857143
2023,2,20436,F9,14679,11298,SAN,DFW,23,0,0,0,23,0,9,2,1105.0,0.0,0.0,0.391304347826087,0.08695652173913043,48.04347826086956
2023,2,20436,F9,14679,12889,SAN,LAS,35,0,1,0,34,0,11,4,539.0,0.0,0.02857142857142857,0.3235294117647059,0.11764705882352941,15.852941176470589
2023,2,20436,F9,14679,13204,SAN,MCO,13,0,0,0,13,0,8,1,795.0,0.0,0.0,0.6153846153846154,0.07692307692307693,61.15384615384615
2023,2,20436,F9,14679,14107,SAN,PHX,25,0,0,0,25,0,9,2,308.0,0.0,0.0,0.36,0.08,12.32
2023,2,20436,F9,14747,11292,SEA,DEN,19,0,0,0,19,0,6,3,408.0,0.0,0.0,0.3157894736842105,0.15789473684210525,21.473684210526315
2023,2,20436,F9,14747,12889,SEA,LAS,32,0,0,0,32,0,12,4,630.0,0.0,0.0,0.375,0.125,19.6875
2023,2,20436,F9,14747,14107,SEA,PHX,13,0,0,0,13,0,4,0,72.0,0.0,0.0,0.3076923076923077,0.0,5.538461538461538
2023,2,20436,F9,14771,10397,SFO,ATL,13,0,0,0,13,0,10,7,807.0,0.0,0.0,0.7692307692307693,0.5384615384615384,62.07692307692308
2023,2,20436,F9,14771,11292,SFO,DEN,56,1,0,0,55,0,11,3,372.0,0.017857142857142856,0.0,0.2,0.05454545454545454,6.763636363636364
2023,2,20436,F9,14771,11298,SFO,DFW,28,1,0,0,27,0,11,8,689.0,0.03571428571428571,0.0,0.4074074074074074,0.2962962962962963,25.51851851851852
2023,2,20436,F9,14771,12889,SFO,LAS,51,1,0,0,50,0,20,9,1069.0,0.0196078431372549,0.0,0.4,0.18,21.38
2023,2,20436,F9,14771,14107,SFO,PHX,26,0,0,0,26,0,4,2,-69.0,0.0,0.0,0.15384615384615385,0.07692307692307693,-2.6538461538461537
2023,2,20436,F9,14869,11292,SLC,DEN,56,1,0,0,55,0,22,5,1891.0,0.017857142857142856,0.0,0.4,0.09090909090909091,34.38181818181818
2023,2,20436,F9,14869,12889,SLC,LAS,28,0,0,0,28,0,14,7,1383.0,0.0,0.0,0.5,0.25,49.392857142857146
2023,2,20436,F9,14869,14107,SLC,PHX,28,0,0,0,28,0,13,8,1094.0,0.0,0.0,0.4642857142857143,0.2857142857142857,39.07142857142857
2023,2,20436,F9,15016,11292,STL,DEN,26,1,0,0,25,0,8,4,706.0,0.038461538461538464,0.0,0.32,0.16,28.24
2023,2,20436,F9,15016,12889,STL,LAS,28,0,0,0,28,0,7,2,273.0,0.0,0.0,0.25,0.07142857142857142,9.75
2023,2,20436,F9,15016,13204,STL,MCO,28,0,0,0,28,0,9,3,399.0,0.0,0.0,0.32142857142857145,0.10714285714285714,14.25
2023,2,20436,F9,15016,15304,STL,TPA,16,0,0,0,16,0,5,1,192.0,0.0,0.0,0.3125,0.0625,12.0
2023,2,20436,F9,15304,10397,TPA,ATL,28,0,0,0,28,0,4,3,243.0,0.0,0.0,0.14285714285714285,0.10714285714285714,8.678571428571429
2023,2,20436,F9,15304,11292,TPA,DEN,73,1,0,0,72,0,18,7,420.0,0.0136986301369863,0.0,0.25,0.09722222222222222,5.833333333333333
2023,2,20436,F9,15304,11298,TPA,DFW,13,1,0,0,12,0,1,0,-107.0,0.07692307692307693,0.0,0.08333333333333333,0.0,-8.916666666666666
2023,2,20436,F9,15304,11433,TPA,DTW,16,1,0,0,15,0,6,1,248.0,0.0625,0.0,0.4,0.06666666666666667,16.533333333333335
2023,2,20436,F9,15304,12889,TPA,LAS,43,0,0,0,43,0,11,2,206.0,0.0,0.0,0.2558139534883721,0.046511627906976744,4.790697674418604
2023,2,20436,F9,15304,13232,TPA,MDW,32,1,0,0,31,0,7,2,240.0,0.03125,0.0,0.22580645161290322,0.06451612903225806,7.741935483870968
2023,2,20436,F9,15304,14100,TPA,PHL,49,0,0,0,49,0,7,4,400.0,0.0,0.0,0.14285714285714285,0.08163265306122448,8.16326530612245
2023,2,20436,F9,15304,15016,TPA,STL,16,0,0,0,16,0,1,0,-37.0,0.0,0.0,0.0625,0.0,-2.3125
2023,2,20452,YX,10397,11278,ATL,DCA,91,0,1,0,90,0,4,2,-1128.0,0.0,0.01098901098901099,0.044444444444444446,0.022222222222222223,-12.533333333333333
2023,2,20452,YX,10397,11618,ATL,EWR,31,0,0,0,31,0,2,0,-350.0,0.0,0.0,0.06451612903225806,0.0,-11.290322580645162
2023,2,20452,YX,10397,12953,ATL,LGA,112,0,0,0,112,0,19,11,87.0,0.0,0.0,0.16964285714285715,0.09821428571428571,0.7767857142857143
2023,2,20452,YX,10397,13930,ATL,ORD,5,0,0,0,5,0,0,0,-121.0,0.0,0.0,0.0,0.0,-24.2
2023,2,20452,YX,10721,10821,BOS,BWI,72,2,0,0,70,0,9,2,-125.0,0.027777777777777776,0.0,0.12857142857142856,0.02857142857142857,-1.7857142857142858
2023,2,20452,YX,10721,11278,BOS,DCA,257,3,0,0,254,0,37,10,-682.0,0.011673151750972763,0.0,0.14566929133858267,0.03937007874015748,-2.6850393700787403
2023,2,20452,YX,10721,11618,BOS,EWR,76,2,0,0,74,0,19,4,520.0,0.02631578947368421,0.0,0.25675675675675674,0.05405405405405406,7.027027027027027
2023,2,20452,YX,10721,12478,BOS,JFK,196,2,0,0,194,0,22,7,-208.0,0.01020408163265306,0.0,0.1134020618556701,0.03608247422680412,-1.0721649484536082
2023,2,20452,YX,10721,12953,BOS,LGA,323,6,0,0,317,0,82,26,2550.0,0.018575851393188854,0.0,0.2586750788643533,0.08201892744479496,8.04416403785489
2023,2,20452,YX,10721,14100,BOS,PHL,78,2,0,0,76,0,12,3,-463.0,0.02564102564102564,0.0,0.15789473684210525,0.039473684210526314,-6.092105263157895
2023,2,20452,YX,10721,15016,BOS,STL,50,1,0,0,49,0,13,2,438.0,0.02,0.0,0.2653061224489796,0.04081632653061224,8.938775510204081
2023,2,20452,YX,10821,10721,BWI,BOS,72,1,0,0,71,0,6,1,-461.0,0.013888888888888888,0.0,0.08450704225352113,0.014084507042253521,-6.492957746478873
2023,2,20452,YX,10821,12478,BWI,JFK,28,0,0,0,28,0,2,0,-160.0,0.0,0.0,0.07142857142857142,0.0,-5.714285714285714
2023,2,20452,YX,11278,10397,DCA,ATL,92,0,0,0,92,0,8,1,-613.0,0.0,0.0,0.08695652173913043,0.010869565217391304,-6.663043478260869
2023,2,20452,YX,11278,10721,DCA,BOS,257,3,0,0,254,0,37,14,-1020.0,0.011673151750972763,0.0,0.14566929133858267,0.05511811023622047,-4.015748031496063
2023,2,20452,YX,11278,11433,DCA,DTW,26,1,0,0,25,0,0,0,-196.0,0.038461538461538464,0.0,0.0,0.0,-7.84
2023,2,20452,YX,11278,11618,DCA,EWR,80,3,0,0,77,0,11,7,412.0,0.0375,0.0,0.14285714285714285,0.09090909090909091,5.35064935064935
2023,2,20452,YX,11278,12478,DCA,JFK,224,2,1,0,221,0,33,3,-415.0,0.008928571428571428,0.004464285714285714,0.1493212669683258,0.013574660633484163,-1.8778280542986425
2023,2,20452,YX,11278,12953,DCA,LGA,386,8,0,0,378,0,69,31,-38.0,0.02072538860103627,0.0,0.18253968253968253,0.082010582010582,-0.10052910052910052
2023,2,20452,YX,11278,13487,DCA,MSP,6,0,0,0,6,0,1,0,-65.0,0.0,0.0,0.16666666666666666,0.0,-10.833333333333334
2023,2,20452,YX,11278,13930,DCA,ORD,14,0,0,0,14,0,2,1,-99.0,0.0,0.0,0.14285714285714285,0.07142857142857142,-7.071428571428571
2023,2,20452,YX,11278,14100,DCA,PHL,52,0,0,0,52,0,2,0,-765.0,0.0,0.0,0.038461538461538464,0.0,-14.711538461538462
2023,2,20452,YX,11278,15016,DCA,STL,48,0,0,0,48,0,2,0,-551.0,0.0,0.0,0.041666666666666664,0.0,-11.479166666666666
2023,2,20452,YX,11298,11618,DFW,EWR,11,0,0,0,11,0,1,0,-185.0,0.0,0.0,0.09090909090909091,0.0,-16.818181818181817
2023,2,20452,YX,11433,11278,DTW,DCA,25,1,0,0,24,0,1,1,-383.0,0.04,0.0,0.041666666666666664,0.041666666666666664,-15.958333333333334
2023,2,20452,YX,11433,11618,DTW,EWR,68,1,0,0,67,0,10,4,-315.0,0.014705882352941176,0.0,0.14925373134328357,0.05970149253731343,-4.701492537313433
2023,2,20452,YX,11433,12953,DTW,LGA,96,3,1,0,92,0,16,4,-529.0,0.03125,0.010416666666666666,0.17391304347826086,0.043478260869565216,-5.75
2023,2,20452,YX,11433,13930,DTW,ORD,23,0,0,0,23,0,5,1,29.0,0.0,0.0,0.21739130434782608,0.043478260869565216,1.2608695652173914
2023,2,20452,YX,11618,10397,EWR,ATL,31,0,0,0,31,0,5,0,-133.0,0.0,0.0,0.16129032258064516,0.0,-4.290322580645161
2023,2,20452,YX,11618,10721,EWR,BOS,76,2,0,0,74,0,7,1,-936.0,0.02631578947368421,0.0,0.0945945945945946,0.013513513513513514,-12.64864864864865
2023,2,20452,YX,11618,11278,EWR,DCA,80,2,0,0,78,0,8,2,-297.0,0.025,0.0,0.10256410256410256,0.02564102564102564,-3.8076923076923075
2023,2,20452,YX,11618,11298,EWR,DFW,11,0,0,0,11,0,2,0,-42.0,0.0,0.0,0.18181818181818182,0.0,-3.8181818181818183
2023,2,20452,YX,11618,11433,EWR,DTW,68,2,1,0,65,0,9,1,-176.0,0.029411764705882353,0.014705882352941176,0.13846153846153847,0.015384615384615385,-2.707692307692308
2023,2,20452,YX,11618,13487,EWR,MSP,36,4,0,0,32,0,17,2,438.0,0.1111111111111111,0.0,0.53125,0.0625,13.6875
2023,2,20452,YX,11618,14100,EWR,PHL,20,0,0,0,20,0,3,0,-93.0,0.0,0.0,0.15,0.0,-4.65
2023,2,20452,YX,11618,15016,EWR,STL,9,0,0,0,9,0,2,1,189.0,0.0,0.0,0.2222222222222222,0.1111111111111111,21.0
2023,2,20452,YX,12266,12953,IAH,LGA,50,1,0,0,49,0,14,9,822.0,0.02,0.0,0.2857142857142857,0.1836734693877551,16.775510204081634
2023,2,20452,YX,12266,13930,IAH,ORD,1,0,0,0,1,0,0,0,-3.0,0.0,0.0,0.0,0.0,-3.0
2023,2,20452,YX,12266,14100,IAH,PHL,2,0,0,0,2,0,0,0,-36.0,0.0,0.0,0.0,0.0,-18.0
2023,2,20452,YX,12478,10721,JFK,BOS,196,3,0,0,193,0,23,1,-1948.0,0.015306122448979591,0.0,0.11917098445595854,0.0051813471502590676,-10.093264248704664
2023,2,20452,YX,12478,10821,JFK,BWI,28,1,0,0,27,0,6,1,247.0,0.03571428571428571,0.0,0.2222222222222222,0.037037037037037035,9.148148148148149
2023,2,20452,YX,12478,11278,JFK,DCA,224,0,1,0,223,0,29,8,-1125.0,0.0,0.004464285714285714,0.13004484304932734,0.03587443946188341,-5.044843049327354
2023,2,20452,YX,12478,13930,JFK,ORD,9,0,0,0,9,0,1,0,-23.0,0.0,0.0,0.1111111111111111,0.0,-2.5555555555555554
2023,2,20452,YX,12953,10397,LGA,ATL,112,1,0,0,111,0,12,7,-1550.0,0.008928571428571428,0.0,0.10810810810810811,0.06306306306306306,-13.963963963963964
2023,2,20452,YX,12953,10721,LGA,BOS,323,8,0,0,315,0,58,20,-878.0,0.02476780185758514,0.0,0.18412698412698414,0.06349206349206349,-2.787301587301587
2023,2,20452,YX,12953,11278,LGA,DCA,386,7,0,0,379,0,59,16,-2647.0,0.018134715025906734,0.0,0.15567282321899736,0.04221635883905013,-6.984168865435357
2023,2,20452,YX,12953,11433,LGA,DTW,96,3,0,0,93,0,12,5,-855.0,0.03125,0.0,0.12903225806451613,0.053763440860215055,-9.193548387096774
2023,2,20452,YX,12953,12266,LGA,IAH,50,0,5,0,45,0,3,1,-665.0,0.0,0.1,0.06666666666666667,0.022222222222222223,-14.777777777777779
2023,2,20452,YX,12953,13487,LGA,MSP,52,2,0,0,50,0,4,2,-944.0,0.038461538461538464,0.0,0.08,0.04,-18.88
2023,2,20452,YX,12953,13930,LGA,ORD,35,0,0,0,35,0,5,0,-298.0,0.0,0.0,0.14285714285714285,0.0,-8.514285714285714
2023,2,20452,YX,12953,15016,LGA,STL,159,3,0,0,156,0,23,10,-1015.0,0.018867924528301886,0.0,0.14743589743589744,0.0641025641025641,-6.506410256410256
2023,2,20452,YX,13303,15304,MIA,TPA,8,0,0,0,8,0,1,0,-5.0,0.0,0.0,0.125,0.0,-0.625
2023,2,20452,YX,13487,11278,MSP,DCA,6,0,0,0,6,0,0,0,-116.0,0.0,0.0,0.0,0.0,-19.333333333333332
2023,2,20452,YX,13487,11618,MSP,EWR,36,4,0,0,32,0,7,3,3.0,0.1111111111111111,0.0,0.21875,0.09375,0.09375
2023,2,20452,YX,13487,12953,MSP,LGA,52,2,1,0,49,0,10,5,550.0,0.038461538461538464,0.019230769230769232,0.20408163265306123,0.10204081632653061,11.224489795918368
2023,2,20452,YX,13487,13930,MSP,ORD,26,1,0,0,25,0,5,1,357.0,0.038461538461538464,0.0,0.2,0.04,14.28
2023,2,20452,YX,13930,10397,ORD,ATL,2,0,0,0,2,0,0,0,-30.0,0.0,0.0,0.0,0.0,-15.0
2023,2,20452,YX,13930,11278,ORD,DCA,14,0,0,0,14,0,1,1,-184.0,0.0,0.0,0.07142857142857142,0.07142857142857142,-13.142857142857142
2023,2,20452,YX,13930,11433,ORD,DTW,23,0,0,0,23,0,7,2,42.0,0.0,0.0,0.30434782608695654,0.08695652173913043,1.826086956521739
2023,2,20452,YX,13930,12478,ORD,JFK,10,0,0,0,10,0,0,0,-49.0,0.0,0.0,0.0,0.0,-4.9
2023,2,20452,YX,13930,12953,ORD,LGA,36,0,0,0,36,0,6,0,-348.0,0.0,0.0,0.16666666666666666,0.0,-9.666666666666666
2023,2,20452,YX,13930,13487,ORD,MSP,26,1,0,0,25,0,6,0,-20.0,0.038461538461538464,0.0,0.24,0.0,-0.8
2023,2,20452,YX,13930,14100,ORD,PHL,29,1,0,0,28,0,1,0,-419.0,0.034482758620689655,0.0,0.03571428571428571,0.0,-14.964285714285714
2023,2,20452,YX,14100,10721,PHL,BOS,78,3,0,0,75,0,9,3,-123.0,0.038461538461538464,0.0,0.12,0.04,-1.64
2023,2,20452,YX,14100,11278,PHL,DCA,52,0,0,0,52,0,3,0,-600.0,0.0,0.0,0.057692307692307696,0.0,-11.538461538461538
2023,2,20452,YX,14100,11618,PHL,EWR,20,0,0,0,20,0,2,1,-27.0,0.0,0.0,0.1,0.05,-1.35
2023,2,20452,YX,14100,12266,PHL,IAH,2,0,2,0,0,0,0,0,0.0,0.0,1.0,,,
2023,2,20452,YX,14100,13930,PHL,ORD,28,1,0,0,27,0,0,0,-396.0,0.03571428571428571,0.0,0.0,0.0,-14.666666666666666
2023,2,20452,YX,14100,14635,PHL,RSW,2,0,0,0,2,0,0,0,-19.0,0.0,0.0,0.0,0.0,-9.5
2023,2,20452,YX,14100,15016,PHL,STL,2,0,0,0,2,0,0,0,21.0,0.0,0.0,0.0,0.0,10.5
2023,2,20452,YX,14635,14100,RSW,PHL,2,0,0,0,2,0,0,0,-14.0,0.0,0.0,0.0,0.0,-7.0
2023,2,20452,YX,15016,10721,STL,BOS,50,1,0,0,49,0,9,2,-100.0,0.02,0.0,0.1836734693877551,0.04081632653061224,-2.0408163265306123
2023,2,20452,YX,15016,11278,STL,DCA,48,0,0,0,48,0,3,0,-691.0,0.0,0.0,0.0625,0.0,-14.395833333333334
2023,2,20452,YX,15016,11618,STL,EWR,9,0,0,0,9,0,5,2,365.0,0.0,0.0,0.5555555555555556,0.2222222222222222,40.55555555555556
2023,2,20452,YX,15016,12953,STL,LGA,159,1,1,0,157,0,26,13,-605.0,0.006289308176100629,0.006289308176100629,0.16560509554140126,0.08280254777070063,-3.8535031847133756
2023,2,20452,YX,15016,14100,STL,PHL,2,0,0,0,2,0,0,0,11.0,0.0,0.0,0.0,0.0,5.5
2023,2,20452,YX,15304,13303,TPA,MIA,8,0,0,0,8,0,2,2,163.0,0.0,0.0,0.25,0.25,20.375
2023,3,19393,WN,10397,10821,ATL,BWI,170,1,0,0,169,0,28,6,406.0,0.0058823529411764705,0.0,0.16568047337278108,0.03550295857988166,2.4023668639053253
2023,3,19393,WN,10397,11278,ATL,DCA,117,0,0,0,117,0,21,5,107.0,0.0,0.0,0.1794871794871795,0.042735042735042736,0.9145299145299145
2023,3,19393,WN,10397,11292,ATL,DEN,111,0,0,0,111,0,19,2,302.0,0.0,0.0,0.17117117117117117,0.018018018018018018,2.720720720720721
2023,3,19393,WN,10397,11697,ATL,FLL,101,0,0,0,101,0,27,6,1178.0,0.0,0.0,0.26732673267326734,0.0594059405940594,11.663366336633663
2023,3,19393,WN,10397,12889,ATL,LAS,35,0,0,0,35,0,14,1,332.0,0.0,0.0,0.4,0.02857142857142857,9.485714285714286
2023,3,19393,WN,10397,12953,ATL,LGA,116,0,0,0,116,0,29,10,1015.0,0.0,0.0,0.25,0.08620689655172414,8.75
2023,3,19393,WN,10397,13204,ATL,MCO,142,0,0,0,142,0,38,16,1662.0,0.0,0.0,0.2676056338028169,0.11267605633802817,11.704225352112676
2023,3,19393,WN,10397,13232,ATL,MDW,148,1,0,0,147,0,31,7,568.0,0.006756756756756757,0.0,0.2108843537414966,0.047619047619047616,3.8639455782312924
2023,3,19393,WN,10397,13303,ATL,MIA,62,0,0,0,62,0,17,5,482.0,0.0,0.0,0.27419354838709675,0.08064516129032258,7.774193548387097
2023,3,19393,WN,10397,14100,ATL,PHL,31,0,0,0,31,0,6,2,211.0,0.0,0.0,0.1935483870967742,0.06451612903225806,6.806451612903226
2023,3,19393,WN,10397,14107,ATL,PHX,38,0,0,0,38,0,6,1,-60.0,0.0,0.0,0.15789473684210525,0.02631578947368421,-1.5789473684210527
2023,3,19393,WN,10397,14635,ATL,RSW,32,0,0,0,32,0,6,1,67.0,0.0,0.0,0.1875,0.03125,2.09375
2023,3,19393,WN,10397,15016,ATL,STL,89,0,1,0,88,0,18,3,325.0,0.0,0.011235955056179775,0.20454545454545456,0.03409090909090909,3.6931818181818183
2023,3,19393,WN,10397,15304,ATL,TPA,124,0,0,0,124,0,25,5,426.0,0.0,0.0,0.20161290322580644,0.04032258064516129,3.435483870967742
2023,3,19393,WN,10721,10821,BOS,BWI,195,5,0,0,190,0,28,3,-605.0,0.02564102564102564,0.0,0.14736842105263157,0.015789473684210527,-3.1842105263157894
2023,3,19393,WN,10721,11292,BOS,DEN,31,1,0,0,30,0,7,1,-2.0,0.03225806451612903,0.0,0.23333333333333334,0.03333333333333333,-0.06666666666666667
2023,3,19393,WN,10721,13204,BOS,MCO,4,0,0,0,4,0,2,1,154.0,0.0,0.0,0.5,0.25,38.5
2023,3,19393,WN,10721,13232,BOS,MDW,106,4,0,0,102,0,17,4,121.0,0.03773584905660377,0.0,0.16666666666666666,0.0392156862745098,1.1862745098039216
2023,3,19393,WN,10721,15016,BOS,STL,57,1,0,0,56,0,9,1,-45.0,0.017543859649122806,0.0,0.16071428571428573,0.017857142857142856,-0.8035714285714286
2023,3,19393,WN,10821,10397,BWI,ATL,170,0,1,0,169,0,30,9,1083.0,0.0,0.0058823529411764705,0.17751479289940827,0.05325443786982249,6.408284023668639
2023,3,19393,WN,10821,10721,BWI,BOS,195,3,0,0,192,0,47,5,912.0,0.015384615384615385,0.0,0.24479166666666666,0.026041666666666668,4.75
2023,3,19393,WN,10821,11292,BWI,DEN,135,0,0,0,135,0,46,4,1369.0,0.0,0.0,0.34074074074074073,0.02962962962962963,10.14074074074074
2023,3,19393,WN,10821,11433,BWI,DTW,60,1,0,0,59,0,18,4,755.0,0.016666666666666666,0.0,0.3050847457627119,0.06779661016949153,12.796610169491526
2023,3,19393,WN,10821,11697,BWI,FLL,257,2,1,0,254,0,98,18,3619.0,0.007782101167315175,0.0038910505836575876,0.3858267716535433,0.07086614173228346,14.248031496062993
2023,3,19393,WN,10821,12889,BWI,LAS,96,0,1,0,95,0,42,8,1615.0,0.0,0.010416666666666666,0.4421052631578947,0.08421052631578947,17.0
2023,3,19393,WN,10821,12892,BWI,LAX,32,0,0,0,32,0,16,2,678.0,0.0,0.0,0.5,0.0625,21.1875
2023,3,19393,WN,10821,13204,BWI,MCO,297,4,1,0,292,0,97,37,5055.0,0.013468013468013467,0.003367003367003367,0.3321917808219178,0.1267123287671233,17.311643835616437
2023,3,19393,WN,10821,13232,BWI,MDW,174,1,0,0,173,0,46,8,1973.0,0.005747126436781609,0.0,0.2658959537572254,0.046242774566473986,11.404624277456648
2023,3,19393,WN,10821,13303,BWI,MIA,125,0,0,0,125,0,31,7,805.0,0.0,0.0,0.248,0.056,6.44
2023,3,19393,WN,10821,13487,BWI,MSP,26,0,0,0,26,0,5,0,50.0,0.0,0.0,0.19230769230769232,0.0,1.9230769230769231
2023,3,19393,WN,10821,13930,BWI,ORD,85,1,0,0,84,0,21,4,578.0,0.011764705882352941,0.0,0.25,0.047619047619047616,6.880952380952381
2023,3,19393,WN,10821,14107,BWI,PHX,67,0,0,0,67,0,22,7,954.0,0.0,0.0,0.3283582089552239,0.1044776119402985,14.238805970149254
2023,3,19393,WN,10821,14635,BWI,RSW,126,1,0,0,125,0,39,10,1760.0,0.007936507936507936,0.0,0.312,0.08,14.08
2023,3,19393,WN,10821,14679,BWI,SAN,31,0,0,0,31,0,10,2,351.0,0.0,0.0,0.3225806451612903,0.06451612903225806,11.32258064516129
2023,3,19393,WN,10821,14869,BWI,SLC,8,0,0,0,8,0,6,2,282.0,0.0,0.0,0.75,0.25,35.25
2023,3,19393,WN,10821,15016,BWI,STL,92,0,0,0,92,0,21,3,793.0,0.0,0.0,0.22826086956521738,0.03260869565217391,8.619565217391305
2023,3,19393,WN,10821,15304,BWI,TPA,249,1,0,0,248,0,77,20,2937.0,0.004016064257028112,0.0,0.31048387096774194,0.08064516129032258,11.84274193548387
2023,3,19393,WN,11278,10397,DCA,ATL,117,0,0,0,117,0,22,11,1506.0,0.0,0.0,0.18803418803418803,0.09401709401709402,12.871794871794872
2023,3,19393,WN,11278,11697,DCA,FLL,70,1,0,0,69,0,14,2,287.0,0.014285714285714285,0.0,0.2028985507246377,0.028985507246376812,4.159420289855072
2023,3,19393,WN,11278,13204,DCA,MCO,79,0,0,0,79,0,27,8,1335.0,0.0,0.0,0.34177215189873417,0.10126582278481013,16.89873417721519
2023,3,19393,WN,11278,13232,DCA,MDW,175,3,0,0,172,0,32,8,630.0,0.017142857142857144,0.0,0.18604651162790697,0.046511627906976744,3.6627906976744184
2023,3,19393,WN,11278,14635,DCA,RSW,4,0,0,0,4,0,2,1,124.0,0.0,0.0,0.5,0.25,31.0
2023,3,19393,WN,11278,15016,DCA,STL,116,1,1,0,114,0,22,5,849.0,0.008620689655172414,0.008620689655172414,0.19298245614035087,0.043859649122807015,7.447368421052632
2023,3,19393,WN,11278,15304,DCA,TPA,69,0,0,0,69,0,17,6,896.0,0.0,0.0,0.2463768115942029,0.08695652173913043,12.985507246376812
2023,3,19393,WN,11292,10397,DEN,ATL,111,0,0,0,111,0,29,4,396.0,0.0,0.0,0.26126126126126126,0.036036036036036036,3.5675675675675675
2023,3,19393,WN,11292,10721,DEN,BOS,31,0,0,0,31,0,13,1,297.0,0.0,0.0,0.41935483870967744,0.03225806451612903,9.580645161290322
2023,3,19393,WN,11292,10821,DEN,BWI,137,0,0,0,137,0,35,1,465.0,0.0,0.0,0.25547445255474455,0.0072992700729927005,3.394160583941606
2023,3,19393,WN,11292,11433,DEN,DTW,31,0,1,0,30,0,7,1,124.0,0.0,0.03225806451612903,0.23333333333333334,0.03333333333333333,4.133333333333334
2023,3,19393,WN,11292,11697,DEN,FLL,59,0,0,0,59,0,30,6,1468.0,0.0,0.0,0.5084745762711864,0.1016949152542373,24.88135593220339
2023,3,19393,WN,11292,12266,DEN,IAH,90,1,0,0,89,0,33,6,1172.0,0.011111111111111112,0.0,0.3707865168539326,0.06741573033707865,13.168539325842696
2023,3,19393,WN,11292,12889,DEN,LAS,391,4,0,0,387,0,156,42,7712.0,0.010230179028132993,0.0,0.40310077519379844,0.10852713178294573,19.927648578811368
2023,3,19393,WN,11292,12892,DEN,LAX,176,0,0,0,176,0,71,11,2811.0,0.0,0.0,0.4034090909090909,0.0625,15.971590909090908
2023,3,19393,WN,11292,12953,DEN,LGA,113,2,0,0,111,0,36,10,1102.0,0.017699115044247787,0.0,0.32432432432432434,0.09009009009009009,9.927927927927929
2023,3,19393,WN,11292,13204,DEN,MCO,133,0,0,0,133,0,48,13,1981.0,0.0,0.0,0.3609022556390977,0.09774436090225563,14.894736842105264
2023,3,19393,WN,11292,13232,DEN,MDW,247,3,1,0,243,0,60,7,1251.0,0.012145748987854251,0.004048582995951417,0.24691358024691357,0.02880658436213992,5.148148148148148
2023,3,19393,WN,11292,13303,DEN,MIA,31,0,0,0,31,0,12,6,528.0,0.0,0.0,0.3870967741935484,0.1935483870967742,17.032258064516128
2023,3,19393,WN,11292,13487,DEN,MSP,208,4,0,0,204,0,48,10,1140.0,0.019230769230769232,0.0,0.23529411764705882,0.049019607843137254,5.588235294117647
2023,3,19393,WN,11292,13796,DEN,OAK,136,0,1,0,135,0,59,8,2350.0,0.0,0.007352941176470588,0.43703703703703706,0.05925925925925926,17.40740740740741
2023,3,19393,WN,11292,13930,DEN,ORD,167,4,0,0,163,0,32,10,277.0,0.023952095808383235,0.0,0.19631901840490798,0.06134969325153374,1.6993865030674846
2023,3,19393,WN,11292,14100,DEN,PHL,31,0,0,0,31,0,10,1,362.0,0.0,0.0,0.3225806451612903,0.03225806451612903,11.67741935483871
2023,3,19393,WN,11292,14107,DEN,PHX,395,3,1,0,391,0,137,22,5131.0,0.007594936708860759,0.002531645569620253,0.35038363171355497,0.056265984654731455,13.122762148337596
2023,3,19393,WN,11292,14635,DEN,RSW,7,0,0,0,7,0,3,1,231.0,0.0,0.0,0.42857142857142855,0.14285714285714285,33.0
2023,3,19393,WN,11292,14679,DEN,SAN,195,0,0,0,195,0,69,8,2417.0,0.0,0.0,0.35384615384615387,0.041025641025641026,12.394871794871795
2023,3,19393,WN,11292,14747,DEN,SEA,110,1,0,0,109,0,23,4,768.0,0.00909090909090909,0.0,0.21100917431192662,0.03669724770642202,7.045871559633028
2023,3,19393,WN,11292,14771,DEN,SFO,103,0,0,0,103,0,60,15,3418.0,0.0,0.0,0.5825242718446602,0.14563106796116504,33.18446601941748
2023,3,19393,WN,11292,14869,DEN,SLC,242,1,1,0,240,0,85,8,2756.0,0.004132231404958678,0.004132231404958678,0.3541666666666667,0.03333333333333333,11.483333333333333
2023,3,19393,WN,11292,15016,DEN,STL,167,0,0,0,167,0,45,8,986.0,0.0,0.0,0.2694610778443114,0.04790419161676647,5.904191616766467
2023,3,19393,WN,11292,15304,DEN,TPA,90,0,0,0,90,0,29,4,782.0,0.0,0.0,0.32222222222222224,0.044444444444444446,8.688888888888888
2023,3,19393,WN,11433,10821,DTW,BWI,60,1,0,0,59,0,6,0,-298.0,0.016666666666666666,0.0,0.1016949152542373,0.0,-5.0508474576271185
2023,3,19393,WN,11433,11292,DTW,DEN,31,0,0,0,31,0,10,0,101.0,0.0,0.0,0.3225806451612903,0.0,3.2580645161290325
2023,3,19393,WN,11433,13204,DTW,MCO,4,0,0,0,4,0,3,1,154.0,0.0,0.0,0.75,0.25,38.5
2023,3,19393,WN,11433,13232,DTW,MDW,103,4,0,0,99,0,14,0,-382.0,0.038834951456310676,0.0,0.1414141414141414,0.0,-3.8585858585858586
2023,3,19393,WN,11433,14107,DTW,PHX,7,0,0,0,7,0,3,1,194.0,0.0,0.0,0.42857142857142855,0.14285714285714285,27.714285714285715
2023,3,19393,WN,11433,15016,DTW,STL,51,1,0,0,50,0,10,0,23.0,0.0196078431372549,0.0,0.2,0.0,0.46
2023,3,19393,WN,11433,15304,DTW,TPA,3,0,0,0,3,0,2,1,141.0,0.0,0.0,0.6666666666666666,0.3333333333333333,47.0
2023,3,19393,WN,11697,10397,FLL,ATL,101,1,0,0,100,0,28,8,1131.0,0.009900990099009901,0.0,0.28,0.08,11.31
2023,3,19393,WN,11697,10821,FLL,BWI,260,2,0,0,258,0,63,16,1922.0,0.007692307692307693,0.0,0.2441860465116279,0.06201550387596899,7.449612403100775
2023,3,19393,WN,11697,11278,FLL,DCA,70,1,0,0,69,0,25,8,1402.0,0.014285714285714285,0.0,0.36231884057971014,0.11594202898550725,20.318840579710145
2023,3,19393,WN,11697,11292,FLL,DEN,56,0,0,0,56,0,20,3,715.0,0.0,0.0,0.35714285714285715,0.05357142857142857,12.767857142857142
2023,3,19393,WN,11697,13204,FLL,MCO,61,1,0,0,60,0,18,7,872.0,0.01639344262295082,0.0,0.3,0.11666666666666667,14.533333333333333
2023,3,19393,WN,11697,13232,FLL,MDW,125,1,0,0,124,0,47,12,1796.0,0.008,0.0,0.3790322580645161,0.0967741935483871,14.483870967741936
2023,3,19393,WN,11697,13487,FLL,MSP,3,0,0,0,3,0,0,0,-11.0,0.0,0.0,0.0,0.0,-3.6666666666666665
2023,3,19393,WN,11697,13930,FLL,ORD,6,1,0,0,5,0,3,0,67.0,0.16666666666666666,0.0,0.6,0.0,13.4
2023,3,19393,WN,11697,14100,FLL,PHL,4,0,0,0,4,0,3,2,253.0,0.0,0.0,0.75,0.5,63.25
2023,3,19393,WN,11697,14107,FLL,PHX,4,0,0,0,4,0,4,1,213.0,0.0,0.0,1.0,0.25,53.25
2023,3,19393,WN,11697,15016,FLL,STL,69,0,0,0,69,0,23,9,1193.0,0.0,0.0,0.3333333333333333,0.13043478260869565,17.28985507246377
2023,3,19393,WN,11697,15304,FLL,TPA,59,0,0,0,59,0,19,5,792.0,0.0,0.0,0.3220338983050847,0.0847457627118644,13.423728813559322
2023,3,19393,WN,12173,12889,HNL,LAS,54,0,0,0,54,0,1,1,-796.0,0.0,0.0,0.018518518518518517,0.018518518518518517,-14.74074074074074
2023,3,19393,WN,12173,12892,HNL,LAX,31,0,0,0,31,0,3,0,-59.0,0.0,0.0,0.0967741935483871,0.0,-1.903225806451613
2023,3,19393,WN,12173,13796,HNL,OAK,62,0,0,0,62,0,7,1,-480.0,0.0,0.0,0.11290322580645161,0.016129032258064516,-7.741935483870968
2023,3,19393,WN,12173,14107,HNL,PHX,31,0,1,0,30,0,2,0,-586.0,0.0,0.03225806451612903,0.06666666666666667,0.0,-19.533333333333335
2023,3,19393,WN,12173,14679,HNL,SAN,62,0,0,0,62,0,14,2,3.0,0.0,0.0,0.22580645161290322,0.03225806451612903,0.04838709677419355
2023,3,19393,WN,12266,11292,IAH,DEN,90,1,0,0,89,0,18,6,399.0,0.011111111111111112,0.0,0.20224719101123595,0.06741573033707865,4.48314606741573
2023,3,19393,WN,12266,12889,IAH,LAS,54,0,0,0,54,0,17,5,628.0,0.0,0.0,0.3148148148148148,0.09259259259259259,11.62962962962963
2023,3,19393,WN,12266,13204,IAH,MCO,32,1,0,0,31,0,11,5,734.0,0.03125,0.0,0.3548387096774194,0.16129032258064516,23.677419354838708
2023,3,19393,WN,12266,13232,IAH,MDW,62,1,0,0,61,0,12,3,44.0,0.016129032258064516,0.0,0.19672131147540983,0.04918032786885246,0.7213114754098361
2023,3,19393,WN,12266,15304,IAH,TPA,3,0,0,0,3,0,2,0,100.0,0.0,0.0,0.6666666666666666,0.0,33.333333333333336
2023,3,19393,WN,12889,10397,LAS,ATL,35,0,0,0,35,0,11,2,242.0,0.0,0.0,0.3142857142857143,0.05714285714285714,6.914285714285715
2023,3,19393,WN,12889,10821,LAS,BWI,96,0,0,0,96,0,19,5,179.0,0.0,0.0,0.19791666666666666,0.052083333333333336,1.8645833333333333
2023,3,19393,WN,12889,11292,LAS,DEN,391,4,0,0,387,0,124,33,3730.0,0.010230179028132993,0.0,0.32041343669250644,0.08527131782945736,9.638242894056848
2023,3,19393,WN,12889,12173,LAS,HNL,54,0,0,0,54,0,42,12,2173.0,0.0,0.0,0.7777777777777778,0.2222222222222222,40.24074074074074
2023,3,19393,WN,12889,12266,LAS,IAH,54,0,1,0,53,0,15,2,590.0,0.0,0.018518518518518517,0.2830188679245283,0.03773584905660377,11.132075471698114
2023,3,19393,WN,12889,12892,LAS,LAX,260,0,0,0,260,0,100,14,3604.0,0.0,0.0,0.38461538461538464,0.05384615384615385,13.861538461538462
2023,3,19393,WN,12889,13204,LAS,MCO,8,0,0,0,8,0,3,1,127.0,0.0,0.0,0.375,0.125,15.875
2023,3,19393,WN,12889,13232,LAS,MDW,208,5,1,0,202,0,55,11,1245.0,0.02403846153846154,0.004807692307692308,0.2722772277227723,0.054455445544554455,6.163366336633663
2023,3,19393,WN,12889,13796,LAS,OAK,333,1,0,0,332,0,140,32,6528.0,0.003003003003003003,0.0,0.42168674698795183,0.0963855421686747,19.662650602409638
2023,3,19393,WN,12889,13930,LAS,ORD,62,2,0,0,60,0,17,2,262.0,0.03225806451612903,0.0,0.2833333333333333,0.03333333333333333,4.366666666666666
2023,3,19393,WN,12889,14107,LAS,PHX,350,5,0,0,345,0,101,32,4815.0,0.014285714285714285,0.0,0.2927536231884058,0.0927536231884058,13.956521739130435
2023,3,19393,WN,12889,14679,LAS,SAN,400,4,0,0,396,0,149,38,6946.0,0.01,0.0,0.37626262626262624,0.09595959595959595,17.54040404040404
2023,3,19393,WN,12889,14747,LAS,SEA,64,0,0,0,64,0,22,3,541.0,0.0,0.0,0.34375,0.046875,8.453125
2023,3,19393,WN,12889,14771,LAS,SFO,107,1,0,0,106,0,59,30,4251.0,0.009345794392523364,0.0,0.5566037735849056,0.2830188679245283,40.10377358490566
2023,3,19393,WN,12889,14869,LAS,SLC,142,0,0,0,142,0,48,12,1983.0,0.0,0.0,0.3380281690140845,0.08450704225352113,13.964788732394366
2023,3,19393,WN,12889,15016,LAS,STL,105,0,0,0,105,0,35,12,1839.0,0.0,0.0,0.3333333333333333,0.11428571428571428,17.514285714285716
2023,3,19393,WN,12889,15304,LAS,TPA,7,0,0,0,7,0,6,2,316.0,0.0,0.0,0.8571428571428571,0.2857142857142857,45.142857142857146
2023,3,19393,WN,12892,10821,LAX,BWI,32,0,0,0,32,0,1,1,-414.0,0.0,0.0,0.03125,0.03125,-12.9375
2023,3,19393,WN,12892,11292,LAX,DEN,173,2,1,0,170,0,28,6,-312.0,0.011560693641618497,0.005780346820809248,0.16470588235294117,0.03529411764705882,-1.8352941176470587
2023,3,19393,WN,12892,12173,LAX,HNL,31,0,0,0,31,0,21,4,986.0,0.0,0.0,0.6774193548387096,0.12903225806451613,31.806451612903224
2023,3,19393,WN,12892,12889,LAX,LAS,271,4,0,0,267,0,78,22,3090.0,0.014760147601476014,0.0,0.29213483146067415,0.08239700374531835,11.573033707865168
2023,3,19393,WN,12892,13232,LAX,MDW,93,1,0,0,92,0,12,4,-579.0,0.010752688172043012,0.0,0.13043478260869565,0.043478260869565216,-6.293478260869565
2023,3,19393,WN,12892,13796,LAX,OAK,248,0,0,0,248,0,59,11,1697.0,0.0,0.0,0.23790322580645162,0.04435483870967742,6.842741935483871
2023,3,19393,WN,12892,14107,LAX,PHX,178,0,0,0,178,0,54,9,1586.0,0.0,0.0,0.30337078651685395,0.05056179775280899,8.910112359550562
2023,3,19393,WN,12892,14771,LAX,SFO,136,2,0,0,134,0,46,17,2568.0,0.014705882352941176,0.0,0.34328358208955223,0.12686567164179105,19.16417910447761
2023,3,19393,WN,12892,14869,LAX,SLC,41,0,0,0,41,0,4,1,-259.0,0.0,0.0,0.0975609756097561,0.024390243902439025,-6.317073170731708
2023,3,19393,WN,12892,15016,LAX,STL,31,0,0,0,31,0,9,0,126.0,0.0,0.0,0.2903225806451613,0.0,4.064516129032258
2023,3,19393,WN,12953,10397,LGA,ATL,116,0,1,0,115,0,31,7,720.0,0.0,0.008620689655172414,0.26956521739130435,0.06086956521739131,6.260869565217392
2023,3,19393,WN,12953,11292,LGA,DEN,113,2,1,0,110,0,37,9,902.0,0.017699115044247787,0.008849557522123894,0.33636363636363636,0.08181818181818182,8.2
2023,3,19393,WN,12953,13204,LGA,MCO,12,0,0,0,12,0,7,4,590.0,0.0,0.0,0.5833333333333334,0.3333333333333333,49.166666666666664
2023,3,19393,WN,12953,13232,LGA,MDW,220,10,1,0,209,0,48,16,1839.0,0.045454545454545456,0.004545454545454545,0.22966507177033493,0.07655502392344497,8.799043062200957
2023,3,19393,WN,12953,15016,LGA,STL,136,2,0,0,134,0,26,7,342.0,0.014705882352941176,0.0,0.19402985074626866,0.05223880597014925,2.5522388059701493
2023,3,19393,WN,12953,15304,LGA,TPA,35,0,0,0,35,0,16,7,883.0,0.0,0.0,0.45714285714285713,0.2,25.228571428571428
2023,3,19393,WN,13204,10397,MCO,ATL,142,0,0,0,142,0,33,8,821.0,0.0,0.0,0.2323943661971831,0.056338028169014086,5.78169014084507
2023,3,19393,WN,13204,10721,MCO,BOS,4,0,0,0,4,0,2,1,151.0,0.0,0.0,0.5,0.25,37.75
2023,3,19393,WN,13204,10821,MCO,BWI,298,3,0,0,295,0,73,28,3309.0,0.010067114093959731,0.0,0.24745762711864408,0.09491525423728814,11.216949152542373
2023,3,19393,WN,13204,11278,MCO,DCA,79,0,0,0,79,0,30,10,1471.0,0.0,0.0,0.379746835443038,0.12658227848101267,18.620253164556964
2023,3,19393,WN,13204,11292,MCO,DEN,139,1,0,0,138,0,31,10,898.0,0.007194244604316547,0.0,0.2246376811594203,0.07246376811594203,6.507246376811594
2023,3,19393,WN,13204,11433,MCO,DTW,4,0,0,0,4,0,1,0,8.0,0.0,0.0,0.25,0.0,2.0
2023,3,19393,WN,13204,11697,MCO,FLL,58,0,0,0,58,0,11,2,254.0,0.0,0.0,0.1896551724137931,0.034482758620689655,4.379310344827586
2023,3,19393,WN,13204,12266,MCO,IAH,32,1,0,0,31,0,5,1,37.0,0.03125,0.0,0.16129032258064516,0.03225806451612903,1.1935483870967742
2023,3,19393,WN,13204,12889,MCO,LAS,12,0,0,0,12,0,9,4,695.0,0.0,0.0,0.75,0.3333333333333333,57.916666666666664
2023,3,19393,WN,13204,12953,MCO,LGA,12,0,0,0,12,0,7,3,599.0,0.0,0.0,0.5833333333333334,0.25,49.916666666666664
2023,3,19393,WN,13204,13232,MCO,MDW,256,2,0,0,254,0,76,29,3724.0,0.0078125,0.0,0.2992125984251969,0.1141732283464567,14.661417322834646
2023,3,19393,WN,13204,13487,MCO,MSP,6,0,0,0,6,0,4,2,204.0,0.0,0.0,0.6666666666666666,0.3333333333333333,34.0
2023,3,19393,WN,13204,13930,MCO,ORD,73,2,0,0,71,0,26,10,1321.0,0.0273972602739726,0.0,0.36619718309859156,0.14084507042253522,18.6056338028169
2023,3,19393,WN,13204,14100,MCO,PHL,26,1,0,0,25,0,9,5,598.0,0.038461538461538464,0.0,0.36,0.2,23.92
2023,3,19393,WN,13204,14107,MCO,PHX,37,0,0,0,37,0,14,2,426.0,0.0,0.0,0.3783783783783784,0.05405405405405406,11.513513513513514
2023,3,19393,WN,13204,14635,MCO,RSW,28,0,0,0,28,0,2,0,-80.0,0.0,0.0,0.07142857142857142,0.0,-2.857142857142857
2023,3,19393,WN,13204,14869,MCO,SLC,3,0,0,0,3,0,3,3,246.0,0.0,0.0,1.0,1.0,82.0
2023,3,19393,WN,13204,15016,MCO,STL,155,1,0,0,154,0,40,18,1940.0,0.0064516129032258064,0.0,0.2597402597402597,0.11688311688311688,12.597402597402597
2023,3,19393,WN,13232,10397,MDW,ATL,148,1,0,0,147,0,27,3,508.0,0.006756756756756757,0.0,0.1836734693877551,0.02040816326530612,3.45578231292517
2023,3,19393,WN,13232,10721,MDW,BOS,106,4,1,0,101,0,21,6,410.0,0.03773584905660377,0.009433962264150943,0.2079207920792079,0.0594059405940594,4.0594059405940595
2023,3,19393,WN,13232,10821,MDW,BWI,171,3,0,0,168,0,29,6,419.0,0.017543859649122806,0.0,0.17261904761904762,0.03571428571428571,2.494047619047619
2023,3,19393,WN,13232,11278,MDW,DCA,175,4,0,0,171,0,34,10,709.0,0.022857142857142857,0.0,0.19883040935672514,0.05847953216374269,4.146198830409356
2023,3,19393,WN,13232,11292,MDW,DEN,250,4,0,0,246,0,63,10,1765.0,0.016,0.0,0.25609756097560976,0.04065040650406504,7.17479674796748
2023,3,19393,WN,13232,11433,MDW,DTW,103,3,0,0,100,0,20,3,279.0,0.02912621359223301,0.0,0.2,0.03,2.79
2023,3,19393,WN,13232,11697,MDW,FLL,132,3,0,0,129,0,37,17,2096.0,0.022727272727272728,0.0,0.2868217054263566,0.13178294573643412,16.248062015503876
2023,3,19393,WN,13232,12266,MDW,IAH,62,0,1,0,61,0,24,4,960.0,0.0,0.016129032258064516,0.39344262295081966,0.06557377049180328,15.737704918032787
2023,3,19393,WN,13232,12889,MDW,LAS,206,2,1,0,203,0,90,24,3670.0,0.009708737864077669,0.0048543689320388345,0.4433497536945813,0.11822660098522167,18.07881773399015
2023,3,19393,WN,13232,12892,MDW,LAX,93,2,0,0,91,0,43,8,1771.0,0.021505376344086023,0.0,0.4725274725274725,0.08791208791208792,19.46153846153846
2023,3,19393,WN,13232,12953,MDW,LGA,220,6,0,0,214,0,54,13,1403.0,0.02727272727272727,0.0,0.2523364485981308,0.06074766355140187,6.55607476635514
2023,3,19393,WN,13232,13204,MDW,MCO,256,5,1,0,250,0,79,20,3176.0,0.01953125,0.00390625,0.316,0.08,12.704
2023,3,19393,WN,13232,13303,MDW,MIA,93,1,0,0,92,0,23,7,978.0,0.010752688172043012,0.0,0.25,0.07608695652173914,10.630434782608695
2023,3,19393,WN,13232,13487,MDW,MSP,175,4,0,0,171,0,36,6,502.0,0.022857142857142857,0.0,0.21052631578947367,0.03508771929824561,2.935672514619883
2023,3,19393,WN,13232,13796,MDW,OAK,58,0,0,0,58,0,25,4,1118.0,0.0,0.0,0.43103448275862066,0.06896551724137931,19.275862068965516
2023,3,19393,WN,13232,14100,MDW,PHL,113,1,0,0,112,0,19,3,1.0,0.008849557522123894,0.0,0.16964285714285715,0.026785714285714284,0.008928571428571428
2023,3,19393,WN,13232,14107,MDW,PHX,199,2,1,0,196,0,70,9,2450.0,0.010050251256281407,0.005025125628140704,0.35714285714285715,0.04591836734693878,12.5
2023,3,19393,WN,13232,14635,MDW,RSW,143,1,0,0,142,0,45,12,2026.0,0.006993006993006993,0.0,0.31690140845070425,0.08450704225352113,14.267605633802816
2023,3,19393,WN,13232,14679,MDW,SAN,89,1,0,0,88,0,36,4,1253.0,0.011235955056179775,0.0,0.4090909090909091,0.045454545454545456,14.238636363636363
2023,3,19393,WN,13232,14747,MDW,SEA,31,0,0,0,31,0,6,0,34.0,0.0,0.0,0.1935483870967742,0.0,1.096774193548387
2023,3,19393,WN,13232,14869,MDW,SLC,65,0,1,0,64,0,28,4,1055.0,0.0,0.015384615384615385,0.4375,0.0625,16.484375
2023,3,19393,WN,13232,15016,MDW,STL,186,2,0,0,184,0,36,8,1090.0,0.010752688172043012,0.0,0.1956521739130435,0.043478260869565216,5.923913043478261
2023,3,19393,WN,13232,15304,MDW,TPA,174,3,0,0,171,0,52,13,2101.0,0.017241379310344827,0.0,0.30409356725146197,0.07602339181286549,12.286549707602338
2023,3,19393,WN,13303,10397,MIA,ATL,62,0,1,0,61,0,20,9,1071.0,0.0,0.016129032258064516,0.32786885245901637,0.14754098360655737,17.557377049180328
2023,3,19393,WN,13303,10821,MIA,BWI,125,0,0,0,125,0,29,8,1146.0,0.0,0.0,0.232,0.064,9.168
2023,3,19393,WN,13303,11292,MIA,DEN,31,0,0,0,31,0,11,2,336.0,0.0,0.0,0.3548387096774194,0.06451612903225806,10.838709677419354
2023,3,19393,WN,13303,13232,MIA,MDW,93,2,0,0,91,0,21,6,734.0,0.021505376344086023,0.0,0.23076923076923078,0.06593406593406594,8.065934065934066
2023,3,19393,WN,13303,15016,MIA,STL,37,0,0,0,37,0,16,6,1013.0,0.0,0.0,0.43243243243243246,0.16216216216216217,27.37837837837838
2023,3,19393,WN,13487,10821,MSP,BWI,26,0,0,0,26,0,4,0,17.0,0.0,0.0,0.15384615384615385,0.0,0.6538461538461539
2023,3,19393,WN,13487,11292,MSP,DEN,208,3,1,0,204,0,50,5,939.0,0.014423076923076924,0.004807692307692308,0.24509803921568626,0.024509803921568627,4.602941176470588
2023,3,19393,WN,13487,11697,MSP,FLL,3,0,0,0,3,0,2,0,49.0,0.0,0.0,0.6666666666666666,0.0,16.333333333333332
2023,3,19393,WN,13487,13204,MSP,MCO,6,0,0,0,6,0,6,3,497.0,0.0,0.0,1.0,0.5,82.83333333333333
2023,3,19393,WN,13487,13232,MSP,MDW,175,3,0,0,172,0,30,7,-27.0,0.017142857142857144,0.0,0.1744186046511628,0.040697674418604654,-0.1569767441860465
2023,3,19393,WN,13487,14107,MSP,PHX,41,0,0,0,41,0,8,2,307.0,0.0,0.0,0.1951219512195122,0.04878048780487805,7.487804878048781
2023,3,19393,WN,13487,14635,MSP,RSW,3,0,0,0,3,0,1,0,-12.0,0.0,0.0,0.3333333333333333,0.0,-4.0
2023,3,19393,WN,13487,15016,MSP,STL,53,0,0,0,53,0,11,1,115.0,0.0,0.0,0.20754716981132076,0.018867924528301886,2.169811320754717
2023,3,19393,WN,13487,15304,MSP,TPA,3,0,0,0,3,0,2,1,182.0,0.0,0.0,0.6666666666666666,0.3333333333333333,60.666666666666664
2023,3,19393,WN,13796,11292,OAK,DEN,140,0,0,0,140,0,29,7,582.0,0.0,0.0,0.20714285714285716,0.05,4.1571428571428575
2023,3,19393,WN,13796,12173,OAK,HNL,63,0,1,0,62,0,38,11,2132.0,0.0,0.015873015873015872,0.6129032258064516,0.1774193548387097,34.38709677419355
2023,3,19393,WN,13796,12889,OAK,LAS,317,2,0,0,315,0,107,32,4948.0,0.006309148264984227,0.0,0.3396825396825397,0.10158730158730159,15.707936507936507
2023,3,19393,WN,13796,12892,OAK,LAX,262,0,1,0,261,0,46,14,1122.0,0.0,0.003816793893129771,0.17624521072796934,0.05363984674329502,4.2988505747126435
2023,3,19393,WN,13796,13232,OAK,MDW,58,0,0,0,58,0,9,2,-264.0,0.0,0.0,0.15517241379310345,0.034482758620689655,-4.551724137931035
2023,3,19393,WN,13796,14107,OAK,PHX,176,2,1,0,173,0,26,7,615.0,0.011363636363636364,0.005681818181818182,0.15028901734104047,0.04046242774566474,3.554913294797688
2023,3,19393,WN,13796,14679,OAK,SAN,289,0,1,0,288,0,61,16,1869.0,0.0,0.0034602076124567475,0.21180555555555555,0.05555555555555555,6.489583333333333
2023,3,19393,WN,13796,14747,OAK,SEA,132,0,0,0,132,0,28,6,470.0,0.0,0.0,0.21212121212121213,0.045454545454545456,3.5606060606060606
2023,3,19393,WN,13796,14869,OAK,SLC,86,0,0,0,86,0,17,4,234.0,0.0,0.0,0.19767441860465115,0.046511627906976744,2.7209302325581395
2023,3,19393,WN,13930,10821,ORD,BWI,85,1,0,0,84,0,12,4,163.0,0.011764705882352941,0.0,0.14285714285714285,0.047619047619047616,1.9404761904761905
2023,3,19393,WN,13930,11292,ORD,DEN,170,4,0,0,166,0,51,14,2072.0,0.023529411764705882,0.0,0.3072289156626506,0.08433734939759036,12.481927710843374
2023,3,19393,WN,13930,11697,ORD,FLL,6,0,0,0,6,0,5,2,218.0,0.0,0.0,0.8333333333333334,0.3333333333333333,36.333333333333336
2023,3,19393,WN,13930,12889,ORD,LAS,62,3,0,0,59,0,35,13,2069.0,0.04838709677419355,0.0,0.5932203389830508,0.22033898305084745,35.067796610169495
2023,3,19393,WN,13930,13204,ORD,MCO,73,3,0,0,70,0,17,9,778.0,0.0410958904109589,0.0,0.24285714285714285,0.12857142857142856,11.114285714285714
2023,3,19393,WN,13930,14107,ORD,PHX,90,0,0,0,90,0,40,8,1643.0,0.0,0.0,0.4444444444444444,0.08888888888888889,18.255555555555556
2023,3,19393,WN,13930,14635,ORD,RSW,31,3,0,0,28,0,7,4,283.0,0.0967741935483871,0.0,0.25,0.14285714285714285,10.107142857142858
2023,3,19393,WN,13930,15304,ORD,TPA,34,3,0,0,31,0,14,7,1070.0,0.08823529411764706,0.0,0.45161290322580644,0.22580645161290322,34.516129032258064
2023,3,19393,WN,14100,10397,PHL,ATL,31,0,0,0,31,0,3,0,-334.0,0.0,0.0,0.0967741935483871,0.0,-10.774193548387096
2023,3,19393,WN,14100,11292,PHL,DEN,31,0,0,0,31,0,8,1,135.0,0.0,0.0,0.25806451612903225,0.03225806451612903,4.354838709677419
2023,3,19393,WN,14100,11697,PHL,FLL,4,0,0,0,4,0,1,1,159.0,0.0,0.0,0.25,0.25,39.75
2023,3,19393,WN,14100,13204,PHL,MCO,26,1,0,0,25,0,12,5,775.0,0.038461538461538464,0.0,0.48,0.2,31.0
2023,3,19393,WN,14100,13232,PHL,MDW,113,1,1,0,111,0,16,3,268.0,0.008849557522123894,0.008849557522123894,0.14414414414414414,0.02702702702702703,2.4144144144144146
2023,3,19393,WN,14100,15016,PHL,STL,32,0,0,0,32,0,5,1,137.0,0.0,0.0,0.15625,0.03125,4.28125
2023,3,19393,WN,14100,15304,PHL,TPA,10,0,0,0,10,0,7,3,629.0,0.0,0.0,0.7,0.3,62.9
2023,3,19393,WN,14107,10397,PHX,ATL,38,0,0,0,38,0,11,1,402.0,0.0,0.0,0.2894736842105263,0.02631578947368421,10.578947368421053
2023,3,19393,WN,14107,10821,PHX,BWI,67,1,0,0,66,0,9,1,-403.0,0.014925373134328358,0.0,0.13636363636363635,0.015151515151515152,-6.106060606060606
2023,3,19393,WN,14107,11292,PHX,DEN,401,2,0,0,399,0,71,17,339.0,0.004987531172069825,0.0,0.17794486215538846,0.042606516290726815,0.849624060150376
2023,3,19393,WN,14107,11433,PHX,DTW,7,0,0,0,7,0,2,0,18.0,0.0,0.0,0.2857142857142857,0.0,2.5714285714285716
2023,3,19393,WN,14107,11697,PHX,FLL,4,0,0,0,4,0,3,1,152.0,0.0,0.0,0.75,0.25,38.0
2023,3,19393,WN,14107,12173,PHX,HNL,31,0,2,0,29,0,20,4,986.0,0.0,0.06451612903225806,0.6896551724137931,0.13793103448275862,34.0
2023,3,19393,WN,14107,12889,PHX,LAS,352,4,0,0,348,0,105,27,5209.0,0.011363636363636364,0.0,0.3017241379310345,0.07758620689655173,14.968390804597702
2023,3,19393,WN,14107,12892,PHX,LAX,175,0,0,0,175,0,50,7,1977.0,0.0,0.0,0.2857142857142857,0.04,11.297142857142857
2023,3,19393,WN,14107,13204,PHX,MCO,37,0,1,0,36,0,17,3,641.0,0.0,0.02702702702702703,0.4722222222222222,0.08333333333333333,17.805555555555557
2023,3,19393,WN,14107,13232,PHX,MDW,211,7,0,0,204,0,31,5,-316.0,0.03317535545023697,0.0,0.15196078431372548,0.024509803921568627,-1.5490196078431373
2023,3,19393,WN,14107,13487,PHX,MSP,41,1,0,0,40,0,10,5,718.0,0.024390243902439025,0.0,0.25,0.125,17.95
2023,3,19393,WN,14107,13796,PHX,OAK,175,1,1,0,173,0,55,9,1995.0,0.005714285714285714,0.005714285714285714,0.3179190751445087,0.05202312138728324,11.531791907514451
2023,3,19393,WN,14107,13930,PHX,ORD,93,0,1,0,92,0,16,5,-169.0,0.0,0.010752688172043012,0.17391304347826086,0.05434782608695652,-1.8369565217391304
2023,3,19393,WN,14107,14679,PHX,SAN,289,1,0,0,288,0,73,16,2756.0,0.0034602076124567475,0.0,0.2534722222222222,0.05555555555555555,9.569444444444445
2023,3,19393,WN,14107,14747,PHX,SEA,71,0,0,0,71,0,8,2,143.0,0.0,0.0,0.11267605633802817,0.028169014084507043,2.0140845070422535
2023,3,19393,WN,14107,14771,PHX,SFO,91,1,1,0,89,0,42,19,2549.0,0.01098901098901099,0.01098901098901099,0.47191011235955055,0.21348314606741572,28.640449438202246
2023,3,19393,WN,14107,14869,PHX,SLC,150,0,1,0,149,0,35,8,953.0,0.0,0.006666666666666667,0.2348993288590604,0.053691275167785234,6.395973154362416
2023,3,19393,WN,14107,15016,PHX,STL,96,0,0,0,96,0,16,5,264.0,0.0,0.0,0.16666666666666666,0.052083333333333336,2.75
2023,3,19393,WN,14107,15304,PHX,TPA,34,0,0,0,34,0,12,3,589.0,0.0,0.0,0.35294117647058826,0.08823529411764706,17.323529411764707
2023,3,19393,WN,14635,10397,RSW,ATL,32,1,0,0,31,0,6,1,-79.0,0.03125,0.0,0.1935483870967742,0.03225806451612903,-2.5483870967741935
2023,3,19393,WN,14635,10821,RSW,BWI,126,1,0,0,125,0,20,9,639.0,0.007936507936507936,0.0,0.16,0.072,5.112
2023,3,19393,WN,14635,11278,RSW,DCA,4,0,0,0,4,0,0,0,-71.0,0.0,0.0,0.0,0.0,-17.75
2023,3,19393,WN,14635,11292,RSW,DEN,7,0,0,0,7,0,2,0,16.0,0.0,0.0,0.2857142857142857,0.0,2.2857142857142856
2023,3,19393,WN,14635,13204,RSW,MCO,28,0,0,0,28,0,4,2,157.0,0.0,0.0,0.14285714285714285,0.07142857142857142,5.607142857142857
2023,3,19393,WN,14635,13232,RSW,MDW,142,1,0,0,141,0,29,15,1379.0,0.007042253521126761,0.0,0.20567375886524822,0.10638297872340426,9.78014184397163
2023,3,19393,WN,14635,13487,RSW,MSP,3,0,0,0,3,0,1,0,29.0,0.0,0.0,0.3333333333333333,0.0,9.666666666666666
2023,3,19393,WN,14635,13930,RSW,ORD,31,1,0,0,30,0,5,3,206.0,0.03225806451612903,0.0,0.16666666666666666,0.1,6.866666666666666
2023,3,19393,WN,14635,15016,RSW,STL,74,0,0,0,74,0,18,5,575.0,0.0,0.0,0.24324324324324326,0.06756756756756757,7.77027027027027
2023,3,19393,WN,14679,10821,SAN,BWI,31,0,0,0,31,0,13,7,870.0,0.0,0.0,0.41935483870967744,0.22580645161290322,28.06451612903226
2023,3,19393,WN,14679,11292,SAN,DEN,199,2,1,0,196,0,33,4,-281.0,0.010050251256281407,0.005025125628140704,0.1683673469387755,0.02040816326530612,-1.433673469387755
2023,3,19393,WN,14679,12173,SAN,HNL,62,0,1,0,61,0,30,10,1764.0,0.0,0.016129032258064516,0.4918032786885246,0.16393442622950818,28.918032786885245
2023,3,19393,WN,14679,12889,SAN,LAS,393,6,0,0,387,0,122,31,4820.0,0.015267175572519083,0.0,0.3152454780361757,0.08010335917312661,12.454780361757106
2023,3,19393,WN,14679,13232,SAN,MDW,82,0,0,0,82,0,7,3,-959.0,0.0,0.0,0.08536585365853659,0.036585365853658534,-11.695121951219512
2023,3,19393,WN,14679,13796,SAN,OAK,298,1,0,0,297,0,82,23,3431.0,0.003355704697986577,0.0,0.2760942760942761,0.07744107744107744,11.552188552188552
2023,3,19393,WN,14679,14107,SAN,PHX,290,2,0,0,288,0,69,14,1876.0,0.006896551724137931,0.0,0.23958333333333334,0.04861111111111111,6.513888888888889
2023,3,19393,WN,14679,14771,SAN,SFO,128,4,0,0,124,0,52,23,2985.0,0.03125,0.0,0.41935483870967744,0.18548387096774194,24.072580645161292
2023,3,19393,WN,14679,14869,SAN,SLC,32,0,0,0,32,0,10,0,238.0,0.0,0.0,0.3125,0.0,7.4375
2023,3,19393,WN,14679,15016,SAN,STL,31,0,0,0,31,0,9,2,299.0,0.0,0.0,0.2903225806451613,0.06451612903225806,9.64516129032258
2023,3,19393,WN,14747,11292,SEA,DEN,111,0,0,0,111,0,18,3,493.0,0.0,0.0,0.16216216216216217,0.02702702702702703,4.441441441441442
2023,3,19393,WN,14747,12889,SEA,LAS,64,0,0,0,64,0,10,2,-35.0,0.0,0.0,0.15625,0.03125,-0.546875
2023,3,19393,WN,14747,13232,SEA,MDW,31,1,0,0,30,0,3,1,-19.0,0.03225806451612903,0.0,0.1,0.03333333333333333,-0.6333333333333333
2023,3,19393,WN,14747,13796,SEA,OAK,121,0,0,0,121,0,25,5,288.0,0.0,0.0,0.2066115702479339,0.04132231404958678,2.3801652892561984
2023,3,19393,WN,14747,14107,SEA,PHX,71,1,1,0,69,0,11,4,208.0,0.014084507042253521,0.014084507042253521,0.15942028985507245,0.057971014492753624,3.0144927536231885
2023,3,19393,WN,14771,11292,SFO,DEN,103,3,1,0,99,0,36,11,1634.0,0.02912621359223301,0.009708737864077669,0.36363636363636365,0.1111111111111111,16.505050505050505
2023,3,19393,WN,14771,12889,SFO,LAS,99,2,0,0,97,0,32,14,1886.0,0.020202020202020204,0.0,0.32989690721649484,0.14432989690721648,19.443298969072163
2023,3,19393,WN,14771,12892,SFO,LAX,133,2,0,0,131,0,47,15,2438.0,0.015037593984962405,0.0,0.35877862595419846,0.11450381679389313,18.610687022900763
2023,3,19393,WN,14771,14107,SFO,PHX,92,1,0,0,91,0,21,10,641.0,0.010869565217391304,0.0,0.23076923076923078,0.10989010989010989,7.043956043956044
2023,3,19393,WN,14771,14679,SFO,SAN,134,3,0,0,131,0,37,16,1432.0,0.022388059701492536,0.0,0.2824427480916031,0.12213740458015267,10.931297709923664
2023,3,19393,WN,14869,10821,SLC,BWI,8,0,0,0,8,0,0,0,-13.0,0.0,0.0,0.0,0.0,-1.625
2023,3,19393,WN,14869,11292,SLC,DEN,242,1,0,0,241,0,74,20,2972.0,0.004132231404958678,0.0,0.3070539419087137,0.08298755186721991,12.33195020746888
2023,3,19393,WN,14869,12889,SLC,LAS,142,0,0,0,142,0,51,15,2747.0,0.0,0.0,0.3591549295774648,0.1056338028169014,19.345070422535212
2023,3,19393,WN,14869,12892,SLC,LAX,41,0,0,0,41,0,15,3,693.0,0.0,0.0,0.36585365853658536,0.07317073170731707,16.902439024390244
2023,3,19393,WN,14869,13204,SLC,MCO,3,0,0,0,3,0,2,1,246.0,0.0,0.0,0.6666666666666666,0.3333333333333333,82.0
2023,3,19393,WN,14869,13232,SLC,MDW,65,1,2,0,62,0,7,1,-322.0,0.015384615384615385,0.03076923076923077,0.11290322580645161,0.016129032258064516,-5.193548387096774
2023,3,19393,WN,14869,13796,SLC,OAK,86,0,1,0,85,0,27,5,1239.0,0.0,0.011627906976744186,0.3176470588235294,0.058823529411764705,14.576470588235294
2023,3,19393,WN,14869,14107,SLC,PHX,150,2,0,0,148,0,49,10,2038.0,0.013333333333333334,0.0,0.3310810810810811,0.06756756756756757,13.77027027027027
2023,3,19393,WN,14869,14679,SLC,SAN,32,0,1,0,31,0,14,5,879.0,0.0,0.03125,0.45161290322580644,0.16129032258064516,28.35483870967742
2023,3,19393,WN,14869,15016,SLC,STL,2,0,0,0,2,0,0,0,-52.0,0.0,0.0,0.0,0.0,-26.0
2023,3,19393,WN,14869,15304,SLC,TPA,3,0,0,0,3,0,2,0,94.0,0.0,0.0,0.6666666666666666,0.0,31.333333333333332
2023,3,19393,WN,15016,10397,STL,ATL,89,0,0,0,89,0,17,4,324.0,0.0,0.0,0.19101123595505617,0.0449438202247191,3.640449438202247
2023,3,19393,WN,15016,10721,STL,BOS,57,1,0,0,56,0,7,0,-179.0,0.017543859649122806,0.0,0.125,0.0,-3.1964285714285716
2023,3,19393,WN,15016,10821,STL,BWI,92,0,0,0,92,0,12,1,18.0,0.0,0.0,0.13043478260869565,0.010869565217391304,0.1956521739130435
2023,3,19393,WN,15016,11278,STL,DCA,116,0,0,0,116,0,26,5,356.0,0.0,0.0,0.22413793103448276,0.04310344827586207,3.0689655172413794
2023,3,19393,WN,15016,11292,STL,DEN,156,0,0,0,156,0,23,7,625.0,0.0,0.0,0.14743589743589744,0.04487179487179487,4.006410256410256
2023,3,19393,WN,15016,11433,STL,DTW,51,2,1,0,48,0,6,1,-105.0,0.0392156862745098,0.0196078431372549,0.125,0.020833333333333332,-2.1875
2023,3,19393,WN,15016,11697,STL,FLL,69,0,0,0,69,0,22,5,974.0,0.0,0.0,0.3188405797101449,0.07246376811594203,14.115942028985508
2023,3,19393,WN,15016,12889,STL,LAS,116,1,0,0,115,0,47,5,1826.0,0.008620689655172414,0.0,0.40869565217391307,0.043478260869565216,15.878260869565217
2023,3,19393,WN,15016,12892,STL,LAX,31,0,0,0,31,0,14,4,687.0,0.0,0.0,0.45161290322580644,0.12903225806451613,22.161290322580644
2023,3,19393,WN,15016,12953,STL,LGA,136,3,0,0,133,0,21,10,486.0,0.022058823529411766,0.0,0.15789473684210525,0.07518796992481203,3.654135338345865
2023,3,19393,WN,15016,13204,STL,MCO,156,1,0,0,155,0,42,14,1596.0,0.00641025641025641,0.0,0.2709677419354839,0.09032258064516129,10.296774193548387
2023,3,19393,WN,15016,13232,STL,MDW,186,2,0,0,184,0,30,9,360.0,0.010752688172043012,0.0,0.16304347826086957,0.04891304347826087,1.9565217391304348
2023,3,19393,WN,15016,13303,STL,MIA,37,0,0,0,37,0,16,6,1053.0,0.0,0.0,0.43243243243243246,0.16216216216216217,28.45945945945946
2023,3,19393,WN,15016,13487,STL,MSP,54,1,0,0,53,0,14,3,643.0,0.018518518518518517,0.0,0.2641509433962264,0.05660377358490566,12.132075471698114
2023,3,19393,WN,15016,14100,STL,PHL,32,0,0,0,32,0,2,0,-309.0,0.0,0.0,0.0625,0.0,-9.65625
2023,3,19393,WN,15016,14107,STL,PHX,96,0,1,0,95,0,26,4,743.0,0.0,0.010416666666666666,0.2736842105263158,0.042105263157894736,7.821052631578947
2023,3,19393,WN,15016,14635,STL,RSW,74,0,0,0,74,0,12,4,414.0,0.0,0.0,0.16216216216216217,0.05405405405405406,5.594594594594595
2023,3,19393,WN,15016,14679,STL,SAN,31,0,0,0,31,0,13,1,324.0,0.0,0.0,0.41935483870967744,0.03225806451612903,10.451612903225806
2023,3,19393,WN,15016,14869,STL,SLC,2,0,0,0,2,0,2,1,148.0,0.0,0.0,1.0,0.5,74.0
2023,3,19393,WN,15016,15304,STL,TPA,96,1,0,0,95,0,19,8,886.0,0.010416666666666666,0.0,0.2,0.08421052631578947,9.326315789473684
2023,3,19393,WN,15304,10397,TPA,ATL,124,1,0,0,123,0,26,8,560.0,0.008064516129032258,0.0,0.21138211382113822,0.06504065040650407,4.5528455284552845
2023,3,19393,WN,15304,10821,TPA,BWI,249,0,0,0,249,0,39,15,974.0,0.0,0.0,0.1566265060240964,0.060240963855421686,3.9116465863453813
2023,3,19393,WN,15304,11278,TPA,DCA,69,0,0,0,69,0,13,6,492.0,0.0,0.0,0.18840579710144928,0.08695652173913043,7.130434782608695
2023,3,19393,WN,15304,11292,TPA,DEN,93,0,1,0,92,0,21,5,385.0,0.0,0.010752688172043012,0.22826086956521738,0.05434782608695652,4.184782608695652
2023,3,19393,WN,15304,11433,TPA,DTW,3,0,0,0,3,0,3,1,135.0,0.0,0.0,1.0,0.3333333333333333,45.0
2023,3,19393,WN,15304,11697,TPA,FLL,59,0,0,0,59,0,12,4,208.0,0.0,0.0,0.2033898305084746,0.06779661016949153,3.5254237288135593
2023,3,19393,WN,15304,12266,TPA,IAH,3,0,0,0,3,0,2,2,186.0,0.0,0.0,0.6666666666666666,0.6666666666666666,62.0
2023,3,19393,WN,15304,12889,TPA,LAS,7,0,0,0,7,0,6,3,377.0,0.0,0.0,0.8571428571428571,0.42857142857142855,53.857142857142854
2023,3,19393,WN,15304,12953,TPA,LGA,35,0,0,0,35,0,8,1,290.0,0.0,0.0,0.22857142857142856,0.02857142857142857,8.285714285714286
2023,3,19393,WN,15304,13232,TPA,MDW,174,3,0,0,171,0,38,14,1309.0,0.017241379310344827,0.0,0.2222222222222222,0.08187134502923976,7.654970760233918
2023,3,19393,WN,15304,13487,TPA,MSP,3,0,0,0,3,0,2,1,222.0,0.0,0.0,0.6666666666666666,0.3333333333333333,74.0
2023,3,19393,WN,15304,13930,TPA,ORD,34,1,0,0,33,0,12,4,423.0,0.029411764705882353,0.0,0.36363636363636365,0.12121212121212122,12.818181818181818
2023,3,19393,WN,15304,14100,TPA,PHL,10,0,0,0,10,0,7,1,297.0,0.0,0.0,0.7,0.1,29.7
2023,3,19393,WN,15304,14107,TPA,PHX,34,0,0,0,34,0,12,4,487.0,0.0,0.0,0.35294117647058826,0.11764705882352941,14.323529411764707
2023,3,19393,WN,15304,14869,TPA,SLC,3,0,0,0,3,0,2,0,80.0,0.0,0.0,0.6666666666666666,0.0,26.666666666666668
2023,3,19393,WN,15304,15016,TPA,STL,96,1,0,0,95,0,27,11,1602.0,0.010416666666666666,0.0,0.28421052631578947,0.11578947368421053,16.86315789473684
2023,3,19690,HA,10721,12173,BOS,HNL,17,0,0,0,17,0,13,3,783.0,0.0,0.0,0.7647058823529411,0.17647058823529413,46.05882352941177
2023,3,19690,HA,12173,10721,HNL,BOS,18,0,0,0,18,0,4,1,85.0,0.0,0.0,0.2222222222222222,0.05555555555555555,4.722222222222222
2023,3,19690,HA,12173,12478,HNL,JFK,31,0,1,0,30,0,15,3,721.0,0.0,0.03225806451612903,0.5,0.1,24.033333333333335
2023,3,19690,HA,12173,12889,HNL,LAS,79,0,0,0,79,0,16,3,227.0,0.0,0.0,0.20253164556962025,0.0379746835443038,2.8734177215189876
2023,3,19690,HA,12173,12892,HNL,LAX,93,0,0,0,93,0,26,6,981.0,0.0,0.0,0.27956989247311825,0.06451612903225806,10.548387096774194
2023,3,19690,HA,12173,13796,HNL,OAK,31,0,0,0,31,0,13,3,642.0,0.0,0.0,0.41935483870967744,0.0967741935483871,20.70967741935484
2023,3,19690,HA,12173,14107,HNL,PHX,31,0,0,0,31,0,7,1,79.0,0.0,0.0,0.22580645161290322,0.03225806451612903,2.5483870967741935
2023,3,19690,HA,12173,14679,HNL,SAN,31,0,0,0,31,0,12,2,555.0,0.0,0.0,0.3870967741935484,0.06451612903225806,17.903225806451612
2023,3,19690,HA,12173,14747,HNL,SEA,34,0,0,0,34,0,21,3,795.0,0.0,0.0,0.6176470588235294,0.08823529411764706,23.38235294117647
2023,3,19690,HA,12173,14771,HNL,SFO,31,1,0,0,30,0,15,2,518.0,0.03225806451612903,0.0,0.5,0.06666666666666667,17.266666666666666
2023,3,19690,HA,12478,12173,JFK,HNL,31,0,0,0,31,0,27,8,1514.0,0.0,0.0,0.8709677419354839,0.25806451612903225,48.83870967741935
2023,3,19690,HA,12889,12173,LAS,HNL,79,0,0,0,79,0,50,6,1909.0,0.0,0.0,0.6329113924050633,0.0759493670886076,24.164556962025316
2023,3,19690,HA,12892,12173,LAX,HNL,93,1,0,0,92,0,41,4,1595.0,0.010752688172043012,0.0,0.44565217391304346,0.043478260869565216,17.33695652173913
2023,3,19690,HA,13796,12173,OAK,HNL,31,0,0,0,31,0,21,1,828.0,0.0,0.0,0.6774193548387096,0.03225806451612903,26.70967741935484
2023,3,19690,HA,14107,12173,PHX,HNL,31,0,0,0,31,0,14,0,450.0,0.0,0.0,0.45161290322580644,0.0,14.516129032258064
2023,3,19690,HA,14679,12173,SAN,HNL,31,0,0,0,31,0,20,4,2317.0,0.0,0.0,0.6451612903225806,0.12903225806451613,74.74193548387096
2023,3,19690,HA,14747,12173,SEA,HNL,34,0,0,0,34,0,16,1,517.0,0.0,0.0,0.47058823529411764,0.029411764705882353,15.205882352941176
2023,3,19690,HA,14771,12173,SFO,HNL,31,1,0,0,30,0,16,2,594.0,0.03225806451612903,0.0,0.5333333333333333,0.06666666666666667,19.8
2023,3,19790,DL,10397,10721,ATL,BOS,316,5,0,0,311,0,64,20,1662.0,0.015822784810126583,0.0,0.2057877813504823,0.06430868167202572,5.344051446945338
2023,3,19790,DL,10397,10821,ATL,BWI,243,2,0,0,241,0,62,19,2101.0,0.00823045267489712,0.0,0.2572614107883817,0.07883817427385892,8.717842323651452
2023,3,19790,DL,10397,11278,ATL,DCA,329,6,1,0,322,0,97,24,4362.0,0.0182370820668693,0.00303951367781155,0.30124223602484473,0.07453416149068323,13.546583850931677
2023,3,19790,DL,10397,11292,ATL,DEN,259,3,0,0,256,0,76,20,3155.0,0.011583011583011582,0.0,0.296875,0.078125,12.32421875
2023,3,19790,DL,10397,11298,ATL,DFW,204,4,3,0,197,0,58,15,2715.0,0.0196078431372549,0.014705882352941176,0.29441624365482233,0.07614213197969544,13.781725888324873
2023,3,19790,DL,10397,11433,ATL,DTW,321,5,1,0,315,0,43,12,519.0,0.01557632398753894,0.003115264797507788,0.1365079365079365,0.0380952380952381,1.6476190476190475
2023,3,19790,DL,10397,11618,ATL,EWR,258,8,0,0,250,0,63,15,1668.0,0.031007751937984496,0.0,0.252,0.06,6.672
2023,3,19790,DL,10397,11697,ATL,FLL,358,3,1,0,354,0,79,30,2786.0,0.008379888268156424,0.002793296089385475,0.2231638418079096,0.0847457627118644,7.870056497175141
2023,3,19790,DL,10397,12173,ATL,HNL,31,0,0,0,31,0,28,4,1121.0,0.0,0.0,0.9032258064516129,0.12903225806451613,36.16129032258065
2023,3,19790,DL,10397,12266,ATL,IAH,196,3,0,0,193,0,57,12,1554.0,0.015306122448979591,0.0,0.29533678756476683,0.06217616580310881,8.05181347150259
2023,3,19790,DL,10397,12478,ATL,JFK,201,0,1,0,200,0,68,26,4777.0,0.0,0.004975124378109453,0.34,0.13,23.885
2023,3,19790,DL,10397,12889,ATL,LAS,259,5,5,0,249,0,85,19,3575.0,0.019305019305019305,0.019305019305019305,0.3413654618473896,0.07630522088353414,14.357429718875501
2023,3,19790,DL,10397,12892,ATL,LAX,328,4,4,0,320,0,122,37,6444.0,0.012195121951219513,0.012195121951219513,0.38125,0.115625,20.1375
2023,3,19790,DL,10397,12953,ATL,LGA,398,6,0,0,392,0,91,30,2824.0,0.01507537688442211,0.0,0.23214285714285715,0.07653061224489796,7.204081632653061
2023,3,19790,DL,10397,13204,ATL,MCO,448,0,0,0,448,0,133,48,6215.0,0.0,0.0,0.296875,0.10714285714285714,13.872767857142858
2023,3,19790,DL,10397,13232,ATL,MDW,89,1,0,0,88,0,22,9,1496.0,0.011235955056179775,0.0,0.25,0.10227272727272728,17.0
2023,3,19790,DL,10397,13303,ATL,MIA,266,1,0,0,265,0,84,29,4520.0,0.0037593984962406013,0.0,0.3169811320754717,0.10943396226415095,17.056603773584907
2023,3,19790,DL,10397,13487,ATL,MSP,268,2,0,0,266,0,56,22,3147.0,0.007462686567164179,0.0,0.21052631578947367,0.08270676691729323,11.830827067669173
2023,3,19790,DL,10397,13930,ATL,ORD,203,0,0,0,203,0,69,16,2850.0,0.0,0.0,0.3399014778325123,0.07881773399014778,14.039408866995075
2023,3,19790,DL,10397,14100,ATL,PHL,229,4,0,0,225,0,49,16,1118.0,0.017467248908296942,0.0,0.21777777777777776,0.07111111111111111,4.9688888888888885
2023,3,19790,DL,10397,14107,ATL,PHX,213,2,0,0,211,0,62,24,3291.0,0.009389671361502348,0.0,0.2938388625592417,0.11374407582938388,15.597156398104266
2023,3,19790,DL,10397,14635,ATL,RSW,244,7,0,0,237,0,58,22,2096.0,0.028688524590163935,0.0,0.24472573839662448,0.09282700421940929,8.843881856540085
2023,3,19790,DL,10397,14679,ATL,SAN,154,0,1,0,153,0,60,16,2879.0,0.0,0.006493506493506494,0.39215686274509803,0.10457516339869281,18.81699346405229
2023,3,19790,DL,10397,14747,ATL,SEA,174,3,1,0,170,0,28,4,-286.0,0.017241379310344827,0.005747126436781609,0.16470588235294117,0.023529411764705882,-1.6823529411764706
2023,3,19790,DL,10397,14771,ATL,SFO,195,3,0,0,192,0,62,22,2341.0,0.015384615384615385,0.0,0.3229166666666667,0.11458333333333333,12.192708333333334
2023,3,19790,DL,10397,14869,ATL,SLC,255,3,1,0,251,0,58,17,2434.0,0.011764705882352941,0.00392156862745098,0.23107569721115537,0.06772908366533864,9.697211155378486
2023,3,19790,DL,10397,15016,ATL,STL,185,8,0,0,177,0,34,15,1614.0,0.043243243243243246,0.0,0.192090395480226,0.0847457627118644,9.11864406779661
2023,3,19790,DL,10397,15304,ATL,TPA,381,2,0,0,379,0,104,43,5539.0,0.005249343832020997,0.0,0.27440633245382584,0.11345646437994723,14.614775725593667
2023,3,19790,DL,10721,10397,BOS,ATL,316,6,1,0,309,0,74,20,2552.0,0.0189873417721519,0.0031645569620253164,0.23948220064724918,0.06472491909385113,8.258899676375405
2023,3,19790,DL,10721,11292,BOS,DEN,31,0,0,0,31,0,14,2,75.0,0.0,0.0,0.45161290322580644,0.06451612903225806,2.4193548387096775
2023,3,19790,DL,10721,11298,BOS,DFW,58,1,3,0,54,0,17,5,694.0,0.017241379310344827,0.05172413793103448,0.3148148148148148,0.09259259259259259,12.851851851851851
2023,3,19790,DL,10721,11433,BOS,DTW,151,7,1,0,143,0,24,6,167.0,0.046357615894039736,0.006622516556291391,0.16783216783216784,0.04195804195804196,1.167832167832168
2023,3,19790,DL,10721,11697,BOS,FLL,62,2,0,0,60,0,15,4,418.0,0.03225806451612903,0.0,0.25,0.06666666666666667,6.966666666666667
2023,3,19790,DL,10721,12478,BOS,JFK,67,0,0,0,67,0,13,4,1578.0,0.0,0.0,0.19402985074626866,0.05970149253731343,23.55223880597015
2023,3,19790,DL,10721,12889,BOS,LAS,31,0,0,0,31,0,13,2,463.0,0.0,0.0,0.41935483870967744,0.06451612903225806,14.935483870967742
2023,3,19790,DL,10721,12892,BOS,LAX,88,4,2,0,82,0,43,9,1789.0,0.045454545454545456,0.022727272727272728,0.524390243902439,0.10975609756097561,21.817073170731707
2023,3,19790,DL,10721,12953,BOS,LGA,46,3,0,0,43,0,10,7,1257.0,0.06521739130434782,0.0,0.23255813953488372,0.16279069767441862,29.232558139534884
2023,3,19790,DL,10721,13204,BOS,MCO,123,3,0,0,120,0,39,12,1101.0,0.024390243902439025,0.0,0.325,0.1,9.175
2023,3,19790,DL,10721,13303,BOS,MIA,57,3,0,0,54,0,18,7,859.0,0.05263157894736842,0.0,0.3333333333333333,0.12962962962962962,15.907407407407407
2023,3,19790,DL,10721,13487,BOS,MSP,151,4,0,0,147,0,27,3,-388.0,0.026490066225165563,0.0,0.1836734693877551,0.02040816326530612,-2.639455782312925
2023,3,19790,DL,10721,13930,BOS,ORD,81,1,0,0,80,0,22,7,664.0,0.012345679012345678,0.0,0.275,0.0875,8.3
2023,3,19790,DL,10721,14107,BOS,PHX,31,0,0,0,31,0,9,3,307.0,0.0,0.0,0.2903225806451613,0.0967741935483871,9.903225806451612
2023,3,19790,DL,10721,14635,BOS,RSW,31,2,0,0,29,0,7,1,-134.0,0.06451612903225806,0.0,0.2413793103448276,0.034482758620689655,-4.620689655172414
2023,3,19790,DL,10721,14679,BOS,SAN,31,0,0,0,31,0,8,1,-63.0,0.0,0.0,0.25806451612903225,0.03225806451612903,-2.032258064516129
2023,3,19790,DL,10721,14747,BOS,SEA,86,1,0,0,85,0,14,4,-386.0,0.011627906976744186,0.0,0.16470588235294117,0.047058823529411764,-4.541176470588235
2023,3,19790,DL,10721,14771,BOS,SFO,31,1,0,0,30,0,12,4,609.0,0.03225806451612903,0.0,0.4,0.13333333333333333,20.3
2023,3,19790,DL,10721,14869,BOS,SLC,85,1,2,0,82,0,23,4,209.0,0.011764705882352941,0.023529411764705882,0.2804878048780488,0.04878048780487805,2.548780487804878
2023,3,19790,DL,10721,15304,BOS,TPA,86,3,0,0,83,0,21,13,618.0,0.03488372093023256,0.0,0.25301204819277107,0.1566265060240964,7.445783132530121
2023,3,19790,DL,10821,10397,BWI,ATL,242,2,0,0,240,0,46,19,2977.0,0.008264462809917356,0.0,0.19166666666666668,0.07916666666666666,12.404166666666667
2023,3,19790,DL,10821,11433,BWI,DTW,89,4,0,0,85,0,6,1,-404.0,0.0449438202247191,0.0,0.07058823529411765,0.011764705882352941,-4.752941176470588
2023,3,19790,DL,10821,13487,BWI,MSP,62,1,0,0,61,0,3,0,-587.0,0.016129032258064516,0.0,0.04918032786885246,0.0,-9.62295081967213
2023,3,19790,DL,10821,14869,BWI,SLC,31,1,0,0,30,0,5,2,452.0,0.03225806451612903,0.0,0.16666666666666666,0.06666666666666667,15.066666666666666
2023,3,19790,DL,11278,10397,DCA,ATL,329,6,2,0,321,0,62,21,2392.0,0.0182370820668693,0.0060790273556231,0.19314641744548286,0.06542056074766354,7.451713395638629
2023,3,19790,DL,11278,11433,DCA,DTW,151,7,0,0,144,0,14,5,201.0,0.046357615894039736,0.0,0.09722222222222222,0.034722222222222224,1.3958333333333333
2023,3,19790,DL,11278,12892,DCA,LAX,31,0,0,0,31,0,13,3,371.0,0.0,0.0,0.41935483870967744,0.0967741935483871,11.96774193548387
2023,3,19790,DL,11278,13487,DCA,MSP,152,0,0,0,152,0,21,5,-103.0,0.0,0.0,0.13815789473684212,0.03289473684210526,-0.6776315789473685
2023,3,19790,DL,11278,14869,DCA,SLC,31,1,0,0,30,0,11,0,230.0,0.03225806451612903,0.0,0.36666666666666664,0.0,7.666666666666667
2023,3,19790,DL,11292,10397,DEN,ATL,260,3,2,0,255,0,41,11,439.0,0.011538461538461539,0.007692307692307693,0.1607843137254902,0.043137254901960784,1.7215686274509805
2023,3,19790,DL,11292,10721,DEN,BOS,31,0,0,0,31,0,7,1,8.0,0.0,0.0,0.22580645161290322,0.03225806451612903,0.25806451612903225
2023,3,19790,DL,11292,11433,DEN,DTW,124,7,0,0,117,0,16,2,-814.0,0.056451612903225805,0.0,0.13675213675213677,0.017094017094017096,-6.957264957264957
2023,3,19790,DL,11292,12478,DEN,JFK,88,6,0,0,82,0,25,9,1142.0,0.06818181818181818,0.0,0.3048780487804878,0.10975609756097561,13.926829268292684
2023,3,19790,DL,11292,12892,DEN,LAX,93,3,0,0,90,0,16,2,240.0,0.03225806451612903,0.0,0.17777777777777778,0.022222222222222223,2.6666666666666665
2023,3,19790,DL,11292,12953,DEN,LGA,58,4,0,0,54,0,12,4,290.0,0.06896551724137931,0.0,0.2222222222222222,0.07407407407407407,5.37037037037037
2023,3,19790,DL,11292,13487,DEN,MSP,155,2,0,0,153,0,26,8,2042.0,0.012903225806451613,0.0,0.16993464052287582,0.05228758169934641,13.34640522875817
2023,3,19790,DL,11292,14747,DEN,SEA,93,0,0,0,93,0,15,4,25.0,0.0,0.0,0.16129032258064516,0.043010752688172046,0.26881720430107525
2023,3,19790,DL,11292,14869,DEN,SLC,151,0,0,0,151,0,25,7,321.0,0.0,0.0,0.16556291390728478,0.046357615894039736,2.1258278145695364
2023,3,19790,DL,11298,10397,DFW,ATL,204,4,0,0,200,0,37,14,1759.0,0.0196078431372549,0.0,0.185,0.07,8.795
2023,3,19790,DL,11298,10721,DFW,BOS,58,1,0,0,57,0,13,7,2864.0,0.017241379310344827,0.0,0.22807017543859648,0.12280701754385964,50.24561403508772
2023,3,19790,DL,11298,11433,DFW,DTW,120,3,1,0,116,0,16,3,-572.0,0.025,0.008333333333333333,0.13793103448275862,0.02586206896551724,-4.931034482758621
2023,3,19790,DL,11298,12478,DFW,JFK,61,2,0,0,59,0,15,6,875.0,0.03278688524590164,0.0,0.2542372881355932,0.1016949152542373,14.830508474576272
2023,3,19790,DL,11298,12892,DFW,LAX,58,2,0,0,56,0,15,5,748.0,0.034482758620689655,0.0,0.26785714285714285,0.08928571428571429,13.357142857142858
2023,3,19790,DL,11298,12953,DFW,LGA,139,5,0,0,134,0,25,13,1087.0,0.03597122302158273,0.0,0.1865671641791045,0.09701492537313433,8.111940298507463
2023,3,19790,DL,11298,13487,DFW,MSP,120,1,0,0,119,0,21,10,772.0,0.008333333333333333,0.0,0.17647058823529413,0.08403361344537816,6.487394957983193
2023,3,19790,DL,11298,14869,DFW,SLC,123,2,0,0,121,0,30,7,1277.0,0.016260162601626018,0.0,0.24793388429752067,0.05785123966942149,10.553719008264462
2023,3,19790,DL,11433,10397,DTW,ATL,320,5,0,0,315,0,59,20,-873.0,0.015625,0.0,0.1873015873015873,0.06349206349206349,-2.7714285714285714
2023,3,19790,DL,11433,10721,DTW,BOS,151,8,0,0,143,0,32,7,-4.0,0.052980132450331126,0.0,0.22377622377622378,0.04895104895104895,-0.027972027972027972
2023,3,19790,DL,11433,10821,DTW,BWI,89,5,0,0,84,0,13,3,-148.0,0.056179775280898875,0.0,0.15476190476190477,0.03571428571428571,-1.7619047619047619
2023,3,19790,DL,11433,11278,DTW,DCA,151,7,0,0,144,0,24,7,375.0,0.046357615894039736,0.0,0.16666666666666666,0.04861111111111111,2.6041666666666665
2023,3,19790,DL,11433,11292,DTW,DEN,124,7,0,0,117,0,23,2,245.0,0.056451612903225805,0.0,0.19658119658119658,0.017094017094017096,2.094017094017094
2023,3,19790,DL,11433,11298,DTW,DFW,120,3,0,0,117,0,28,11,446.0,0.025,0.0,0.23931623931623933,0.09401709401709402,3.8119658119658117
2023,3,19790,DL,11433,11618,DTW,EWR,116,2,0,0,114,0,25,3,-176.0,0.017241379310344827,0.0,0.21929824561403508,0.02631578947368421,-1.543859649122807
2023,3,19790,DL,11433,11697,DTW,FLL,170,4,0,0,166,0,46,15,1467.0,0.023529411764705882,0.0,0.27710843373493976,0.09036144578313253,8.837349397590362
2023,3,19790,DL,11433,12173,DTW,HNL,31,1,1,0,29,0,16,1,416.0,0.03225806451612903,0.03225806451612903,0.5517241379310345,0.034482758620689655,14.344827586206897
2023,3,19790,DL,11433,12266,DTW,IAH,120,3,0,0,117,0,29,9,790.0,0.025,0.0,0.24786324786324787,0.07692307692307693,6.752136752136752
2023,3,19790,DL,11433,12478,DTW,JFK,31,1,0,0,30,0,13,2,240.0,0.03225806451612903,0.0,0.43333333333333335,0.06666666666666667,8.0
2023,3,19790,DL,11433,12889,DTW,LAS,177,3,1,0,173,0,58,16,3396.0,0.01694915254237288,0.005649717514124294,0.3352601156069364,0.09248554913294797,19.63005780346821
2023,3,19790,DL,11433,12892,DTW,LAX,164,4,2,0,158,0,66,11,3716.0,0.024390243902439025,0.012195121951219513,0.4177215189873418,0.06962025316455696,23.518987341772153
2023,3,19790,DL,11433,12953,DTW,LGA,178,4,0,0,174,0,29,9,13.0,0.02247191011235955,0.0,0.16666666666666666,0.05172413793103448,0.07471264367816093
2023,3,19790,DL,11433,13204,DTW,MCO,209,4,0,0,205,0,53,24,2034.0,0.019138755980861243,0.0,0.25853658536585367,0.11707317073170732,9.921951219512195
2023,3,19790,DL,11433,13303,DTW,MIA,65,2,0,0,63,0,21,10,1018.0,0.03076923076923077,0.0,0.3333333333333333,0.15873015873015872,16.158730158730158
2023,3,19790,DL,11433,13487,DTW,MSP,155,4,0,0,151,0,26,12,-181.0,0.025806451612903226,0.0,0.17218543046357615,0.07947019867549669,-1.1986754966887416
2023,3,19790,DL,11433,13930,DTW,ORD,178,7,0,0,171,0,33,10,354.0,0.03932584269662921,0.0,0.19298245614035087,0.05847953216374269,2.0701754385964914
2023,3,19790,DL,11433,14100,DTW,PHL,120,2,0,0,118,0,18,4,-858.0,0.016666666666666666,0.0,0.15254237288135594,0.03389830508474576,-7.271186440677966
2023,3,19790,DL,11433,14107,DTW,PHX,123,2,0,0,121,0,49,12,3023.0,0.016260162601626018,0.0,0.4049586776859504,0.09917355371900827,24.983471074380166
2023,3,19790,DL,11433,14635,DTW,RSW,147,7,1,0,139,0,31,16,763.0,0.047619047619047616,0.006802721088435374,0.22302158273381295,0.11510791366906475,5.489208633093525
2023,3,19790,DL,11433,14679,DTW,SAN,87,2,3,0,82,0,35,11,2494.0,0.022988505747126436,0.034482758620689655,0.4268292682926829,0.13414634146341464,30.414634146341463
2023,3,19790,DL,11433,14747,DTW,SEA,112,5,0,0,107,0,12,5,-584.0,0.044642857142857144,0.0,0.11214953271028037,0.04672897196261682,-5.457943925233645
2023,3,19790,DL,11433,14771,DTW,SFO,111,6,1,0,104,0,39,11,1326.0,0.05405405405405406,0.009009009009009009,0.375,0.10576923076923077,12.75
2023,3,19790,DL,11433,14869,DTW,SLC,130,4,1,0,125,0,40,12,2165.0,0.03076923076923077,0.007692307692307693,0.32,0.096,17.32
2023,3,19790,DL,11433,15016,DTW,STL,113,1,0,0,112,0,13,3,144.0,0.008849557522123894,0.0,0.11607142857142858,0.026785714285714284,1.2857142857142858
2023,3,19790,DL,11433,15304,DTW,TPA,170,7,0,0,163,0,40,12,462.0,0.041176470588235294,0.0,0.24539877300613497,0.0736196319018405,2.834355828220859
2023,3,19790,DL,11618,10397,EWR,ATL,258,7,1,0,250,0,57,14,874.0,0.027131782945736434,0.003875968992248062,0.228,0.056,3.496
2023,3,19790,DL,11618,11433,EWR,DTW,116,2,0,0,114,0,11,4,353.0,0.017241379310344827,0.0,0.09649122807017543,0.03508771929824561,3.0964912280701755
2023,3,19790,DL,11618,13487,EWR,MSP,114,0,0,0,114,0,18,7,-107.0,0.0,0.0,0.15789473684210525,0.06140350877192982,-0.9385964912280702
2023,3,19790,DL,11618,14869,EWR,SLC,31,2,0,0,29,0,11,4,1283.0,0.06451612903225806,0.0,0.3793103448275862,0.13793103448275862,44.241379310344826
2023,3,19790,DL,11697,10397,FLL,ATL,358,3,2,0,353,0,74,32,2436.0,0.008379888268156424,0.00558659217877095,0.2096317280453258,0.0906515580736544,6.90084985835694
2023,3,19790,DL,11697,10721,FLL,BOS,62,3,0,0,59,0,18,4,689.0,0.04838709677419355,0.0,0.3050847457627119,0.06779661016949153,11.677966101694915
2023,3,19790,DL,11697,11433,FLL,DTW,170,4,0,0,166,0,46,20,1924.0,0.023529411764705882,0.0,0.27710843373493976,0.12048192771084337,11.590361445783133
2023,3,19790,DL,11697,12478,FLL,JFK,124,2,0,0,122,0,48,16,2510.0,0.016129032258064516,0.0,0.39344262295081966,0.13114754098360656,20.57377049180328
2023,3,19790,DL,11697,12892,FLL,LAX,28,1,0,0,27,0,13,3,616.0,0.03571428571428571,0.0,0.48148148148148145,0.1111111111111111,22.814814814814813
2023,3,19790,DL,11697,12953,FLL,LGA,123,0,0,0,123,0,21,10,883.0,0.0,0.0,0.17073170731707318,0.08130081300813008,7.178861788617886
2023,3,19790,DL,11697,13487,FLL,MSP,89,0,0,0,89,0,19,7,501.0,0.0,0.0,0.21348314606741572,0.07865168539325842,5.629213483146067
2023,3,19790,DL,11697,14747,FLL,SEA,31,1,0,0,30,0,9,5,741.0,0.03225806451612903,0.0,0.3,0.16666666666666666,24.7
2023,3,19790,DL,11697,14869,FLL,SLC,31,0,0,0,31,0,3,0,-384.0,0.0,0.0,0.0967741935483871,0.0,-12.387096774193548
2023,3,19790,DL,12173,10397,HNL,ATL,31,1,0,0,30,0,17,2,854.0,0.03225806451612903,0.0,0.5666666666666667,0.06666666666666667,28.466666666666665
2023,3,19790,DL,12173,11433,HNL,DTW,31,0,0,0,31,0,15,5,845.0,0.0,0.0,0.4838709677419355,0.16129032258064516,27.258064516129032
2023,3,19790,DL,12173,12478,HNL,JFK,29,1,0,0,28,0,8,2,151.0,0.034482758620689655,0.0,0.2857142857142857,0.07142857142857142,5.392857142857143
2023,3,19790,DL,12173,12892,HNL,LAX,93,0,0,0,93,0,13,5,-163.0,0.0,0.0,0.13978494623655913,0.053763440860215055,-1.7526881720430108
2023,3,19790,DL,12173,13487,HNL,MSP,30,0,0,0,30,0,4,2,-184.0,0.0,0.0,0.13333333333333333,0.06666666666666667,-6.133333333333334
2023,3,19790,DL,12173,14747,HNL,SEA,57,2,0,0,55,0,6,2,-488.0,0.03508771929824561,0.0,0.10909090909090909,0.03636363636363636,-8.872727272727273
2023,3,19790,DL,12173,14869,HNL,SLC,31,1,0,0,30,0,1,1,-568.0,0.03225806451612903,0.0,0.03333333333333333,0.03333333333333333,-18.933333333333334
2023,3,19790,DL,12266,10397,IAH,ATL,196,4,0,0,192,0,43,10,1160.0,0.02040816326530612,0.0,0.22395833333333334,0.052083333333333336,6.041666666666667
2023,3,19790,DL,12266,11433,IAH,DTW,120,3,0,0,117,0,17,5,-305.0,0.025,0.0,0.1452991452991453,0.042735042735042736,-2.606837606837607
2023,3,19790,DL,12266,12892,IAH,LAX,61,0,0,0,61,0,8,0,-93.0,0.0,0.0,0.13114754098360656,0.0,-1.5245901639344261
2023,3,19790,DL,12266,12953,IAH,LGA,108,2,0,0,106,0,26,16,1163.0,0.018518518518518517,0.0,0.24528301886792453,0.1509433962264151,10.971698113207546
2023,3,19790,DL,12266,13487,IAH,MSP,120,2,0,0,118,0,23,6,468.0,0.016666666666666666,0.0,0.19491525423728814,0.05084745762711865,3.9661016949152543
2023,3,19790,DL,12266,14869,IAH,SLC,92,1,1,0,90,0,20,7,596.0,0.010869565217391304,0.010869565217391304,0.2222222222222222,0.07777777777777778,6.622222222222222
2023,3,19790,DL,12478,10397,JFK,ATL,198,0,0,0,198,0,44,16,1463.0,0.0,0.0,0.2222222222222222,0.08080808080808081,7.388888888888889
2023,3,19790,DL,12478,10721,JFK,BOS,67,0,0,0,67,0,25,9,1881.0,0.0,0.0,0.373134328358209,0.13432835820895522,28.074626865671643
2023,3,19790,DL,12478,11292,JFK,DEN,88,7,0,0,81,0,24,4,661.0,0.07954545454545454,0.0,0.2962962962962963,0.04938271604938271,8.160493827160494
2023,3,19790,DL,12478,11298,JFK,DFW,61,1,0,0,60,0,19,9,1459.0,0.01639344262295082,0.0,0.31666666666666665,0.15,24.316666666666666
2023,3,19790,DL,12478,11433,JFK,DTW,31,0,1,0,30,0,11,5,719.0,0.0,0.03225806451612903,0.36666666666666664,0.16666666666666666,23.966666666666665
2023,3,19790,DL,12478,11697,JFK,FLL,124,2,0,0,122,0,34,14,920.0,0.016129032258064516,0.0,0.2786885245901639,0.11475409836065574,7.540983606557377
2023,3,19790,DL,12478,12173,JFK,HNL,29,0,0,0,29,0,9,2,430.0,0.0,0.0,0.3103448275862069,0.06896551724137931,14.827586206896552
2023,3,19790,DL,12478,12889,JFK,LAS,124,5,1,0,118,0,40,14,1609.0,0.04032258064516129,0.008064516129032258,0.3389830508474576,0.11864406779661017,13.635593220338983
2023,3,19790,DL,12478,12892,JFK,LAX,257,1,0,0,256,0,105,19,4615.0,0.0038910505836575876,0.0,0.41015625,0.07421875,18.02734375
2023,3,19790,DL,12478,13204,JFK,MCO,158,5,1,0,152,0,51,12,1733.0,0.03164556962025317,0.006329113924050633,0.3355263157894737,0.07894736842105263,11.401315789473685
2023,3,19790,DL,12478,13303,JFK,MIA,124,3,1,0,120,0,32,9,565.0,0.024193548387096774,0.008064516129032258,0.26666666666666666,0.075,4.708333333333333
2023,3,19790,DL,12478,13487,JFK,MSP,46,2,0,0,44,0,6,2,-75.0,0.043478260869565216,0.0,0.13636363636363635,0.045454545454545456,-1.7045454545454546
2023,3,19790,DL,12478,14107,JFK,PHX,83,4,0,0,79,0,28,6,1101.0,0.04819277108433735,0.0,0.35443037974683544,0.0759493670886076,13.936708860759493
2023,3,19790,DL,12478,14635,JFK,RSW,62,3,0,0,59,0,16,9,56.0,0.04838709677419355,0.0,0.2711864406779661,0.15254237288135594,0.9491525423728814
2023,3,19790,DL,12478,14679,JFK,SAN,82,4,1,0,77,0,28,7,711.0,0.04878048780487805,0.012195121951219513,0.36363636363636365,0.09090909090909091,9.233766233766234
2023,3,19790,DL,12478,14747,JFK,SEA,94,2,0,0,92,0,18,3,-223.0,0.02127659574468085,0.0,0.1956521739130435,0.03260869565217391,-2.4239130434782608
2023,3,19790,DL,12478,14771,JFK,SFO,200,3,0,0,197,0,63,19,2351.0,0.015,0.0,0.3197969543147208,0.09644670050761421,11.934010152284264
2023,3,19790,DL,12478,14869,JFK,SLC,124,1,1,0,122,0,35,6,1290.0,0.008064516129032258,0.008064516129032258,0.28688524590163933,0.04918032786885246,10.573770491803279
2023,3,19790,DL,12478,15304,JFK,TPA,93,6,0,0,87,0,14,1,-296.0,0.06451612903225806,0.0,0.16091954022988506,0.011494252873563218,-3.4022988505747125
2023,3,19790,DL,12889,10397,LAS,ATL,258,6,0,0,252,0,48,16,1750.0,0.023255813953488372,0.0,0.19047619047619047,0.06349206349206349,6.944444444444445
2023,3,19790,DL,12889,10721,LAS,BOS,31,0,0,0,31,0,13,5,684.0,0.0,0.0,0.41935483870967744,0.16129032258064516,22.06451612903226
2023,3,19790,DL,12889,11433,LAS,DTW,177,3,2,0,172,0,20,4,-1302.0,0.01694915254237288,0.011299435028248588,0.11627906976744186,0.023255813953488372,-7.569767441860465
2023,3,19790,DL,12889,12478,LAS,JFK,124,4,0,0,120,0,22,9,-673.0,0.03225806451612903,0.0,0.18333333333333332,0.075,-5.608333333333333
2023,3,19790,DL,12889,12892,LAS,LAX,155,3,0,0,152,0,48,12,2585.0,0.01935483870967742,0.0,0.3157894736842105,0.07894736842105263,17.00657894736842
2023,3,19790,DL,12889,13487,LAS,MSP,205,7,0,0,198,0,38,17,1241.0,0.03414634146341464,0.0,0.1919191919191919,0.08585858585858586,6.267676767676767
2023,3,19790,DL,12889,14747,LAS,SEA,155,4,0,0,151,0,20,7,-651.0,0.025806451612903226,0.0,0.13245033112582782,0.046357615894039736,-4.311258278145695
2023,3,19790,DL,12889,14869,LAS,SLC,151,0,0,0,151,0,42,13,1947.0,0.0,0.0,0.2781456953642384,0.08609271523178808,12.894039735099337
2023,3,19790,DL,12892,10397,LAX,ATL,326,4,0,0,322,0,81,25,4485.0,0.012269938650306749,0.0,0.2515527950310559,0.07763975155279502,13.928571428571429
2023,3,19790,DL,12892,10721,LAX,BOS,88,4,0,0,84,0,14,5,180.0,0.045454545454545456,0.0,0.16666666666666666,0.05952380952380952,2.142857142857143
2023,3,19790,DL,12892,11278,LAX,DCA,31,0,0,0,31,0,2,1,-719.0,0.0,0.0,0.06451612903225806,0.03225806451612903,-23.193548387096776
2023,3,19790,DL,12892,11292,LAX,DEN,93,2,0,0,91,0,20,2,223.0,0.021505376344086023,0.0,0.21978021978021978,0.02197802197802198,2.4505494505494507
2023,3,19790,DL,12892,11298,LAX,DFW,58,2,0,0,56,0,16,8,1140.0,0.034482758620689655,0.0,0.2857142857142857,0.14285714285714285,20.357142857142858
2023,3,19790,DL,12892,11433,LAX,DTW,164,5,1,0,158,0,24,7,-841.0,0.03048780487804878,0.006097560975609756,0.1518987341772152,0.04430379746835443,-5.322784810126582
2023,3,19790,DL,12892,11697,LAX,FLL,29,2,0,0,27,0,13,2,1180.0,0.06896551724137931,0.0,0.48148148148148145,0.07407407407407407,43.7037037037037
2023,3,19790,DL,12892,12173,LAX,HNL,93,0,0,0,93,0,39,8,1430.0,0.0,0.0,0.41935483870967744,0.08602150537634409,15.376344086021506
2023,3,19790,DL,12892,12266,LAX,IAH,61,0,0,0,61,0,12,3,487.0,0.0,0.0,0.19672131147540983,0.04918032786885246,7.983606557377049
2023,3,19790,DL,12892,12478,LAX,JFK,257,1,1,0,255,0,53,17,300.0,0.0038910505836575876,0.0038910505836575876,0.20784313725490197,0.06666666666666667,1.1764705882352942
2023,3,19790,DL,12892,12889,LAX,LAS,155,3,0,0,152,0,43,17,1740.0,0.01935483870967742,0.0,0.28289473684210525,0.1118421052631579,11.447368421052632
2023,3,19790,DL,12892,13204,LAX,MCO,118,3,0,0,115,0,20,9,742.0,0.025423728813559324,0.0,0.17391304347826086,0.0782608695652174,6.452173913043478
2023,3,19790,DL,12892,13303,LAX,MIA,31,2,0,0,29,0,5,1,-57.0,0.06451612903225806,0.0,0.1724137931034483,0.034482758620689655,-1.9655172413793103
2023,3,19790,DL,12892,13487,LAX,MSP,187,4,0,0,183,0,27,6,-863.0,0.0213903743315508,0.0,0.14754098360655737,0.03278688524590164,-4.715846994535519
2023,3,19790,DL,12892,14747,LAX,SEA,205,9,0,0,196,0,26,12,467.0,0.04390243902439024,0.0,0.1326530612244898,0.061224489795918366,2.38265306122449
2023,3,19790,DL,12892,14771,LAX,SFO,212,14,1,0,197,0,62,19,3297.0,0.0660377358490566,0.0047169811320754715,0.3147208121827411,0.09644670050761421,16.736040609137056
2023,3,19790,DL,12892,14869,LAX,SLC,217,6,1,0,210,0,26,5,-661.0,0.027649769585253458,0.004608294930875576,0.12380952380952381,0.023809523809523808,-3.1476190476190475
2023,3,19790,DL,12892,15304,LAX,TPA,57,2,0,0,55,0,12,5,685.0,0.03508771929824561,0.0,0.21818181818181817,0.09090909090909091,12.454545454545455
2023,3,19790,DL,12953,10397,LGA,ATL,398,6,1,0,391,0,77,33,1620.0,0.01507537688442211,0.002512562814070352,0.1969309462915601,0.08439897698209718,4.143222506393862
2023,3,19790,DL,12953,10721,LGA,BOS,46,4,0,0,42,0,14,5,1190.0,0.08695652173913043,0.0,0.3333333333333333,0.11904761904761904,28.333333333333332
2023,3,19790,DL,12953,11292,LGA,DEN,58,4,0,0,54,0,13,6,42.0,0.06896551724137931,0.0,0.24074074074074073,0.1111111111111111,0.7777777777777778
2023,3,19790,DL,12953,11298,LGA,DFW,139,6,2,0,131,0,25,6,41.0,0.04316546762589928,0.014388489208633094,0.19083969465648856,0.04580152671755725,0.31297709923664124
2023,3,19790,DL,12953,11433,LGA,DTW,178,4,1,0,173,0,31,7,673.0,0.02247191011235955,0.0056179775280898875,0.1791907514450867,0.04046242774566474,3.8901734104046244
2023,3,19790,DL,12953,11697,LGA,FLL,123,0,0,0,123,0,26,10,732.0,0.0,0.0,0.21138211382113822,0.08130081300813008,5.951219512195122
2023,3,19790,DL,12953,12266,LGA,IAH,108,2,0,0,106,0,29,10,256.0,0.018518518518518517,0.0,0.27358490566037735,0.09433962264150944,2.4150943396226414
2023,3,19790,DL,12953,13204,LGA,MCO,185,2,0,0,183,0,54,18,1387.0,0.010810810810810811,0.0,0.29508196721311475,0.09836065573770492,7.579234972677596
2023,3,19790,DL,12953,13303,LGA,MIA,123,0,0,0,123,0,35,12,583.0,0.0,0.0,0.2845528455284553,0.0975609756097561,4.739837398373984
2023,3,19790,DL,12953,13487,LGA,MSP,147,5,0,0,142,0,29,7,126.0,0.034013605442176874,0.0,0.20422535211267606,0.04929577464788732,0.8873239436619719
2023,3,19790,DL,12953,13930,LGA,ORD,218,6,2,0,210,0,54,23,1858.0,0.027522935779816515,0.009174311926605505,0.2571428571428571,0.10952380952380952,8.847619047619048
2023,3,19790,DL,12953,14635,LGA,RSW,62,2,0,0,60,0,11,4,666.0,0.03225806451612903,0.0,0.18333333333333332,0.06666666666666667,11.1
2023,3,19790,DL,12953,15304,LGA,TPA,120,3,0,0,117,0,25,11,470.0,0.025,0.0,0.21367521367521367,0.09401709401709402,4.017094017094017
2023,3,19790,DL,13204,10397,MCO,ATL,448,0,1,0,447,0,114,53,6091.0,0.0,0.002232142857142857,0.2550335570469799,0.1185682326621924,13.626398210290828
2023,3,19790,DL,13204,10721,MCO,BOS,123,3,0,0,120,0,28,8,213.0,0.024390243902439025,0.0,0.23333333333333334,0.06666666666666667,1.775
2023,3,19790,DL,13204,11433,MCO,DTW,208,4,1,0,203,0,55,19,2273.0,0.019230769230769232,0.004807692307692308,0.270935960591133,0.09359605911330049,11.19704433497537
2023,3,19790,DL,13204,12478,MCO,JFK,158,5,0,0,153,0,47,15,2383.0,0.03164556962025317,0.0,0.30718954248366015,0.09803921568627451,15.57516339869281
2023,3,19790,DL,13204,12892,MCO,LAX,118,2,0,0,116,0,32,7,1345.0,0.01694915254237288,0.0,0.27586206896551724,0.0603448275862069,11.594827586206897
2023,3,19790,DL,13204,12953,MCO,LGA,185,2,2,0,181,0,58,20,2728.0,0.010810810810810811,0.010810810810810811,0.32044198895027626,0.11049723756906077,15.07182320441989
2023,3,19790,DL,13204,13303,MCO,MIA,62,1,0,0,61,0,10,3,97.0,0.016129032258064516,0.0,0.16393442622950818,0.04918032786885246,1.5901639344262295
2023,3,19790,DL,13204,13487,MCO,MSP,192,6,1,0,185,0,50,20,3102.0,0.03125,0.005208333333333333,0.2702702702702703,0.10810810810810811,16.767567567567568
2023,3,19790,DL,13204,14747,MCO,SEA,59,4,1,0,54,0,14,6,836.0,0.06779661016949153,0.01694915254237288,0.25925925925925924,0.1111111111111111,15.481481481481481
2023,3,19790,DL,13204,14869,MCO,SLC,148,1,1,0,146,0,31,7,449.0,0.006756756756756757,0.006756756756756757,0.21232876712328766,0.04794520547945205,3.0753424657534247
2023,3,19790,DL,13232,10397,MDW,ATL,89,1,0,0,88,0,16,3,-187.0,0.011235955056179775,0.0,0.18181818181818182,0.03409090909090909,-2.125
2023,3,19790,DL,13303,10397,MIA,ATL,266,1,1,0,264,0,73,29,4200.0,0.0037593984962406013,0.0037593984962406013,0.2765151515151515,0.10984848484848485,15.909090909090908
2023,3,19790,DL,13303,10721,MIA,BOS,57,3,0,0,54,0,22,4,1066.0,0.05263157894736842,0.0,0.4074074074074074,0.07407407407407407,19.74074074074074
2023,3,19790,DL,13303,11433,MIA,DTW,65,3,1,0,61,0,26,14,2019.0,0.046153846153846156,0.015384615384615385,0.4262295081967213,0.22950819672131148,33.09836065573771
2023,3,19790,DL,13303,12478,MIA,JFK,124,3,0,0,121,0,48,10,1996.0,0.024193548387096774,0.0,0.39669421487603307,0.08264462809917356,16.49586776859504
2023,3,19790,DL,13303,12892,MIA,LAX,31,2,0,0,29,0,11,3,644.0,0.06451612903225806,0.0,0.3793103448275862,0.10344827586206896,22.20689655172414
2023,3,19790,DL,13303,12953,MIA,LGA,123,0,0,0,123,0,32,6,820.0,0.0,0.0,0.2601626016260163,0.04878048780487805,6.666666666666667
2023,3,19790,DL,13303,13204,MIA,MCO,62,1,0,0,61,0,13,5,580.0,0.016129032258064516,0.0,0.21311475409836064,0.08196721311475409,9.508196721311476
2023,3,19790,DL,13303,13487,MIA,MSP,62,1,0,0,61,0,6,3,-235.0,0.016129032258064516,0.0,0.09836065573770492,0.04918032786885246,-3.8524590163934427
2023,3,19790,DL,13303,14869,MIA,SLC,31,1,0,0,30,0,3,0,-189.0,0.03225806451612903,0.0,0.1,0.0,-6.3
2023,3,19790,DL,13487,10397,MSP,ATL,268,1,1,0,266,0,53,13,271.0,0.0037313432835820895,0.0037313432835820895,0.19924812030075187,0.04887218045112782,1.018796992481203
2023,3,19790,DL,13487,10721,MSP,BOS,151,4,0,0,147,0,23,3,-482.0,0.026490066225165563,0.0,0.1564625850340136,0.02040816326530612,-3.2789115646258504
2023,3,19790,DL,13487,10821,MSP,BWI,62,2,0,0,60,0,9,0,-434.0,0.03225806451612903,0.0,0.15,0.0,-7.233333333333333
2023,3,19790,DL,13487,11278,MSP,DCA,152,1,0,0,151,0,29,6,-156.0,0.006578947368421052,0.0,0.19205298013245034,0.039735099337748346,-1.033112582781457
2023,3,19790,DL,13487,11292,MSP,DEN,155,3,0,0,152,0,48,7,1941.0,0.01935483870967742,0.0,0.3157894736842105,0.046052631578947366,12.769736842105264
2023,3,19790,DL,13487,11298,MSP,DFW,120,0,1,0,119,0,31,5,1580.0,0.0,0.008333333333333333,0.2605042016806723,0.04201680672268908,13.277310924369749
2023,3,19790,DL,13487,11433,MSP,DTW,155,3,1,0,151,0,38,8,1608.0,0.01935483870967742,0.0064516129032258064,0.25165562913907286,0.052980132450331126,10.649006622516556
2023,3,19790,DL,13487,11618,MSP,EWR,114,1,0,0,113,0,21,9,-12.0,0.008771929824561403,0.0,0.18584070796460178,0.07964601769911504,-0.10619469026548672
2023,3,19790,DL,13487,11697,MSP,FLL,90,0,0,0,90,0,19,7,389.0,0.0,0.0,0.2111111111111111,0.07777777777777778,4.322222222222222
2023,3,19790,DL,13487,12173,MSP,HNL,31,0,1,0,30,0,8,5,373.0,0.0,0.03225806451612903,0.26666666666666666,0.16666666666666666,12.433333333333334
2023,3,19790,DL,13487,12266,MSP,IAH,120,2,0,0,118,0,48,14,2449.0,0.016666666666666666,0.0,0.4067796610169492,0.11864406779661017,20.75423728813559
2023,3,19790,DL,13487,12478,MSP,JFK,47,2,0,0,45,0,10,5,1384.0,0.0425531914893617,0.0,0.2222222222222222,0.1111111111111111,30.755555555555556
2023,3,19790,DL,13487,12889,MSP,LAS,206,7,1,0,198,0,65,14,2064.0,0.03398058252427184,0.0048543689320388345,0.3282828282828283,0.0707070707070707,10.424242424242424
2023,3,19790,DL,13487,12892,MSP,LAX,188,6,0,0,182,0,55,15,2269.0,0.031914893617021274,0.0,0.3021978021978022,0.08241758241758242,12.467032967032967
2023,3,19790,DL,13487,12953,MSP,LGA,147,5,0,0,142,0,17,10,-213.0,0.034013605442176874,0.0,0.11971830985915492,0.07042253521126761,-1.5
2023,3,19790,DL,13487,13204,MSP,MCO,193,6,1,0,186,0,53,18,3075.0,0.031088082901554404,0.0051813471502590676,0.2849462365591398,0.0967741935483871,16.532258064516128
2023,3,19790,DL,13487,13303,MSP,MIA,63,2,0,0,61,0,18,8,684.0,0.031746031746031744,0.0,0.29508196721311475,0.13114754098360656,11.21311475409836
2023,3,19790,DL,13487,13930,MSP,ORD,182,4,2,0,176,0,37,15,1899.0,0.02197802197802198,0.01098901098901099,0.21022727272727273,0.08522727272727272,10.789772727272727
2023,3,19790,DL,13487,14100,MSP,PHL,89,1,0,0,88,0,12,2,-462.0,0.011235955056179775,0.0,0.13636363636363635,0.022727272727272728,-5.25
2023,3,19790,DL,13487,14107,MSP,PHX,209,6,0,0,203,0,77,13,2621.0,0.028708133971291867,0.0,0.3793103448275862,0.06403940886699508,12.911330049261084
2023,3,19790,DL,13487,14635,MSP,RSW,147,1,0,0,146,0,30,7,-88.0,0.006802721088435374,0.0,0.2054794520547945,0.04794520547945205,-0.6027397260273972
2023,3,19790,DL,13487,14679,MSP,SAN,105,1,0,0,104,0,43,8,1342.0,0.009523809523809525,0.0,0.41346153846153844,0.07692307692307693,12.903846153846153
2023,3,19790,DL,13487,14747,MSP,SEA,151,2,0,0,149,0,28,13,160.0,0.013245033112582781,0.0,0.18791946308724833,0.087248322147651,1.0738255033557047
2023,3,19790,DL,13487,14771,MSP,SFO,120,2,1,0,117,0,50,14,2003.0,0.016666666666666666,0.008333333333333333,0.42735042735042733,0.11965811965811966,17.11965811965812
2023,3,19790,DL,13487,14869,MSP,SLC,135,1,0,0,134,0,31,5,1028.0,0.007407407407407408,0.0,0.23134328358208955,0.03731343283582089,7.6716417910447765
2023,3,19790,DL,13487,15016,MSP,STL,120,1,0,0,119,0,21,10,841.0,0.008333333333333333,0.0,0.17647058823529413,0.08403361344537816,7.067226890756302
2023,3,19790,DL,13487,15304,MSP,TPA,129,2,0,0,127,0,30,6,189.0,0.015503875968992248,0.0,0.23622047244094488,0.047244094488188976,1.4881889763779528
2023,3,19790,DL,13796,14869,OAK,SLC,62,0,0,0,62,0,13,3,88.0,0.0,0.0,0.20967741935483872,0.04838709677419355,1.4193548387096775
2023,3,19790,DL,13930,10397,ORD,ATL,203,0,0,0,203,0,50,16,2147.0,0.0,0.0,0.24630541871921183,0.07881773399014778,10.576354679802956
2023,3,19790,DL,13930,10721,ORD,BOS,81,1,0,0,80,0,24,5,2168.0,0.012345679012345678,0.0,0.3,0.0625,27.1
2023,3,19790,DL,13930,11433,ORD,DTW,178,8,0,0,170,0,30,11,353.0,0.0449438202247191,0.0,0.17647058823529413,0.06470588235294118,2.0764705882352943
2023,3,19790,DL,13930,12953,ORD,LGA,218,7,0,0,211,0,37,12,321.0,0.03211009174311927,0.0,0.17535545023696683,0.05687203791469194,1.5213270142180095
2023,3,19790,DL,13930,13487,ORD,MSP,182,5,0,0,177,0,26,12,1428.0,0.027472527472527472,0.0,0.14689265536723164,0.06779661016949153,8.067796610169491
2023,3,19790,DL,13930,14747,ORD,SEA,62,4,0,0,58,0,10,4,411.0,0.06451612903225806,0.0,0.1724137931034483,0.06896551724137931,7.086206896551724
2023,3,19790,DL,13930,14869,ORD,SLC,92,3,0,0,89,0,21,4,1245.0,0.03260869565217391,0.0,0.23595505617977527,0.0449438202247191,13.98876404494382
2023,3,19790,DL,14100,10397,PHL,ATL,229,4,2,0,223,0,39,13,286.0,0.017467248908296942,0.008733624454148471,0.17488789237668162,0.05829596412556054,1.2825112107623318
2023,3,19790,DL,14100,11433,PHL,DTW,120,2,0,0,118,0,8,3,194.0,0.016666666666666666,0.0,0.06779661016949153,0.025423728813559324,1.6440677966101696
2023,3,19790,DL,14100,13487,PHL,MSP,89,0,0,0,89,0,11,1,-547.0,0.0,0.0,0.12359550561797752,0.011235955056179775,-6.146067415730337
2023,3,19790,DL,14100,14869,PHL,SLC,31,1,0,0,30,0,6,2,79.0,0.03225806451612903,0.0,0.2,0.06666666666666667,2.6333333333333333
2023,3,19790,DL,14107,10397,PHX,ATL,213,3,1,0,209,0,39,9,1630.0,0.014084507042253521,0.004694835680751174,0.18660287081339713,0.0430622009569378,7.7990430622009566
2023,3,19790,DL,14107,10721,PHX,BOS,31,0,0,0,31,0,7,2,403.0,0.0,0.0,0.22580645161290322,0.06451612903225806,13.0
2023,3,19790,DL,14107,11433,PHX,DTW,123,2,2,0,119,0,25,9,276.0,0.016260162601626018,0.016260162601626018,0.21008403361344538,0.07563025210084033,2.319327731092437
2023,3,19790,DL,14107,12478,PHX,JFK,83,4,0,0,79,0,19,4,515.0,0.04819277108433735,0.0,0.24050632911392406,0.05063291139240506,6.518987341772152
2023,3,19790,DL,14107,13487,PHX,MSP,209,5,0,0,204,0,26,9,201.0,0.023923444976076555,0.0,0.12745098039215685,0.04411764705882353,0.9852941176470589
2023,3,19790,DL,14107,14747,PHX,SEA,155,4,0,0,151,0,17,4,-1968.0,0.025806451612903226,0.0,0.11258278145695365,0.026490066225165563,-13.033112582781458
2023,3,19790,DL,14107,14869,PHX,SLC,154,2,0,0,152,0,33,13,1101.0,0.012987012987012988,0.0,0.21710526315789475,0.08552631578947369,7.243421052631579
2023,3,19790,DL,14635,10397,RSW,ATL,244,7,2,0,235,0,32,12,-344.0,0.028688524590163935,0.00819672131147541,0.13617021276595745,0.05106382978723404,-1.4638297872340424
2023,3,19790,DL,14635,10721,RSW,BOS,31,2,0,0,29,0,5,4,269.0,0.06451612903225806,0.0,0.1724137931034483,0.13793103448275862,9.275862068965518
2023,3,19790,DL,14635,11433,RSW,DTW,147,7,0,0,140,0,25,11,121.0,0.047619047619047616,0.0,0.17857142857142858,0.07857142857142857,0.8642857142857143
2023,3,19790,DL,14635,12478,RSW,JFK,62,3,0,0,59,0,8,3,-548.0,0.04838709677419355,0.0,0.13559322033898305,0.05084745762711865,-9.288135593220339
2023,3,19790,DL,14635,12953,RSW,LGA,62,2,0,0,60,0,12,3,1609.0,0.03225806451612903,0.0,0.2,0.05,26.816666666666666
2023,3,19790,DL,14635,13487,RSW,MSP,147,1,0,0,146,0,19,5,-682.0,0.006802721088435374,0.0,0.13013698630136986,0.03424657534246575,-4.671232876712328
2023,3,19790,DL,14679,10397,SAN,ATL,154,1,0,0,153,0,25,7,377.0,0.006493506493506494,0.0,0.16339869281045752,0.0457516339869281,2.4640522875816995
2023,3,19790,DL,14679,10721,SAN,BOS,31,0,0,0,31,0,4,1,-549.0,0.0,0.0,0.12903225806451613,0.03225806451612903,-17.70967741935484
2023,3,19790,DL,14679,11433,SAN,DTW,87,2,1,0,84,0,8,4,-614.0,0.022988505747126436,0.011494252873563218,0.09523809523809523,0.047619047619047616,-7.309523809523809
2023,3,19790,DL,14679,12478,SAN,JFK,82,5,0,0,77,0,14,5,455.0,0.06097560975609756,0.0,0.18181818181818182,0.06493506493506493,5.909090909090909
2023,3,19790,DL,14679,13487,SAN,MSP,104,0,0,0,104,0,14,5,-1010.0,0.0,0.0,0.1346153846153846,0.04807692307692308,-9.711538461538462
2023,3,19790,DL,14679,14747,SAN,SEA,154,2,0,0,152,0,14,9,-866.0,0.012987012987012988,0.0,0.09210526315789473,0.05921052631578947,-5.697368421052632
2023,3,19790,DL,14679,14869,SAN,SLC,155,3,0,0,152,0,29,10,763.0,0.01935483870967742,0.0,0.19078947368421054,0.06578947368421052,5.019736842105263
2023,3,19790,DL,14747,10397,SEA,ATL,175,4,0,0,171,0,34,10,2803.0,0.022857142857142857,0.0,0.19883040935672514,0.05847953216374269,16.391812865497077
2023,3,19790,DL,14747,10721,SEA,BOS,86,0,0,0,86,0,15,1,72.0,0.0,0.0,0.1744186046511628,0.011627906976744186,0.8372093023255814
2023,3,19790,DL,14747,11292,SEA,DEN,93,0,0,0,93,0,18,2,-354.0,0.0,0.0,0.1935483870967742,0.021505376344086023,-3.806451612903226
2023,3,19790,DL,14747,11433,SEA,DTW,111,5,3,0,103,0,6,2,-1100.0,0.04504504504504504,0.02702702702702703,0.05825242718446602,0.019417475728155338,-10.679611650485437
2023,3,19790,DL,14747,11697,SEA,FLL,31,1,0,0,30,0,7,4,527.0,0.03225806451612903,0.0,0.23333333333333334,0.13333333333333333,17.566666666666666
2023,3,19790,DL,14747,12173,SEA,HNL,57,2,0,0,55,0,25,4,1184.0,0.03508771929824561,0.0,0.45454545454545453,0.07272727272727272,21.527272727272727
2023,3,19790,DL,14747,12478,SEA,JFK,94,3,0,0,91,0,19,2,68.0,0.031914893617021274,0.0,0.2087912087912088,0.02197802197802198,0.7472527472527473
2023,3,19790,DL,14747,12889,SEA,LAS,155,4,0,0,151,0,27,8,117.0,0.025806451612903226,0.0,0.17880794701986755,0.052980132450331126,0.7748344370860927
2023,3,19790,DL,14747,12892,SEA,LAX,205,9,0,0,196,0,27,6,-519.0,0.04390243902439024,0.0,0.1377551020408163,0.030612244897959183,-2.6479591836734695
2023,3,19790,DL,14747,13204,SEA,MCO,59,4,0,0,55,0,16,6,1672.0,0.06779661016949153,0.0,0.2909090909090909,0.10909090909090909,30.4
2023,3,19790,DL,14747,13487,SEA,MSP,151,2,0,0,149,0,18,7,-93.0,0.013245033112582781,0.0,0.12080536912751678,0.04697986577181208,-0.6241610738255033
2023,3,19790,DL,14747,13930,SEA,ORD,62,3,0,0,59,0,15,5,778.0,0.04838709677419355,0.0,0.2542372881355932,0.0847457627118644,13.186440677966102
2023,3,19790,DL,14747,14107,SEA,PHX,155,3,1,0,151,0,21,7,-15.0,0.01935483870967742,0.0064516129032258064,0.1390728476821192,0.046357615894039736,-0.09933774834437085
2023,3,19790,DL,14747,14679,SEA,SAN,154,2,0,0,152,0,23,14,634.0,0.012987012987012988,0.0,0.1513157894736842,0.09210526315789473,4.171052631578948
2023,3,19790,DL,14747,14771,SEA,SFO,71,1,0,0,70,0,22,11,1379.0,0.014084507042253521,0.0,0.3142857142857143,0.15714285714285714,19.7
2023,3,19790,DL,14747,14869,SEA,SLC,175,7,0,0,168,0,29,11,1310.0,0.04,0.0,0.17261904761904762,0.06547619047619048,7.7976190476190474
2023,3,19790,DL,14747,15304,SEA,TPA,30,1,0,0,29,0,14,5,505.0,0.03333333333333333,0.0,0.4827586206896552,0.1724137931034483,17.413793103448278
2023,3,19790,DL,14771,10397,SFO,ATL,195,3,0,0,192,0,26,12,199.0,0.015384615384615385,0.0,0.13541666666666666,0.0625,1.0364583333333333
2023,3,19790,DL,14771,10721,SFO,BOS,31,1,0,0,30,0,7,4,-83.0,0.03225806451612903,0.0,0.23333333333333334,0.13333333333333333,-2.7666666666666666
2023,3,19790,DL,14771,11433,SFO,DTW,111,6,2,0,103,0,21,7,-166.0,0.05405405405405406,0.018018018018018018,0.20388349514563106,0.06796116504854369,-1.6116504854368932
2023,3,19790,DL,14771,12478,SFO,JFK,200,3,0,0,197,0,37,12,-199.0,0.015,0.0,0.18781725888324874,0.06091370558375635,-1.0101522842639594
2023,3,19790,DL,14771,12892,SFO,LAX,212,14,0,0,198,0,46,13,1324.0,0.0660377358490566,0.0,0.23232323232323232,0.06565656565656566,6.686868686868687
2023,3,19790,DL,14771,13487,SFO,MSP,120,3,0,0,117,0,22,9,662.0,0.025,0.0,0.18803418803418803,0.07692307692307693,5.6581196581196584
2023,3,19790,DL,14771,14747,SFO,SEA,71,0,0,0,71,0,14,5,130.0,0.0,0.0,0.19718309859154928,0.07042253521126761,1.8309859154929577
2023,3,19790,DL,14771,14869,SFO,SLC,151,2,0,0,149,0,51,25,4342.0,0.013245033112582781,0.0,0.3422818791946309,0.16778523489932887,29.140939597315437
2023,3,19790,DL,14869,10397,SLC,ATL,255,3,1,0,251,0,55,13,855.0,0.011764705882352941,0.00392156862745098,0.21912350597609562,0.05179282868525897,3.406374501992032
2023,3,19790,DL,14869,10721,SLC,BOS,85,1,0,0,84,0,17,6,432.0,0.011764705882352941,0.0,0.20238095238095238,0.07142857142857142,5.142857142857143
2023,3,19790,DL,14869,10821,SLC,BWI,31,2,0,0,29,0,3,2,398.0,0.06451612903225806,0.0,0.10344827586206896,0.06896551724137931,13.724137931034482
2023,3,19790,DL,14869,11278,SLC,DCA,31,1,0,0,30,0,4,0,-135.0,0.03225806451612903,0.0,0.13333333333333333,0.0,-4.5
2023,3,19790,DL,14869,11292,SLC,DEN,151,0,0,0,151,0,41,12,1435.0,0.0,0.0,0.271523178807947,0.07947019867549669,9.503311258278146
2023,3,19790,DL,14869,11298,SLC,DFW,123,2,0,0,121,0,27,10,825.0,0.016260162601626018,0.0,0.2231404958677686,0.08264462809917356,6.818181818181818
2023,3,19790,DL,14869,11433,SLC,DTW,131,4,1,0,126,0,21,8,56.0,0.030534351145038167,0.007633587786259542,0.16666666666666666,0.06349206349206349,0.4444444444444444
2023,3,19790,DL,14869,11618,SLC,EWR,31,2,0,0,29,0,7,4,277.0,0.06451612903225806,0.0,0.2413793103448276,0.13793103448275862,9.551724137931034
2023,3,19790,DL,14869,11697,SLC,FLL,31,1,0,0,30,0,5,1,-78.0,0.03225806451612903,0.0,0.16666666666666666,0.03333333333333333,-2.6
2023,3,19790,DL,14869,12173,SLC,HNL,31,1,0,0,30,0,15,3,735.0,0.03225806451612903,0.0,0.5,0.1,24.5
2023,3,19790,DL,14869,12266,SLC,IAH,92,1,1,0,90,0,27,12,1392.0,0.010869565217391304,0.010869565217391304,0.3,0.13333333333333333,15.466666666666667
2023,3,19790,DL,14869,12478,SLC,JFK,124,2,0,0,122,0,44,14,2782.0,0.016129032258064516,0.0,0.36065573770491804,0.11475409836065574,22.80327868852459
2023,3,19790,DL,14869,12889,SLC,LAS,151,1,0,0,150,0,57,16,3279.0,0.006622516556291391,0.0,0.38,0.10666666666666667,21.86
2023,3,19790,DL,14869,12892,SLC,LAX,217,5,0,0,212,0,55,18,3002.0,0.02304147465437788,0.0,0.25943396226415094,0.08490566037735849,14.160377358490566
2023,3,19790,DL,14869,13204,SLC,MCO,148,1,0,0,147,0,33,14,1384.0,0.006756756756756757,0.0,0.22448979591836735,0.09523809523809523,9.414965986394558
2023,3,19790,DL,14869,13303,SLC,MIA,31,1,0,0,30,0,10,2,214.0,0.03225806451612903,0.0,0.3333333333333333,0.06666666666666667,7.133333333333334
2023,3,19790,DL,14869,13487,SLC,MSP,135,2,0,0,133,0,33,10,1633.0,0.014814814814814815,0.0,0.24812030075187969,0.07518796992481203,12.278195488721805
2023,3,19790,DL,14869,13796,SLC,OAK,62,0,0,0,62,0,11,2,444.0,0.0,0.0,0.1774193548387097,0.03225806451612903,7.161290322580645
2023,3,19790,DL,14869,13930,SLC,ORD,92,4,1,0,87,0,20,9,542.0,0.043478260869565216,0.010869565217391304,0.22988505747126436,0.10344827586206896,6.2298850574712645
2023,3,19790,DL,14869,14100,SLC,PHL,31,2,0,0,29,0,3,2,-113.0,0.06451612903225806,0.0,0.10344827586206896,0.06896551724137931,-3.896551724137931
2023,3,19790,DL,14869,14107,SLC,PHX,154,2,1,0,151,0,53,16,3313.0,0.012987012987012988,0.006493506493506494,0.3509933774834437,0.10596026490066225,21.94039735099338
2023,3,19790,DL,14869,14679,SLC,SAN,155,2,1,0,152,0,46,12,2156.0,0.012903225806451613,0.0064516129032258064,0.3026315789473684,0.07894736842105263,14.18421052631579
2023,3,19790,DL,14869,14747,SLC,SEA,175,6,0,0,169,0,30,6,-78.0,0.03428571428571429,0.0,0.17751479289940827,0.03550295857988166,-0.46153846153846156
2023,3,19790,DL,14869,14771,SLC,SFO,151,2,1,0,148,0,66,24,5301.0,0.013245033112582781,0.006622516556291391,0.44594594594594594,0.16216216216216217,35.817567567567565
2023,3,19790,DL,14869,15016,SLC,STL,86,1,1,0,84,0,21,8,326.0,0.011627906976744186,0.011627906976744186,0.25,0.09523809523809523,3.880952380952381
2023,3,19790,DL,14869,15304,SLC,TPA,31,0,0,0,31,0,7,2,9.0,0.0,0.0,0.22580645161290322,0.06451612903225806,0.2903225806451613
2023,3,19790,DL,15016,10397,STL,ATL,184,7,0,0,177,0,21,8,-176.0,0.03804347826086957,0.0,0.11864406779661017,0.04519774011299435,-0.9943502824858758
2023,3,19790,DL,15016,11433,STL,DTW,113,1,0,0,112,0,16,8,1030.0,0.008849557522123894,0.0,0.14285714285714285,0.07142857142857142,9.196428571428571
2023,3,19790,DL,15016,13487,STL,MSP,120,0,0,0,120,0,7,2,-873.0,0.0,0.0,0.058333333333333334,0.016666666666666666,-7.275
2023,3,19790,DL,15016,14869,STL,SLC,86,1,0,0,85,0,18,3,521.0,0.011627906976744186,0.0,0.21176470588235294,0.03529411764705882,6.129411764705883
2023,3,19790,DL,15304,10397,TPA,ATL,381,2,1,0,378,0,76,36,2188.0,0.005249343832020997,0.0026246719160104987,0.20105820105820105,0.09523809523809523,5.788359788359788
2023,3,19790,DL,15304,10721,TPA,BOS,86,3,0,0,83,0,15,9,557.0,0.03488372093023256,0.0,0.18072289156626506,0.10843373493975904,6.710843373493976
2023,3,19790,DL,15304,11433,TPA,DTW,169,7,0,0,162,0,28,11,86.0,0.04142011834319527,0.0,0.1728395061728395,0.06790123456790123,0.5308641975308642
2023,3,19790,DL,15304,12478,TPA,JFK,93,6,0,0,87,0,14,2,-210.0,0.06451612903225806,0.0,0.16091954022988506,0.022988505747126436,-2.413793103448276
2023,3,19790,DL,15304,12892,TPA,LAX,57,2,0,0,55,0,19,3,913.0,0.03508771929824561,0.0,0.34545454545454546,0.05454545454545454,16.6
2023,3,19790,DL,15304,12953,TPA,LGA,120,3,1,0,116,0,21,8,-150.0,0.025,0.008333333333333333,0.1810344827586207,0.06896551724137931,-1.293103448275862
2023,3,19790,DL,15304,13487,TPA,MSP,129,2,0,0,127,0,24,7,838.0,0.015503875968992248,0.0,0.1889763779527559,0.05511811023622047,6.5984251968503935
2023,3,19790,DL,15304,14747,TPA,SEA,30,1,0,0,29,0,11,4,497.0,0.03333333333333333,0.0,0.3793103448275862,0.13793103448275862,17.137931034482758
2023,3,19790,DL,15304,14869,TPA,SLC,31,0,1,0,30,0,6,3,142.0,0.0,0.03225806451612903,0.2,0.1,4.733333333333333
2023,3,19805,AA,10397,11278,ATL,DCA,35,0,0,0,35,0,4,1,-244.0,0.0,0.0,0.11428571428571428,0.02857142857142857,-6.9714285714285715
2023,3,19805,AA,10397,11298,ATL,DFW,186,4,2,0,180,0,33,15,1145.0,0.021505376344086023,0.010752688172043012,0.18333333333333332,0.08333333333333333,6.361111111111111
2023,3,19805,AA,10397,12892,ATL,LAX,31,0,0,0,31,0,10,3,1535.0,0.0,0.0,0.3225806451612903,0.0967741935483871,49.516129032258064
2023,3,19805,AA,10397,13303,ATL,MIA,155,0,0,0,155,0,40,16,1867.0,0.0,0.0,0.25806451612903225,0.1032258064516129,12.04516129032258
2023,3,19805,AA,10397,13930,ATL,ORD,62,1,1,0,60,0,13,2,650.0,0.016129032258064516,0.016129032258064516,0.21666666666666667,0.03333333333333333,10.833333333333334
2023,3,19805,AA,10397,14100,ATL,PHL,30,0,0,0,30,0,2,1,490.0,0.0,0.0,0.06666666666666667,0.03333333333333333,16.333333333333332
2023,3,19805,AA,10397,14107,ATL,PHX,58,0,0,0,58,0,13,1,221.0,0.0,0.0,0.22413793103448276,0.017241379310344827,3.810344827586207
2023,3,19805,AA,10721,11278,BOS,DCA,224,5,0,0,219,0,40,15,2367.0,0.022321428571428572,0.0,0.182648401826484,0.0684931506849315,10.808219178082192
2023,3,19805,AA,10721,11298,BOS,DFW,182,5,1,0,176,0,45,14,1289.0,0.027472527472527472,0.005494505494505495,0.2556818181818182,0.07954545454545454,7.323863636363637
2023,3,19805,AA,10721,12892,BOS,LAX,93,0,0,0,93,0,29,3,538.0,0.0,0.0,0.3118279569892473,0.03225806451612903,5.78494623655914
2023,3,19805,AA,10721,13303,BOS,MIA,178,1,0,0,177,0,34,7,15.0,0.0056179775280898875,0.0,0.192090395480226,0.03954802259887006,0.0847457627118644
2023,3,19805,AA,10721,13930,BOS,ORD,151,3,0,0,148,0,30,6,1747.0,0.019867549668874173,0.0,0.20270270270270271,0.04054054054054054,11.804054054054054
2023,3,19805,AA,10721,14100,BOS,PHL,194,4,0,0,190,0,37,18,2872.0,0.020618556701030927,0.0,0.19473684210526315,0.09473684210526316,15.115789473684211
2023,3,19805,AA,10721,14107,BOS,PHX,93,0,0,0,93,0,29,12,3107.0,0.0,0.0,0.3118279569892473,0.12903225806451613,33.40860215053763
2023,3,19805,AA,10821,11298,BWI,DFW,84,2,1,0,81,0,29,13,3841.0,0.023809523809523808,0.011904761904761904,0.35802469135802467,0.16049382716049382,47.41975308641975
2023,3,19805,AA,10821,13303,BWI,MIA,31,0,0,0,31,0,3,2,-71.0,0.0,0.0,0.0967741935483871,0.06451612903225806,-2.2903225806451615
2023,3,19805,AA,10821,13930,BWI,ORD,31,0,0,0,31,0,5,1,-88.0,0.0,0.0,0.16129032258064516,0.03225806451612903,-2.838709677419355
2023,3,19805,AA,11278,10397,DCA,ATL,35,0,0,0,35,0,4,1,-113.0,0.0,0.0,0.11428571428571428,0.02857142857142857,-3.2285714285714286
2023,3,19805,AA,11278,10721,DCA,BOS,224,5,0,0,219,0,52,16,1285.0,0.022321428571428572,0.0,0.2374429223744292,0.0730593607305936,5.867579908675799
2023,3,19805,AA,11278,11298,DCA,DFW,278,6,1,0,271,0,67,18,1876.0,0.02158273381294964,0.0035971223021582736,0.24723247232472326,0.06642066420664207,6.922509225092251
2023,3,19805,AA,11278,12889,DCA,LAS,31,0,0,0,31,0,9,0,139.0,0.0,0.0,0.2903225806451613,0.0,4.483870967741935
2023,3,19805,AA,11278,12892,DCA,LAX,62,0,2,0,60,0,24,4,802.0,0.0,0.03225806451612903,0.4,0.06666666666666667,13.366666666666667
2023,3,19805,AA,11278,12953,DCA,LGA,247,3,0,0,244,0,77,25,3053.0,0.012145748987854251,0.0,0.3155737704918033,0.10245901639344263,12.512295081967213
2023,3,19805,AA,11278,13204,DCA,MCO,155,0,1,0,154,0,34,10,1497.0,0.0,0.0064516129032258064,0.22077922077922077,0.06493506493506493,9.720779220779221
2023,3,19805,AA,11278,13303,DCA,MIA,240,1,0,0,239,0,61,17,806.0,0.004166666666666667,0.0,0.25523012552301255,0.07112970711297072,3.3723849372384938
2023,3,19805,AA,11278,13930,DCA,ORD,267,2,0,0,265,0,68,27,4696.0,0.00749063670411985,0.0,0.25660377358490566,0.1018867924528302,17.720754716981133
2023,3,19805,AA,11278,14107,DCA,PHX,93,0,1,0,92,0,33,8,2050.0,0.0,0.010752688172043012,0.358695652173913,0.08695652173913043,22.282608695652176
2023,3,19805,AA,11278,14635,DCA,RSW,62,0,0,0,62,0,15,4,976.0,0.0,0.0,0.24193548387096775,0.06451612903225806,15.741935483870968
2023,3,19805,AA,11278,15304,DCA,TPA,124,3,2,0,119,0,30,6,705.0,0.024193548387096774,0.016129032258064516,0.25210084033613445,0.05042016806722689,5.92436974789916
2023,3,19805,AA,11292,11298,DEN,DFW,239,5,1,0,233,0,64,13,2186.0,0.02092050209205021,0.0041841004184100415,0.27467811158798283,0.055793991416309016,9.381974248927039
2023,3,19805,AA,11292,13303,DEN,MIA,79,0,0,0,79,0,28,9,1406.0,0.0,0.0,0.35443037974683544,0.11392405063291139,17.79746835443038
2023,3,19805,AA,11292,13930,DEN,ORD,80,0,0,0,80,0,9,5,670.0,0.0,0.0,0.1125,0.0625,8.375
2023,3,19805,AA,11292,14100,DEN,PHL,62,0,0,0,62,0,8,3,-335.0,0.0,0.0,0.12903225806451613,0.04838709677419355,-5.403225806451613
2023,3,19805,AA,11292,14107,DEN,PHX,84,2,0,0,82,0,24,9,1734.0,0.023809523809523808,0.0,0.2926829268292683,0.10975609756097561,21.146341463414632
2023,3,19805,AA,11298,10397,DFW,ATL,186,4,0,0,182,0,55,16,1888.0,0.021505376344086023,0.0,0.3021978021978022,0.08791208791208792,10.373626373626374
2023,3,19805,AA,11298,10721,DFW,BOS,182,5,0,0,177,0,52,21,2547.0,0.027472527472527472,0.0,0.2937853107344633,0.11864406779661017,14.389830508474576
2023,3,19805,AA,11298,10821,DFW,BWI,84,1,0,0,83,0,26,9,837.0,0.011904761904761904,0.0,0.3132530120481928,0.10843373493975904,10.08433734939759
2023,3,19805,AA,11298,11278,DFW,DCA,279,6,0,0,273,0,82,34,4126.0,0.021505376344086023,0.0,0.30036630036630035,0.12454212454212454,15.113553113553113
2023,3,19805,AA,11298,11292,DFW,DEN,239,6,1,0,232,0,90,30,4845.0,0.02510460251046025,0.0041841004184100415,0.3879310344827586,0.12931034482758622,20.88362068965517
2023,3,19805,AA,11298,11433,DFW,DTW,124,2,1,0,121,0,32,9,1664.0,0.016129032258064516,0.008064516129032258,0.2644628099173554,0.0743801652892562,13.75206611570248
2023,3,19805,AA,11298,11618,DFW,EWR,153,1,0,0,152,0,53,19,2669.0,0.006535947712418301,0.0,0.34868421052631576,0.125,17.55921052631579
2023,3,19805,AA,11298,11697,DFW,FLL,146,3,0,0,143,0,57,23,3404.0,0.02054794520547945,0.0,0.3986013986013986,0.16083916083916083,23.804195804195803
2023,3,19805,AA,11298,12173,DFW,HNL,62,0,0,0,62,0,20,5,1295.0,0.0,0.0,0.3225806451612903,0.08064516129032258,20.887096774193548
2023,3,19805,AA,11298,12266,DFW,IAH,207,9,0,0,198,0,89,30,5907.0,0.043478260869565216,0.0,0.4494949494949495,0.15151515151515152,29.833333333333332
2023,3,19805,AA,11298,12478,DFW,JFK,93,1,0,0,92,0,19,6,603.0,0.010752688172043012,0.0,0.20652173913043478,0.06521739130434782,6.554347826086956
2023,3,19805,AA,11298,12889,DFW,LAS,314,5,0,0,309,0,149,55,10221.0,0.01592356687898089,0.0,0.48220064724919093,0.1779935275080906,33.077669902912625
2023,3,19805,AA,11298,12892,DFW,LAX,388,4,0,0,384,0,163,49,11019.0,0.010309278350515464,0.0,0.4244791666666667,0.12760416666666666,28.6953125
2023,3,19805,AA,11298,12953,DFW,LGA,363,8,3,0,352,0,93,35,3547.0,0.02203856749311295,0.008264462809917356,0.26420454545454547,0.09943181818181818,10.076704545454545
2023,3,19805,AA,11298,13204,DFW,MCO,270,5,1,0,264,0,112,52,8001.0,0.018518518518518517,0.003703703703703704,0.42424242424242425,0.19696969696969696,30.306818181818183
2023,3,19805,AA,11298,13303,DFW,MIA,255,4,1,0,250,0,72,27,4378.0,0.01568627450980392,0.00392156862745098,0.288,0.108,17.512
2023,3,19805,AA,11298,13487,DFW,MSP,124,2,0,0,122,0,28,11,1563.0,0.016129032258064516,0.0,0.22950819672131148,0.09016393442622951,12.811475409836065
2023,3,19805,AA,11298,13930,DFW,ORD,265,3,0,0,262,0,58,24,2489.0,0.011320754716981131,0.0,0.22137404580152673,0.0916030534351145,9.5
2023,3,19805,AA,11298,14100,DFW,PHL,217,1,0,0,216,0,59,18,2251.0,0.004608294930875576,0.0,0.27314814814814814,0.08333333333333333,10.421296296296296
2023,3,19805,AA,11298,14107,DFW,PHX,323,5,2,0,316,0,116,50,7917.0,0.015479876160990712,0.006191950464396285,0.3670886075949367,0.15822784810126583,25.053797468354432
2023,3,19805,AA,11298,14635,DFW,RSW,84,3,0,0,81,0,38,12,2074.0,0.03571428571428571,0.0,0.4691358024691358,0.14814814814814814,25.604938271604937
2023,3,19805,AA,11298,14679,DFW,SAN,270,7,0,0,263,0,113,40,7705.0,0.025925925925925925,0.0,0.4296577946768061,0.1520912547528517,29.29657794676806
2023,3,19805,AA,11298,14747,DFW,SEA,178,4,0,0,174,0,51,14,2426.0,0.02247191011235955,0.0,0.29310344827586204,0.08045977011494253,13.942528735632184
2023,3,19805,AA,11298,14771,DFW,SFO,230,9,1,0,220,0,126,56,10563.0,0.0391304347826087,0.004347826086956522,0.5727272727272728,0.2545454545454545,48.013636363636365
2023,3,19805,AA,11298,14869,DFW,SLC,155,4,0,0,151,0,66,18,3480.0,0.025806451612903226,0.0,0.4370860927152318,0.11920529801324503,23.04635761589404
2023,3,19805,AA,11298,15016,DFW,STL,155,1,0,0,154,0,40,13,2012.0,0.0064516129032258064,0.0,0.2597402597402597,0.08441558441558442,13.064935064935066
2023,3,19805,AA,11298,15304,DFW,TPA,202,6,0,0,196,0,83,29,4723.0,0.0297029702970297,0.0,0.42346938775510207,0.14795918367346939,24.096938775510203
2023,3,19805,AA,11433,11298,DTW,DFW,124,2,3,0,119,0,36,9,3092.0,0.016129032258064516,0.024193548387096774,0.3025210084033613,0.07563025210084033,25.983193277310924
2023,3,19805,AA,11433,13303,DTW,MIA,33,0,0,0,33,0,4,1,-72.0,0.0,0.0,0.12121212121212122,0.030303030303030304,-2.1818181818181817
2023,3,19805,AA,11433,13930,DTW,ORD,1,0,0,0,1,0,0,0,-14.0,0.0,0.0,0.0,0.0,-14.0
2023,3,19805,AA,11433,14107,DTW,PHX,62,2,0,0,60,0,18,2,1195.0,0.03225806451612903,0.0,0.3,0.03333333333333333,19.916666666666668
2023,3,19805,AA,11618,11298,EWR,DFW,153,1,2,0,150,0,51,24,4607.0,0.006535947712418301,0.013071895424836602,0.34,0.16,30.713333333333335
2023,3,19805,AA,11618,13303,EWR,MIA,121,0,0,0,121,0,34,12,1843.0,0.0,0.0,0.2809917355371901,0.09917355371900827,15.231404958677686
2023,3,19805,AA,11618,13930,EWR,ORD,147,3,1,0,143,0,56,19,7818.0,0.02040816326530612,0.006802721088435374,0.3916083916083916,0.13286713286713286,54.67132867132867
2023,3,19805,AA,11618,14107,EWR,PHX,93,0,1,0,92,0,38,5,1690.0,0.0,0.010752688172043012,0.41304347826086957,0.05434782608695652,18.369565217391305
2023,3,19805,AA,11697,11298,FLL,DFW,146,3,1,0,142,0,31,9,653.0,0.02054794520547945,0.00684931506849315,0.21830985915492956,0.06338028169014084,4.598591549295775
2023,3,19805,AA,11697,12892,FLL,LAX,31,0,0,0,31,0,14,6,889.0,0.0,0.0,0.45161290322580644,0.1935483870967742,28.677419354838708
2023,3,19805,AA,11697,13930,FLL,ORD,53,0,0,0,53,0,14,5,627.0,0.0,0.0,0.2641509433962264,0.09433962264150944,11.830188679245284
2023,3,19805,AA,11697,14100,FLL,PHL,93,0,0,0,93,0,27,5,782.0,0.0,0.0,0.2903225806451613,0.053763440860215055,8.408602150537634
2023,3,19805,AA,12173,11298,HNL,DFW,62,0,0,0,62,0,8,5,384.0,0.0,0.0,0.12903225806451613,0.08064516129032258,6.193548387096774
2023,3,19805,AA,12173,12892,HNL,LAX,93,1,0,0,92,0,6,3,-806.0,0.010752688172043012,0.0,0.06521739130434782,0.03260869565217391,-8.76086956521739
2023,3,19805,AA,12173,14107,HNL,PHX,62,0,0,0,62,0,4,0,-984.0,0.0,0.0,0.06451612903225806,0.0,-15.870967741935484
2023,3,19805,AA,12266,11298,IAH,DFW,207,9,0,0,198,0,60,27,4909.0,0.043478260869565216,0.0,0.30303030303030304,0.13636363636363635,24.792929292929294
2023,3,19805,AA,12266,13303,IAH,MIA,89,0,0,0,89,0,24,8,896.0,0.0,0.0,0.2696629213483146,0.0898876404494382,10.067415730337078
2023,3,19805,AA,12266,13930,IAH,ORD,54,0,0,0,54,0,3,0,-355.0,0.0,0.0,0.05555555555555555,0.0,-6.574074074074074
2023,3,19805,AA,12266,14100,IAH,PHL,31,0,0,0,31,0,4,1,28.0,0.0,0.0,0.12903225806451613,0.03225806451612903,0.9032258064516129
2023,3,19805,AA,12266,14107,IAH,PHX,58,0,0,0,58,0,5,2,144.0,0.0,0.0,0.08620689655172414,0.034482758620689655,2.4827586206896552
2023,3,19805,AA,12478,11298,JFK,DFW,94,1,1,0,92,0,26,10,1272.0,0.010638297872340425,0.010638297872340425,0.2826086956521739,0.10869565217391304,13.826086956521738
2023,3,19805,AA,12478,12892,JFK,LAX,279,1,0,0,278,0,77,9,1872.0,0.0035842293906810036,0.0,0.27697841726618705,0.03237410071942446,6.733812949640288
2023,3,19805,AA,12478,13303,JFK,MIA,296,0,0,0,296,0,72,28,1977.0,0.0,0.0,0.24324324324324326,0.0945945945945946,6.679054054054054
2023,3,19805,AA,12478,13930,JFK,ORD,62,1,0,0,61,0,10,2,-270.0,0.016129032258064516,0.0,0.16393442622950818,0.03278688524590164,-4.426229508196721
2023,3,19805,AA,12478,14107,JFK,PHX,93,0,1,0,92,0,32,5,919.0,0.0,0.010752688172043012,0.34782608695652173,0.05434782608695652,9.98913043478261
2023,3,19805,AA,12478,14771,JFK,SFO,120,0,0,0,120,0,44,9,1154.0,0.0,0.0,0.36666666666666664,0.075,9.616666666666667
2023,3,19805,AA,12889,11278,LAS,DCA,31,0,0,0,31,0,12,4,1645.0,0.0,0.0,0.3870967741935484,0.12903225806451613,53.064516129032256
2023,3,19805,AA,12889,11298,LAS,DFW,313,6,2,0,305,0,90,32,6147.0,0.019169329073482427,0.006389776357827476,0.29508196721311475,0.10491803278688525,20.154098360655738
2023,3,19805,AA,12889,12892,LAS,LAX,93,0,0,0,93,0,35,8,4663.0,0.0,0.0,0.3763440860215054,0.08602150537634409,50.13978494623656
2023,3,19805,AA,12889,13303,LAS,MIA,62,0,0,0,62,0,17,5,914.0,0.0,0.0,0.27419354838709675,0.08064516129032258,14.741935483870968
2023,3,19805,AA,12889,13930,LAS,ORD,142,1,0,0,141,0,26,9,924.0,0.007042253521126761,0.0,0.18439716312056736,0.06382978723404255,6.553191489361702
2023,3,19805,AA,12889,14100,LAS,PHL,59,0,0,0,59,0,5,2,-552.0,0.0,0.0,0.0847457627118644,0.03389830508474576,-9.35593220338983
2023,3,19805,AA,12889,14107,LAS,PHX,124,1,0,0,123,0,39,12,2092.0,0.008064516129032258,0.0,0.3170731707317073,0.0975609756097561,17.008130081300813
2023,3,19805,AA,12892,10397,LAX,ATL,31,0,0,0,31,0,5,2,93.0,0.0,0.0,0.16129032258064516,0.06451612903225806,3.0
2023,3,19805,AA,12892,10721,LAX,BOS,93,0,0,0,93,0,10,1,-1319.0,0.0,0.0,0.10752688172043011,0.010752688172043012,-14.182795698924732
2023,3,19805,AA,12892,11278,LAX,DCA,62,0,0,0,62,0,8,3,-171.0,0.0,0.0,0.12903225806451613,0.04838709677419355,-2.7580645161290325
2023,3,19805,AA,12892,11298,LAX,DFW,387,4,0,0,383,0,95,30,3926.0,0.0103359173126615,0.0,0.24804177545691905,0.0783289817232376,10.25065274151436
2023,3,19805,AA,12892,11697,LAX,FLL,31,0,0,0,31,0,3,1,87.0,0.0,0.0,0.0967741935483871,0.03225806451612903,2.806451612903226
2023,3,19805,AA,12892,12173,LAX,HNL,93,0,0,0,93,0,44,11,1706.0,0.0,0.0,0.4731182795698925,0.11827956989247312,18.344086021505376
2023,3,19805,AA,12892,12478,LAX,JFK,279,1,0,0,278,0,35,20,-1810.0,0.0035842293906810036,0.0,0.12589928057553956,0.07194244604316546,-6.510791366906475
2023,3,19805,AA,12892,12889,LAX,LAS,93,0,0,0,93,0,46,10,3197.0,0.0,0.0,0.4946236559139785,0.10752688172043011,34.376344086021504
2023,3,19805,AA,12892,13204,LAX,MCO,62,1,0,0,61,0,14,5,1138.0,0.016129032258064516,0.0,0.22950819672131148,0.08196721311475409,18.65573770491803
2023,3,19805,AA,12892,13303,LAX,MIA,204,0,0,0,204,0,47,15,2702.0,0.0,0.0,0.23039215686274508,0.07352941176470588,13.245098039215685
2023,3,19805,AA,12892,13930,LAX,ORD,248,1,0,0,247,0,44,20,4735.0,0.004032258064516129,0.0,0.17813765182186234,0.08097165991902834,19.170040485829958
2023,3,19805,AA,12892,14100,LAX,PHL,156,0,0,0,156,0,29,13,839.0,0.0,0.0,0.1858974358974359,0.08333333333333333,5.378205128205129
2023,3,19805,AA,12892,14107,LAX,PHX,155,0,1,0,154,0,42,14,3879.0,0.0,0.0064516129032258064,0.2727272727272727,0.09090909090909091,25.18831168831169
2023,3,19805,AA,12892,14771,LAX,SFO,31,0,0,0,31,0,17,7,1406.0,0.0,0.0,0.5483870967741935,0.22580645161290322,45.354838709677416
2023,3,19805,AA,12892,15016,LAX,STL,31,0,0,0,31,0,11,5,944.0,0.0,0.0,0.3548387096774194,0.16129032258064516,30.451612903225808
2023,3,19805,AA,12892,15304,LAX,TPA,31,1,0,0,30,0,6,2,505.0,0.03225806451612903,0.0,0.2,0.06666666666666667,16.833333333333332
2023,3,19805,AA,12953,11278,LGA,DCA,246,2,0,0,244,0,57,26,3125.0,0.008130081300813009,0.0,0.2336065573770492,0.10655737704918032,12.807377049180328
2023,3,19805,AA,12953,11298,LGA,DFW,363,9,3,0,351,0,116,43,5787.0,0.024793388429752067,0.008264462809917356,0.33048433048433046,0.1225071225071225,16.487179487179485
2023,3,19805,AA,12953,13303,LGA,MIA,302,1,0,0,301,0,69,25,3460.0,0.0033112582781456954,0.0,0.2292358803986711,0.08305647840531562,11.49501661129568
2023,3,19805,AA,12953,13930,LGA,ORD,371,2,1,0,368,0,95,27,4301.0,0.005390835579514825,0.0026954177897574125,0.25815217391304346,0.07336956521739131,11.6875
2023,3,19805,AA,12953,15016,LGA,STL,54,1,0,0,53,0,14,6,794.0,0.018518518518518517,0.0,0.2641509433962264,0.11320754716981132,14.981132075471699
2023,3,19805,AA,13204,11278,MCO,DCA,155,0,0,0,155,0,32,9,1082.0,0.0,0.0,0.2064516129032258,0.05806451612903226,6.980645161290322
2023,3,19805,AA,13204,11298,MCO,DFW,271,5,1,0,265,0,68,29,4022.0,0.01845018450184502,0.0036900369003690036,0.25660377358490566,0.10943396226415095,15.177358490566037
2023,3,19805,AA,13204,12892,MCO,LAX,62,1,0,0,61,0,12,4,499.0,0.016129032258064516,0.0,0.19672131147540983,0.06557377049180328,8.180327868852459
2023,3,19805,AA,13204,13303,MCO,MIA,217,0,0,0,217,0,46,16,1927.0,0.0,0.0,0.2119815668202765,0.07373271889400922,8.880184331797235
2023,3,19805,AA,13204,13930,MCO,ORD,115,0,0,0,115,0,38,11,2238.0,0.0,0.0,0.33043478260869563,0.09565217391304348,19.46086956521739
2023,3,19805,AA,13204,14100,MCO,PHL,186,0,0,0,186,0,39,14,1916.0,0.0,0.0,0.20967741935483872,0.07526881720430108,10.301075268817204
2023,3,19805,AA,13204,14107,MCO,PHX,66,0,0,0,66,0,16,3,587.0,0.0,0.0,0.24242424242424243,0.045454545454545456,8.893939393939394
2023,3,19805,AA,13303,10397,MIA,ATL,155,0,1,0,154,0,50,17,2083.0,0.0,0.0064516129032258064,0.3246753246753247,0.11038961038961038,13.525974025974026
2023,3,19805,AA,13303,10721,MIA,BOS,178,1,0,0,177,0,50,16,1960.0,0.0056179775280898875,0.0,0.2824858757062147,0.0903954802259887,11.073446327683616
2023,3,19805,AA,13303,10821,MIA,BWI,31,0,0,0,31,0,10,4,379.0,0.0,0.0,0.3225806451612903,0.12903225806451613,12.225806451612904
2023,3,19805,AA,13303,11278,MIA,DCA,240,1,3,0,236,0,83,34,4541.0,0.004166666666666667,0.0125,0.3516949152542373,0.1440677966101695,19.241525423728813
2023,3,19805,AA,13303,11292,MIA,DEN,80,0,0,0,80,0,31,9,1790.0,0.0,0.0,0.3875,0.1125,22.375
2023,3,19805,AA,13303,11298,MIA,DFW,257,4,2,0,251,0,94,39,8533.0,0.01556420233463035,0.007782101167315175,0.3745019920318725,0.1553784860557769,33.99601593625498
2023,3,19805,AA,13303,11433,MIA,DTW,33,0,0,0,33,0,15,2,975.0,0.0,0.0,0.45454545454545453,0.06060606060606061,29.545454545454547
2023,3,19805,AA,13303,11618,MIA,EWR,121,0,0,0,121,0,47,14,2674.0,0.0,0.0,0.3884297520661157,0.11570247933884298,22.09917355371901
2023,3,19805,AA,13303,12266,MIA,IAH,89,0,0,0,89,0,30,8,1298.0,0.0,0.0,0.33707865168539325,0.0898876404494382,14.584269662921349
2023,3,19805,AA,13303,12478,MIA,JFK,299,0,1,0,298,0,74,22,4423.0,0.0,0.0033444816053511705,0.2483221476510067,0.0738255033557047,14.842281879194632
2023,3,19805,AA,13303,12889,MIA,LAS,62,0,1,0,61,0,31,12,1936.0,0.0,0.016129032258064516,0.5081967213114754,0.19672131147540983,31.737704918032787
2023,3,19805,AA,13303,12892,MIA,LAX,202,0,2,0,200,0,79,24,5043.0,0.0,0.009900990099009901,0.395,0.12,25.215
2023,3,19805,AA,13303,12953,MIA,LGA,302,1,1,0,300,0,104,29,5417.0,0.0033112582781456954,0.0033112582781456954,0.3466666666666667,0.09666666666666666,18.05666666666667
2023,3,19805,AA,13303,13204,MIA,MCO,217,0,1,0,216,0,54,21,2826.0,0.0,0.004608294930875576,0.25,0.09722222222222222,13.083333333333334
2023,3,19805,AA,13303,13487,MIA,MSP,32,0,0,0,32,0,12,3,1334.0,0.0,0.0,0.375,0.09375,41.6875
2023,3,19805,AA,13303,13930,MIA,ORD,187,1,0,0,186,0,58,22,4783.0,0.0053475935828877,0.0,0.3118279569892473,0.11827956989247312,25.71505376344086
2023,3,19805,AA,13303,14100,MIA,PHL,185,0,0,0,185,0,40,15,3141.0,0.0,0.0,0.21621621621621623,0.08108108108108109,16.978378378378377
2023,3,19805,AA,13303,14107,MIA,PHX,93,0,0,0,93,0,38,14,3513.0,0.0,0.0,0.40860215053763443,0.15053763440860216,37.774193548387096
2023,3,19805,AA,13303,14679,MIA,SAN,31,0,0,0,31,0,10,5,2133.0,0.0,0.0,0.3225806451612903,0.16129032258064516,68.80645161290323
2023,3,19805,AA,13303,14747,MIA,SEA,31,0,0,0,31,0,9,4,1391.0,0.0,0.0,0.2903225806451613,0.12903225806451613,44.87096774193548
2023,3,19805,AA,13303,14771,MIA,SFO,62,0,1,0,61,0,32,13,2017.0,0.0,0.016129032258064516,0.5245901639344263,0.21311475409836064,33.0655737704918
2023,3,19805,AA,13303,14869,MIA,SLC,31,0,0,0,31,0,4,0,1.0,0.0,0.0,0.12903225806451613,0.0,0.03225806451612903
2023,3,19805,AA,13303,15016,MIA,STL,31,0,0,0,31,0,11,4,1328.0,0.0,0.0,0.3548387096774194,0.12903225806451613,42.83870967741935
2023,3,19805,AA,13303,15304,MIA,TPA,147,0,0,0,147,0,32,9,1925.0,0.0,0.0,0.21768707482993196,0.061224489795918366,13.095238095238095
2023,3,19805,AA,13487,11298,MSP,DFW,124,2,1,0,121,0,32,11,833.0,0.016129032258064516,0.008064516129032258,0.2644628099173554,0.09090909090909091,6.884297520661157
2023,3,19805,AA,13487,13303,MSP,MIA,32,0,0,0,32,0,4,1,-427.0,0.0,0.0,0.125,0.03125,-13.34375
2023,3,19805,AA,13487,13930,MSP,ORD,49,1,0,0,48,0,10,3,111.0,0.02040816326530612,0.0,0.20833333333333334,0.0625,2.3125
2023,3,19805,AA,13487,14107,MSP,PHX,62,1,1,0,60,0,11,0,-89.0,0.016129032258064516,0.016129032258064516,0.18333333333333332,0.0,-1.4833333333333334
2023,3,19805,AA,13930,10397,ORD,ATL,62,2,1,0,59,0,5,2,-250.0,0.03225806451612903,0.016129032258064516,0.0847457627118644,0.03389830508474576,-4.237288135593221
2023,3,19805,AA,13930,10721,ORD,BOS,151,4,0,0,147,0,36,16,3753.0,0.026490066225165563,0.0,0.24489795918367346,0.10884353741496598,25.53061224489796
2023,3,19805,AA,13930,10821,ORD,BWI,31,0,0,0,31,0,11,3,884.0,0.0,0.0,0.3548387096774194,0.0967741935483871,28.516129032258064
2023,3,19805,AA,13930,11278,ORD,DCA,266,3,0,0,263,0,81,24,4613.0,0.011278195488721804,0.0,0.30798479087452474,0.09125475285171103,17.539923954372625
2023,3,19805,AA,13930,11292,ORD,DEN,80,0,0,0,80,0,20,6,529.0,0.0,0.0,0.25,0.075,6.6125
2023,3,19805,AA,13930,11298,ORD,DFW,263,2,3,0,258,0,64,23,2723.0,0.0076045627376425855,0.011406844106463879,0.24806201550387597,0.08914728682170543,10.554263565891473
2023,3,19805,AA,13930,11618,ORD,EWR,147,3,0,0,144,0,67,26,4391.0,0.02040816326530612,0.0,0.4652777777777778,0.18055555555555555,30.493055555555557
2023,3,19805,AA,13930,11697,ORD,FLL,53,0,1,0,52,0,14,7,731.0,0.0,0.018867924528301886,0.2692307692307692,0.1346153846153846,14.057692307692308
2023,3,19805,AA,13930,12266,ORD,IAH,54,1,0,0,53,0,20,8,996.0,0.018518518518518517,0.0,0.37735849056603776,0.1509433962264151,18.79245283018868
2023,3,19805,AA,13930,12478,ORD,JFK,62,1,0,0,61,0,19,3,456.0,0.016129032258064516,0.0,0.3114754098360656,0.04918032786885246,7.475409836065574
2023,3,19805,AA,13930,12889,ORD,LAS,142,1,0,0,141,0,50,19,3287.0,0.007042253521126761,0.0,0.3546099290780142,0.1347517730496454,23.31205673758865
2023,3,19805,AA,13930,12892,ORD,LAX,248,0,0,0,248,0,79,24,4883.0,0.0,0.0,0.3185483870967742,0.0967741935483871,19.68951612903226
2023,3,19805,AA,13930,12953,ORD,LGA,371,3,0,0,368,0,121,49,6388.0,0.008086253369272238,0.0,0.328804347826087,0.1331521739130435,17.358695652173914
2023,3,19805,AA,13930,13204,ORD,MCO,115,0,0,0,115,0,31,12,1240.0,0.0,0.0,0.26956521739130435,0.10434782608695652,10.782608695652174
2023,3,19805,AA,13930,13303,ORD,MIA,186,1,0,0,185,0,44,13,2696.0,0.005376344086021506,0.0,0.23783783783783785,0.07027027027027027,14.572972972972973
2023,3,19805,AA,13930,13487,ORD,MSP,49,1,0,0,48,0,19,6,713.0,0.02040816326530612,0.0,0.3958333333333333,0.125,14.854166666666666
2023,3,19805,AA,13930,14100,ORD,PHL,200,2,0,0,198,0,52,19,4808.0,0.01,0.0,0.26262626262626265,0.09595959595959595,24.282828282828284
2023,3,19805,AA,13930,14107,ORD,PHX,220,2,0,0,218,0,74,20,2813.0,0.00909090909090909,0.0,0.3394495412844037,0.09174311926605505,12.903669724770642
2023,3,19805,AA,13930,14635,ORD,RSW,84,0,0,0,84,0,21,5,307.0,0.0,0.0,0.25,0.05952380952380952,3.6547619047619047
2023,3,19805,AA,13930,14679,ORD,SAN,80,2,0,0,78,0,27,9,1247.0,0.025,0.0,0.34615384615384615,0.11538461538461539,15.987179487179487
2023,3,19805,AA,13930,14747,ORD,SEA,31,0,0,0,31,0,7,3,134.0,0.0,0.0,0.22580645161290322,0.0967741935483871,4.32258064516129
2023,3,19805,AA,13930,14771,ORD,SFO,58,1,1,0,56,0,23,3,965.0,0.017241379310344827,0.017241379310344827,0.4107142857142857,0.05357142857142857,17.232142857142858
2023,3,19805,AA,13930,14869,ORD,SLC,31,0,1,0,30,0,7,1,253.0,0.0,0.03225806451612903,0.23333333333333334,0.03333333333333333,8.433333333333334
2023,3,19805,AA,13930,15016,ORD,STL,31,1,0,0,30,0,7,1,214.0,0.03225806451612903,0.0,0.23333333333333334,0.03333333333333333,7.133333333333334
2023,3,19805,AA,13930,15304,ORD,TPA,115,0,0,0,115,0,32,11,1202.0,0.0,0.0,0.2782608695652174,0.09565217391304348,10.452173913043477
2023,3,19805,AA,14100,10397,PHL,ATL,31,0,0,0,31,0,8,4,314.0,0.0,0.0,0.25806451612903225,0.12903225806451613,10.129032258064516
2023,3,19805,AA,14100,10721,PHL,BOS,194,4,0,0,190,0,34,11,586.0,0.020618556701030927,0.0,0.17894736842105263,0.05789473684210526,3.0842105263157893
2023,3,19805,AA,14100,11292,PHL,DEN,62,0,0,0,62,0,26,7,1263.0,0.0,0.0,0.41935483870967744,0.11290322580645161,20.370967741935484
2023,3,19805,AA,14100,11298,PHL,DFW,220,1,2,0,217,0,57,11,1310.0,0.004545454545454545,0.00909090909090909,0.2626728110599078,0.05069124423963134,6.0368663594470044
2023,3,19805,AA,14100,11697,PHL,FLL,93,0,0,0,93,0,28,4,599.0,0.0,0.0,0.3010752688172043,0.043010752688172046,6.440860215053763
2023,3,19805,AA,14100,12266,PHL,IAH,31,0,0,0,31,0,7,3,432.0,0.0,0.0,0.22580645161290322,0.0967741935483871,13.935483870967742
2023,3,19805,AA,14100,12889,PHL,LAS,59,0,0,0,59,0,16,3,523.0,0.0,0.0,0.2711864406779661,0.05084745762711865,8.864406779661017
2023,3,19805,AA,14100,12892,PHL,LAX,154,0,0,0,154,0,54,8,2351.0,0.0,0.0,0.35064935064935066,0.05194805194805195,15.266233766233766
2023,3,19805,AA,14100,13204,PHL,MCO,186,0,0,0,186,0,42,10,1326.0,0.0,0.0,0.22580645161290322,0.053763440860215055,7.129032258064516
2023,3,19805,AA,14100,13303,PHL,MIA,183,0,0,0,183,0,37,10,570.0,0.0,0.0,0.20218579234972678,0.0546448087431694,3.1147540983606556
2023,3,19805,AA,14100,13930,PHL,ORD,200,2,0,0,198,0,34,8,599.0,0.01,0.0,0.1717171717171717,0.04040404040404041,3.025252525252525
2023,3,19805,AA,14100,14107,PHL,PHX,187,1,1,0,185,0,61,8,1672.0,0.0053475935828877,0.0053475935828877,0.32972972972972975,0.043243243243243246,9.037837837837838
2023,3,19805,AA,14100,14635,PHL,RSW,93,1,0,0,92,0,21,4,406.0,0.010752688172043012,0.0,0.22826086956521738,0.043478260869565216,4.413043478260869
2023,3,19805,AA,14100,14679,PHL,SAN,61,0,1,0,60,0,27,3,967.0,0.0,0.01639344262295082,0.45,0.05,16.116666666666667
2023,3,19805,AA,14100,14747,PHL,SEA,30,0,0,0,30,0,8,0,-40.0,0.0,0.0,0.26666666666666666,0.0,-1.3333333333333333
2023,3,19805,AA,14100,14771,PHL,SFO,60,0,0,0,60,0,36,6,1639.0,0.0,0.0,0.6,0.1,27.316666666666666
2023,3,19805,AA,14100,15016,PHL,STL,31,0,0,0,31,0,11,5,517.0,0.0,0.0,0.3548387096774194,0.16129032258064516,16.677419354838708
2023,3,19805,AA,14100,15304,PHL,TPA,124,0,0,0,124,0,21,5,47.0,0.0,0.0,0.1693548387096774,0.04032258064516129,0.3790322580645161
2023,3,19805,AA,14107,10397,PHX,ATL,58,0,0,0,58,0,14,9,838.0,0.0,0.0,0.2413793103448276,0.15517241379310345,14.448275862068966
2023,3,19805,AA,14107,10721,PHX,BOS,93,0,0,0,93,0,19,6,-349.0,0.0,0.0,0.20430107526881722,0.06451612903225806,-3.752688172043011
2023,3,19805,AA,14107,11278,PHX,DCA,94,0,0,0,94,0,18,8,137.0,0.0,0.0,0.19148936170212766,0.0851063829787234,1.4574468085106382
2023,3,19805,AA,14107,11292,PHX,DEN,84,1,0,0,83,0,20,6,529.0,0.011904761904761904,0.0,0.24096385542168675,0.07228915662650602,6.373493975903615
2023,3,19805,AA,14107,11298,PHX,DFW,323,5,2,0,316,0,78,32,3983.0,0.015479876160990712,0.006191950464396285,0.2468354430379747,0.10126582278481013,12.604430379746836
2023,3,19805,AA,14107,11433,PHX,DTW,62,2,0,0,60,0,11,2,-104.0,0.03225806451612903,0.0,0.18333333333333332,0.03333333333333333,-1.7333333333333334
2023,3,19805,AA,14107,11618,PHX,EWR,93,0,0,0,93,0,27,13,1744.0,0.0,0.0,0.2903225806451613,0.13978494623655913,18.752688172043012
2023,3,19805,AA,14107,12173,PHX,HNL,62,0,0,0,62,0,27,3,877.0,0.0,0.0,0.43548387096774194,0.04838709677419355,14.14516129032258
2023,3,19805,AA,14107,12266,PHX,IAH,58,0,0,0,58,0,11,7,1203.0,0.0,0.0,0.1896551724137931,0.1206896551724138,20.74137931034483
2023,3,19805,AA,14107,12478,PHX,JFK,93,0,0,0,93,0,19,5,-503.0,0.0,0.0,0.20430107526881722,0.053763440860215055,-5.408602150537634
2023,3,19805,AA,14107,12889,PHX,LAS,124,0,0,0,124,0,56,23,4014.0,0.0,0.0,0.45161290322580644,0.18548387096774194,32.37096774193548
2023,3,19805,AA,14107,12892,PHX,LAX,156,0,0,0,156,0,49,15,2677.0,0.0,0.0,0.3141025641025641,0.09615384615384616,17.16025641025641
2023,3,19805,AA,14107,13204,PHX,MCO,66,0,0,0,66,0,26,13,2337.0,0.0,0.0,0.3939393939393939,0.19696969696969696,35.40909090909091
2023,3,19805,AA,14107,13303,PHX,MIA,94,0,0,0,94,0,19,7,405.0,0.0,0.0,0.20212765957446807,0.07446808510638298,4.308510638297872
2023,3,19805,AA,14107,13487,PHX,MSP,62,1,0,0,61,0,11,1,214.0,0.016129032258064516,0.0,0.18032786885245902,0.01639344262295082,3.5081967213114753
2023,3,19805,AA,14107,13930,PHX,ORD,222,3,1,0,218,0,30,12,-1039.0,0.013513513513513514,0.0045045045045045045,0.13761467889908258,0.05504587155963303,-4.76605504587156
2023,3,19805,AA,14107,14100,PHX,PHL,187,1,0,0,186,0,28,7,-139.0,0.0053475935828877,0.0,0.15053763440860216,0.03763440860215054,-0.7473118279569892
2023,3,19805,AA,14107,14679,PHX,SAN,124,1,0,0,123,0,39,14,3047.0,0.008064516129032258,0.0,0.3170731707317073,0.11382113821138211,24.772357723577237
2023,3,19805,AA,14107,14747,PHX,SEA,93,2,0,0,91,0,25,7,1017.0,0.021505376344086023,0.0,0.27472527472527475,0.07692307692307693,11.175824175824175
2023,3,19805,AA,14107,14771,PHX,SFO,89,0,1,0,88,0,39,20,3207.0,0.0,0.011235955056179775,0.4431818181818182,0.22727272727272727,36.44318181818182
2023,3,19805,AA,14107,14869,PHX,SLC,84,0,1,0,83,0,22,7,1420.0,0.0,0.011904761904761904,0.26506024096385544,0.08433734939759036,17.10843373493976
2023,3,19805,AA,14107,15016,PHX,STL,62,0,1,0,61,0,8,2,-238.0,0.0,0.016129032258064516,0.13114754098360656,0.03278688524590164,-3.901639344262295
2023,3,19805,AA,14107,15304,PHX,TPA,62,0,0,0,62,0,26,9,1517.0,0.0,0.0,0.41935483870967744,0.14516129032258066,24.467741935483872
2023,3,19805,AA,14635,11278,RSW,DCA,62,0,0,0,62,0,15,4,971.0,0.0,0.0,0.24193548387096775,0.06451612903225806,15.661290322580646
2023,3,19805,AA,14635,11298,RSW,DFW,84,3,1,0,80,0,23,5,1592.0,0.03571428571428571,0.011904761904761904,0.2875,0.0625,19.9
2023,3,19805,AA,14635,13930,RSW,ORD,84,0,1,0,83,0,23,6,463.0,0.0,0.011904761904761904,0.27710843373493976,0.07228915662650602,5.578313253012048
2023,3,19805,AA,14635,14100,RSW,PHL,93,1,0,0,92,0,21,6,530.0,0.010752688172043012,0.0,0.22826086956521738,0.06521739130434782,5.760869565217392
2023,3,19805,AA,14679,11298,SAN,DFW,270,9,0,0,261,0,60,24,2969.0,0.03333333333333333,0.0,0.22988505747126436,0.09195402298850575,11.375478927203066
2023,3,19805,AA,14679,13303,SAN,MIA,31,0,0,0,31,0,5,2,778.0,0.0,0.0,0.16129032258064516,0.06451612903225806,25.096774193548388
2023,3,19805,AA,14679,13930,SAN,ORD,80,2,0,0,78,0,12,4,1316.0,0.025,0.0,0.15384615384615385,0.05128205128205128,16.871794871794872
2023,3,19805,AA,14679,14100,SAN,PHL,61,0,0,0,61,0,7,5,1465.0,0.0,0.0,0.11475409836065574,0.08196721311475409,24.016393442622952
2023,3,19805,AA,14679,14107,SAN,PHX,124,1,0,0,123,0,36,16,2687.0,0.008064516129032258,0.0,0.2926829268292683,0.13008130081300814,21.84552845528455
2023,3,19805,AA,14747,11298,SEA,DFW,178,4,3,0,171,0,40,9,2809.0,0.02247191011235955,0.016853932584269662,0.23391812865497075,0.05263157894736842,16.426900584795323
2023,3,19805,AA,14747,13303,SEA,MIA,31,0,0,0,31,0,5,1,641.0,0.0,0.0,0.16129032258064516,0.03225806451612903,20.677419354838708
2023,3,19805,AA,14747,13930,SEA,ORD,31,0,0,0,31,0,6,4,751.0,0.0,0.0,0.1935483870967742,0.12903225806451613,24.225806451612904
2023,3,19805,AA,14747,14100,SEA,PHL,30,0,0,0,30,0,4,0,-73.0,0.0,0.0,0.13333333333333333,0.0,-2.433333333333333
2023,3,19805,AA,14747,14107,SEA,PHX,93,2,1,0,90,0,7,2,1066.0,0.021505376344086023,0.010752688172043012,0.07777777777777778,0.022222222222222223,11.844444444444445
2023,3,19805,AA,14771,11298,SFO,DFW,230,9,3,0,218,0,68,34,8290.0,0.0391304347826087,0.013043478260869565,0.3119266055045872,0.1559633027522936,38.027522935779814
2023,3,19805,AA,14771,12478,SFO,JFK,120,1,0,0,119,0,27,13,3013.0,0.008333333333333333,0.0,0.226890756302521,0.1092436974789916,25.319327731092436
2023,3,19805,AA,14771,12892,SFO,LAX,31,0,0,0,31,0,5,1,405.0,0.0,0.0,0.16129032258064516,0.03225806451612903,13.064516129032258
2023,3,19805,AA,14771,13303,SFO,MIA,62,0,0,0,62,0,18,11,1885.0,0.0,0.0,0.2903225806451613,0.1774193548387097,30.403225806451612
2023,3,19805,AA,14771,13930,SFO,ORD,58,1,0,0,57,0,6,2,453.0,0.017241379310344827,0.0,0.10526315789473684,0.03508771929824561,7.947368421052632
2023,3,19805,AA,14771,14100,SFO,PHL,60,0,0,0,60,0,19,5,610.0,0.0,0.0,0.31666666666666665,0.08333333333333333,10.166666666666666
2023,3,19805,AA,14771,14107,SFO,PHX,89,0,1,0,88,0,15,9,1292.0,0.0,0.011235955056179775,0.17045454545454544,0.10227272727272728,14.681818181818182
2023,3,19805,AA,14869,11298,SLC,DFW,155,4,2,0,149,0,45,19,3815.0,0.025806451612903226,0.012903225806451613,0.30201342281879195,0.12751677852348994,25.604026845637584
2023,3,19805,AA,14869,13303,SLC,MIA,31,0,0,0,31,0,6,1,1673.0,0.0,0.0,0.1935483870967742,0.03225806451612903,53.96774193548387
2023,3,19805,AA,14869,13930,SLC,ORD,31,0,0,0,31,0,11,3,474.0,0.0,0.0,0.3548387096774194,0.0967741935483871,15.290322580645162
2023,3,19805,AA,14869,14107,SLC,PHX,84,0,0,0,84,0,28,6,2116.0,0.0,0.0,0.3333333333333333,0.07142857142857142,25.19047619047619
2023,3,19805,AA,15016,11298,STL,DFW,155,1,1,0,153,0,37,14,2752.0,0.0064516129032258064,0.0064516129032258064,0.24183006535947713,0.0915032679738562,17.986928104575163
2023,3,19805,AA,15016,12892,STL,LAX,31,0,0,0,31,0,11,5,1291.0,0.0,0.0,0.3548387096774194,0.16129032258064516,41.645161290322584
2023,3,19805,AA,15016,12953,STL,LGA,54,1,0,0,53,0,14,7,782.0,0.018518518518518517,0.0,0.2641509433962264,0.1320754716981132,14.754716981132075
2023,3,19805,AA,15016,13303,STL,MIA,31,0,0,0,31,0,2,1,234.0,0.0,0.0,0.06451612903225806,0.03225806451612903,7.548387096774194
2023,3,19805,AA,15016,13930,STL,ORD,31,0,0,0,31,0,2,1,-168.0,0.0,0.0,0.06451612903225806,0.03225806451612903,-5.419354838709677
2023,3,19805,AA,15016,14100,STL,PHL,30,0,0,0,30,0,3,1,107.0,0.0,0.0,0.1,0.03333333333333333,3.566666666666667
2023,3,19805,AA,15016,14107,STL,PHX,62,0,1,0,61,0,10,4,2023.0,0.0,0.016129032258064516,0.16393442622950818,0.06557377049180328,33.16393442622951
2023,3,19805,AA,15304,11278,TPA,DCA,124,3,0,0,121,0,34,8,1647.0,0.024193548387096774,0.0,0.2809917355371901,0.06611570247933884,13.611570247933884
2023,3,19805,AA,15304,11298,TPA,DFW,202,7,4,0,191,0,51,21,4664.0,0.034653465346534656,0.019801980198019802,0.2670157068062827,0.1099476439790576,24.418848167539267
2023,3,19805,AA,15304,12892,TPA,LAX,31,1,0,0,30,0,11,4,1109.0,0.03225806451612903,0.0,0.36666666666666664,0.13333333333333333,36.96666666666667
2023,3,19805,AA,15304,13303,TPA,MIA,147,0,0,0,147,0,25,10,783.0,0.0,0.0,0.17006802721088435,0.06802721088435375,5.326530612244898
2023,3,19805,AA,15304,13930,TPA,ORD,115,0,0,0,115,0,33,8,1952.0,0.0,0.0,0.28695652173913044,0.06956521739130435,16.973913043478262
2023,3,19805,AA,15304,14100,TPA,PHL,124,0,0,0,124,0,27,8,1730.0,0.0,0.0,0.21774193548387097,0.06451612903225806,13.951612903225806
2023,3,19805,AA,15304,14107,TPA,PHX,62,0,0,0,62,0,12,4,379.0,0.0,0.0,0.1935483870967742,0.06451612903225806,6.112903225806452
2023,3,19930,AS,10397,14747,ATL,SEA,62,1,0,0,61,0,7,2,45.0,0.016129032258064516,0.0,0.11475409836065574,0.03278688524590164,0.7377049180327869
2023,3,19930,AS,10721,14679,BOS,SAN,31,0,0,0,31,0,12,6,935.0,0.0,0.0,0.3870967741935484,0.1935483870967742,30.161290322580644
2023,3,19930,AS,10721,14747,BOS,SEA,93,0,0,0,93,0,14,4,-485.0,0.0,0.0,0.15053763440860216,0.043010752688172046,-5.21505376344086
2023,3,19930,AS,10721,14771,BOS,SFO,41,0,1,0,40,0,11,0,38.0,0.0,0.024390243902439025,0.275,0.0,0.95
2023,3,19930,AS,10821,14747,BWI,SEA,31,0,0,0,31,0,4,1,-144.0,0.0,0.0,0.12903225806451613,0.03225806451612903,-4.645161290322581
2023,3,19930,AS,11278,12892,DCA,LAX,30,0,0,0,30,0,14,1,376.0,0.0,0.0,0.4666666666666667,0.03333333333333333,12.533333333333333
2023,3,19930,AS,11278,14747,DCA,SEA,62,0,1,0,61,0,6,2,-550.0,0.0,0.016129032258064516,0.09836065573770492,0.03278688524590164,-9.01639344262295
2023,3,19930,AS,11278,14771,DCA,SFO,31,1,1,0,29,0,7,2,112.0,0.03225806451612903,0.03225806451612903,0.2413793103448276,0.06896551724137931,3.8620689655172415
2023,3,19930,AS,11292,14747,DEN,SEA,114,2,0,0,112,0,18,3,300.0,0.017543859649122806,0.0,0.16071428571428573,0.026785714285714284,2.6785714285714284
2023,3,19930,AS,11298,14747,DFW,SEA,120,1,1,0,118,0,19,6,686.0,0.008333333333333333,0.008333333333333333,0.16101694915254236,0.05084745762711865,5.813559322033898
2023,3,19930,AS,11433,14747,DTW,SEA,29,1,0,0,28,0,6,1,131.0,0.034482758620689655,0.0,0.21428571428571427,0.03571428571428571,4.678571428571429
2023,3,19930,AS,11618,12892,EWR,LAX,85,2,1,0,82,0,36,12,1742.0,0.023529411764705882,0.011764705882352941,0.43902439024390244,0.14634146341463414,21.24390243902439
2023,3,19930,AS,11618,14679,EWR,SAN,29,0,0,0,29,0,13,3,756.0,0.0,0.0,0.4482758620689655,0.10344827586206896,26.06896551724138
2023,3,19930,AS,11618,14747,EWR,SEA,89,0,0,0,89,0,11,2,-319.0,0.0,0.0,0.12359550561797752,0.02247191011235955,-3.5842696629213484
2023,3,19930,AS,11618,14771,EWR,SFO,89,0,0,0,89,0,35,6,1260.0,0.0,0.0,0.39325842696629215,0.06741573033707865,14.157303370786517
2023,3,19930,AS,11697,12892,FLL,LAX,30,2,2,0,26,0,7,1,165.0,0.06666666666666667,0.06666666666666667,0.2692307692307692,0.038461538461538464,6.346153846153846
2023,3,19930,AS,11697,14679,FLL,SAN,31,1,1,0,29,0,13,7,711.0,0.03225806451612903,0.03225806451612903,0.4482758620689655,0.2413793103448276,24.517241379310345
2023,3,19930,AS,11697,14747,FLL,SEA,62,2,3,0,57,0,17,7,785.0,0.03225806451612903,0.04838709677419355,0.2982456140350877,0.12280701754385964,13.771929824561404
2023,3,19930,AS,12173,12892,HNL,LAX,39,0,0,0,39,0,9,3,142.0,0.0,0.0,0.23076923076923078,0.07692307692307693,3.641025641025641
2023,3,19930,AS,12173,14679,HNL,SAN,31,0,0,0,31,0,14,5,418.0,0.0,0.0,0.45161290322580644,0.16129032258064516,13.483870967741936
2023,3,19930,AS,12173,14747,HNL,SEA,123,0,0,0,123,0,41,6,820.0,0.0,0.0,0.3333333333333333,0.04878048780487805,6.666666666666667
2023,3,19930,AS,12173,14771,HNL,SFO,31,1,0,0,30,0,11,4,632.0,0.03225806451612903,0.0,0.36666666666666664,0.13333333333333333,21.066666666666666
2023,3,19930,AS,12266,14747,IAH,SEA,62,1,0,0,61,0,10,3,203.0,0.016129032258064516,0.0,0.16393442622950818,0.04918032786885246,3.3278688524590163
2023,3,19930,AS,12478,14679,JFK,SAN,62,2,0,0,60,0,17,2,432.0,0.03225806451612903,0.0,0.2833333333333333,0.03333333333333333,7.2
2023,3,19930,AS,12478,14747,JFK,SEA,124,1,0,0,123,0,6,1,-1767.0,0.008064516129032258,0.0,0.04878048780487805,0.008130081300813009,-14.365853658536585
2023,3,19930,AS,12478,14771,JFK,SFO,155,1,1,0,153,0,44,12,896.0,0.0064516129032258064,0.0064516129032258064,0.2875816993464052,0.0784313725490196,5.856209150326797
2023,3,19930,AS,12889,14747,LAS,SEA,245,5,0,0,240,0,54,10,1361.0,0.02040816326530612,0.0,0.225,0.041666666666666664,5.670833333333333
2023,3,19930,AS,12889,14771,LAS,SFO,88,1,0,0,87,0,36,12,1500.0,0.011363636363636364,0.0,0.41379310344827586,0.13793103448275862,17.24137931034483
2023,3,19930,AS,12892,11278,LAX,DCA,30,0,0,0,30,0,8,0,-24.0,0.0,0.0,0.26666666666666666,0.0,-0.8
2023,3,19930,AS,12892,11618,LAX,EWR,85,2,0,0,83,0,21,7,246.0,0.023529411764705882,0.0,0.25301204819277107,0.08433734939759036,2.963855421686747
2023,3,19930,AS,12892,11697,LAX,FLL,31,0,1,0,30,0,5,2,229.0,0.0,0.03225806451612903,0.16666666666666666,0.06666666666666667,7.633333333333334
2023,3,19930,AS,12892,12173,LAX,HNL,39,0,0,0,39,0,16,2,512.0,0.0,0.0,0.41025641025641024,0.05128205128205128,13.128205128205128
2023,3,19930,AS,12892,14747,LAX,SEA,266,4,0,0,262,0,61,19,1631.0,0.015037593984962405,0.0,0.23282442748091603,0.07251908396946564,6.2251908396946565
2023,3,19930,AS,12892,14771,LAX,SFO,46,0,0,0,46,0,15,7,788.0,0.0,0.0,0.32608695652173914,0.15217391304347827,17.130434782608695
2023,3,19930,AS,13204,14679,MCO,SAN,47,0,0,0,47,0,21,5,1021.0,0.0,0.0,0.44680851063829785,0.10638297872340426,21.72340425531915
2023,3,19930,AS,13204,14747,MCO,SEA,93,2,0,0,91,0,18,9,371.0,0.021505376344086023,0.0,0.1978021978021978,0.0989010989010989,4.076923076923077
2023,3,19930,AS,13204,14771,MCO,SFO,31,1,0,0,30,0,11,4,621.0,0.03225806451612903,0.0,0.36666666666666664,0.13333333333333333,20.7
2023,3,19930,AS,13303,14747,MIA,SEA,31,1,0,0,30,0,18,2,642.0,0.03225806451612903,0.0,0.6,0.06666666666666667,21.4
2023,3,19930,AS,13487,14747,MSP,SEA,55,2,0,0,53,0,11,3,305.0,0.03636363636363636,0.0,0.20754716981132076,0.05660377358490566,5.754716981132075
2023,3,19930,AS,13796,14747,OAK,SEA,28,0,0,0,28,0,4,0,-77.0,0.0,0.0,0.14285714285714285,0.0,-2.75
2023,3,19930,AS,13930,14747,ORD,SEA,133,2,0,0,131,0,21,5,25.0,0.015037593984962405,0.0,0.16030534351145037,0.03816793893129771,0.19083969465648856
2023,3,19930,AS,13930,14771,ORD,SFO,42,1,0,0,41,0,15,4,556.0,0.023809523809523808,0.0,0.36585365853658536,0.0975609756097561,13.560975609756097
2023,3,19930,AS,14100,14747,PHL,SEA,31,1,0,0,30,0,4,0,-156.0,0.03225806451612903,0.0,0.13333333333333333,0.0,-5.2
2023,3,19930,AS,14107,14747,PHX,SEA,284,1,0,0,283,0,48,12,1454.0,0.0035211267605633804,0.0,0.1696113074204947,0.04240282685512368,5.137809187279152
2023,3,19930,AS,14635,14747,RSW,SEA,8,0,0,0,8,0,0,0,-126.0,0.0,0.0,0.0,0.0,-15.75
2023,3,19930,AS,14679,10721,SAN,BOS,32,0,3,0,29,0,9,1,267.0,0.0,0.09375,0.3103448275862069,0.034482758620689655,9.206896551724139
2023,3,19930,AS,14679,11618,SAN,EWR,29,0,1,0,28,0,4,2,139.0,0.0,0.034482758620689655,0.14285714285714285,0.07142857142857142,4.964285714285714
2023,3,19930,AS,14679,11697,SAN,FLL,31,1,0,0,30,0,13,5,644.0,0.03225806451612903,0.0,0.43333333333333335,0.16666666666666666,21.466666666666665
2023,3,19930,AS,14679,12173,SAN,HNL,31,0,3,0,28,0,10,6,690.0,0.0,0.0967741935483871,0.35714285714285715,0.21428571428571427,24.642857142857142
2023,3,19930,AS,14679,12478,SAN,JFK,62,2,2,0,58,0,7,1,-566.0,0.03225806451612903,0.03225806451612903,0.1206896551724138,0.017241379310344827,-9.758620689655173
2023,3,19930,AS,14679,13204,SAN,MCO,47,0,0,0,47,0,9,3,631.0,0.0,0.0,0.19148936170212766,0.06382978723404255,13.425531914893616
2023,3,19930,AS,14679,14747,SAN,SEA,231,0,0,0,231,0,50,8,734.0,0.0,0.0,0.21645021645021645,0.03463203463203463,3.1774891774891776
2023,3,19930,AS,14747,10397,SEA,ATL,62,0,0,0,62,0,8,1,-85.0,0.0,0.0,0.12903225806451613,0.016129032258064516,-1.3709677419354838
2023,3,19930,AS,14747,10721,SEA,BOS,93,0,0,0,93,0,20,2,173.0,0.0,0.0,0.21505376344086022,0.021505376344086023,1.8602150537634408
2023,3,19930,AS,14747,10821,SEA,BWI,31,0,0,0,31,0,5,0,-45.0,0.0,0.0,0.16129032258064516,0.0,-1.4516129032258065
2023,3,19930,AS,14747,11278,SEA,DCA,62,0,0,0,62,0,8,1,-270.0,0.0,0.0,0.12903225806451613,0.016129032258064516,-4.354838709677419
2023,3,19930,AS,14747,11292,SEA,DEN,114,1,0,0,113,0,31,2,870.0,0.008771929824561403,0.0,0.2743362831858407,0.017699115044247787,7.699115044247788
2023,3,19930,AS,14747,11298,SEA,DFW,119,1,1,0,117,0,29,2,621.0,0.008403361344537815,0.008403361344537815,0.24786324786324787,0.017094017094017096,5.3076923076923075
2023,3,19930,AS,14747,11433,SEA,DTW,29,0,0,0,29,0,7,2,113.0,0.0,0.0,0.2413793103448276,0.06896551724137931,3.896551724137931
2023,3,19930,AS,14747,11618,SEA,EWR,89,0,0,0,89,0,20,2,319.0,0.0,0.0,0.2247191011235955,0.02247191011235955,3.5842696629213484
2023,3,19930,AS,14747,11697,SEA,FLL,62,0,0,0,62,0,21,7,661.0,0.0,0.0,0.3387096774193548,0.11290322580645161,10.661290322580646
2023,3,19930,AS,14747,12173,SEA,HNL,123,0,0,0,123,0,64,7,1878.0,0.0,0.0,0.5203252032520326,0.056910569105691054,15.268292682926829
2023,3,19930,AS,14747,12266,SEA,IAH,62,0,0,0,62,0,12,2,263.0,0.0,0.0,0.1935483870967742,0.03225806451612903,4.241935483870968
2023,3,19930,AS,14747,12478,SEA,JFK,124,0,0,0,124,0,11,2,-1081.0,0.0,0.0,0.08870967741935484,0.016129032258064516,-8.71774193548387
2023,3,19930,AS,14747,12889,SEA,LAS,245,1,0,0,244,0,60,10,1910.0,0.004081632653061225,0.0,0.2459016393442623,0.040983606557377046,7.827868852459017
2023,3,19930,AS,14747,12892,SEA,LAX,267,2,0,0,265,0,78,24,4084.0,0.00749063670411985,0.0,0.2943396226415094,0.09056603773584905,15.41132075471698
2023,3,19930,AS,14747,13204,SEA,MCO,93,0,0,0,93,0,22,7,578.0,0.0,0.0,0.23655913978494625,0.07526881720430108,6.21505376344086
2023,3,19930,AS,14747,13303,SEA,MIA,31,0,0,0,31,0,7,2,40.0,0.0,0.0,0.22580645161290322,0.06451612903225806,1.2903225806451613
2023,3,19930,AS,14747,13487,SEA,MSP,55,2,0,0,53,0,11,3,389.0,0.03636363636363636,0.0,0.20754716981132076,0.05660377358490566,7.339622641509434
2023,3,19930,AS,14747,13796,SEA,OAK,29,0,0,0,29,0,6,1,216.0,0.0,0.0,0.20689655172413793,0.034482758620689655,7.448275862068965
2023,3,19930,AS,14747,13930,SEA,ORD,133,1,0,0,132,0,22,4,404.0,0.007518796992481203,0.0,0.16666666666666666,0.030303030303030304,3.0606060606060606
2023,3,19930,AS,14747,14100,SEA,PHL,31,0,0,0,31,0,5,0,97.0,0.0,0.0,0.16129032258064516,0.0,3.129032258064516
2023,3,19930,AS,14747,14107,SEA,PHX,284,0,2,0,282,0,86,13,3132.0,0.0,0.007042253521126761,0.3049645390070922,0.04609929078014184,11.106382978723405
2023,3,19930,AS,14747,14635,SEA,RSW,9,0,0,0,9,0,3,0,69.0,0.0,0.0,0.3333333333333333,0.0,7.666666666666667
2023,3,19930,AS,14747,14679,SEA,SAN,230,0,1,0,229,0,53,6,1100.0,0.0,0.004347826086956522,0.2314410480349345,0.026200873362445413,4.8034934497816595
2023,3,19930,AS,14747,14771,SEA,SFO,249,1,1,0,247,0,66,24,3072.0,0.004016064257028112,0.004016064257028112,0.26720647773279355,0.09716599190283401,12.437246963562753
2023,3,19930,AS,14747,14869,SEA,SLC,93,0,0,0,93,0,18,4,590.0,0.0,0.0,0.1935483870967742,0.043010752688172046,6.344086021505376
2023,3,19930,AS,14747,15016,SEA,STL,54,0,0,0,54,0,14,4,427.0,0.0,0.0,0.25925925925925924,0.07407407407407407,7.907407407407407
2023,3,19930,AS,14747,15304,SEA,TPA,59,0,0,0,59,0,13,2,143.0,0.0,0.0,0.22033898305084745,0.03389830508474576,2.4237288135593222
2023,3,19930,AS,14771,10721,SFO,BOS,41,0,0,0,41,0,8,0,-231.0,0.0,0.0,0.1951219512195122,0.0,-5.634146341463414
2023,3,19930,AS,14771,11278,SFO,DCA,31,0,0,0,31,0,3,3,55.0,0.0,0.0,0.0967741935483871,0.0967741935483871,1.7741935483870968
2023,3,19930,AS,14771,11618,SFO,EWR,89,0,0,0,89,0,12,6,-335.0,0.0,0.0,0.1348314606741573,0.06741573033707865,-3.764044943820225
2023,3,19930,AS,14771,12173,SFO,HNL,31,0,0,0,31,0,16,1,541.0,0.0,0.0,0.5161290322580645,0.03225806451612903,17.451612903225808
2023,3,19930,AS,14771,12478,SFO,JFK,155,0,0,0,155,0,21,9,-1150.0,0.0,0.0,0.13548387096774195,0.05806451612903226,-7.419354838709677
2023,3,19930,AS,14771,12889,SFO,LAS,87,1,0,0,86,0,26,9,1390.0,0.011494252873563218,0.0,0.3023255813953488,0.10465116279069768,16.162790697674417
2023,3,19930,AS,14771,12892,SFO,LAX,46,0,0,0,46,0,4,0,-525.0,0.0,0.0,0.08695652173913043,0.0,-11.41304347826087
2023,3,19930,AS,14771,13204,SFO,MCO,31,0,0,0,31,0,7,2,92.0,0.0,0.0,0.22580645161290322,0.06451612903225806,2.967741935483871
2023,3,19930,AS,14771,13930,SFO,ORD,43,0,1,0,42,0,12,4,214.0,0.0,0.023255813953488372,0.2857142857142857,0.09523809523809523,5.095238095238095
2023,3,19930,AS,14771,14747,SFO,SEA,250,3,0,0,247,0,46,17,1645.0,0.012,0.0,0.1862348178137652,0.06882591093117409,6.659919028340081
2023,3,19930,AS,14771,15304,SFO,TPA,17,0,0,0,17,0,8,4,712.0,0.0,0.0,0.47058823529411764,0.23529411764705882,41.88235294117647
2023,3,19930,AS,14869,14747,SLC,SEA,93,0,0,0,93,0,12,3,-296.0,0.0,0.0,0.12903225806451613,0.03225806451612903,-3.182795698924731
2023,3,19930,AS,15016,14747,STL,SEA,54,0,0,0,54,0,8,5,314.0,0.0,0.0,0.14814814814814814,0.09259259259259259,5.814814814814815
2023,3,19930,AS,15304,14747,TPA,SEA,60,0,0,0,60,0,10,1,-167.0,0.0,0.0,0.16666666666666666,0.016666666666666666,-2.783333333333333
2023,3,19930,AS,15304,14771,TPA,SFO,17,0,0,0,17,0,10,6,892.0,0.0,0.0,0.5882352941176471,0.35294117647058826,52.470588235294116
2023,3,19977,UA,10397,11292,ATL,DEN,85,1,0,0,84,0,23,8,1388.0,0.011764705882352941,0.0,0.27380952380952384,0.09523809523809523,16.523809523809526
2023,3,19977,UA,10397,11618,ATL,EWR,213,2,0,0,211,0,49,10,1273.0,0.009389671361502348,0.0,0.23222748815165878,0.04739336492890995,6.033175355450237
2023,3,19977,UA,10397,12266,ATL,IAH,145,1,0,0,144,0,41,6,1595.0,0.006896551724137931,0.0,0.2847222222222222,0.041666666666666664,11.07638888888889
2023,3,19977,UA,10397,13930,ATL,ORD,117,1,1,0,115,0,31,7,1438.0,0.008547008547008548,0.008547008547008548,0.26956521739130435,0.06086956521739131,12.504347826086956
2023,3,19977,UA,10397,14771,ATL,SFO,60,1,0,0,59,0,30,8,1791.0,0.016666666666666666,0.0,0.5084745762711864,0.13559322033898305,30.35593220338983
2023,3,19977,UA,10721,11292,BOS,DEN,153,3,0,0,150,0,25,4,49.0,0.0196078431372549,0.0,0.16666666666666666,0.02666666666666667,0.32666666666666666
2023,3,19977,UA,10721,11618,BOS,EWR,305,9,0,0,296,0,69,18,910.0,0.029508196721311476,0.0,0.23310810810810811,0.060810810810810814,3.074324324324324
2023,3,19977,UA,10721,12266,BOS,IAH,93,0,0,0,93,0,15,1,-328.0,0.0,0.0,0.16129032258064516,0.010752688172043012,-3.5268817204301075
2023,3,19977,UA,10721,12892,BOS,LAX,61,1,0,0,60,0,8,2,-289.0,0.01639344262295082,0.0,0.13333333333333333,0.03333333333333333,-4.816666666666666
2023,3,19977,UA,10721,13930,BOS,ORD,167,4,1,0,162,0,26,4,-265.0,0.023952095808383235,0.005988023952095809,0.16049382716049382,0.024691358024691357,-1.6358024691358024
2023,3,19977,UA,10721,14771,BOS,SFO,151,3,0,0,148,0,34,9,453.0,0.019867549668874173,0.0,0.22972972972972974,0.060810810810810814,3.060810810810811
2023,3,19977,UA,10821,11292,BWI,DEN,62,0,1,0,61,0,12,4,423.0,0.0,0.016129032258064516,0.19672131147540983,0.06557377049180328,6.934426229508197
2023,3,19977,UA,10821,12266,BWI,IAH,51,0,0,0,51,0,3,0,-313.0,0.0,0.0,0.058823529411764705,0.0,-6.137254901960785
2023,3,19977,UA,10821,12892,BWI,LAX,31,0,0,0,31,0,4,0,-132.0,0.0,0.0,0.12903225806451613,0.0,-4.258064516129032
2023,3,19977,UA,10821,13930,BWI,ORD,88,0,1,0,87,0,10,3,89.0,0.0,0.011363636363636364,0.11494252873563218,0.034482758620689655,1.0229885057471264
2023,3,19977,UA,10821,14771,BWI,SFO,31,0,0,0,31,0,3,0,-207.0,0.0,0.0,0.0967741935483871,0.0,-6.67741935483871
2023,3,19977,UA,11278,11292,DCA,DEN,31,0,0,0,31,0,13,5,992.0,0.0,0.0,0.41935483870967744,0.16129032258064516,32.0
2023,3,19977,UA,11278,12266,DCA,IAH,175,1,1,0,173,0,25,8,-34.0,0.005714285714285714,0.005714285714285714,0.14450867052023122,0.046242774566473986,-0.19653179190751446
2023,3,19977,UA,11278,13930,DCA,ORD,180,1,1,0,178,0,33,8,1656.0,0.005555555555555556,0.005555555555555556,0.1853932584269663,0.0449438202247191,9.303370786516854
2023,3,19977,UA,11278,14771,DCA,SFO,31,0,1,0,30,0,12,2,495.0,0.0,0.03225806451612903,0.4,0.06666666666666667,16.5
2023,3,19977,UA,11292,10397,DEN,ATL,85,0,0,0,85,0,16,4,204.0,0.0,0.0,0.18823529411764706,0.047058823529411764,2.4
2023,3,19977,UA,11292,10721,DEN,BOS,153,2,0,0,151,0,32,8,603.0,0.013071895424836602,0.0,0.2119205298013245,0.052980132450331126,3.993377483443709
2023,3,19977,UA,11292,10821,DEN,BWI,62,0,0,0,62,0,11,5,252.0,0.0,0.0,0.1774193548387097,0.08064516129032258,4.064516129032258
2023,3,19977,UA,11292,11278,DEN,DCA,31,0,0,0,31,0,9,4,265.0,0.0,0.0,0.2903225806451613,0.12903225806451613,8.548387096774194
2023,3,19977,UA,11292,11298,DEN,DFW,124,0,2,0,122,0,30,12,1527.0,0.0,0.016129032258064516,0.2459016393442623,0.09836065573770492,12.51639344262295
2023,3,19977,UA,11292,11433,DEN,DTW,62,0,1,0,61,0,12,4,199.0,0.0,0.016129032258064516,0.19672131147540983,0.06557377049180328,3.262295081967213
2023,3,19977,UA,11292,11618,DEN,EWR,279,5,1,0,273,0,65,24,1720.0,0.017921146953405017,0.0035842293906810036,0.23809523809523808,0.08791208791208792,6.3003663003663
2023,3,19977,UA,11292,11697,DEN,FLL,93,0,0,0,93,0,24,11,1113.0,0.0,0.0,0.25806451612903225,0.11827956989247312,11.96774193548387
2023,3,19977,UA,11292,12173,DEN,HNL,35,0,0,0,35,0,23,8,1312.0,0.0,0.0,0.6571428571428571,0.22857142857142856,37.48571428571429
2023,3,19977,UA,11292,12266,DEN,IAH,280,2,0,0,278,0,96,27,4187.0,0.007142857142857143,0.0,0.34532374100719426,0.09712230215827339,15.06115107913669
2023,3,19977,UA,11292,12889,DEN,LAS,211,0,0,0,211,0,68,26,3648.0,0.0,0.0,0.3222748815165877,0.12322274881516587,17.28909952606635
2023,3,19977,UA,11292,12892,DEN,LAX,245,0,0,0,245,0,68,15,3521.0,0.0,0.0,0.27755102040816326,0.061224489795918366,14.371428571428572
2023,3,19977,UA,11292,12953,DEN,LGA,205,0,0,0,205,0,43,16,289.0,0.0,0.0,0.2097560975609756,0.07804878048780488,1.4097560975609755
2023,3,19977,UA,11292,13204,DEN,MCO,155,1,1,0,153,0,35,10,606.0,0.0064516129032258064,0.0064516129032258064,0.22875816993464052,0.06535947712418301,3.9607843137254903
2023,3,19977,UA,11292,13303,DEN,MIA,62,0,0,0,62,0,24,9,1492.0,0.0,0.0,0.3870967741935484,0.14516129032258066,24.06451612903226
2023,3,19977,UA,11292,13487,DEN,MSP,124,1,0,0,123,0,19,6,1022.0,0.008064516129032258,0.0,0.15447154471544716,0.04878048780487805,8.308943089430894
2023,3,19977,UA,11292,13930,DEN,ORD,277,1,0,0,276,0,74,34,4194.0,0.0036101083032490976,0.0,0.26811594202898553,0.12318840579710146,15.195652173913043
2023,3,19977,UA,11292,14100,DEN,PHL,62,0,0,0,62,0,11,5,182.0,0.0,0.0,0.1774193548387097,0.08064516129032258,2.935483870967742
2023,3,19977,UA,11292,14107,DEN,PHX,215,0,1,0,214,0,42,11,626.0,0.0,0.004651162790697674,0.19626168224299065,0.0514018691588785,2.925233644859813
2023,3,19977,UA,11292,14635,DEN,RSW,62,0,0,0,62,0,21,8,1409.0,0.0,0.0,0.3387096774193548,0.12903225806451613,22.725806451612904
2023,3,19977,UA,11292,14679,DEN,SAN,179,0,0,0,179,0,51,16,2048.0,0.0,0.0,0.2849162011173184,0.0893854748603352,11.441340782122905
2023,3,19977,UA,11292,14747,DEN,SEA,147,0,0,0,147,0,22,4,222.0,0.0,0.0,0.14965986394557823,0.027210884353741496,1.510204081632653
2023,3,19977,UA,11292,14771,DEN,SFO,248,0,0,0,248,0,94,33,5081.0,0.0,0.0,0.3790322580645161,0.13306451612903225,20.487903225806452
2023,3,19977,UA,11292,14869,DEN,SLC,75,0,0,0,75,0,30,10,1281.0,0.0,0.0,0.4,0.13333333333333333,17.08
2023,3,19977,UA,11292,15016,DEN,STL,21,0,0,0,21,0,8,2,391.0,0.0,0.0,0.38095238095238093,0.09523809523809523,18.61904761904762
2023,3,19977,UA,11292,15304,DEN,TPA,124,1,0,0,123,0,30,8,1032.0,0.008064516129032258,0.0,0.24390243902439024,0.06504065040650407,8.390243902439025
2023,3,19977,UA,11298,11292,DFW,DEN,123,0,0,0,123,0,23,9,1541.0,0.0,0.0,0.18699186991869918,0.07317073170731707,12.528455284552846
2023,3,19977,UA,11298,11618,DFW,EWR,166,2,0,0,164,0,41,15,2486.0,0.012048192771084338,0.0,0.25,0.09146341463414634,15.158536585365853
2023,3,19977,UA,11298,12266,DFW,IAH,97,0,0,0,97,0,46,10,2213.0,0.0,0.0,0.4742268041237113,0.10309278350515463,22.814432989690722
2023,3,19977,UA,11298,13930,DFW,ORD,126,1,0,0,125,0,19,8,1000.0,0.007936507936507936,0.0,0.152,0.064,8.0
2023,3,19977,UA,11298,14771,DFW,SFO,62,0,0,0,62,0,23,11,2381.0,0.0,0.0,0.3709677419354839,0.1774193548387097,38.403225806451616
2023,3,19977,UA,11433,11292,DTW,DEN,62,0,0,0,62,0,12,3,236.0,0.0,0.0,0.1935483870967742,0.04838709677419355,3.806451612903226
2023,3,19977,UA,11433,11618,DTW,EWR,61,2,0,0,59,0,16,8,673.0,0.03278688524590164,0.0,0.2711864406779661,0.13559322033898305,11.40677966101695
2023,3,19977,UA,11433,12266,DTW,IAH,46,0,0,0,46,0,15,6,1390.0,0.0,0.0,0.32608695652173914,0.13043478260869565,30.217391304347824
2023,3,19977,UA,11433,13930,DTW,ORD,57,1,0,0,56,0,13,8,1228.0,0.017543859649122806,0.0,0.23214285714285715,0.14285714285714285,21.928571428571427
2023,3,19977,UA,11618,10397,EWR,ATL,213,1,0,0,212,0,64,12,2031.0,0.004694835680751174,0.0,0.3018867924528302,0.05660377358490566,9.580188679245284
2023,3,19977,UA,11618,10721,EWR,BOS,304,8,0,0,296,0,83,23,2628.0,0.02631578947368421,0.0,0.28040540540540543,0.0777027027027027,8.878378378378379
2023,3,19977,UA,11618,11292,EWR,DEN,279,4,0,0,275,0,91,23,4365.0,0.014336917562724014,0.0,0.33090909090909093,0.08363636363636363,15.872727272727273
2023,3,19977,UA,11618,11298,EWR,DFW,166,2,4,0,160,0,54,18,2398.0,0.012048192771084338,0.024096385542168676,0.3375,0.1125,14.9875
2023,3,19977,UA,11618,11433,EWR,DTW,60,2,0,0,58,0,22,10,1277.0,0.03333333333333333,0.0,0.3793103448275862,0.1724137931034483,22.017241379310345
2023,3,19977,UA,11618,11697,EWR,FLL,305,1,0,0,304,0,113,52,6602.0,0.003278688524590164,0.0,0.3717105263157895,0.17105263157894737,21.717105263157894
2023,3,19977,UA,11618,12173,EWR,HNL,31,0,0,0,31,0,12,4,761.0,0.0,0.0,0.3870967741935484,0.12903225806451613,24.548387096774192
2023,3,19977,UA,11618,12266,EWR,IAH,248,1,1,0,246,0,69,18,2033.0,0.004032258064516129,0.004032258064516129,0.2804878048780488,0.07317073170731707,8.264227642276422
2023,3,19977,UA,11618,12889,EWR,LAS,217,0,0,0,217,0,77,25,3037.0,0.0,0.0,0.3548387096774194,0.1152073732718894,13.995391705069125
2023,3,19977,UA,11618,12892,EWR,LAX,245,5,0,0,240,0,56,12,1165.0,0.02040816326530612,0.0,0.23333333333333334,0.05,4.854166666666667
2023,3,19977,UA,11618,13204,EWR,MCO,370,3,0,0,367,0,130,42,5867.0,0.008108108108108109,0.0,0.3542234332425068,0.11444141689373297,15.986376021798366
2023,3,19977,UA,11618,13303,EWR,MIA,246,1,1,0,244,0,88,28,3904.0,0.0040650406504065045,0.0040650406504065045,0.36065573770491804,0.11475409836065574,16.0
2023,3,19977,UA,11618,13487,EWR,MSP,45,1,0,0,44,0,16,2,508.0,0.022222222222222223,0.0,0.36363636363636365,0.045454545454545456,11.545454545454545
2023,3,19977,UA,11618,13930,EWR,ORD,304,0,1,0,303,0,94,23,3890.0,0.0,0.003289473684210526,0.3102310231023102,0.07590759075907591,12.838283828382838
2023,3,19977,UA,11618,14107,EWR,PHX,124,0,1,0,123,0,31,4,884.0,0.0,0.008064516129032258,0.25203252032520324,0.032520325203252036,7.186991869918699
2023,3,19977,UA,11618,14635,EWR,RSW,211,0,0,0,211,0,65,17,2629.0,0.0,0.0,0.3080568720379147,0.08056872037914692,12.459715639810426
2023,3,19977,UA,11618,14679,EWR,SAN,122,0,0,0,122,0,46,11,1484.0,0.0,0.0,0.3770491803278688,0.09016393442622951,12.163934426229508
2023,3,19977,UA,11618,14747,EWR,SEA,68,0,0,0,68,0,13,6,200.0,0.0,0.0,0.19117647058823528,0.08823529411764706,2.9411764705882355
2023,3,19977,UA,11618,14771,EWR,SFO,275,3,0,0,272,0,96,25,3166.0,0.01090909090909091,0.0,0.35294117647058826,0.09191176470588236,11.639705882352942
2023,3,19977,UA,11618,14869,EWR,SLC,56,0,0,0,56,0,20,6,786.0,0.0,0.0,0.35714285714285715,0.10714285714285714,14.035714285714286
2023,3,19977,UA,11618,15016,EWR,STL,31,0,0,0,31,0,11,5,623.0,0.0,0.0,0.3548387096774194,0.16129032258064516,20.096774193548388
2023,3,19977,UA,11618,15304,EWR,TPA,279,1,0,0,278,0,77,22,2533.0,0.0035842293906810036,0.0,0.27697841726618705,0.07913669064748201,9.111510791366907
2023,3,19977,UA,11697,11292,FLL,DEN,93,1,0,0,92,0,17,5,569.0,0.010752688172043012,0.0,0.18478260869565216,0.05434782608695652,6.184782608695652
2023,3,19977,UA,11697,11618,FLL,EWR,306,1,0,0,305,0,73,29,3668.0,0.0032679738562091504,0.0,0.23934426229508196,0.09508196721311475,12.026229508196721
2023,3,19977,UA,11697,12266,FLL,IAH,151,0,0,0,151,0,27,10,526.0,0.0,0.0,0.17880794701986755,0.06622516556291391,3.4834437086092715
2023,3,19977,UA,11697,13930,FLL,ORD,122,1,0,0,121,0,33,14,2661.0,0.00819672131147541,0.0,0.2727272727272727,0.11570247933884298,21.99173553719008
2023,3,19977,UA,11697,14771,FLL,SFO,31,0,0,0,31,0,3,0,-185.0,0.0,0.0,0.0967741935483871,0.0,-5.967741935483871
2023,3,19977,UA,12173,11292,HNL,DEN,35,0,0,0,35,0,2,0,-398.0,0.0,0.0,0.05714285714285714,0.0,-11.371428571428572
2023,3,19977,UA,12173,11618,HNL,EWR,31,0,1,0,30,0,7,2,-141.0,0.0,0.03225806451612903,0.23333333333333334,0.06666666666666667,-4.7
2023,3,19977,UA,12173,12266,HNL,IAH,31,0,0,0,31,0,3,0,-75.0,0.0,0.0,0.0967741935483871,0.0,-2.4193548387096775
2023,3,19977,UA,12173,12892,HNL,LAX,91,0,0,0,91,0,12,4,-157.0,0.0,0.0,0.13186813186813187,0.04395604395604396,-1.7252747252747254
2023,3,19977,UA,12173,13930,HNL,ORD,31,1,0,0,30,0,4,1,-301.0,0.03225806451612903,0.0,0.13333333333333333,0.03333333333333333,-10.033333333333333
2023,3,19977,UA,12173,14771,HNL,SFO,153,4,1,0,148,0,28,4,-57.0,0.026143790849673203,0.006535947712418301,0.1891891891891892,0.02702702702702703,-0.38513513513513514
2023,3,19977,UA,12266,10397,IAH,ATL,146,1,1,0,144,0,45,10,1495.0,0.00684931506849315,0.00684931506849315,0.3125,0.06944444444444445,10.381944444444445
2023,3,19977,UA,12266,10721,IAH,BOS,93,1,0,0,92,0,13,3,-473.0,0.010752688172043012,0.0,0.14130434782608695,0.03260869565217391,-5.141304347826087
2023,3,19977,UA,12266,10821,IAH,BWI,51,0,0,0,51,0,6,0,-258.0,0.0,0.0,0.11764705882352941,0.0,-5.0588235294117645
2023,3,19977,UA,12266,11278,IAH,DCA,175,0,0,0,175,0,36,9,443.0,0.0,0.0,0.2057142857142857,0.05142857142857143,2.5314285714285716
2023,3,19977,UA,12266,11292,IAH,DEN,279,1,0,0,278,0,82,19,2996.0,0.0035842293906810036,0.0,0.2949640287769784,0.0683453237410072,10.776978417266188
2023,3,19977,UA,12266,11298,IAH,DFW,96,0,0,0,96,0,27,6,1820.0,0.0,0.0,0.28125,0.0625,18.958333333333332
2023,3,19977,UA,12266,11433,IAH,DTW,46,0,0,0,46,0,14,5,564.0,0.0,0.0,0.30434782608695654,0.10869565217391304,12.26086956521739
2023,3,19977,UA,12266,11618,IAH,EWR,249,1,0,0,248,0,39,14,189.0,0.004016064257028112,0.0,0.15725806451612903,0.056451612903225805,0.7620967741935484
2023,3,19977,UA,12266,11697,IAH,FLL,151,0,0,0,151,0,36,12,1352.0,0.0,0.0,0.23841059602649006,0.07947019867549669,8.95364238410596
2023,3,19977,UA,12266,12173,IAH,HNL,31,0,0,0,31,0,12,3,647.0,0.0,0.0,0.3870967741935484,0.0967741935483871,20.870967741935484
2023,3,19977,UA,12266,12889,IAH,LAS,192,1,0,0,191,0,52,19,2291.0,0.005208333333333333,0.0,0.27225130890052357,0.09947643979057591,11.99476439790576
2023,3,19977,UA,12266,12892,IAH,LAX,248,0,0,0,248,0,62,13,1881.0,0.0,0.0,0.25,0.05241935483870968,7.584677419354839
2023,3,19977,UA,12266,12953,IAH,LGA,111,0,0,0,111,0,24,11,604.0,0.0,0.0,0.21621621621621623,0.0990990990990991,5.441441441441442
2023,3,19977,UA,12266,13204,IAH,MCO,194,0,0,0,194,0,41,14,1032.0,0.0,0.0,0.211340206185567,0.07216494845360824,5.319587628865979
2023,3,19977,UA,12266,13303,IAH,MIA,93,0,0,0,93,0,25,7,1008.0,0.0,0.0,0.26881720430107525,0.07526881720430108,10.838709677419354
2023,3,19977,UA,12266,13487,IAH,MSP,50,1,0,0,49,0,12,4,436.0,0.02,0.0,0.24489795918367346,0.08163265306122448,8.89795918367347
2023,3,19977,UA,12266,13930,IAH,ORD,273,0,0,0,273,0,46,14,928.0,0.0,0.0,0.1684981684981685,0.05128205128205128,3.399267399267399
2023,3,19977,UA,12266,14100,IAH,PHL,62,0,0,0,62,0,11,2,235.0,0.0,0.0,0.1774193548387097,0.03225806451612903,3.7903225806451615
2023,3,19977,UA,12266,14107,IAH,PHX,155,0,1,0,154,0,33,11,916.0,0.0,0.0064516129032258064,0.21428571428571427,0.07142857142857142,5.9480519480519485
2023,3,19977,UA,12266,14635,IAH,RSW,62,0,0,0,62,0,13,4,392.0,0.0,0.0,0.20967741935483872,0.06451612903225806,6.32258064516129
2023,3,19977,UA,12266,14679,IAH,SAN,153,0,0,0,153,0,29,8,659.0,0.0,0.0,0.1895424836601307,0.05228758169934641,4.30718954248366
2023,3,19977,UA,12266,14747,IAH,SEA,93,0,0,0,93,0,22,4,333.0,0.0,0.0,0.23655913978494625,0.043010752688172046,3.5806451612903225
2023,3,19977,UA,12266,14771,IAH,SFO,248,1,1,0,246,0,76,22,3826.0,0.004032258064516129,0.004032258064516129,0.3089430894308943,0.08943089430894309,15.552845528455284
2023,3,19977,UA,12266,14869,IAH,SLC,50,0,0,0,50,0,17,3,454.0,0.0,0.0,0.34,0.06,9.08
2023,3,19977,UA,12266,15016,IAH,STL,1,0,0,0,1,0,0,0,4.0,0.0,0.0,0.0,0.0,4.0
2023,3,19977,UA,12266,15304,IAH,TPA,93,0,0,0,93,0,24,10,1413.0,0.0,0.0,0.25806451612903225,0.10752688172043011,15.193548387096774
2023,3,19977,UA,12889,11292,LAS,DEN,211,1,0,0,210,0,52,22,2367.0,0.004739336492890996,0.0,0.24761904761904763,0.10476190476190476,11.271428571428572
2023,3,19977,UA,12889,11618,LAS,EWR,217,1,0,0,216,0,46,8,-444.0,0.004608294930875576,0.0,0.21296296296296297,0.037037037037037035,-2.0555555555555554
2023,3,19977,UA,12889,12266,LAS,IAH,192,2,1,0,189,0,33,8,630.0,0.010416666666666666,0.005208333333333333,0.1746031746031746,0.042328042328042326,3.3333333333333335
2023,3,19977,UA,12889,12892,LAS,LAX,101,0,0,0,101,0,15,5,99.0,0.0,0.0,0.1485148514851485,0.04950495049504951,0.9801980198019802
2023,3,19977,UA,12889,13930,LAS,ORD,155,0,2,0,153,0,20,12,612.0,0.0,0.012903225806451613,0.13071895424836602,0.0784313725490196,4.0
2023,3,19977,UA,12889,14771,LAS,SFO,181,3,0,0,178,0,59,31,4336.0,0.016574585635359115,0.0,0.33146067415730335,0.17415730337078653,24.359550561797754
2023,3,19977,UA,12892,10721,LAX,BOS,61,2,0,0,59,0,3,1,-950.0,0.03278688524590164,0.0,0.05084745762711865,0.01694915254237288,-16.10169491525424
2023,3,19977,UA,12892,10821,LAX,BWI,31,0,0,0,31,0,2,0,-502.0,0.0,0.0,0.06451612903225806,0.0,-16.193548387096776
2023,3,19977,UA,12892,11292,LAX,DEN,244,1,0,0,243,0,17,4,-2066.0,0.004098360655737705,0.0,0.06995884773662552,0.01646090534979424,-8.502057613168724
2023,3,19977,UA,12892,11618,LAX,EWR,245,4,0,0,241,0,28,5,-3371.0,0.0163265306122449,0.0,0.11618257261410789,0.02074688796680498,-13.987551867219917
2023,3,19977,UA,12892,12173,LAX,HNL,92,0,0,0,92,0,26,1,404.0,0.0,0.0,0.2826086956521739,0.010869565217391304,4.391304347826087
2023,3,19977,UA,12892,12266,LAX,IAH,248,0,0,0,248,0,30,5,-523.0,0.0,0.0,0.12096774193548387,0.020161290322580645,-2.1088709677419355
2023,3,19977,UA,12892,12889,LAX,LAS,100,0,0,0,100,0,18,7,346.0,0.0,0.0,0.18,0.07,3.46
2023,3,19977,UA,12892,13204,LAX,MCO,62,0,0,0,62,0,4,0,-724.0,0.0,0.0,0.06451612903225806,0.0,-11.67741935483871
2023,3,19977,UA,12892,13930,LAX,ORD,245,2,1,0,242,0,23,12,-1647.0,0.00816326530612245,0.004081632653061225,0.09504132231404959,0.049586776859504134,-6.805785123966942
2023,3,19977,UA,12892,14107,LAX,PHX,56,0,0,0,56,0,11,5,599.0,0.0,0.0,0.19642857142857142,0.08928571428571429,10.696428571428571
2023,3,19977,UA,12892,14635,LAX,RSW,10,0,0,0,10,0,1,0,-230.0,0.0,0.0,0.1,0.0,-23.0
2023,3,19977,UA,12892,14747,LAX,SEA,37,1,0,0,36,0,3,0,-145.0,0.02702702702702703,0.0,0.08333333333333333,0.0,-4.027777777777778
2023,3,19977,UA,12892,14771,LAX,SFO,173,1,1,0,171,0,53,17,2281.0,0.005780346820809248,0.005780346820809248,0.30994152046783624,0.09941520467836257,13.339181286549708
2023,3,19977,UA,12892,15304,LAX,TPA,31,0,0,0,31,0,1,0,-476.0,0.0,0.0,0.03225806451612903,0.0,-15.35483870967742
2023,3,19977,UA,12953,11292,LGA,DEN,205,0,0,0,205,0,47,9,-284.0,0.0,0.0,0.22926829268292684,0.04390243902439024,-1.3853658536585365
2023,3,19977,UA,12953,12266,LGA,IAH,111,0,0,0,111,0,19,8,395.0,0.0,0.0,0.17117117117117117,0.07207207207207207,3.5585585585585586
2023,3,19977,UA,12953,13930,LGA,ORD,241,5,1,0,235,0,51,19,678.0,0.02074688796680498,0.004149377593360996,0.2170212765957447,0.08085106382978724,2.8851063829787233
2023,3,19977,UA,13204,11292,MCO,DEN,155,1,1,0,153,0,31,14,769.0,0.0064516129032258064,0.0064516129032258064,0.20261437908496732,0.0915032679738562,5.026143790849673
2023,3,19977,UA,13204,11618,MCO,EWR,371,3,0,0,368,0,82,27,2641.0,0.008086253369272238,0.0,0.22282608695652173,0.07336956521739131,7.176630434782608
2023,3,19977,UA,13204,12266,MCO,IAH,194,0,0,0,194,0,38,12,831.0,0.0,0.0,0.1958762886597938,0.061855670103092786,4.283505154639175
2023,3,19977,UA,13204,12892,MCO,LAX,62,0,0,0,62,0,10,3,264.0,0.0,0.0,0.16129032258064516,0.04838709677419355,4.258064516129032
2023,3,19977,UA,13204,13930,MCO,ORD,201,3,0,0,198,0,56,17,1950.0,0.014925373134328358,0.0,0.2828282828282828,0.08585858585858586,9.848484848484848
2023,3,19977,UA,13204,14771,MCO,SFO,62,0,0,0,62,0,19,7,1095.0,0.0,0.0,0.3064516129032258,0.11290322580645161,17.661290322580644
2023,3,19977,UA,13303,11292,MIA,DEN,62,0,0,0,62,0,17,5,1129.0,0.0,0.0,0.27419354838709675,0.08064516129032258,18.20967741935484
2023,3,19977,UA,13303,11618,MIA,EWR,247,1,1,0,245,0,53,19,2051.0,0.004048582995951417,0.004048582995951417,0.2163265306122449,0.07755102040816327,8.371428571428572
2023,3,19977,UA,13303,12266,MIA,IAH,93,0,1,0,92,0,14,1,-12.0,0.0,0.010752688172043012,0.15217391304347827,0.010869565217391304,-0.13043478260869565
2023,3,19977,UA,13303,13930,MIA,ORD,91,0,0,0,91,0,24,7,1102.0,0.0,0.0,0.26373626373626374,0.07692307692307693,12.10989010989011
2023,3,19977,UA,13303,14771,MIA,SFO,31,0,0,0,31,0,11,6,745.0,0.0,0.0,0.3548387096774194,0.1935483870967742,24.032258064516128
2023,3,19977,UA,13487,11292,MSP,DEN,124,0,0,0,124,0,20,4,-207.0,0.0,0.0,0.16129032258064516,0.03225806451612903,-1.6693548387096775
2023,3,19977,UA,13487,11618,MSP,EWR,45,0,0,0,45,0,9,2,251.0,0.0,0.0,0.2,0.044444444444444446,5.5777777777777775
2023,3,19977,UA,13487,12266,MSP,IAH,50,0,0,0,50,0,12,2,314.0,0.0,0.0,0.24,0.04,6.28
2023,3,19977,UA,13487,13930,MSP,ORD,164,1,0,0,163,0,28,8,1519.0,0.006097560975609756,0.0,0.17177914110429449,0.049079754601226995,9.319018404907975
2023,3,19977,UA,13487,14771,MSP,SFO,31,0,0,0,31,0,10,5,778.0,0.0,0.0,0.3225806451612903,0.16129032258064516,25.096774193548388
2023,3,19977,UA,13930,10397,ORD,ATL,117,1,2,0,114,0,14,4,-140.0,0.008547008547008548,0.017094017094017096,0.12280701754385964,0.03508771929824561,-1.2280701754385965
2023,3,19977,UA,13930,10721,ORD,BOS,167,3,0,0,164,0,20,7,-259.0,0.017964071856287425,0.0,0.12195121951219512,0.042682926829268296,-1.579268292682927
2023,3,19977,UA,13930,10821,ORD,BWI,88,1,0,0,87,0,13,4,17.0,0.011363636363636364,0.0,0.14942528735632185,0.04597701149425287,0.19540229885057472
2023,3,19977,UA,13930,11278,ORD,DCA,178,1,0,0,177,0,31,12,851.0,0.0056179775280898875,0.0,0.1751412429378531,0.06779661016949153,4.807909604519774
2023,3,19977,UA,13930,11292,ORD,DEN,277,0,1,0,276,0,65,17,3022.0,0.0,0.0036101083032490976,0.23550724637681159,0.06159420289855073,10.94927536231884
2023,3,19977,UA,13930,11298,ORD,DFW,126,1,0,0,125,0,32,11,1527.0,0.007936507936507936,0.0,0.256,0.088,12.216
2023,3,19977,UA,13930,11433,ORD,DTW,57,1,0,0,56,0,6,3,822.0,0.017543859649122806,0.0,0.10714285714285714,0.05357142857142857,14.678571428571429
2023,3,19977,UA,13930,11618,ORD,EWR,305,0,0,0,305,0,60,20,1300.0,0.0,0.0,0.19672131147540983,0.06557377049180328,4.262295081967213
2023,3,19977,UA,13930,11697,ORD,FLL,122,1,0,0,121,0,29,13,2360.0,0.00819672131147541,0.0,0.2396694214876033,0.10743801652892562,19.50413223140496
2023,3,19977,UA,13930,12173,ORD,HNL,31,1,0,0,30,0,8,1,390.0,0.03225806451612903,0.0,0.26666666666666666,0.03333333333333333,13.0
2023,3,19977,UA,13930,12266,ORD,IAH,274,1,0,0,273,0,58,18,2158.0,0.0036496350364963502,0.0,0.21245421245421245,0.06593406593406594,7.904761904761905
2023,3,19977,UA,13930,12889,ORD,LAS,155,1,0,0,154,0,39,15,1982.0,0.0064516129032258064,0.0,0.2532467532467532,0.09740259740259741,12.87012987012987
2023,3,19977,UA,13930,12892,ORD,LAX,246,2,0,0,244,0,79,21,3660.0,0.008130081300813009,0.0,0.3237704918032787,0.0860655737704918,15.0
2023,3,19977,UA,13930,12953,ORD,LGA,241,6,0,0,235,0,56,17,829.0,0.024896265560165973,0.0,0.23829787234042554,0.07234042553191489,3.527659574468085
2023,3,19977,UA,13930,13204,ORD,MCO,202,2,1,0,199,0,40,14,1253.0,0.009900990099009901,0.0049504950495049506,0.20100502512562815,0.07035175879396985,6.296482412060302
2023,3,19977,UA,13930,13303,ORD,MIA,91,1,0,0,90,0,16,5,339.0,0.01098901098901099,0.0,0.17777777777777778,0.05555555555555555,3.7666666666666666
2023,3,19977,UA,13930,13487,ORD,MSP,164,3,0,0,161,0,30,8,754.0,0.018292682926829267,0.0,0.18633540372670807,0.049689440993788817,4.683229813664596
2023,3,19977,UA,13930,14100,ORD,PHL,111,1,1,0,109,0,16,7,-61.0,0.009009009009009009,0.009009009009009009,0.14678899082568808,0.06422018348623854,-0.5596330275229358
2023,3,19977,UA,13930,14107,ORD,PHX,172,3,1,0,168,0,41,7,497.0,0.01744186046511628,0.005813953488372093,0.24404761904761904,0.041666666666666664,2.9583333333333335
2023,3,19977,UA,13930,14635,ORD,RSW,144,1,0,0,143,0,32,14,1044.0,0.006944444444444444,0.0,0.22377622377622378,0.0979020979020979,7.300699300699301
2023,3,19977,UA,13930,14679,ORD,SAN,143,0,0,0,143,0,41,5,1086.0,0.0,0.0,0.2867132867132867,0.03496503496503497,7.594405594405594
2023,3,19977,UA,13930,14747,ORD,SEA,99,0,0,0,99,0,7,1,-412.0,0.0,0.0,0.0707070707070707,0.010101010101010102,-4.161616161616162
2023,3,19977,UA,13930,14771,ORD,SFO,276,4,3,0,269,0,100,34,5156.0,0.014492753623188406,0.010869565217391304,0.37174721189591076,0.12639405204460966,19.16728624535316
2023,3,19977,UA,13930,14869,ORD,SLC,81,0,1,0,80,0,23,2,530.0,0.0,0.012345679012345678,0.2875,0.025,6.625
2023,3,19977,UA,13930,15016,ORD,STL,1,0,0,0,1,0,1,0,36.0,0.0,0.0,1.0,0.0,36.0
2023,3,19977,UA,13930,15304,ORD,TPA,138,0,0,0,138,0,24,9,734.0,0.0,0.0,0.17391304347826086,0.06521739130434782,5.318840579710145
2023,3,19977,UA,14100,11292,PHL,DEN,62,0,0,0,62,0,8,1,-101.0,0.0,0.0,0.12903225806451613,0.016129032258064516,-1.6290322580645162
2023,3,19977,UA,14100,12266,PHL,IAH,62,0,0,0,62,0,6,2,201.0,0.0,0.0,0.0967741935483871,0.03225806451612903,3.2419354838709675
2023,3,19977,UA,14100,13930,PHL,ORD,111,1,0,0,110,0,18,7,1045.0,0.009009009009009009,0.0,0.16363636363636364,0.06363636363636363,9.5
2023,3,19977,UA,14100,14771,PHL,SFO,31,0,1,0,30,0,8,1,1.0,0.0,0.03225806451612903,0.26666666666666666,0.03333333333333333,0.03333333333333333
2023,3,19977,UA,14107,11292,PHX,DEN,215,0,0,0,215,0,25,6,-924.0,0.0,0.0,0.11627906976744186,0.027906976744186046,-4.297674418604651
2023,3,19977,UA,14107,11618,PHX,EWR,124,0,0,0,124,0,20,6,-448.0,0.0,0.0,0.16129032258064516,0.04838709677419355,-3.6129032258064515
2023,3,19977,UA,14107,12266,PHX,IAH,155,1,0,0,154,0,11,2,-1106.0,0.0064516129032258064,0.0,0.07142857142857142,0.012987012987012988,-7.181818181818182
2023,3,19977,UA,14107,12892,PHX,LAX,56,0,0,0,56,0,11,2,461.0,0.0,0.0,0.19642857142857142,0.03571428571428571,8.232142857142858
2023,3,19977,UA,14107,13930,PHX,ORD,172,1,0,0,171,0,17,8,-1275.0,0.005813953488372093,0.0,0.09941520467836257,0.04678362573099415,-7.456140350877193
2023,3,19977,UA,14107,14771,PHX,SFO,92,1,0,0,91,0,24,13,1679.0,0.010869565217391304,0.0,0.26373626373626374,0.14285714285714285,18.45054945054945
2023,3,19977,UA,14635,11292,RSW,DEN,62,0,0,0,62,0,14,4,708.0,0.0,0.0,0.22580645161290322,0.06451612903225806,11.419354838709678
2023,3,19977,UA,14635,11618,RSW,EWR,211,1,0,0,210,0,28,12,-399.0,0.004739336492890996,0.0,0.13333333333333333,0.05714285714285714,-1.9
2023,3,19977,UA,14635,12266,RSW,IAH,62,0,0,0,62,0,8,3,7.0,0.0,0.0,0.12903225806451613,0.04838709677419355,0.11290322580645161
2023,3,19977,UA,14635,12892,RSW,LAX,10,0,0,0,10,0,0,0,-129.0,0.0,0.0,0.0,0.0,-12.9
2023,3,19977,UA,14635,13930,RSW,ORD,145,0,0,0,145,0,34,16,1492.0,0.0,0.0,0.23448275862068965,0.1103448275862069,10.289655172413793
2023,3,19977,UA,14635,14771,RSW,SFO,13,1,0,0,12,0,1,1,52.0,0.07692307692307693,0.0,0.08333333333333333,0.08333333333333333,4.333333333333333
2023,3,19977,UA,14679,11292,SAN,DEN,178,1,0,0,177,0,21,8,-635.0,0.0056179775280898875,0.0,0.11864406779661017,0.04519774011299435,-3.5875706214689265
2023,3,19977,UA,14679,11618,SAN,EWR,122,0,0,0,122,0,16,3,-719.0,0.0,0.0,0.13114754098360656,0.02459016393442623,-5.89344262295082
2023,3,19977,UA,14679,12266,SAN,IAH,153,0,0,0,153,0,27,3,6.0,0.0,0.0,0.17647058823529413,0.0196078431372549,0.0392156862745098
2023,3,19977,UA,14679,13930,SAN,ORD,143,0,0,0,143,0,8,1,-2169.0,0.0,0.0,0.055944055944055944,0.006993006993006993,-15.167832167832168
2023,3,19977,UA,14679,14771,SAN,SFO,144,1,0,0,143,0,46,16,2199.0,0.006944444444444444,0.0,0.32167832167832167,0.11188811188811189,15.377622377622378
2023,3,19977,UA,14747,11292,SEA,DEN,146,1,0,0,145,0,15,6,35.0,0.00684931506849315,0.0,0.10344827586206896,0.041379310344827586,0.2413793103448276
2023,3,19977,UA,14747,11618,SEA,EWR,68,0,0,0,68,0,7,2,-746.0,0.0,0.0,0.10294117647058823,0.029411764705882353,-10.970588235294118
2023,3,19977,UA,14747,12266,SEA,IAH,93,0,0,0,93,0,6,5,129.0,0.0,0.0,0.06451612903225806,0.053763440860215055,1.3870967741935485
2023,3,19977,UA,14747,12892,SEA,LAX,37,0,0,0,37,0,2,2,15.0,0.0,0.0,0.05405405405405406,0.05405405405405406,0.40540540540540543
2023,3,19977,UA,14747,13930,SEA,ORD,99,1,0,0,98,0,7,4,-566.0,0.010101010101010102,0.0,0.07142857142857142,0.04081632653061224,-5.775510204081633
2023,3,19977,UA,14747,14771,SEA,SFO,120,1,0,0,119,0,34,13,1455.0,0.008333333333333333,0.0,0.2857142857142857,0.1092436974789916,12.22689075630252
2023,3,19977,UA,14771,10397,SFO,ATL,60,0,0,0,60,0,23,6,743.0,0.0,0.0,0.38333333333333336,0.1,12.383333333333333
2023,3,19977,UA,14771,10721,SFO,BOS,151,2,0,0,149,0,25,10,-158.0,0.013245033112582781,0.0,0.16778523489932887,0.06711409395973154,-1.0604026845637584
2023,3,19977,UA,14771,10821,SFO,BWI,31,0,0,0,31,0,11,5,344.0,0.0,0.0,0.3548387096774194,0.16129032258064516,11.096774193548388
2023,3,19977,UA,14771,11278,SFO,DCA,31,0,0,0,31,0,4,0,-320.0,0.0,0.0,0.12903225806451613,0.0,-10.32258064516129
2023,3,19977,UA,14771,11292,SFO,DEN,248,1,0,0,247,0,51,19,2116.0,0.004032258064516129,0.0,0.20647773279352227,0.07692307692307693,8.566801619433198
2023,3,19977,UA,14771,11298,SFO,DFW,62,0,1,0,61,0,21,9,1574.0,0.0,0.016129032258064516,0.3442622950819672,0.14754098360655737,25.80327868852459
2023,3,19977,UA,14771,11618,SFO,EWR,275,3,1,0,271,0,61,23,864.0,0.01090909090909091,0.0036363636363636364,0.22509225092250923,0.08487084870848709,3.188191881918819
2023,3,19977,UA,14771,11697,SFO,FLL,31,1,0,0,30,0,7,2,131.0,0.03225806451612903,0.0,0.23333333333333334,0.06666666666666667,4.366666666666666
2023,3,19977,UA,14771,12173,SFO,HNL,154,0,1,0,153,0,65,15,3322.0,0.0,0.006493506493506494,0.42483660130718953,0.09803921568627451,21.712418300653596
2023,3,19977,UA,14771,12266,SFO,IAH,247,0,0,0,247,0,63,11,1577.0,0.0,0.0,0.2550607287449393,0.044534412955465584,6.384615384615385
2023,3,19977,UA,14771,12889,SFO,LAS,181,3,0,0,178,0,55,19,3117.0,0.016574585635359115,0.0,0.3089887640449438,0.10674157303370786,17.51123595505618
2023,3,19977,UA,14771,12892,SFO,LAX,173,1,1,0,171,0,41,16,1600.0,0.005780346820809248,0.005780346820809248,0.23976608187134502,0.0935672514619883,9.35672514619883
2023,3,19977,UA,14771,13204,SFO,MCO,62,0,0,0,62,0,12,4,186.0,0.0,0.0,0.1935483870967742,0.06451612903225806,3.0
2023,3,19977,UA,14771,13303,SFO,MIA,31,0,0,0,31,0,3,1,-40.0,0.0,0.0,0.0967741935483871,0.03225806451612903,-1.2903225806451613
2023,3,19977,UA,14771,13487,SFO,MSP,31,0,0,0,31,0,4,2,-193.0,0.0,0.0,0.12903225806451613,0.06451612903225806,-6.225806451612903
2023,3,19977,UA,14771,13930,SFO,ORD,276,3,1,0,272,0,67,29,3362.0,0.010869565217391304,0.0036231884057971015,0.24632352941176472,0.10661764705882353,12.360294117647058
2023,3,19977,UA,14771,14100,SFO,PHL,31,0,0,0,31,0,5,1,-236.0,0.0,0.0,0.16129032258064516,0.03225806451612903,-7.612903225806452
2023,3,19977,UA,14771,14107,SFO,PHX,92,0,0,0,92,0,22,13,1648.0,0.0,0.0,0.2391304347826087,0.14130434782608695,17.91304347826087
2023,3,19977,UA,14771,14635,SFO,RSW,13,1,0,0,12,0,3,1,0.0,0.07692307692307693,0.0,0.25,0.08333333333333333,0.0
2023,3,19977,UA,14771,14679,SFO,SAN,145,1,1,0,143,0,36,10,1057.0,0.006896551724137931,0.006896551724137931,0.2517482517482518,0.06993006993006994,7.391608391608392
2023,3,19977,UA,14771,14747,SFO,SEA,120,1,0,0,119,0,29,8,2112.0,0.008333333333333333,0.0,0.24369747899159663,0.06722689075630252,17.747899159663866
2023,3,19977,UA,14771,15304,SFO,TPA,62,0,0,0,62,0,11,2,-153.0,0.0,0.0,0.1774193548387097,0.03225806451612903,-2.467741935483871
2023,3,19977,UA,14869,11292,SLC,DEN,76,1,1,0,74,0,26,5,1132.0,0.013157894736842105,0.013157894736842105,0.35135135135135137,0.06756756756756757,15.297297297297296
2023,3,19977,UA,14869,11618,SLC,EWR,56,0,0,0,56,0,18,9,926.0,0.0,0.0,0.32142857142857145,0.16071428571428573,16.535714285714285
2023,3,19977,UA,14869,12266,SLC,IAH,51,0,0,0,51,0,13,1,223.0,0.0,0.0,0.2549019607843137,0.0196078431372549,4.372549019607843
2023,3,19977,UA,14869,13930,SLC,ORD,81,1,0,0,80,0,11,1,5.0,0.012345679012345678,0.0,0.1375,0.0125,0.0625
2023,3,19977,UA,15016,11292,STL,DEN,22,0,0,0,22,0,2,0,-178.0,0.0,0.0,0.09090909090909091,0.0,-8.090909090909092
2023,3,19977,UA,15016,11618,STL,EWR,31,0,0,0,31,0,1,0,-267.0,0.0,0.0,0.03225806451612903,0.0,-8.612903225806452
2023,3,19977,UA,15016,12266,STL,IAH,2,0,0,0,2,0,0,0,15.0,0.0,0.0,0.0,0.0,7.5
2023,3,19977,UA,15016,13930,STL,ORD,2,0,0,0,2,0,0,0,-12.0,0.0,0.0,0.0,0.0,-6.0
2023,3,19977,UA,15304,11292,TPA,DEN,124,1,0,0,123,0,23,8,1093.0,0.008064516129032258,0.0,0.18699186991869918,0.06504065040650407,8.886178861788618
2023,3,19977,UA,15304,11618,TPA,EWR,279,2,0,0,277,0,56,18,1295.0,0.007168458781362007,0.0,0.20216606498194944,0.06498194945848375,4.675090252707581
2023,3,19977,UA,15304,12266,TPA,IAH,93,1,0,0,92,0,19,6,357.0,0.010752688172043012,0.0,0.20652173913043478,0.06521739130434782,3.880434782608696
2023,3,19977,UA,15304,12892,TPA,LAX,31,0,0,0,31,0,1,0,-397.0,0.0,0.0,0.03225806451612903,0.0,-12.806451612903226
2023,3,19977,UA,15304,13930,TPA,ORD,138,2,0,0,136,0,22,8,138.0,0.014492753623188406,0.0,0.16176470588235295,0.058823529411764705,1.0147058823529411
2023,3,19977,UA,15304,14771,TPA,SFO,62,0,0,0,62,0,18,6,900.0,0.0,0.0,0.2903225806451613,0.0967741935483871,14.516129032258064
2023,3,20304,OO,10721,10821,BOS,BWI,20,1,0,0,19,0,7,2,367.0,0.05,0.0,0.3684210526315789,0.10526315789473684,19.31578947368421
2023,3,20304,OO,10721,11618,BOS,EWR,33,1,0,0,32,0,8,2,132.0,0.030303030303030304,0.0,0.25,0.0625,4.125
2023,3,20304,OO,10721,12478,BOS,JFK,28,2,0,0,26,0,5,2,29.0,0.07142857142857142,0.0,0.19230769230769232,0.07692307692307693,1.1153846153846154
2023,3,20304,OO,10721,13930,BOS,ORD,62,3,0,0,59,0,9,5,1251.0,0.04838709677419355,0.0,0.15254237288135594,0.0847457627118644,21.203389830508474
2023,3,20304,OO,10821,10721,BWI,BOS,20,0,0,0,20,0,3,2,157.0,0.0,0.0,0.15,0.1,7.85
2023,3,20304,OO,10821,12478,BWI,JFK,3,0,0,0,3,0,0,0,-13.0,0.0,0.0,0.0,0.0,-4.333333333333333
2023,3,20304,OO,11278,12266,DCA,IAH,25,0,1,0,24,0,4,0,-4.0,0.0,0.04,0.16666666666666666,0.0,-0.16666666666666666
2023,3,20304,OO,11278,13930,DCA,ORD,73,1,0,0,72,0,8,1,93.0,0.0136986301369863,0.0,0.1111111111111111,0.013888888888888888,1.2916666666666667
2023,3,20304,OO,11292,11298,DEN,DFW,31,0,0,0,31,0,7,3,471.0,0.0,0.0,0.22580645161290322,0.0967741935483871,15.193548387096774
2023,3,20304,OO,11292,12892,DEN,LAX,62,0,0,0,62,0,11,2,219.0,0.0,0.0,0.1774193548387097,0.03225806451612903,3.532258064516129
2023,3,20304,OO,11292,14107,DEN,PHX,31,0,0,0,31,0,2,1,-95.0,0.0,0.0,0.06451612903225806,0.03225806451612903,-3.064516129032258
2023,3,20304,OO,11292,14869,DEN,SLC,135,0,1,0,134,0,33,7,1124.0,0.0,0.007407407407407408,0.2462686567164179,0.05223880597014925,8.388059701492537
2023,3,20304,OO,11292,15016,DEN,STL,101,0,0,0,101,0,22,7,815.0,0.0,0.0,0.21782178217821782,0.06930693069306931,8.069306930693068
2023,3,20304,OO,11298,11292,DFW,DEN,31,0,0,0,31,0,6,3,368.0,0.0,0.0,0.1935483870967742,0.0967741935483871,11.870967741935484
2023,3,20304,OO,11298,12266,DFW,IAH,29,0,0,0,29,0,3,1,31.0,0.0,0.0,0.10344827586206896,0.034482758620689655,1.0689655172413792
2023,3,20304,OO,11298,13930,DFW,ORD,1,0,0,0,1,0,0,0,-34.0,0.0,0.0,0.0,0.0,-34.0
2023,3,20304,OO,11433,11618,DTW,EWR,31,0,0,0,31,0,9,6,454.0,0.0,0.0,0.2903225806451613,0.1935483870967742,14.64516129032258
2023,3,20304,OO,11433,13930,DTW,ORD,91,2,0,0,89,0,15,4,-87.0,0.02197802197802198,0.0,0.16853932584269662,0.0449438202247191,-0.9775280898876404
2023,3,20304,OO,11433,15016,DTW,STL,7,0,0,0,7,0,0,0,-88.0,0.0,0.0,0.0,0.0,-12.571428571428571
2023,3,20304,OO,11618,10721,EWR,BOS,33,3,0,0,30,0,2,1,72.0,0.09090909090909091,0.0,0.06666666666666667,0.03333333333333333,2.4
2023,3,20304,OO,11618,11433,EWR,DTW,31,0,0,0,31,0,9,5,360.0,0.0,0.0,0.2903225806451613,0.16129032258064516,11.612903225806452
2023,3,20304,OO,11618,13487,EWR,MSP,8,0,0,0,8,0,4,1,71.0,0.0,0.0,0.5,0.125,8.875
2023,3,20304,OO,12266,11278,IAH,DCA,25,0,0,0,25,0,4,1,181.0,0.0,0.0,0.16,0.04,7.24
2023,3,20304,OO,12266,11298,IAH,DFW,29,0,0,0,29,0,4,1,-5.0,0.0,0.0,0.13793103448275862,0.034482758620689655,-0.1724137931034483
2023,3,20304,OO,12266,11433,IAH,DTW,1,0,0,0,1,0,0,0,-15.0,0.0,0.0,0.0,0.0,-15.0
2023,3,20304,OO,12266,12892,IAH,LAX,31,0,0,0,31,0,5,1,13.0,0.0,0.0,0.16129032258064516,0.03225806451612903,0.41935483870967744
2023,3,20304,OO,12266,12953,IAH,LGA,2,0,0,0,2,0,1,0,18.0,0.0,0.0,0.5,0.0,9.0
2023,3,20304,OO,12266,14869,IAH,SLC,68,0,2,0,66,0,12,6,519.0,0.0,0.029411764705882353,0.18181818181818182,0.09090909090909091,7.863636363636363
2023,3,20304,OO,12266,15016,IAH,STL,7,0,0,0,7,0,2,1,36.0,0.0,0.0,0.2857142857142857,0.14285714285714285,5.142857142857143
2023,3,20304,OO,12478,10721,JFK,BOS,28,2,0,0,26,0,7,4,470.0,0.07142857142857142,0.0,0.2692307692307692,0.15384615384615385,18.076923076923077
2023,3,20304,OO,12478,10821,JFK,BWI,3,0,0,0,3,0,1,0,9.0,0.0,0.0,0.3333333333333333,0.0,3.0
2023,3,20304,OO,12478,13487,JFK,MSP,16,0,0,0,16,0,8,4,576.0,0.0,0.0,0.5,0.25,36.0
2023,3,20304,OO,12478,13930,JFK,ORD,124,1,0,0,123,0,43,16,2800.0,0.008064516129032258,0.0,0.34959349593495936,0.13008130081300814,22.764227642276424
2023,3,20304,OO,12889,12892,LAS,LAX,41,1,0,0,40,0,15,8,919.0,0.024390243902439025,0.0,0.375,0.2,22.975
2023,3,20304,OO,12889,14771,LAS,SFO,43,0,1,0,42,0,25,8,1527.0,0.0,0.023255813953488372,0.5952380952380952,0.19047619047619047,36.357142857142854
2023,3,20304,OO,12892,11292,LAX,DEN,62,0,0,0,62,0,4,2,-370.0,0.0,0.0,0.06451612903225806,0.03225806451612903,-5.967741935483871
2023,3,20304,OO,12892,12266,LAX,IAH,31,0,0,0,31,0,2,1,-63.0,0.0,0.0,0.06451612903225806,0.03225806451612903,-2.032258064516129
2023,3,20304,OO,12892,12889,LAX,LAS,41,1,0,0,40,0,12,5,607.0,0.024390243902439025,0.0,0.3,0.125,15.175
2023,3,20304,OO,12892,13796,LAX,OAK,89,0,0,0,89,0,14,4,427.0,0.0,0.0,0.15730337078651685,0.0449438202247191,4.797752808988764
2023,3,20304,OO,12892,14107,LAX,PHX,136,0,0,0,136,0,25,11,582.0,0.0,0.0,0.18382352941176472,0.08088235294117647,4.279411764705882
2023,3,20304,OO,12892,14679,LAX,SAN,139,0,1,0,138,0,16,3,615.0,0.0,0.007194244604316547,0.11594202898550725,0.021739130434782608,4.456521739130435
2023,3,20304,OO,12892,14747,LAX,SEA,80,0,0,0,80,0,7,2,-887.0,0.0,0.0,0.0875,0.025,-11.0875
2023,3,20304,OO,12892,14771,LAX,SFO,319,4,6,0,309,0,100,42,5425.0,0.012539184952978056,0.018808777429467086,0.32362459546925565,0.13592233009708737,17.55663430420712
2023,3,20304,OO,12892,14869,LAX,SLC,62,0,1,0,61,0,7,4,119.0,0.0,0.016129032258064516,0.11475409836065574,0.06557377049180328,1.9508196721311475
2023,3,20304,OO,12953,12266,LGA,IAH,3,0,0,0,3,0,1,0,25.0,0.0,0.0,0.3333333333333333,0.0,8.333333333333334
2023,3,20304,OO,12953,13930,LGA,ORD,111,3,0,0,108,0,22,10,948.0,0.02702702702702703,0.0,0.2037037037037037,0.09259259259259259,8.777777777777779
2023,3,20304,OO,13487,11618,MSP,EWR,8,0,0,0,8,0,2,1,46.0,0.0,0.0,0.25,0.125,5.75
2023,3,20304,OO,13487,12478,MSP,JFK,16,0,0,0,16,0,5,1,141.0,0.0,0.0,0.3125,0.0625,8.8125
2023,3,20304,OO,13487,13930,MSP,ORD,3,0,0,0,3,0,1,0,32.0,0.0,0.0,0.3333333333333333,0.0,10.666666666666666
2023,3,20304,OO,13796,12889,OAK,LAS,1,0,0,0,1,0,1,0,44.0,0.0,0.0,1.0,0.0,44.0
2023,3,20304,OO,13796,12892,OAK,LAX,91,0,0,0,91,0,6,2,-1012.0,0.0,0.0,0.06593406593406594,0.02197802197802198,-11.12087912087912
2023,3,20304,OO,13796,14679,OAK,SAN,2,0,0,0,2,0,0,0,17.0,0.0,0.0,0.0,0.0,8.5
2023,3,20304,OO,13796,14747,OAK,SEA,13,0,0,0,13,0,0,0,-106.0,0.0,0.0,0.0,0.0,-8.153846153846153
2023,3,20304,OO,13796,14869,OAK,SLC,33,0,0,0,33,0,8,4,303.0,0.0,0.0,0.24242424242424243,0.12121212121212122,9.181818181818182
2023,3,20304,OO,13930,10721,ORD,BOS,62,3,0,0,59,0,15,4,244.0,0.04838709677419355,0.0,0.2542372881355932,0.06779661016949153,4.135593220338983
2023,3,20304,OO,13930,11278,ORD,DCA,73,0,0,0,73,0,11,1,-535.0,0.0,0.0,0.1506849315068493,0.0136986301369863,-7.328767123287672
2023,3,20304,OO,13930,11433,ORD,DTW,92,5,0,0,87,0,21,4,560.0,0.05434782608695652,0.0,0.2413793103448276,0.04597701149425287,6.436781609195402
2023,3,20304,OO,13930,12478,ORD,JFK,124,1,0,0,123,0,40,10,1689.0,0.008064516129032258,0.0,0.3252032520325203,0.08130081300813008,13.731707317073171
2023,3,20304,OO,13930,12953,ORD,LGA,111,3,0,0,108,0,13,10,18.0,0.02702702702702703,0.0,0.12037037037037036,0.09259259259259259,0.16666666666666666
2023,3,20304,OO,13930,13487,ORD,MSP,3,0,0,0,3,0,1,0,31.0,0.0,0.0,0.3333333333333333,0.0,10.333333333333334
2023,3,20304,OO,13930,14869,ORD,SLC,38,1,0,0,37,0,16,5,724.0,0.02631578947368421,0.0,0.43243243243243246,0.13513513513513514,19.56756756756757
2023,3,20304,OO,13930,15016,ORD,STL,35,0,0,0,35,0,7,0,139.0,0.0,0.0,0.2,0.0,3.9714285714285715
2023,3,20304,OO,14107,11292,PHX,DEN,31,0,0,0,31,0,7,3,146.0,0.0,0.0,0.22580645161290322,0.0967741935483871,4.709677419354839
2023,3,20304,OO,14107,12892,PHX,LAX,136,0,0,0,136,0,25,7,783.0,0.0,0.0,0.18382352941176472,0.051470588235294115,5.757352941176471
2023,3,20304,OO,14107,14771,PHX,SFO,71,1,0,0,70,0,32,13,2482.0,0.014084507042253521,0.0,0.45714285714285713,0.18571428571428572,35.457142857142856
2023,3,20304,OO,14107,14869,PHX,SLC,1,0,0,0,1,0,0,0,-12.0,0.0,0.0,0.0,0.0,-12.0
2023,3,20304,OO,14679,12892,SAN,LAX,138,0,0,0,138,0,22,6,782.0,0.0,0.0,0.15942028985507245,0.043478260869565216,5.666666666666667
2023,3,20304,OO,14679,14747,SAN,SEA,5,0,0,0,5,0,2,2,156.0,0.0,0.0,0.4,0.4,31.2
2023,3,20304,OO,14679,14771,SAN,SFO,226,5,6,0,215,0,85,36,5707.0,0.022123893805309734,0.02654867256637168,0.3953488372093023,0.16744186046511628,26.544186046511626
2023,3,20304,OO,14679,14869,SAN,SLC,22,1,0,0,21,0,1,1,31.0,0.045454545454545456,0.0,0.047619047619047616,0.047619047619047616,1.4761904761904763
2023,3,20304,OO,14747,12892,SEA,LAX,76,0,0,0,76,0,8,2,763.0,0.0,0.0,0.10526315789473684,0.02631578947368421,10.039473684210526
2023,3,20304,OO,14747,13796,SEA,OAK,19,0,0,0,19,0,3,1,154.0,0.0,0.0,0.15789473684210525,0.05263157894736842,8.105263157894736
2023,3,20304,OO,14747,14679,SEA,SAN,6,0,0,0,6,0,1,0,22.0,0.0,0.0,0.16666666666666666,0.0,3.6666666666666665
2023,3,20304,OO,14747,14771,SEA,SFO,98,1,2,0,95,0,20,8,272.0,0.01020408163265306,0.02040816326530612,0.21052631578947367,0.08421052631578947,2.863157894736842
2023,3,20304,OO,14747,14869,SEA,SLC,23,0,0,0,23,0,4,0,43.0,0.0,0.0,0.17391304347826086,0.0,1.8695652173913044
2023,3,20304,OO,14771,11298,SFO,DFW,1,0,0,0,1,0,0,0,-25.0,0.0,0.0,0.0,0.0,-25.0
2023,3,20304,OO,14771,12889,SFO,LAS,43,1,0,0,42,0,13,4,657.0,0.023255813953488372,0.0,0.30952380952380953,0.09523809523809523,15.642857142857142
2023,3,20304,OO,14771,12892,SFO,LAX,321,12,0,0,309,0,81,33,4719.0,0.037383177570093455,0.0,0.2621359223300971,0.10679611650485436,15.271844660194175
2023,3,20304,OO,14771,14107,SFO,PHX,71,1,0,0,70,0,22,7,953.0,0.014084507042253521,0.0,0.3142857142857143,0.1,13.614285714285714
2023,3,20304,OO,14771,14679,SFO,SAN,226,12,0,0,214,0,65,28,4556.0,0.05309734513274336,0.0,0.3037383177570093,0.1308411214953271,21.289719626168225
2023,3,20304,OO,14771,14747,SFO,SEA,98,2,0,0,96,0,16,9,236.0,0.02040816326530612,0.0,0.16666666666666666,0.09375,2.4583333333333335
2023,3,20304,OO,14771,14869,SFO,SLC,162,5,0,0,157,0,41,16,2665.0,0.030864197530864196,0.0,0.2611464968152866,0.10191082802547771,16.97452229299363
2023,3,20304,OO,14869,11292,SLC,DEN,134,0,0,0,134,0,42,12,1924.0,0.0,0.0,0.31343283582089554,0.08955223880597014,14.35820895522388
2023,3,20304,OO,14869,12266,SLC,IAH,67,0,0,0,67,0,12,4,-21.0,0.0,0.0,0.1791044776119403,0.05970149253731343,-0.31343283582089554
2023,3,20304,OO,14869,12892,SLC,LAX,62,0,0,0,62,0,20,4,562.0,0.0,0.0,0.3225806451612903,0.06451612903225806,9.064516129032258
2023,3,20304,OO,14869,13796,SLC,OAK,31,0,0,0,31,0,7,3,382.0,0.0,0.0,0.22580645161290322,0.0967741935483871,12.32258064516129
2023,3,20304,OO,14869,13930,SLC,ORD,38,0,0,0,38,0,10,5,1149.0,0.0,0.0,0.2631578947368421,0.13157894736842105,30.236842105263158
2023,3,20304,OO,14869,14107,SLC,PHX,1,0,0,0,1,0,0,0,11.0,0.0,0.0,0.0,0.0,11.0
2023,3,20304,OO,14869,14679,SLC,SAN,22,1,0,0,21,0,3,1,92.0,0.045454545454545456,0.0,0.14285714285714285,0.047619047619047616,4.380952380952381
2023,3,20304,OO,14869,14747,SLC,SEA,23,0,0,0,23,0,1,1,-23.0,0.0,0.0,0.043478260869565216,0.043478260869565216,-1.0
2023,3,20304,OO,14869,14771,SLC,SFO,162,3,3,0,156,0,66,27,4865.0,0.018518518518518517,0.018518518518518517,0.4230769230769231,0.17307692307692307,31.185897435897434
2023,3,20304,OO,15016,11292,STL,DEN,101,0,0,0,101,0,14,3,214.0,0.0,0.0,0.13861386138613863,0.0297029702970297,2.118811881188119
2023,3,20304,OO,15016,11433,STL,DTW,7,0,0,0,7,0,0,0,-118.0,0.0,0.0,0.0,0.0,-16.857142857142858
2023,3,20304,OO,15016,12266,STL,IAH,6,0,1,0,5,0,3,0,56.0,0.0,0.16666666666666666,0.6,0.0,11.2
2023,3,20304,OO,15016,13930,STL,ORD,35,1,0,0,34,0,7,1,102.0,0.02857142857142857,0.0,0.20588235294117646,0.029411764705882353,3.0
2023,3,20363,9E,10397,12266,ATL,IAH,1,0,0,0,1,0,1,1,140.0,0.0,0.0,1.0,1.0,140.0
2023,3,20363,9E,10821,12478,BWI,JFK,82,1,0,0,81,0,19,3,175.0,0.012195121951219513,0.0,0.2345679012345679,0.037037037037037035,2.1604938271604937
2023,3,20363,9E,11278,13487,DCA,MSP,3,0,0,0,3,0,0,0,-37.0,0.0,0.0,0.0,0.0,-12.333333333333334
2023,3,20363,9E,11433,11618,DTW,EWR,3,0,0,0,3,0,1,1,56.0,0.0,0.0,0.3333333333333333,0.3333333333333333,18.666666666666668
2023,3,20363,9E,11433,12478,DTW,JFK,93,1,0,0,92,0,17,2,153.0,0.010752688172043012,0.0,0.18478260869565216,0.021739130434782608,1.6630434782608696
2023,3,20363,9E,11433,13232,DTW,MDW,89,2,1,0,86,0,12,3,-505.0,0.02247191011235955,0.011235955056179775,0.13953488372093023,0.03488372093023256,-5.872093023255814
2023,3,20363,9E,11618,11433,EWR,DTW,3,0,0,0,3,0,1,1,60.0,0.0,0.0,0.3333333333333333,0.3333333333333333,20.0
2023,3,20363,9E,12266,10397,IAH,ATL,1,0,0,0,1,0,1,1,194.0,0.0,0.0,1.0,1.0,194.0
2023,3,20363,9E,12478,10821,JFK,BWI,83,1,0,0,82,0,12,4,80.0,0.012048192771084338,0.0,0.14634146341463414,0.04878048780487805,0.975609756097561
2023,3,20363,9E,12478,11433,JFK,DTW,93,1,0,0,92,0,25,8,761.0,0.010752688172043012,0.0,0.2717391304347826,0.08695652173913043,8.271739130434783
2023,3,20363,9E,12478,13487,JFK,MSP,31,0,0,0,31,0,10,4,979.0,0.0,0.0,0.3225806451612903,0.12903225806451613,31.580645161290324
2023,3,20363,9E,12953,15016,LGA,STL,66,0,0,0,66,0,9,3,110.0,0.0,0.0,0.13636363636363635,0.045454545454545456,1.6666666666666667
2023,3,20363,9E,13232,11433,MDW,DTW,89,1,0,0,88,0,11,4,-483.0,0.011235955056179775,0.0,0.125,0.045454545454545456,-5.488636363636363
2023,3,20363,9E,13232,13487,MDW,MSP,91,0,0,0,91,0,8,4,-414.0,0.0,0.0,0.08791208791208792,0.04395604395604396,-4.549450549450549
2023,3,20363,9E,13487,11278,MSP,DCA,3,0,0,0,3,0,0,0,-22.0,0.0,0.0,0.0,0.0,-7.333333333333333
2023,3,20363,9E,13487,12478,MSP,JFK,31,0,0,0,31,0,6,1,-192.0,0.0,0.0,0.1935483870967742,0.03225806451612903,-6.193548387096774
2023,3,20363,9E,13487,13232,MSP,MDW,91,0,1,0,90,0,12,4,675.0,0.0,0.01098901098901099,0.13333333333333333,0.044444444444444446,7.5
2023,3,20363,9E,13487,15016,MSP,STL,1,0,0,0,1,0,0,0,-15.0,0.0,0.0,0.0,0.0,-15.0
2023,3,20363,9E,15016,12953,STL,LGA,66,0,0,0,66,0,18,11,1414.0,0.0,0.0,0.2727272727272727,0.16666666666666666,21.424242424242426
2023,3,20363,9E,15016,13487,STL,MSP,1,0,0,0,1,0,0,0,-6.0,0.0,0.0,0.0,0.0,-6.0
2023,3,20368,G4,12889,14679,LAS,SAN,9,0,0,0,9,0,4,2,232.0,0.0,0.0,0.4444444444444444,0.2222222222222222,25.77777777777778
2023,3,20368,G4,14679,12889,SAN,LAS,9,0,0,0,9,0,4,2,322.0,0.0,0.0,0.4444444444444444,0.2222222222222222,35.77777777777778
2023,3,20397,OH,10397,14100,ATL,PHL,62,1,0,0,61,0,5,4,-571.0,0.016129032258064516,0.0,0.08196721311475409,0.06557377049180328,-9.360655737704919
2023,3,20397,OH,11278,11433,DCA,DTW,89,1,1,0,87,0,13,3,80.0,0.011235955056179775,0.011235955056179775,0.14942528735632185,0.034482758620689655,0.9195402298850575
2023,3,20397,OH,11278,13487,DCA,MSP,54,0,0,0,54,0,14,4,114.0,0.0,0.0,0.25925925925925924,0.07407407407407407,2.111111111111111
2023,3,20397,OH,11278,14100,DCA,PHL,58,0,0,0,58,0,7,1,-181.0,0.0,0.0,0.1206896551724138,0.017241379310344827,-3.1206896551724137
2023,3,20397,OH,11278,15016,DCA,STL,38,0,0,0,38,0,9,2,302.0,0.0,0.0,0.23684210526315788,0.05263157894736842,7.947368421052632
2023,3,20397,OH,11433,11278,DTW,DCA,88,2,0,0,86,0,11,5,82.0,0.022727272727272728,0.0,0.12790697674418605,0.05813953488372093,0.9534883720930233
2023,3,20397,OH,11433,14100,DTW,PHL,28,0,0,0,28,0,1,0,-152.0,0.0,0.0,0.03571428571428571,0.0,-5.428571428571429
2023,3,20397,OH,13487,11278,MSP,DCA,54,0,0,0,54,0,15,5,273.0,0.0,0.0,0.2777777777777778,0.09259259259259259,5.055555555555555
2023,3,20397,OH,14100,10397,PHL,ATL,62,0,0,0,62,0,11,5,331.0,0.0,0.0,0.1774193548387097,0.08064516129032258,5.338709677419355
2023,3,20397,OH,14100,11278,PHL,DCA,58,0,1,0,57,0,7,2,-72.0,0.0,0.017241379310344827,0.12280701754385964,0.03508771929824561,-1.263157894736842
2023,3,20397,OH,14100,11433,PHL,DTW,28,0,0,0,28,0,1,0,-137.0,0.0,0.0,0.03571428571428571,0.0,-4.892857142857143
2023,3,20397,OH,15016,11278,STL,DCA,38,0,0,0,38,0,5,2,-151.0,0.0,0.0,0.13157894736842105,0.05263157894736842,-3.973684210526316
2023,3,20397,OH,15016,14100,STL,PHL,1,0,0,0,1,0,0,0,-24.0,0.0,0.0,0.0,0.0,-24.0
2023,3,20398,MQ,10397,13930,ATL,ORD,31,0,0,0,31,0,8,3,401.0,0.0,0.0,0.25806451612903225,0.0967741935483871,12.935483870967742
2023,3,20398,MQ,10721,13930,BOS,ORD,60,4,0,0,56,0,10,3,436.0,0.06666666666666667,0.0,0.17857142857142858,0.05357142857142857,7.785714285714286
2023,3,20398,MQ,10821,13930,BWI,ORD,31,0,0,0,31,0,10,2,177.0,0.0,0.0,0.3225806451612903,0.06451612903225806,5.709677419354839
2023,3,20398,MQ,11298,12266,DFW,IAH,31,0,0,0,31,0,9,0,248.0,0.0,0.0,0.2903225806451613,0.0,8.0
2023,3,20398,MQ,11433,13930,DTW,ORD,40,1,0,0,39,0,20,9,1351.0,0.025,0.0,0.5128205128205128,0.23076923076923078,34.64102564102564
2023,3,20398,MQ,11618,13930,EWR,ORD,35,1,0,0,34,0,8,0,30.0,0.02857142857142857,0.0,0.23529411764705882,0.0,0.8823529411764706
2023,3,20398,MQ,12266,11298,IAH,DFW,31,0,1,0,30,0,4,0,-325.0,0.0,0.03225806451612903,0.13333333333333333,0.0,-10.833333333333334
2023,3,20398,MQ,12266,13303,IAH,MIA,4,0,0,0,4,0,1,0,44.0,0.0,0.0,0.25,0.0,11.0
2023,3,20398,MQ,13303,12266,MIA,IAH,4,0,0,0,4,0,2,1,92.0,0.0,0.0,0.5,0.25,23.0
2023,3,20398,MQ,13303,15016,MIA,STL,31,0,0,0,31,0,11,2,359.0,0.0,0.0,0.3548387096774194,0.06451612903225806,11.580645161290322
2023,3,20398,MQ,13303,15304,MIA,TPA,57,0,0,0,57,0,10,3,152.0,0.0,0.0,0.17543859649122806,0.05263157894736842,2.6666666666666665
2023,3,20398,MQ,13930,10397,ORD,ATL,31,0,0,0,31,0,12,1,302.0,0.0,0.0,0.3870967741935484,0.03225806451612903,9.741935483870968
2023,3,20398,MQ,13930,10721,ORD,BOS,60,4,0,0,56,0,10,2,-112.0,0.06666666666666667,0.0,0.17857142857142858,0.03571428571428571,-2.0
2023,3,20398,MQ,13930,10821,ORD,BWI,31,0,0,0,31,0,8,1,111.0,0.0,0.0,0.25806451612903225,0.03225806451612903,3.5806451612903225
2023,3,20398,MQ,13930,11433,ORD,DTW,40,1,0,0,39,0,15,5,686.0,0.025,0.0,0.38461538461538464,0.1282051282051282,17.58974358974359
2023,3,20398,MQ,13930,11618,ORD,EWR,35,1,0,0,34,0,4,0,-256.0,0.02857142857142857,0.0,0.11764705882352941,0.0,-7.529411764705882
2023,3,20398,MQ,13930,15016,ORD,STL,85,0,0,0,85,0,14,4,235.0,0.0,0.0,0.16470588235294117,0.047058823529411764,2.764705882352941
2023,3,20398,MQ,14107,14869,PHX,SLC,2,0,0,0,2,0,1,1,173.0,0.0,0.0,0.5,0.5,86.5
2023,3,20398,MQ,14869,14107,SLC,PHX,2,0,0,0,2,0,1,1,150.0,0.0,0.0,0.5,0.5,75.0
2023,3,20398,MQ,15016,13303,STL,MIA,31,0,0,0,31,0,13,4,619.0,0.0,0.0,0.41935483870967744,0.12903225806451613,19.967741935483872
2023,3,20398,MQ,15016,13930,STL,ORD,85,0,0,0,85,0,25,5,1148.0,0.0,0.0,0.29411764705882354,0.058823529411764705,13.505882352941176
2023,3,20398,MQ,15304,13303,TPA,MIA,57,1,0,0,56,0,14,4,757.0,0.017543859649122806,0.0,0.25,0.07142857142857142,13.517857142857142
2023,3,20409,B6,10397,10721,ATL,BOS,93,1,0,0,92,0,35,13,1984.0,0.010752688172043012,0.0,0.3804347826086957,0.14130434782608695,21.565217391304348
2023,3,20409,B6,10397,11697,ATL,FLL,31,0,0,0,31,0,5,0,-228.0,0.0,0.0,0.16129032258064516,0.0,-7.354838709677419
2023,3,20409,B6,10397,12478,ATL,JFK,155,6,0,0,149,0,63,30,5295.0,0.03870967741935484,0.0,0.4228187919463087,0.20134228187919462,35.53691275167785
2023,3,20409,B6,10721,10397,BOS,ATL,93,0,0,0,93,0,31,22,2397.0,0.0,0.0,0.3333333333333333,0.23655913978494625,25.774193548387096
2023,3,20409,B6,10721,10821,BOS,BWI,87,2,0,0,85,0,14,4,192.0,0.022988505747126436,0.0,0.16470588235294117,0.047058823529411764,2.2588235294117647
2023,3,20409,B6,10721,11278,BOS,DCA,462,4,1,0,457,0,78,15,-1466.0,0.008658008658008658,0.0021645021645021645,0.17067833698030635,0.03282275711159737,-3.2078774617067833
2023,3,20409,B6,10721,11292,BOS,DEN,31,0,0,0,31,0,14,8,924.0,0.0,0.0,0.45161290322580644,0.25806451612903225,29.806451612903224
2023,3,20409,B6,10721,11298,BOS,DFW,31,0,1,0,30,0,9,1,-8.0,0.0,0.03225806451612903,0.3,0.03333333333333333,-0.26666666666666666
2023,3,20409,B6,10721,11433,BOS,DTW,89,2,0,0,87,0,32,13,1726.0,0.02247191011235955,0.0,0.367816091954023,0.14942528735632185,19.839080459770116
2023,3,20409,B6,10721,11618,BOS,EWR,54,2,0,0,52,0,12,7,439.0,0.037037037037037035,0.0,0.23076923076923078,0.1346153846153846,8.442307692307692
2023,3,20409,B6,10721,11697,BOS,FLL,180,5,0,0,175,0,68,35,4592.0,0.027777777777777776,0.0,0.38857142857142857,0.2,26.24
2023,3,20409,B6,10721,12266,BOS,IAH,31,1,0,0,30,0,8,1,-145.0,0.03225806451612903,0.0,0.26666666666666666,0.03333333333333333,-4.833333333333333
2023,3,20409,B6,10721,12478,BOS,JFK,377,7,0,0,370,0,93,30,4840.0,0.01856763925729443,0.0,0.25135135135135134,0.08108108108108109,13.08108108108108
2023,3,20409,B6,10721,12889,BOS,LAS,62,2,2,0,58,0,28,13,2134.0,0.03225806451612903,0.03225806451612903,0.4827586206896552,0.22413793103448276,36.793103448275865
2023,3,20409,B6,10721,12892,BOS,LAX,119,0,0,0,119,0,43,18,2339.0,0.0,0.0,0.36134453781512604,0.15126050420168066,19.65546218487395
2023,3,20409,B6,10721,12953,BOS,LGA,351,9,0,0,342,0,71,27,631.0,0.02564102564102564,0.0,0.20760233918128654,0.07894736842105263,1.845029239766082
2023,3,20409,B6,10721,13204,BOS,MCO,210,8,0,0,202,0,75,30,4192.0,0.0380952380952381,0.0,0.3712871287128713,0.1485148514851485,20.752475247524753
2023,3,20409,B6,10721,13303,BOS,MIA,31,1,0,0,30,0,11,7,1021.0,0.03225806451612903,0.0,0.36666666666666664,0.23333333333333334,34.03333333333333
2023,3,20409,B6,10721,13487,BOS,MSP,31,0,0,0,31,0,8,1,131.0,0.0,0.0,0.25806451612903225,0.03225806451612903,4.225806451612903
2023,3,20409,B6,10721,13930,BOS,ORD,31,1,0,0,30,0,10,4,450.0,0.03225806451612903,0.0,0.3333333333333333,0.13333333333333333,15.0
2023,3,20409,B6,10721,14100,BOS,PHL,112,3,0,0,109,0,28,8,890.0,0.026785714285714284,0.0,0.25688073394495414,0.07339449541284404,8.1651376146789
2023,3,20409,B6,10721,14107,BOS,PHX,31,0,1,0,30,0,8,1,235.0,0.0,0.03225806451612903,0.26666666666666666,0.03333333333333333,7.833333333333333
2023,3,20409,B6,10721,14635,BOS,RSW,157,4,0,0,153,0,56,33,4147.0,0.025477707006369428,0.0,0.3660130718954248,0.21568627450980393,27.104575163398692
2023,3,20409,B6,10721,14679,BOS,SAN,62,0,1,0,61,0,18,4,303.0,0.0,0.016129032258064516,0.29508196721311475,0.06557377049180328,4.967213114754099
2023,3,20409,B6,10721,14747,BOS,SEA,31,0,0,0,31,0,9,6,502.0,0.0,0.0,0.2903225806451613,0.1935483870967742,16.193548387096776
2023,3,20409,B6,10721,14771,BOS,SFO,140,0,1,0,139,0,48,16,1843.0,0.0,0.007142857142857143,0.34532374100719426,0.11510791366906475,13.258992805755396
2023,3,20409,B6,10721,14869,BOS,SLC,31,0,4,0,27,0,13,4,506.0,0.0,0.12903225806451613,0.48148148148148145,0.14814814814814814,18.74074074074074
2023,3,20409,B6,10721,15304,BOS,TPA,159,6,0,0,153,0,51,21,1582.0,0.03773584905660377,0.0,0.3333333333333333,0.13725490196078433,10.339869281045752
2023,3,20409,B6,10821,10721,BWI,BOS,87,3,0,0,84,0,9,2,-249.0,0.034482758620689655,0.0,0.10714285714285714,0.023809523809523808,-2.9642857142857144
2023,3,20409,B6,11278,10721,DCA,BOS,462,4,0,0,458,0,79,17,292.0,0.008658008658008658,0.0,0.17248908296943233,0.03711790393013101,0.6375545851528385
2023,3,20409,B6,11278,11697,DCA,FLL,149,0,0,0,149,0,45,16,1665.0,0.0,0.0,0.30201342281879195,0.10738255033557047,11.174496644295303
2023,3,20409,B6,11278,13204,DCA,MCO,124,0,0,0,124,0,43,21,2798.0,0.0,0.0,0.3467741935483871,0.1693548387096774,22.56451612903226
2023,3,20409,B6,11278,14635,DCA,RSW,31,0,0,0,31,0,7,3,120.0,0.0,0.0,0.22580645161290322,0.0967741935483871,3.870967741935484
2023,3,20409,B6,11292,10721,DEN,BOS,31,0,0,0,31,0,11,6,1301.0,0.0,0.0,0.3548387096774194,0.1935483870967742,41.96774193548387
2023,3,20409,B6,11292,12478,DEN,JFK,62,0,0,0,62,0,18,8,647.0,0.0,0.0,0.2903225806451613,0.12903225806451613,10.435483870967742
2023,3,20409,B6,11292,12953,DEN,LGA,60,1,0,0,59,0,19,7,445.0,0.016666666666666666,0.0,0.3220338983050847,0.11864406779661017,7.5423728813559325
2023,3,20409,B6,11298,10721,DFW,BOS,31,1,0,0,30,0,6,3,161.0,0.03225806451612903,0.0,0.2,0.1,5.366666666666666
2023,3,20409,B6,11298,12478,DFW,JFK,31,0,0,0,31,0,3,0,-326.0,0.0,0.0,0.0967741935483871,0.0,-10.516129032258064
2023,3,20409,B6,11433,10721,DTW,BOS,89,4,0,0,85,0,19,7,428.0,0.0449438202247191,0.0,0.2235294117647059,0.08235294117647059,5.035294117647059
2023,3,20409,B6,11433,12478,DTW,JFK,93,2,0,0,91,0,23,9,754.0,0.021505376344086023,0.0,0.25274725274725274,0.0989010989010989,8.285714285714286
2023,3,20409,B6,11618,10721,EWR,BOS,55,2,0,0,53,0,13,7,617.0,0.03636363636363636,0.0,0.24528301886792453,0.1320754716981132,11.641509433962264
2023,3,20409,B6,11618,11697,EWR,FLL,155,3,0,0,152,0,29,9,-333.0,0.01935483870967742,0.0,0.19078947368421054,0.05921052631578947,-2.1907894736842106
2023,3,20409,B6,11618,12892,EWR,LAX,114,0,0,0,114,0,36,6,654.0,0.0,0.0,0.3157894736842105,0.05263157894736842,5.7368421052631575
2023,3,20409,B6,11618,13204,EWR,MCO,130,1,1,0,128,0,52,30,3537.0,0.007692307692307693,0.007692307692307693,0.40625,0.234375,27.6328125
2023,3,20409,B6,11618,13303,EWR,MIA,31,0,0,0,31,0,3,0,-672.0,0.0,0.0,0.0967741935483871,0.0,-21.677419354838708
2023,3,20409,B6,11618,14635,EWR,RSW,31,0,0,0,31,0,10,6,685.0,0.0,0.0,0.3225806451612903,0.1935483870967742,22.096774193548388
2023,3,20409,B6,11618,15304,EWR,TPA,31,1,0,0,30,0,13,6,1008.0,0.03225806451612903,0.0,0.43333333333333335,0.2,33.6
2023,3,20409,B6,11697,10397,FLL,ATL,31,0,0,0,31,0,17,6,1239.0,0.0,0.0,0.5483870967741935,0.1935483870967742,39.96774193548387
2023,3,20409,B6,11697,10721,FLL,BOS,180,5,0,0,175,0,68,26,4347.0,0.027777777777777776,0.0,0.38857142857142857,0.14857142857142858,24.84
2023,3,20409,B6,11697,11278,FLL,DCA,148,0,0,0,148,0,53,23,2591.0,0.0,0.0,0.3581081081081081,0.1554054054054054,17.506756756756758
2023,3,20409,B6,11697,11618,FLL,EWR,154,2,1,0,151,0,52,26,2989.0,0.012987012987012988,0.006493506493506494,0.3443708609271523,0.17218543046357615,19.794701986754966
2023,3,20409,B6,11697,12478,FLL,JFK,279,12,1,0,266,0,97,49,7286.0,0.043010752688172046,0.0035842293906810036,0.36466165413533835,0.18421052631578946,27.39097744360902
2023,3,20409,B6,11697,12889,FLL,LAS,31,0,0,0,31,0,15,7,791.0,0.0,0.0,0.4838709677419355,0.22580645161290322,25.516129032258064
2023,3,20409,B6,11697,12892,FLL,LAX,93,0,2,0,91,0,42,21,3223.0,0.0,0.021505376344086023,0.46153846153846156,0.23076923076923078,35.417582417582416
2023,3,20409,B6,11697,12953,FLL,LGA,182,1,0,0,181,0,56,25,2569.0,0.005494505494505495,0.0,0.30939226519337015,0.13812154696132597,14.193370165745856
2023,3,20409,B6,11697,14679,FLL,SAN,31,0,1,0,30,0,7,2,271.0,0.0,0.03225806451612903,0.23333333333333334,0.06666666666666667,9.033333333333333
2023,3,20409,B6,11697,14771,FLL,SFO,62,0,0,0,62,0,28,10,1520.0,0.0,0.0,0.45161290322580644,0.16129032258064516,24.516129032258064
2023,3,20409,B6,11697,14869,FLL,SLC,29,0,0,0,29,0,17,1,584.0,0.0,0.0,0.5862068965517241,0.034482758620689655,20.137931034482758
2023,3,20409,B6,12266,10721,IAH,BOS,31,1,1,0,29,0,6,1,89.0,0.03225806451612903,0.03225806451612903,0.20689655172413793,0.034482758620689655,3.0689655172413794
2023,3,20409,B6,12266,12478,IAH,JFK,54,0,1,0,53,0,17,11,902.0,0.0,0.018518518518518517,0.32075471698113206,0.20754716981132076,17.0188679245283
2023,3,20409,B6,12478,10397,JFK,ATL,155,7,0,0,148,0,65,29,3554.0,0.04516129032258064,0.0,0.4391891891891892,0.19594594594594594,24.013513513513512
2023,3,20409,B6,12478,10721,JFK,BOS,375,6,0,0,369,0,127,45,6467.0,0.016,0.0,0.34417344173441733,0.12195121951219512,17.525745257452574
2023,3,20409,B6,12478,11292,JFK,DEN,62,0,0,0,62,0,28,9,1606.0,0.0,0.0,0.45161290322580644,0.14516129032258066,25.903225806451612
2023,3,20409,B6,12478,11298,JFK,DFW,31,0,0,0,31,0,16,9,1164.0,0.0,0.0,0.5161290322580645,0.2903225806451613,37.54838709677419
2023,3,20409,B6,12478,11433,JFK,DTW,93,2,0,0,91,0,37,13,2600.0,0.021505376344086023,0.0,0.4065934065934066,0.14285714285714285,28.571428571428573
2023,3,20409,B6,12478,11697,JFK,FLL,278,7,0,0,271,0,102,52,6304.0,0.025179856115107913,0.0,0.3763837638376384,0.1918819188191882,23.2619926199262
2023,3,20409,B6,12478,12266,JFK,IAH,54,0,0,0,54,0,22,10,984.0,0.0,0.0,0.4074074074074074,0.18518518518518517,18.22222222222222
2023,3,20409,B6,12478,12889,JFK,LAS,124,3,0,0,121,0,51,19,2865.0,0.024193548387096774,0.0,0.4214876033057851,0.15702479338842976,23.677685950413224
2023,3,20409,B6,12478,12892,JFK,LAX,297,3,2,0,292,0,127,43,6793.0,0.010101010101010102,0.006734006734006734,0.4349315068493151,0.14726027397260275,23.263698630136986
2023,3,20409,B6,12478,13204,JFK,MCO,278,4,1,0,273,0,122,58,8520.0,0.014388489208633094,0.0035971223021582736,0.4468864468864469,0.21245421245421245,31.208791208791208
2023,3,20409,B6,12478,13303,JFK,MIA,155,5,0,0,150,0,62,26,2996.0,0.03225806451612903,0.0,0.41333333333333333,0.17333333333333334,19.973333333333333
2023,3,20409,B6,12478,13487,JFK,MSP,12,0,0,0,12,0,4,1,202.0,0.0,0.0,0.3333333333333333,0.08333333333333333,16.833333333333332
2023,3,20409,B6,12478,13930,JFK,ORD,31,0,0,0,31,0,7,4,325.0,0.0,0.0,0.22580645161290322,0.12903225806451613,10.483870967741936
2023,3,20409,B6,12478,14107,JFK,PHX,58,0,0,0,58,0,34,9,1984.0,0.0,0.0,0.5862068965517241,0.15517241379310345,34.206896551724135
2023,3,20409,B6,12478,14635,JFK,RSW,62,1,0,0,61,0,26,14,1475.0,0.016129032258064516,0.0,0.4262295081967213,0.22950819672131148,24.18032786885246
2023,3,20409,B6,12478,14679,JFK,SAN,93,0,0,0,93,0,37,9,1504.0,0.0,0.0,0.3978494623655914,0.0967741935483871,16.172043010752688
2023,3,20409,B6,12478,14747,JFK,SEA,37,0,0,0,37,0,6,2,142.0,0.0,0.0,0.16216216216216217,0.05405405405405406,3.8378378378378377
2023,3,20409,B6,12478,14771,JFK,SFO,174,2,1,0,171,0,85,31,5256.0,0.011494252873563218,0.005747126436781609,0.49707602339181284,0.18128654970760233,30.736842105263158
2023,3,20409,B6,12478,14869,JFK,SLC,62,1,1,0,60,0,40,16,2711.0,0.016129032258064516,0.016129032258064516,0.6666666666666666,0.26666666666666666,45.18333333333333
2023,3,20409,B6,12478,15304,JFK,TPA,122,1,0,0,121,0,60,19,2984.0,0.00819672131147541,0.0,0.49586776859504134,0.15702479338842976,24.66115702479339
2023,3,20409,B6,12889,10721,LAS,BOS,62,2,0,0,60,0,26,10,3675.0,0.03225806451612903,0.0,0.43333333333333335,0.16666666666666666,61.25
2023,3,20409,B6,12889,11697,LAS,FLL,31,0,0,0,31,0,18,8,1052.0,0.0,0.0,0.5806451612903226,0.25806451612903225,33.935483870967744
2023,3,20409,B6,12889,12478,LAS,JFK,124,3,0,0,121,0,44,20,2681.0,0.024193548387096774,0.0,0.36363636363636365,0.1652892561983471,22.15702479338843
2023,3,20409,B6,12889,12892,LAS,LAX,62,2,0,0,60,0,31,16,2189.0,0.03225806451612903,0.0,0.5166666666666667,0.26666666666666666,36.483333333333334
2023,3,20409,B6,12892,10721,LAX,BOS,119,0,0,0,119,0,21,10,-568.0,0.0,0.0,0.17647058823529413,0.08403361344537816,-4.773109243697479
2023,3,20409,B6,12892,11618,LAX,EWR,114,0,0,0,114,0,22,9,-733.0,0.0,0.0,0.19298245614035087,0.07894736842105263,-6.4298245614035086
2023,3,20409,B6,12892,11697,LAX,FLL,93,0,0,0,93,0,28,13,1565.0,0.0,0.0,0.3010752688172043,0.13978494623655913,16.827956989247312
2023,3,20409,B6,12892,12478,LAX,JFK,296,2,0,0,294,0,61,35,351.0,0.006756756756756757,0.0,0.20748299319727892,0.11904761904761904,1.1938775510204083
2023,3,20409,B6,12892,12889,LAX,LAS,62,2,0,0,60,0,30,19,2336.0,0.03225806451612903,0.0,0.5,0.31666666666666665,38.93333333333333
2023,3,20409,B6,12892,13204,LAX,MCO,22,0,0,0,22,0,7,3,307.0,0.0,0.0,0.3181818181818182,0.13636363636363635,13.954545454545455
2023,3,20409,B6,12892,13303,LAX,MIA,62,0,0,0,62,0,16,1,254.0,0.0,0.0,0.25806451612903225,0.016129032258064516,4.096774193548387
2023,3,20409,B6,12892,14771,LAX,SFO,62,0,0,0,62,0,15,4,661.0,0.0,0.0,0.24193548387096775,0.06451612903225806,10.661290322580646
2023,3,20409,B6,12892,14869,LAX,SLC,53,0,0,0,53,0,28,19,2259.0,0.0,0.0,0.5283018867924528,0.3584905660377358,42.62264150943396
2023,3,20409,B6,12953,10721,LGA,BOS,351,11,0,0,340,0,63,29,1539.0,0.03133903133903134,0.0,0.18529411764705883,0.08529411764705883,4.526470588235294
2023,3,20409,B6,12953,11292,LGA,DEN,60,1,1,0,58,0,19,10,739.0,0.016666666666666666,0.016666666666666666,0.3275862068965517,0.1724137931034483,12.741379310344827
2023,3,20409,B6,12953,11697,LGA,FLL,182,1,0,0,181,0,62,23,2591.0,0.005494505494505495,0.0,0.3425414364640884,0.1270718232044199,14.314917127071823
2023,3,20409,B6,12953,13204,LGA,MCO,213,5,0,0,208,0,80,31,4404.0,0.023474178403755867,0.0,0.38461538461538464,0.14903846153846154,21.173076923076923
2023,3,20409,B6,12953,14635,LGA,RSW,58,0,1,0,57,0,14,7,-184.0,0.0,0.017241379310344827,0.24561403508771928,0.12280701754385964,-3.2280701754385963
2023,3,20409,B6,12953,15304,LGA,TPA,89,0,1,0,88,0,20,7,487.0,0.0,0.011235955056179775,0.22727272727272727,0.07954545454545454,5.534090909090909
2023,3,20409,B6,13204,10721,MCO,BOS,210,8,0,0,202,0,83,38,7193.0,0.0380952380952381,0.0,0.41089108910891087,0.18811881188118812,35.60891089108911
2023,3,20409,B6,13204,11278,MCO,DCA,124,0,1,0,123,0,40,15,2320.0,0.0,0.008064516129032258,0.3252032520325203,0.12195121951219512,18.86178861788618
2023,3,20409,B6,13204,11618,MCO,EWR,134,1,0,0,133,0,52,26,3895.0,0.007462686567164179,0.0,0.39097744360902253,0.19548872180451127,29.285714285714285
2023,3,20409,B6,13204,12478,MCO,JFK,279,7,1,0,271,0,125,56,12266.0,0.025089605734767026,0.0035842293906810036,0.4612546125461255,0.2066420664206642,45.2619926199262
2023,3,20409,B6,13204,12892,MCO,LAX,22,0,1,0,21,0,5,2,165.0,0.0,0.045454545454545456,0.23809523809523808,0.09523809523809523,7.857142857142857
2023,3,20409,B6,13204,12953,MCO,LGA,213,4,2,0,207,0,80,41,6220.0,0.018779342723004695,0.009389671361502348,0.3864734299516908,0.19806763285024154,30.04830917874396
2023,3,20409,B6,13204,14869,MCO,SLC,22,0,0,0,22,0,12,4,609.0,0.0,0.0,0.5454545454545454,0.18181818181818182,27.681818181818183
2023,3,20409,B6,13303,10721,MIA,BOS,31,2,0,0,29,0,10,8,1039.0,0.06451612903225806,0.0,0.3448275862068966,0.27586206896551724,35.827586206896555
2023,3,20409,B6,13303,11618,MIA,EWR,31,0,0,0,31,0,2,0,-424.0,0.0,0.0,0.06451612903225806,0.0,-13.67741935483871
2023,3,20409,B6,13303,12478,MIA,JFK,155,5,0,0,150,0,53,23,3144.0,0.03225806451612903,0.0,0.35333333333333333,0.15333333333333332,20.96
2023,3,20409,B6,13303,12892,MIA,LAX,62,0,1,0,61,0,25,6,1002.0,0.0,0.016129032258064516,0.4098360655737705,0.09836065573770492,16.42622950819672
2023,3,20409,B6,13487,10721,MSP,BOS,31,0,0,0,31,0,11,1,228.0,0.0,0.0,0.3548387096774194,0.03225806451612903,7.354838709677419
2023,3,20409,B6,13487,12478,MSP,JFK,12,0,0,0,12,0,3,1,-43.0,0.0,0.0,0.25,0.08333333333333333,-3.5833333333333335
2023,3,20409,B6,13930,10721,ORD,BOS,31,2,0,0,29,0,9,1,129.0,0.06451612903225806,0.0,0.3103448275862069,0.034482758620689655,4.448275862068965
2023,3,20409,B6,13930,12478,ORD,JFK,31,1,0,0,30,0,5,3,111.0,0.03225806451612903,0.0,0.16666666666666666,0.1,3.7
2023,3,20409,B6,14100,10721,PHL,BOS,112,3,0,0,109,0,19,6,-208.0,0.026785714285714284,0.0,0.1743119266055046,0.05504587155963303,-1.908256880733945
2023,3,20409,B6,14107,10721,PHX,BOS,31,0,0,0,31,0,6,3,122.0,0.0,0.0,0.1935483870967742,0.0967741935483871,3.935483870967742
2023,3,20409,B6,14107,12478,PHX,JFK,58,0,0,0,58,0,34,13,3093.0,0.0,0.0,0.5862068965517241,0.22413793103448276,53.327586206896555
2023,3,20409,B6,14635,10721,RSW,BOS,157,6,0,0,151,0,40,20,1921.0,0.03821656050955414,0.0,0.26490066225165565,0.13245033112582782,12.721854304635762
2023,3,20409,B6,14635,11278,RSW,DCA,31,0,0,0,31,0,12,4,407.0,0.0,0.0,0.3870967741935484,0.12903225806451613,13.129032258064516
2023,3,20409,B6,14635,11618,RSW,EWR,31,0,0,0,31,0,13,6,756.0,0.0,0.0,0.41935483870967744,0.1935483870967742,24.387096774193548
2023,3,20409,B6,14635,12478,RSW,JFK,63,1,0,0,62,0,32,17,2432.0,0.015873015873015872,0.0,0.5161290322580645,0.27419354838709675,39.225806451612904
2023,3,20409,B6,14635,12953,RSW,LGA,58,0,0,0,58,0,18,8,563.0,0.0,0.0,0.3103448275862069,0.13793103448275862,9.706896551724139
2023,3,20409,B6,14679,10721,SAN,BOS,62,1,1,0,60,0,20,3,409.0,0.016129032258064516,0.016129032258064516,0.3333333333333333,0.05,6.816666666666666
2023,3,20409,B6,14679,11697,SAN,FLL,31,0,0,0,31,0,12,5,1699.0,0.0,0.0,0.3870967741935484,0.16129032258064516,54.806451612903224
2023,3,20409,B6,14679,12478,SAN,JFK,93,0,1,0,92,0,20,3,-230.0,0.0,0.010752688172043012,0.21739130434782608,0.03260869565217391,-2.5
2023,3,20409,B6,14747,10721,SEA,BOS,31,0,0,0,31,0,10,4,832.0,0.0,0.0,0.3225806451612903,0.12903225806451613,26.838709677419356
2023,3,20409,B6,14747,12478,SEA,JFK,37,1,0,0,36,0,3,2,-176.0,0.02702702702702703,0.0,0.08333333333333333,0.05555555555555555,-4.888888888888889
2023,3,20409,B6,14771,10721,SFO,BOS,140,0,0,0,140,0,22,15,86.0,0.0,0.0,0.15714285714285714,0.10714285714285714,0.6142857142857143
2023,3,20409,B6,14771,11697,SFO,FLL,62,0,1,0,61,0,15,7,562.0,0.0,0.016129032258064516,0.2459016393442623,0.11475409836065574,9.21311475409836
2023,3,20409,B6,14771,12478,SFO,JFK,174,3,0,0,171,0,33,13,625.0,0.017241379310344827,0.0,0.19298245614035087,0.07602339181286549,3.654970760233918
2023,3,20409,B6,14771,12892,SFO,LAX,62,1,0,0,61,0,17,5,1005.0,0.016129032258064516,0.0,0.2786885245901639,0.08196721311475409,16.475409836065573
2023,3,20409,B6,14869,10721,SLC,BOS,31,0,0,0,31,0,20,10,1706.0,0.0,0.0,0.6451612903225806,0.3225806451612903,55.03225806451613
2023,3,20409,B6,14869,11697,SLC,FLL,29,1,0,0,28,0,18,4,762.0,0.034482758620689655,0.0,0.6428571428571429,0.14285714285714285,27.214285714285715
2023,3,20409,B6,14869,12478,SLC,JFK,62,1,0,0,61,0,35,18,3092.0,0.016129032258064516,0.0,0.5737704918032787,0.29508196721311475,50.68852459016394
2023,3,20409,B6,14869,12892,SLC,LAX,53,0,0,0,53,0,28,19,2319.0,0.0,0.0,0.5283018867924528,0.3584905660377358,43.75471698113208
2023,3,20409,B6,14869,13204,SLC,MCO,22,0,0,0,22,0,12,3,585.0,0.0,0.0,0.5454545454545454,0.13636363636363635,26.59090909090909
2023,3,20409,B6,15304,10721,TPA,BOS,159,5,0,0,154,0,47,20,2155.0,0.031446540880503145,0.0,0.3051948051948052,0.12987012987012986,13.993506493506494
2023,3,20409,B6,15304,11618,TPA,EWR,31,1,0,0,30,0,2,1,-291.0,0.03225806451612903,0.0,0.06666666666666667,0.03333333333333333,-9.7
2023,3,20409,B6,15304,12478,TPA,JFK,122,1,0,0,121,0,51,24,3182.0,0.00819672131147541,0.0,0.4214876033057851,0.19834710743801653,26.297520661157026
2023,3,20409,B6,15304,12953,TPA,LGA,89,1,0,0,88,0,19,5,-210.0,0.011235955056179775,0.0,0.2159090909090909,0.056818181818181816,-2.3863636363636362
2023,3,20416,NK,10397,10721,ATL,BOS,31,1,0,0,30,0,19,5,1267.0,0.03225806451612903,0.0,0.6333333333333333,0.16666666666666666,42.233333333333334
2023,3,20416,NK,10397,10821,ATL,BWI,38,0,0,0,38,0,11,4,514.0,0.0,0.0,0.2894736842105263,0.10526315789473684,13.526315789473685
2023,3,20416,NK,10397,11298,ATL,DFW,62,1,1,0,60,0,24,10,1478.0,0.016129032258064516,0.016129032258064516,0.4,0.16666666666666666,24.633333333333333
2023,3,20416,NK,10397,11433,ATL,DTW,117,3,0,0,114,0,30,14,1962.0,0.02564102564102564,0.0,0.2631578947368421,0.12280701754385964,17.210526315789473
2023,3,20416,NK,10397,11618,ATL,EWR,62,1,0,0,61,0,27,9,2086.0,0.016129032258064516,0.0,0.4426229508196721,0.14754098360655737,34.19672131147541
2023,3,20416,NK,10397,11697,ATL,FLL,186,0,0,0,186,0,73,31,5362.0,0.0,0.0,0.3924731182795699,0.16666666666666666,28.827956989247312
2023,3,20416,NK,10397,12266,ATL,IAH,62,1,0,0,61,0,27,6,1214.0,0.016129032258064516,0.0,0.4426229508196721,0.09836065573770492,19.901639344262296
2023,3,20416,NK,10397,12889,ATL,LAS,63,1,0,0,62,0,24,7,1085.0,0.015873015873015872,0.0,0.3870967741935484,0.11290322580645161,17.5
2023,3,20416,NK,10397,12892,ATL,LAX,63,1,0,0,62,0,29,9,1378.0,0.015873015873015872,0.0,0.46774193548387094,0.14516129032258066,22.225806451612904
2023,3,20416,NK,10397,13204,ATL,MCO,124,0,0,0,124,0,51,26,4963.0,0.0,0.0,0.4112903225806452,0.20967741935483872,40.024193548387096
2023,3,20416,NK,10397,13303,ATL,MIA,62,0,0,0,62,0,29,14,2117.0,0.0,0.0,0.46774193548387094,0.22580645161290322,34.145161290322584
2023,3,20416,NK,10397,13487,ATL,MSP,38,1,0,0,37,0,11,2,503.0,0.02631578947368421,0.0,0.2972972972972973,0.05405405405405406,13.594594594594595
2023,3,20416,NK,10397,13930,ATL,ORD,93,3,0,0,90,0,22,4,693.0,0.03225806451612903,0.0,0.24444444444444444,0.044444444444444446,7.7
2023,3,20416,NK,10397,14100,ATL,PHL,61,0,0,0,61,0,13,4,291.0,0.0,0.0,0.21311475409836064,0.06557377049180328,4.770491803278689
2023,3,20416,NK,10397,15304,ATL,TPA,62,0,0,0,62,0,16,5,927.0,0.0,0.0,0.25806451612903225,0.08064516129032258,14.951612903225806
2023,3,20416,NK,10721,10397,BOS,ATL,32,1,1,0,30,0,17,7,1189.0,0.03125,0.03125,0.5666666666666667,0.23333333333333334,39.63333333333333
2023,3,20416,NK,10721,11697,BOS,FLL,69,3,0,0,66,0,26,11,1305.0,0.043478260869565216,0.0,0.3939393939393939,0.16666666666666666,19.772727272727273
2023,3,20416,NK,10721,13204,BOS,MCO,106,7,0,0,99,0,59,29,4825.0,0.0660377358490566,0.0,0.5959595959595959,0.29292929292929293,48.73737373737374
2023,3,20416,NK,10721,13303,BOS,MIA,31,1,1,0,29,0,9,2,756.0,0.03225806451612903,0.03225806451612903,0.3103448275862069,0.06896551724137931,26.06896551724138
2023,3,20416,NK,10721,14635,BOS,RSW,31,1,0,0,30,0,8,7,646.0,0.03225806451612903,0.0,0.26666666666666666,0.23333333333333334,21.533333333333335
2023,3,20416,NK,10721,15304,BOS,TPA,38,1,0,0,37,0,20,9,1357.0,0.02631578947368421,0.0,0.5405405405405406,0.24324324324324326,36.67567567567568
2023,3,20416,NK,10821,10397,BWI,ATL,38,0,0,0,38,0,10,3,1123.0,0.0,0.0,0.2631578947368421,0.07894736842105263,29.55263157894737
2023,3,20416,NK,10821,11298,BWI,DFW,31,2,0,0,29,0,8,6,881.0,0.06451612903225806,0.0,0.27586206896551724,0.20689655172413793,30.379310344827587
2023,3,20416,NK,10821,11697,BWI,FLL,62,1,0,0,61,0,17,6,1099.0,0.016129032258064516,0.0,0.2786885245901639,0.09836065573770492,18.016393442622952
2023,3,20416,NK,10821,12266,BWI,IAH,29,0,0,0,29,0,10,4,493.0,0.0,0.0,0.3448275862068966,0.13793103448275862,17.0
2023,3,20416,NK,10821,12889,BWI,LAS,31,0,0,0,31,0,13,5,844.0,0.0,0.0,0.41935483870967744,0.16129032258064516,27.225806451612904
2023,3,20416,NK,10821,12892,BWI,LAX,30,2,0,0,28,0,17,7,1209.0,0.06666666666666667,0.0,0.6071428571428571,0.25,43.17857142857143
2023,3,20416,NK,10821,13204,BWI,MCO,94,2,0,0,92,0,32,14,1801.0,0.02127659574468085,0.0,0.34782608695652173,0.15217391304347827,19.57608695652174
2023,3,20416,NK,10821,13303,BWI,MIA,30,0,0,0,30,0,11,4,661.0,0.0,0.0,0.36666666666666664,0.13333333333333333,22.033333333333335
2023,3,20416,NK,10821,15304,BWI,TPA,7,0,0,0,7,0,0,0,-82.0,0.0,0.0,0.0,0.0,-11.714285714285714
2023,3,20416,NK,11292,11697,DEN,FLL,30,0,0,0,30,0,9,1,247.0,0.0,0.0,0.3,0.03333333333333333,8.233333333333333
2023,3,20416,NK,11292,12266,DEN,IAH,45,0,0,0,45,0,15,5,707.0,0.0,0.0,0.3333333333333333,0.1111111111111111,15.71111111111111
2023,3,20416,NK,11292,12889,DEN,LAS,69,1,0,0,68,0,21,8,1360.0,0.014492753623188406,0.0,0.3088235294117647,0.11764705882352941,20.0
2023,3,20416,NK,11292,12892,DEN,LAX,31,1,0,0,30,0,7,1,235.0,0.03225806451612903,0.0,0.23333333333333334,0.03333333333333333,7.833333333333333
2023,3,20416,NK,11292,13204,DEN,MCO,10,0,0,0,10,0,4,2,290.0,0.0,0.0,0.4,0.2,29.0
2023,3,20416,NK,11292,13303,DEN,MIA,31,0,0,0,31,0,5,1,-33.0,0.0,0.0,0.16129032258064516,0.03225806451612903,-1.064516129032258
2023,3,20416,NK,11298,10397,DFW,ATL,62,0,1,0,61,0,21,5,990.0,0.0,0.016129032258064516,0.3442622950819672,0.08196721311475409,16.229508196721312
2023,3,20416,NK,11298,10821,DFW,BWI,31,2,0,0,29,0,8,3,470.0,0.06451612903225806,0.0,0.27586206896551724,0.10344827586206896,16.20689655172414
2023,3,20416,NK,11298,11433,DFW,DTW,18,0,0,0,18,0,5,4,317.0,0.0,0.0,0.2777777777777778,0.2222222222222222,17.61111111111111
2023,3,20416,NK,11298,11697,DFW,FLL,91,1,0,0,90,0,38,19,3132.0,0.01098901098901099,0.0,0.4222222222222222,0.2111111111111111,34.8
2023,3,20416,NK,11298,12889,DFW,LAS,106,0,0,0,106,0,34,11,2068.0,0.0,0.0,0.32075471698113206,0.10377358490566038,19.50943396226415
2023,3,20416,NK,11298,12892,DFW,LAX,93,0,0,0,93,0,33,10,1834.0,0.0,0.0,0.3548387096774194,0.10752688172043011,19.72043010752688
2023,3,20416,NK,11298,12953,DFW,LGA,27,1,0,0,26,0,3,1,-302.0,0.037037037037037035,0.0,0.11538461538461539,0.038461538461538464,-11.615384615384615
2023,3,20416,NK,11298,13204,DFW,MCO,106,4,1,0,101,0,38,19,4022.0,0.03773584905660377,0.009433962264150943,0.37623762376237624,0.18811881188118812,39.82178217821782
2023,3,20416,NK,11298,13303,DFW,MIA,31,1,0,0,30,0,11,6,1026.0,0.03225806451612903,0.0,0.36666666666666664,0.2,34.2
2023,3,20416,NK,11298,13930,DFW,ORD,60,1,0,0,59,0,12,7,661.0,0.016666666666666666,0.0,0.2033898305084746,0.11864406779661017,11.203389830508474
2023,3,20416,NK,11298,14100,DFW,PHL,31,1,0,0,30,0,3,1,307.0,0.03225806451612903,0.0,0.1,0.03333333333333333,10.233333333333333
2023,3,20416,NK,11298,14107,DFW,PHX,55,0,0,0,55,0,24,7,1406.0,0.0,0.0,0.43636363636363634,0.12727272727272726,25.563636363636363
2023,3,20416,NK,11298,15304,DFW,TPA,21,1,0,0,20,0,3,2,62.0,0.047619047619047616,0.0,0.15,0.1,3.1
2023,3,20416,NK,11433,10397,DTW,ATL,117,5,0,0,112,0,35,11,1959.0,0.042735042735042736,0.0,0.3125,0.09821428571428571,17.491071428571427
2023,3,20416,NK,11433,11292,DTW,DEN,1,0,0,0,1,0,0,0,5.0,0.0,0.0,0.0,0.0,5.0
2023,3,20416,NK,11433,11298,DTW,DFW,18,0,0,0,18,0,8,3,429.0,0.0,0.0,0.4444444444444444,0.16666666666666666,23.833333333333332
2023,3,20416,NK,11433,11697,DTW,FLL,124,1,0,0,123,0,32,14,1520.0,0.008064516129032258,0.0,0.2601626016260163,0.11382113821138211,12.357723577235772
2023,3,20416,NK,11433,12266,DTW,IAH,31,1,0,0,30,0,10,0,121.0,0.03225806451612903,0.0,0.3333333333333333,0.0,4.033333333333333
2023,3,20416,NK,11433,12889,DTW,LAS,62,2,0,0,60,0,28,6,1086.0,0.03225806451612903,0.0,0.4666666666666667,0.1,18.1
2023,3,20416,NK,11433,12892,DTW,LAX,49,1,0,0,48,0,34,13,1797.0,0.02040816326530612,0.0,0.7083333333333334,0.2708333333333333,37.4375
2023,3,20416,NK,11433,12953,DTW,LGA,89,3,0,0,86,0,24,8,803.0,0.033707865168539325,0.0,0.27906976744186046,0.09302325581395349,9.337209302325581
2023,3,20416,NK,11433,13204,DTW,MCO,155,2,0,0,153,0,56,30,3809.0,0.012903225806451613,0.0,0.3660130718954248,0.19607843137254902,24.895424836601308
2023,3,20416,NK,11433,13303,DTW,MIA,55,2,0,0,53,0,23,9,1053.0,0.03636363636363636,0.0,0.4339622641509434,0.16981132075471697,19.867924528301888
2023,3,20416,NK,11433,13487,DTW,MSP,31,1,0,0,30,0,2,1,10.0,0.03225806451612903,0.0,0.06666666666666667,0.03333333333333333,0.3333333333333333
2023,3,20416,NK,11433,14100,DTW,PHL,31,0,0,0,31,0,4,0,-135.0,0.0,0.0,0.12903225806451613,0.0,-4.354838709677419
2023,3,20416,NK,11433,14107,DTW,PHX,32,0,0,0,32,0,16,3,691.0,0.0,0.0,0.5,0.09375,21.59375
2023,3,20416,NK,11433,14635,DTW,RSW,92,2,0,0,90,0,25,11,951.0,0.021739130434782608,0.0,0.2777777777777778,0.12222222222222222,10.566666666666666
2023,3,20416,NK,11433,15304,DTW,TPA,98,4,0,0,94,0,32,13,1343.0,0.04081632653061224,0.0,0.3404255319148936,0.13829787234042554,14.287234042553191
2023,3,20416,NK,11618,10397,EWR,ATL,62,1,0,0,61,0,20,6,881.0,0.016129032258064516,0.0,0.32786885245901637,0.09836065573770492,14.442622950819672
2023,3,20416,NK,11618,11697,EWR,FLL,130,4,0,0,126,0,58,26,3551.0,0.03076923076923077,0.0,0.4603174603174603,0.20634920634920634,28.182539682539684
2023,3,20416,NK,11618,12266,EWR,IAH,31,2,0,0,29,0,13,4,533.0,0.06451612903225806,0.0,0.4482758620689655,0.13793103448275862,18.379310344827587
2023,3,20416,NK,11618,12889,EWR,LAS,31,0,0,0,31,0,22,7,1374.0,0.0,0.0,0.7096774193548387,0.22580645161290322,44.32258064516129
2023,3,20416,NK,11618,12892,EWR,LAX,31,0,0,0,31,0,19,6,870.0,0.0,0.0,0.6129032258064516,0.1935483870967742,28.06451612903226
2023,3,20416,NK,11618,13204,EWR,MCO,154,3,1,0,150,0,52,24,2766.0,0.01948051948051948,0.006493506493506494,0.3466666666666667,0.16,18.44
2023,3,20416,NK,11618,13303,EWR,MIA,62,1,0,0,61,0,16,7,1104.0,0.016129032258064516,0.0,0.26229508196721313,0.11475409836065574,18.098360655737704
2023,3,20416,NK,11697,10397,FLL,ATL,186,0,0,0,186,0,73,24,4067.0,0.0,0.0,0.3924731182795699,0.12903225806451613,21.865591397849464
2023,3,20416,NK,11697,10721,FLL,BOS,68,2,0,0,66,0,23,6,1170.0,0.029411764705882353,0.0,0.3484848484848485,0.09090909090909091,17.727272727272727
2023,3,20416,NK,11697,10821,FLL,BWI,62,1,0,0,61,0,37,15,2667.0,0.016129032258064516,0.0,0.6065573770491803,0.2459016393442623,43.721311475409834
2023,3,20416,NK,11697,11292,FLL,DEN,30,0,0,0,30,0,16,6,964.0,0.0,0.0,0.5333333333333333,0.2,32.13333333333333
2023,3,20416,NK,11697,11298,FLL,DFW,89,0,0,0,89,0,40,19,3102.0,0.0,0.0,0.449438202247191,0.21348314606741572,34.853932584269664
2023,3,20416,NK,11697,11433,FLL,DTW,123,1,1,0,121,0,52,14,3112.0,0.008130081300813009,0.008130081300813009,0.4297520661157025,0.11570247933884298,25.71900826446281
2023,3,20416,NK,11697,11618,FLL,EWR,131,4,0,0,127,0,68,30,4732.0,0.030534351145038167,0.0,0.5354330708661418,0.23622047244094488,37.25984251968504
2023,3,20416,NK,11697,12266,FLL,IAH,87,0,0,0,87,0,34,14,1951.0,0.0,0.0,0.39080459770114945,0.16091954022988506,22.42528735632184
2023,3,20416,NK,11697,12889,FLL,LAS,31,0,0,0,31,0,13,6,820.0,0.0,0.0,0.41935483870967744,0.1935483870967742,26.451612903225808
2023,3,20416,NK,11697,12892,FLL,LAX,31,0,0,0,31,0,12,4,528.0,0.0,0.0,0.3870967741935484,0.12903225806451613,17.032258064516128
2023,3,20416,NK,11697,12953,FLL,LGA,124,1,0,0,123,0,45,19,2908.0,0.008064516129032258,0.0,0.36585365853658536,0.15447154471544716,23.642276422764226
2023,3,20416,NK,11697,13204,FLL,MCO,62,0,0,0,62,0,32,17,2774.0,0.0,0.0,0.5161290322580645,0.27419354838709675,44.74193548387097
2023,3,20416,NK,11697,13930,FLL,ORD,94,1,0,0,93,0,49,17,3154.0,0.010638297872340425,0.0,0.5268817204301075,0.1827956989247312,33.913978494623656
2023,3,20416,NK,11697,14100,FLL,PHL,89,0,0,0,89,0,35,11,1996.0,0.0,0.0,0.39325842696629215,0.12359550561797752,22.426966292134832
2023,3,20416,NK,11697,14107,FLL,PHX,30,1,0,0,29,0,20,4,1049.0,0.03333333333333333,0.0,0.6896551724137931,0.13793103448275862,36.172413793103445
2023,3,20416,NK,11697,15304,FLL,TPA,61,0,0,0,61,0,24,15,2124.0,0.0,0.0,0.39344262295081966,0.2459016393442623,34.81967213114754
2023,3,20416,NK,12266,10397,IAH,ATL,62,1,0,0,61,0,24,6,1130.0,0.016129032258064516,0.0,0.39344262295081966,0.09836065573770492,18.524590163934427
2023,3,20416,NK,12266,10821,IAH,BWI,29,0,0,0,29,0,5,1,-174.0,0.0,0.0,0.1724137931034483,0.034482758620689655,-6.0
2023,3,20416,NK,12266,11292,IAH,DEN,45,1,0,0,44,0,17,8,919.0,0.022222222222222223,0.0,0.38636363636363635,0.18181818181818182,20.886363636363637
2023,3,20416,NK,12266,11433,IAH,DTW,31,0,1,0,30,0,12,4,547.0,0.0,0.03225806451612903,0.4,0.13333333333333333,18.233333333333334
2023,3,20416,NK,12266,11618,IAH,EWR,31,0,0,0,31,0,9,6,328.0,0.0,0.0,0.2903225806451613,0.1935483870967742,10.580645161290322
2023,3,20416,NK,12266,11697,IAH,FLL,87,0,0,0,87,0,23,10,1511.0,0.0,0.0,0.26436781609195403,0.11494252873563218,17.367816091954023
2023,3,20416,NK,12266,12889,IAH,LAS,92,0,0,0,92,0,25,11,1795.0,0.0,0.0,0.2717391304347826,0.11956521739130435,19.51086956521739
2023,3,20416,NK,12266,12892,IAH,LAX,93,0,0,0,93,0,29,6,825.0,0.0,0.0,0.3118279569892473,0.06451612903225806,8.870967741935484
2023,3,20416,NK,12266,12953,IAH,LGA,31,0,0,0,31,0,6,1,-73.0,0.0,0.0,0.1935483870967742,0.03225806451612903,-2.3548387096774195
2023,3,20416,NK,12266,13204,IAH,MCO,100,0,0,0,100,0,51,24,3982.0,0.0,0.0,0.51,0.24,39.82
2023,3,20416,NK,12266,13303,IAH,MIA,31,0,0,0,31,0,2,1,-234.0,0.0,0.0,0.06451612903225806,0.03225806451612903,-7.548387096774194
2023,3,20416,NK,12266,13930,IAH,ORD,31,1,0,0,30,0,15,8,1159.0,0.03225806451612903,0.0,0.5,0.26666666666666666,38.63333333333333
2023,3,20416,NK,12266,15304,IAH,TPA,28,0,0,0,28,0,15,9,1403.0,0.0,0.0,0.5357142857142857,0.32142857142857145,50.107142857142854
2023,3,20416,NK,12889,10397,LAS,ATL,61,2,0,0,59,0,16,6,813.0,0.03278688524590164,0.0,0.2711864406779661,0.1016949152542373,13.779661016949152
2023,3,20416,NK,12889,10821,LAS,BWI,31,0,0,0,31,0,4,1,-220.0,0.0,0.0,0.12903225806451613,0.03225806451612903,-7.096774193548387
2023,3,20416,NK,12889,11292,LAS,DEN,69,1,0,0,68,0,18,3,530.0,0.014492753623188406,0.0,0.2647058823529412,0.04411764705882353,7.794117647058823
2023,3,20416,NK,12889,11298,LAS,DFW,107,0,0,0,107,0,34,14,2413.0,0.0,0.0,0.3177570093457944,0.1308411214953271,22.55140186915888
2023,3,20416,NK,12889,11433,LAS,DTW,61,2,0,0,59,0,14,6,286.0,0.03278688524590164,0.0,0.23728813559322035,0.1016949152542373,4.8474576271186445
2023,3,20416,NK,12889,11618,LAS,EWR,30,0,0,0,30,0,12,6,563.0,0.0,0.0,0.4,0.2,18.766666666666666
2023,3,20416,NK,12889,11697,LAS,FLL,31,0,0,0,31,0,9,1,203.0,0.0,0.0,0.2903225806451613,0.03225806451612903,6.548387096774194
2023,3,20416,NK,12889,12266,LAS,IAH,93,0,0,0,93,0,36,16,2446.0,0.0,0.0,0.3870967741935484,0.17204301075268819,26.301075268817204
2023,3,20416,NK,12889,12892,LAS,LAX,170,0,0,0,170,0,46,14,2581.0,0.0,0.0,0.27058823529411763,0.08235294117647059,15.18235294117647
2023,3,20416,NK,12889,13204,LAS,MCO,30,0,0,0,30,0,15,6,1230.0,0.0,0.0,0.5,0.2,41.0
2023,3,20416,NK,12889,13303,LAS,MIA,31,0,0,0,31,0,15,6,880.0,0.0,0.0,0.4838709677419355,0.1935483870967742,28.387096774193548
2023,3,20416,NK,12889,13487,LAS,MSP,31,0,0,0,31,0,7,2,187.0,0.0,0.0,0.22580645161290322,0.06451612903225806,6.032258064516129
2023,3,20416,NK,12889,13796,LAS,OAK,110,6,0,0,104,0,46,16,2575.0,0.05454545454545454,0.0,0.4423076923076923,0.15384615384615385,24.759615384615383
2023,3,20416,NK,12889,13930,LAS,ORD,93,1,0,0,92,0,36,14,1514.0,0.010752688172043012,0.0,0.391304347826087,0.15217391304347827,16.456521739130434
2023,3,20416,NK,12889,14100,LAS,PHL,31,0,0,0,31,0,7,3,119.0,0.0,0.0,0.22580645161290322,0.0967741935483871,3.838709677419355
2023,3,20416,NK,12889,14107,LAS,PHX,86,0,0,0,86,0,40,11,2449.0,0.0,0.0,0.46511627906976744,0.12790697674418605,28.476744186046513
2023,3,20416,NK,12889,14679,LAS,SAN,153,5,0,0,148,0,63,21,3370.0,0.032679738562091505,0.0,0.42567567567567566,0.14189189189189189,22.77027027027027
2023,3,20416,NK,12889,14747,LAS,SEA,100,2,0,0,98,0,22,12,1238.0,0.02,0.0,0.22448979591836735,0.12244897959183673,12.63265306122449
2023,3,20416,NK,12889,14869,LAS,SLC,62,1,1,0,60,0,20,6,1135.0,0.016129032258064516,0.016129032258064516,0.3333333333333333,0.1,18.916666666666668
2023,3,20416,NK,12889,15016,LAS,STL,28,0,0,0,28,0,8,1,97.0,0.0,0.0,0.2857142857142857,0.03571428571428571,3.4642857142857144
2023,3,20416,NK,12889,15304,LAS,TPA,31,0,0,0,31,0,6,2,-3.0,0.0,0.0,0.1935483870967742,0.06451612903225806,-0.0967741935483871
2023,3,20416,NK,12892,10397,LAX,ATL,62,1,0,0,61,0,26,10,1126.0,0.016129032258064516,0.0,0.4262295081967213,0.16393442622950818,18.459016393442624
2023,3,20416,NK,12892,10821,LAX,BWI,30,2,0,0,28,0,6,3,-3.0,0.06666666666666667,0.0,0.21428571428571427,0.10714285714285714,-0.10714285714285714
2023,3,20416,NK,12892,11292,LAX,DEN,31,0,0,0,31,0,10,4,197.0,0.0,0.0,0.3225806451612903,0.12903225806451613,6.354838709677419
2023,3,20416,NK,12892,11298,LAX,DFW,93,1,1,0,91,0,21,8,879.0,0.010752688172043012,0.010752688172043012,0.23076923076923078,0.08791208791208792,9.659340659340659
2023,3,20416,NK,12892,11433,LAX,DTW,49,2,0,0,47,0,16,5,631.0,0.04081632653061224,0.0,0.3404255319148936,0.10638297872340426,13.425531914893616
2023,3,20416,NK,12892,11618,LAX,EWR,31,0,1,0,30,0,7,2,-62.0,0.0,0.03225806451612903,0.23333333333333334,0.06666666666666667,-2.066666666666667
2023,3,20416,NK,12892,11697,LAX,FLL,31,0,0,0,31,0,8,2,393.0,0.0,0.0,0.25806451612903225,0.06451612903225806,12.67741935483871
2023,3,20416,NK,12892,12266,LAX,IAH,93,0,0,0,93,0,26,10,898.0,0.0,0.0,0.27956989247311825,0.10752688172043011,9.655913978494624
2023,3,20416,NK,12892,12889,LAX,LAS,167,0,0,0,167,0,66,28,4239.0,0.0,0.0,0.39520958083832336,0.16766467065868262,25.38323353293413
2023,3,20416,NK,12892,13487,LAX,MSP,31,0,0,0,31,0,3,0,-351.0,0.0,0.0,0.0967741935483871,0.0,-11.32258064516129
2023,3,20416,NK,12892,13796,LAX,OAK,31,0,0,0,31,0,8,1,95.0,0.0,0.0,0.25806451612903225,0.03225806451612903,3.064516129032258
2023,3,20416,NK,12892,13930,LAX,ORD,62,1,0,0,61,0,7,3,-713.0,0.016129032258064516,0.0,0.11475409836065574,0.04918032786885246,-11.688524590163935
2023,3,20416,NK,12892,14100,LAX,PHL,31,0,0,0,31,0,6,0,-223.0,0.0,0.0,0.1935483870967742,0.0,-7.193548387096774
2023,3,20416,NK,12892,14869,LAX,SLC,29,2,0,0,27,0,4,1,7.0,0.06896551724137931,0.0,0.14814814814814814,0.037037037037037035,0.25925925925925924
2023,3,20416,NK,12953,11298,LGA,DFW,27,0,0,0,27,0,9,3,312.0,0.0,0.0,0.3333333333333333,0.1111111111111111,11.555555555555555
2023,3,20416,NK,12953,11433,LGA,DTW,89,3,0,0,86,0,19,7,147.0,0.033707865168539325,0.0,0.22093023255813954,0.08139534883720931,1.7093023255813953
2023,3,20416,NK,12953,11697,LGA,FLL,124,1,0,0,123,0,33,13,1172.0,0.008064516129032258,0.0,0.2682926829268293,0.10569105691056911,9.528455284552846
2023,3,20416,NK,12953,12266,LGA,IAH,31,0,0,0,31,0,4,0,-237.0,0.0,0.0,0.12903225806451613,0.0,-7.645161290322581
2023,3,20416,NK,12953,13204,LGA,MCO,93,3,0,0,90,0,24,9,782.0,0.03225806451612903,0.0,0.26666666666666666,0.1,8.688888888888888
2023,3,20416,NK,12953,13303,LGA,MIA,56,2,0,0,54,0,10,5,-437.0,0.03571428571428571,0.0,0.18518518518518517,0.09259259259259259,-8.092592592592593
2023,3,20416,NK,13204,10397,MCO,ATL,124,1,0,0,123,0,60,32,4537.0,0.008064516129032258,0.0,0.4878048780487805,0.2601626016260163,36.886178861788615
2023,3,20416,NK,13204,10721,MCO,BOS,105,5,1,0,99,0,56,19,3777.0,0.047619047619047616,0.009523809523809525,0.5656565656565656,0.1919191919191919,38.15151515151515
2023,3,20416,NK,13204,10821,MCO,BWI,93,2,1,0,90,0,40,21,3470.0,0.021505376344086023,0.010752688172043012,0.4444444444444444,0.23333333333333334,38.55555555555556
2023,3,20416,NK,13204,11292,MCO,DEN,9,0,0,0,9,0,1,0,-23.0,0.0,0.0,0.1111111111111111,0.0,-2.5555555555555554
2023,3,20416,NK,13204,11298,MCO,DFW,106,3,1,0,102,0,59,33,4864.0,0.02830188679245283,0.009433962264150943,0.5784313725490197,0.3235294117647059,47.68627450980392
2023,3,20416,NK,13204,11433,MCO,DTW,155,2,2,0,151,0,76,41,5523.0,0.012903225806451613,0.012903225806451613,0.5033112582781457,0.271523178807947,36.57615894039735
2023,3,20416,NK,13204,11618,MCO,EWR,155,3,0,0,152,0,52,21,3453.0,0.01935483870967742,0.0,0.34210526315789475,0.13815789473684212,22.717105263157894
2023,3,20416,NK,13204,11697,MCO,FLL,62,1,0,0,61,0,31,12,2030.0,0.016129032258064516,0.0,0.5081967213114754,0.19672131147540983,33.278688524590166
2023,3,20416,NK,13204,12266,MCO,IAH,100,1,0,0,99,0,42,20,2893.0,0.01,0.0,0.42424242424242425,0.20202020202020202,29.22222222222222
2023,3,20416,NK,13204,12889,MCO,LAS,31,0,0,0,31,0,15,5,1122.0,0.0,0.0,0.4838709677419355,0.16129032258064516,36.193548387096776
2023,3,20416,NK,13204,12953,MCO,LGA,93,3,0,0,90,0,27,12,1606.0,0.03225806451612903,0.0,0.3,0.13333333333333333,17.844444444444445
2023,3,20416,NK,13204,13487,MCO,MSP,10,0,0,0,10,0,2,0,36.0,0.0,0.0,0.2,0.0,3.6
2023,3,20416,NK,13204,13930,MCO,ORD,93,2,0,0,91,0,47,22,3304.0,0.021505376344086023,0.0,0.5164835164835165,0.24175824175824176,36.30769230769231
2023,3,20416,NK,13204,14100,MCO,PHL,93,1,0,0,92,0,53,26,4695.0,0.010752688172043012,0.0,0.5760869565217391,0.2826086956521739,51.03260869565217
2023,3,20416,NK,13204,14869,MCO,SLC,31,0,0,0,31,0,19,6,1146.0,0.0,0.0,0.6129032258064516,0.1935483870967742,36.96774193548387
2023,3,20416,NK,13204,15016,MCO,STL,30,1,0,0,29,0,8,3,365.0,0.03333333333333333,0.0,0.27586206896551724,0.10344827586206896,12.586206896551724
2023,3,20416,NK,13303,10397,MIA,ATL,62,0,0,0,62,0,17,6,971.0,0.0,0.0,0.27419354838709675,0.0967741935483871,15.661290322580646
2023,3,20416,NK,13303,10721,MIA,BOS,31,1,0,0,30,0,10,2,577.0,0.03225806451612903,0.0,0.3333333333333333,0.06666666666666667,19.233333333333334
2023,3,20416,NK,13303,10821,MIA,BWI,30,0,0,0,30,0,2,0,-223.0,0.0,0.0,0.06666666666666667,0.0,-7.433333333333334
2023,3,20416,NK,13303,11292,MIA,DEN,31,0,0,0,31,0,2,0,-277.0,0.0,0.0,0.06451612903225806,0.0,-8.935483870967742
2023,3,20416,NK,13303,11298,MIA,DFW,31,1,0,0,30,0,16,7,725.0,0.03225806451612903,0.0,0.5333333333333333,0.23333333333333334,24.166666666666668
2023,3,20416,NK,13303,11433,MIA,DTW,55,2,0,0,53,0,17,7,1122.0,0.03636363636363636,0.0,0.32075471698113206,0.1320754716981132,21.169811320754718
2023,3,20416,NK,13303,11618,MIA,EWR,62,1,1,0,60,0,24,11,1521.0,0.016129032258064516,0.016129032258064516,0.4,0.18333333333333332,25.35
2023,3,20416,NK,13303,12266,MIA,IAH,31,0,0,0,31,0,8,3,175.0,0.0,0.0,0.25806451612903225,0.0967741935483871,5.645161290322581
2023,3,20416,NK,13303,12889,MIA,LAS,31,0,0,0,31,0,13,4,638.0,0.0,0.0,0.41935483870967744,0.12903225806451613,20.580645161290324
2023,3,20416,NK,13303,12953,MIA,LGA,56,1,0,0,55,0,13,3,369.0,0.017857142857142856,0.0,0.23636363636363636,0.05454545454545454,6.709090909090909
2023,3,20416,NK,13303,13930,MIA,ORD,37,0,0,0,37,0,10,7,800.0,0.0,0.0,0.2702702702702703,0.1891891891891892,21.62162162162162
2023,3,20416,NK,13303,14100,MIA,PHL,31,0,0,0,31,0,13,5,775.0,0.0,0.0,0.41935483870967744,0.16129032258064516,25.0
2023,3,20416,NK,13487,10397,MSP,ATL,38,1,0,0,37,0,13,3,292.0,0.02631578947368421,0.0,0.35135135135135137,0.08108108108108109,7.891891891891892
2023,3,20416,NK,13487,11433,MSP,DTW,30,1,0,0,29,0,6,1,40.0,0.03333333333333333,0.0,0.20689655172413793,0.034482758620689655,1.3793103448275863
2023,3,20416,NK,13487,12889,MSP,LAS,32,1,0,0,31,0,11,3,468.0,0.03125,0.0,0.3548387096774194,0.0967741935483871,15.096774193548388
2023,3,20416,NK,13487,12892,MSP,LAX,31,0,0,0,31,0,10,1,121.0,0.0,0.0,0.3225806451612903,0.03225806451612903,3.903225806451613
2023,3,20416,NK,13487,13204,MSP,MCO,10,0,0,0,10,0,4,2,202.0,0.0,0.0,0.4,0.2,20.2
2023,3,20416,NK,13487,14107,MSP,PHX,31,0,1,0,30,0,12,2,377.0,0.0,0.03225806451612903,0.4,0.06666666666666667,12.566666666666666
2023,3,20416,NK,13796,12889,OAK,LAS,110,5,0,0,105,0,34,13,1760.0,0.045454545454545456,0.0,0.3238095238095238,0.12380952380952381,16.761904761904763
2023,3,20416,NK,13796,12892,OAK,LAX,31,0,0,0,31,0,3,1,11.0,0.0,0.0,0.0967741935483871,0.03225806451612903,0.3548387096774194
2023,3,20416,NK,13796,14679,OAK,SAN,18,0,0,0,18,0,7,3,300.0,0.0,0.0,0.3888888888888889,0.16666666666666666,16.666666666666668
2023,3,20416,NK,13930,10397,ORD,ATL,93,2,0,0,91,0,21,6,1446.0,0.021505376344086023,0.0,0.23076923076923078,0.06593406593406594,15.89010989010989
2023,3,20416,NK,13930,11298,ORD,DFW,61,1,0,0,60,0,33,7,1846.0,0.01639344262295082,0.0,0.55,0.11666666666666667,30.766666666666666
2023,3,20416,NK,13930,11697,ORD,FLL,93,0,0,0,93,0,33,18,3050.0,0.0,0.0,0.3548387096774194,0.1935483870967742,32.795698924731184
2023,3,20416,NK,13930,12266,ORD,IAH,31,1,0,0,30,0,11,4,479.0,0.03225806451612903,0.0,0.36666666666666664,0.13333333333333333,15.966666666666667
2023,3,20416,NK,13930,12889,ORD,LAS,93,1,0,0,92,0,26,6,1284.0,0.010752688172043012,0.0,0.2826086956521739,0.06521739130434782,13.956521739130435
2023,3,20416,NK,13930,12892,ORD,LAX,61,1,0,0,60,0,30,12,1846.0,0.01639344262295082,0.0,0.5,0.2,30.766666666666666
2023,3,20416,NK,13930,13204,ORD,MCO,93,3,0,0,90,0,41,24,4390.0,0.03225806451612903,0.0,0.45555555555555555,0.26666666666666666,48.77777777777778
2023,3,20416,NK,13930,13303,ORD,MIA,37,1,0,0,36,0,14,3,305.0,0.02702702702702703,0.0,0.3888888888888889,0.08333333333333333,8.472222222222221
2023,3,20416,NK,13930,14107,ORD,PHX,31,1,0,0,30,0,15,2,731.0,0.03225806451612903,0.0,0.5,0.06666666666666667,24.366666666666667
2023,3,20416,NK,13930,14635,ORD,RSW,31,0,0,0,31,0,11,3,412.0,0.0,0.0,0.3548387096774194,0.0967741935483871,13.290322580645162
2023,3,20416,NK,13930,15304,ORD,TPA,41,1,0,0,40,0,12,5,271.0,0.024390243902439025,0.0,0.3,0.125,6.775
2023,3,20416,NK,14100,10397,PHL,ATL,62,0,0,0,62,0,16,3,460.0,0.0,0.0,0.25806451612903225,0.04838709677419355,7.419354838709677
2023,3,20416,NK,14100,11298,PHL,DFW,31,1,0,0,30,0,9,7,1248.0,0.03225806451612903,0.0,0.3,0.23333333333333334,41.6
2023,3,20416,NK,14100,11433,PHL,DTW,31,1,0,0,30,0,9,2,320.0,0.03225806451612903,0.0,0.3,0.06666666666666667,10.666666666666666
2023,3,20416,NK,14100,11697,PHL,FLL,89,0,0,0,89,0,16,5,314.0,0.0,0.0,0.1797752808988764,0.056179775280898875,3.5280898876404496
2023,3,20416,NK,14100,12889,PHL,LAS,31,0,0,0,31,0,13,4,704.0,0.0,0.0,0.41935483870967744,0.12903225806451613,22.70967741935484
2023,3,20416,NK,14100,12892,PHL,LAX,30,0,0,0,30,0,19,6,955.0,0.0,0.0,0.6333333333333333,0.2,31.833333333333332
2023,3,20416,NK,14100,13204,PHL,MCO,92,2,0,0,90,0,25,17,2110.0,0.021739130434782608,0.0,0.2777777777777778,0.18888888888888888,23.444444444444443
2023,3,20416,NK,14100,13303,PHL,MIA,31,0,0,0,31,0,5,2,-182.0,0.0,0.0,0.16129032258064516,0.06451612903225806,-5.870967741935484
2023,3,20416,NK,14107,11298,PHX,DFW,55,0,1,0,54,0,23,8,1547.0,0.0,0.01818181818181818,0.42592592592592593,0.14814814814814814,28.64814814814815
2023,3,20416,NK,14107,11433,PHX,DTW,32,1,0,0,31,0,10,2,329.0,0.03125,0.0,0.3225806451612903,0.06451612903225806,10.612903225806452
2023,3,20416,NK,14107,11697,PHX,FLL,31,1,0,0,30,0,14,6,1914.0,0.03225806451612903,0.0,0.4666666666666667,0.2,63.8
2023,3,20416,NK,14107,12889,PHX,LAS,86,1,0,0,85,0,30,11,1836.0,0.011627906976744186,0.0,0.35294117647058826,0.12941176470588237,21.6
2023,3,20416,NK,14107,13487,PHX,MSP,31,1,0,0,30,0,8,2,61.0,0.03225806451612903,0.0,0.26666666666666666,0.06666666666666667,2.033333333333333
2023,3,20416,NK,14107,13930,PHX,ORD,31,1,0,0,30,0,11,2,311.0,0.03225806451612903,0.0,0.36666666666666664,0.06666666666666667,10.366666666666667
2023,3,20416,NK,14635,10721,RSW,BOS,31,1,0,0,30,0,3,1,-179.0,0.03225806451612903,0.0,0.1,0.03333333333333333,-5.966666666666667
2023,3,20416,NK,14635,11433,RSW,DTW,93,3,0,0,90,0,16,9,614.0,0.03225806451612903,0.0,0.17777777777777778,0.1,6.822222222222222
2023,3,20416,NK,14635,13930,RSW,ORD,31,0,0,0,31,0,5,4,522.0,0.0,0.0,0.16129032258064516,0.12903225806451613,16.838709677419356
2023,3,20416,NK,14679,12889,SAN,LAS,153,5,0,0,148,0,53,24,3169.0,0.032679738562091505,0.0,0.3581081081081081,0.16216216216216217,21.41216216216216
2023,3,20416,NK,14679,13796,SAN,OAK,18,0,0,0,18,0,11,3,449.0,0.0,0.0,0.6111111111111112,0.16666666666666666,24.944444444444443
2023,3,20416,NK,14747,12889,SEA,LAS,100,1,0,0,99,0,23,10,925.0,0.01,0.0,0.23232323232323232,0.10101010101010101,9.343434343434344
2023,3,20416,NK,14869,12889,SLC,LAS,62,1,0,0,61,0,20,9,1216.0,0.016129032258064516,0.0,0.32786885245901637,0.14754098360655737,19.934426229508198
2023,3,20416,NK,14869,12892,SLC,LAX,29,1,0,0,28,0,13,3,599.0,0.034482758620689655,0.0,0.4642857142857143,0.10714285714285714,21.392857142857142
2023,3,20416,NK,14869,13204,SLC,MCO,31,1,0,0,30,0,10,2,166.0,0.03225806451612903,0.0,0.3333333333333333,0.06666666666666667,5.533333333333333
2023,3,20416,NK,15016,12889,STL,LAS,28,0,0,0,28,0,12,3,601.0,0.0,0.0,0.42857142857142855,0.10714285714285714,21.464285714285715
2023,3,20416,NK,15016,13204,STL,MCO,30,1,0,0,29,0,11,2,451.0,0.03333333333333333,0.0,0.3793103448275862,0.06896551724137931,15.551724137931034
2023,3,20416,NK,15304,10397,TPA,ATL,62,0,0,0,62,0,15,6,682.0,0.0,0.0,0.24193548387096775,0.0967741935483871,11.0
2023,3,20416,NK,15304,10721,TPA,BOS,38,3,0,0,35,0,13,5,771.0,0.07894736842105263,0.0,0.37142857142857144,0.14285714285714285,22.02857142857143
2023,3,20416,NK,15304,10821,TPA,BWI,7,0,0,0,7,0,0,0,-66.0,0.0,0.0,0.0,0.0,-9.428571428571429
2023,3,20416,NK,15304,11298,TPA,DFW,21,1,0,0,20,0,5,3,401.0,0.047619047619047616,0.0,0.25,0.15,20.05
2023,3,20416,NK,15304,11433,TPA,DTW,99,4,0,0,95,0,26,8,872.0,0.04040404040404041,0.0,0.2736842105263158,0.08421052631578947,9.178947368421053
2023,3,20416,NK,15304,11697,TPA,FLL,62,0,0,0,62,0,9,4,333.0,0.0,0.0,0.14516129032258066,0.06451612903225806,5.370967741935484
2023,3,20416,NK,15304,12266,TPA,IAH,28,0,0,0,28,0,7,1,141.0,0.0,0.0,0.25,0.03571428571428571,5.035714285714286
2023,3,20416,NK,15304,12889,TPA,LAS,31,0,0,0,31,0,14,6,781.0,0.0,0.0,0.45161290322580644,0.1935483870967742,25.193548387096776
2023,3,20416,NK,15304,13930,TPA,ORD,41,1,0,0,40,0,8,2,113.0,0.024390243902439025,0.0,0.2,0.05,2.825
2023,3,20436,F9,10397,10821,ATL,BWI,31,1,0,0,30,0,3,1,-36.0,0.03225806451612903,0.0,0.1,0.03333333333333333,-1.2
2023,3,20436,F9,10397,11292,ATL,DEN,53,0,0,0,53,0,21,9,1579.0,0.0,0.0,0.39622641509433965,0.16981132075471697,29.79245283018868
2023,3,20436,F9,10397,11298,ATL,DFW,62,0,0,0,62,0,27,14,2336.0,0.0,0.0,0.43548387096774194,0.22580645161290322,37.67741935483871
2023,3,20436,F9,10397,11433,ATL,DTW,18,0,1,0,17,0,9,4,776.0,0.0,0.05555555555555555,0.5294117647058824,0.23529411764705882,45.64705882352941
2023,3,20436,F9,10397,11697,ATL,FLL,31,0,0,0,31,0,13,2,369.0,0.0,0.0,0.41935483870967744,0.06451612903225806,11.903225806451612
2023,3,20436,F9,10397,12266,ATL,IAH,22,0,0,0,22,0,6,4,965.0,0.0,0.0,0.2727272727272727,0.18181818181818182,43.86363636363637
2023,3,20436,F9,10397,12889,ATL,LAS,62,1,0,0,61,0,35,17,3446.0,0.016129032258064516,0.0,0.5737704918032787,0.2786885245901639,56.49180327868852
2023,3,20436,F9,10397,12953,ATL,LGA,31,1,0,0,30,0,10,5,435.0,0.03225806451612903,0.0,0.3333333333333333,0.16666666666666666,14.5
2023,3,20436,F9,10397,13204,ATL,MCO,62,1,0,0,61,0,22,9,1155.0,0.016129032258064516,0.0,0.36065573770491804,0.14754098360655737,18.934426229508198
2023,3,20436,F9,10397,13232,ATL,MDW,31,2,0,0,29,0,11,2,355.0,0.06451612903225806,0.0,0.3793103448275862,0.06896551724137931,12.241379310344827
2023,3,20436,F9,10397,13303,ATL,MIA,44,0,0,0,44,0,15,7,1215.0,0.0,0.0,0.3409090909090909,0.1590909090909091,27.613636363636363
2023,3,20436,F9,10397,13930,ATL,ORD,31,1,0,0,30,0,4,1,117.0,0.03225806451612903,0.0,0.13333333333333333,0.03333333333333333,3.9
2023,3,20436,F9,10397,14100,ATL,PHL,62,1,0,0,61,0,32,14,2411.0,0.016129032258064516,0.0,0.5245901639344263,0.22950819672131148,39.52459016393443
2023,3,20436,F9,10397,14107,ATL,PHX,31,1,0,0,30,0,24,16,2233.0,0.03225806451612903,0.0,0.8,0.5333333333333333,74.43333333333334
2023,3,20436,F9,10397,14771,ATL,SFO,31,0,0,0,31,0,22,11,2429.0,0.0,0.0,0.7096774193548387,0.3548387096774194,78.35483870967742
2023,3,20436,F9,10397,15304,ATL,TPA,30,0,0,0,30,0,9,2,400.0,0.0,0.0,0.3,0.06666666666666667,13.333333333333334
2023,3,20436,F9,10721,13204,BOS,MCO,25,0,1,0,24,0,5,0,-133.0,0.0,0.04,0.20833333333333334,0.0,-5.541666666666667
2023,3,20436,F9,10721,13303,BOS,MIA,22,1,0,0,21,0,3,2,-55.0,0.045454545454545456,0.0,0.14285714285714285,0.09523809523809523,-2.619047619047619
2023,3,20436,F9,10721,14100,BOS,PHL,14,1,0,0,13,0,3,3,555.0,0.07142857142857142,0.0,0.23076923076923078,0.23076923076923078,42.69230769230769
2023,3,20436,F9,10821,10397,BWI,ATL,31,1,0,0,30,0,9,3,2344.0,0.03225806451612903,0.0,0.3,0.1,78.13333333333334
2023,3,20436,F9,10821,11292,BWI,DEN,10,0,0,0,10,0,0,0,-180.0,0.0,0.0,0.0,0.0,-18.0
2023,3,20436,F9,10821,12889,BWI,LAS,31,0,0,0,31,0,18,4,873.0,0.0,0.0,0.5806451612903226,0.12903225806451613,28.161290322580644
2023,3,20436,F9,10821,13204,BWI,MCO,62,0,0,0,62,0,15,9,1767.0,0.0,0.0,0.24193548387096775,0.14516129032258066,28.5
2023,3,20436,F9,10821,13303,BWI,MIA,18,0,0,0,18,0,4,2,163.0,0.0,0.0,0.2222222222222222,0.1111111111111111,9.055555555555555
2023,3,20436,F9,10821,14107,BWI,PHX,31,0,0,0,31,0,9,3,234.0,0.0,0.0,0.2903225806451613,0.0967741935483871,7.548387096774194
2023,3,20436,F9,11278,11292,DCA,DEN,93,1,0,0,92,0,22,6,349.0,0.010752688172043012,0.0,0.2391304347826087,0.06521739130434782,3.7934782608695654
2023,3,20436,F9,11292,10397,DEN,ATL,53,0,0,0,53,0,26,12,1355.0,0.0,0.0,0.49056603773584906,0.22641509433962265,25.566037735849058
2023,3,20436,F9,11292,10821,DEN,BWI,10,0,0,0,10,0,0,0,-226.0,0.0,0.0,0.0,0.0,-22.6
2023,3,20436,F9,11292,11278,DEN,DCA,93,1,0,0,92,0,22,9,725.0,0.010752688172043012,0.0,0.2391304347826087,0.09782608695652174,7.880434782608695
2023,3,20436,F9,11292,11298,DEN,DFW,91,1,0,0,90,0,36,10,1945.0,0.01098901098901099,0.0,0.4,0.1111111111111111,21.61111111111111
2023,3,20436,F9,11292,11433,DEN,DTW,9,0,0,0,9,0,1,0,7.0,0.0,0.0,0.1111111111111111,0.0,0.7777777777777778
2023,3,20436,F9,11292,12266,DEN,IAH,31,0,0,0,31,0,11,2,484.0,0.0,0.0,0.3548387096774194,0.06451612903225806,15.612903225806452
2023,3,20436,F9,11292,12889,DEN,LAS,154,0,0,0,154,0,38,5,1085.0,0.0,0.0,0.24675324675324675,0.032467532467532464,7.045454545454546
2023,3,20436,F9,11292,13204,DEN,MCO,94,2,0,0,92,0,40,18,2611.0,0.02127659574468085,0.0,0.43478260869565216,0.1956521739130435,28.380434782608695
2023,3,20436,F9,11292,13232,DEN,MDW,31,0,0,0,31,0,11,4,493.0,0.0,0.0,0.3548387096774194,0.12903225806451613,15.903225806451612
2023,3,20436,F9,11292,13303,DEN,MIA,31,0,0,0,31,0,5,2,175.0,0.0,0.0,0.16129032258064516,0.06451612903225806,5.645161290322581
2023,3,20436,F9,11292,13487,DEN,MSP,31,0,0,0,31,0,5,1,-104.0,0.0,0.0,0.16129032258064516,0.03225806451612903,-3.3548387096774195
2023,3,20436,F9,11292,13796,DEN,OAK,13,0,0,0,13,0,6,1,283.0,0.0,0.0,0.46153846153846156,0.07692307692307693,21.76923076923077
2023,3,20436,F9,11292,14100,DEN,PHL,29,1,1,0,27,0,11,0,278.0,0.034482758620689655,0.034482758620689655,0.4074074074074074,0.0,10.296296296296296
2023,3,20436,F9,11292,14107,DEN,PHX,94,0,0,0,94,0,35,8,1429.0,0.0,0.0,0.3723404255319149,0.0851063829787234,15.202127659574469
2023,3,20436,F9,11292,14635,DEN,RSW,31,1,0,0,30,0,4,2,93.0,0.03225806451612903,0.0,0.13333333333333333,0.06666666666666667,3.1
2023,3,20436,F9,11292,14679,DEN,SAN,62,0,0,0,62,0,22,3,886.0,0.0,0.0,0.3548387096774194,0.04838709677419355,14.290322580645162
2023,3,20436,F9,11292,14747,DEN,SEA,31,0,0,0,31,0,11,2,280.0,0.0,0.0,0.3548387096774194,0.06451612903225806,9.03225806451613
2023,3,20436,F9,11292,14771,DEN,SFO,62,0,0,0,62,0,24,9,1263.0,0.0,0.0,0.3870967741935484,0.14516129032258066,20.370967741935484
2023,3,20436,F9,11292,14869,DEN,SLC,61,0,0,0,61,0,38,15,2145.0,0.0,0.0,0.6229508196721312,0.2459016393442623,35.16393442622951
2023,3,20436,F9,11292,15016,DEN,STL,31,0,0,0,31,0,10,2,214.0,0.0,0.0,0.3225806451612903,0.06451612903225806,6.903225806451613
2023,3,20436,F9,11292,15304,DEN,TPA,78,1,0,0,77,0,29,5,781.0,0.01282051282051282,0.0,0.37662337662337664,0.06493506493506493,10.142857142857142
2023,3,20436,F9,11298,10397,DFW,ATL,62,2,1,0,59,0,21,13,2309.0,0.03225806451612903,0.016129032258064516,0.3559322033898305,0.22033898305084745,39.13559322033898
2023,3,20436,F9,11298,11292,DFW,DEN,91,1,0,0,90,0,24,9,1473.0,0.01098901098901099,0.0,0.26666666666666666,0.1,16.366666666666667
2023,3,20436,F9,11298,12889,DFW,LAS,56,2,0,0,54,0,26,11,4139.0,0.03571428571428571,0.0,0.48148148148148145,0.2037037037037037,76.64814814814815
2023,3,20436,F9,11298,13204,DFW,MCO,33,1,1,0,31,0,8,1,157.0,0.030303030303030304,0.030303030303030304,0.25806451612903225,0.03225806451612903,5.064516129032258
2023,3,20436,F9,11298,13232,DFW,MDW,31,1,0,0,30,0,11,6,616.0,0.03225806451612903,0.0,0.36666666666666664,0.2,20.533333333333335
2023,3,20436,F9,11298,14100,DFW,PHL,29,0,0,0,29,0,9,5,396.0,0.0,0.0,0.3103448275862069,0.1724137931034483,13.655172413793103
2023,3,20436,F9,11298,14107,DFW,PHX,31,0,0,0,31,0,18,3,775.0,0.0,0.0,0.5806451612903226,0.0967741935483871,25.0
2023,3,20436,F9,11298,14679,DFW,SAN,31,0,0,0,31,0,7,3,480.0,0.0,0.0,0.22580645161290322,0.0967741935483871,15.483870967741936
2023,3,20436,F9,11298,14771,DFW,SFO,31,2,0,0,29,0,15,6,1266.0,0.06451612903225806,0.0,0.5172413793103449,0.20689655172413793,43.6551724137931
2023,3,20436,F9,11298,15304,DFW,TPA,31,2,0,0,29,0,11,8,950.0,0.06451612903225806,0.0,0.3793103448275862,0.27586206896551724,32.758620689655174
2023,3,20436,F9,11433,10397,DTW,ATL,18,1,0,0,17,0,7,1,165.0,0.05555555555555555,0.0,0.4117647058823529,0.058823529411764705,9.705882352941176
2023,3,20436,F9,11433,11292,DTW,DEN,9,0,0,0,9,0,6,0,184.0,0.0,0.0,0.6666666666666666,0.0,20.444444444444443
2023,3,20436,F9,11433,12889,DTW,LAS,31,0,0,0,31,0,20,8,2271.0,0.0,0.0,0.6451612903225806,0.25806451612903225,73.25806451612904
2023,3,20436,F9,11433,13204,DTW,MCO,35,1,0,0,34,0,12,6,1897.0,0.02857142857142857,0.0,0.35294117647058826,0.17647058823529413,55.794117647058826
2023,3,20436,F9,11433,14107,DTW,PHX,31,0,0,0,31,0,10,3,1164.0,0.0,0.0,0.3225806451612903,0.0967741935483871,37.54838709677419
2023,3,20436,F9,11433,15304,DTW,TPA,17,0,0,0,17,0,11,6,1128.0,0.0,0.0,0.6470588235294118,0.35294117647058826,66.3529411764706
2023,3,20436,F9,11697,10397,FLL,ATL,31,1,0,0,30,0,18,8,1007.0,0.03225806451612903,0.0,0.6,0.26666666666666666,33.56666666666667
2023,3,20436,F9,11697,12889,FLL,LAS,31,0,0,0,31,0,20,8,1497.0,0.0,0.0,0.6451612903225806,0.25806451612903225,48.29032258064516
2023,3,20436,F9,11697,13232,FLL,MDW,31,0,0,0,31,0,2,1,-194.0,0.0,0.0,0.06451612903225806,0.03225806451612903,-6.258064516129032
2023,3,20436,F9,11697,14100,FLL,PHL,32,1,0,0,31,0,17,6,785.0,0.03125,0.0,0.5483870967741935,0.1935483870967742,25.322580645161292
2023,3,20436,F9,11697,14107,FLL,PHX,31,2,0,0,29,0,13,4,877.0,0.06451612903225806,0.0,0.4482758620689655,0.13793103448275862,30.24137931034483
2023,3,20436,F9,12266,10397,IAH,ATL,22,0,0,0,22,0,15,5,601.0,0.0,0.0,0.6818181818181818,0.22727272727272727,27.318181818181817
2023,3,20436,F9,12266,11292,IAH,DEN,30,0,0,0,30,0,18,7,1361.0,0.0,0.0,0.6,0.23333333333333334,45.36666666666667
2023,3,20436,F9,12266,12889,IAH,LAS,29,0,0,0,29,0,5,3,254.0,0.0,0.0,0.1724137931034483,0.10344827586206896,8.758620689655173
2023,3,20436,F9,12266,13204,IAH,MCO,18,0,0,0,18,0,8,3,995.0,0.0,0.0,0.4444444444444444,0.16666666666666666,55.27777777777778
2023,3,20436,F9,12889,10397,LAS,ATL,62,0,0,0,62,0,18,7,852.0,0.0,0.0,0.2903225806451613,0.11290322580645161,13.741935483870968
2023,3,20436,F9,12889,10821,LAS,BWI,31,0,0,0,31,0,10,3,94.0,0.0,0.0,0.3225806451612903,0.0967741935483871,3.032258064516129
2023,3,20436,F9,12889,11292,LAS,DEN,154,1,0,0,153,0,44,17,1847.0,0.006493506493506494,0.0,0.2875816993464052,0.1111111111111111,12.071895424836601
2023,3,20436,F9,12889,11298,LAS,DFW,56,0,0,0,56,0,14,6,756.0,0.0,0.0,0.25,0.10714285714285714,13.5
2023,3,20436,F9,12889,11433,LAS,DTW,31,0,0,0,31,0,12,5,587.0,0.0,0.0,0.3870967741935484,0.16129032258064516,18.93548387096774
2023,3,20436,F9,12889,11697,LAS,FLL,31,0,0,0,31,0,10,2,802.0,0.0,0.0,0.3225806451612903,0.06451612903225806,25.870967741935484
2023,3,20436,F9,12889,12266,LAS,IAH,29,0,0,0,29,0,11,5,822.0,0.0,0.0,0.3793103448275862,0.1724137931034483,28.344827586206897
2023,3,20436,F9,12889,13204,LAS,MCO,61,0,1,0,60,0,17,4,195.0,0.0,0.01639344262295082,0.2833333333333333,0.06666666666666667,3.25
2023,3,20436,F9,12889,13232,LAS,MDW,27,0,0,0,27,0,9,2,288.0,0.0,0.0,0.3333333333333333,0.07407407407407407,10.666666666666666
2023,3,20436,F9,12889,13303,LAS,MIA,31,0,0,0,31,0,14,1,734.0,0.0,0.0,0.45161290322580644,0.03225806451612903,23.677419354838708
2023,3,20436,F9,12889,13487,LAS,MSP,9,0,0,0,9,0,3,1,111.0,0.0,0.0,0.3333333333333333,0.1111111111111111,12.333333333333334
2023,3,20436,F9,12889,13796,LAS,OAK,9,0,0,0,9,0,5,2,333.0,0.0,0.0,0.5555555555555556,0.2222222222222222,37.0
2023,3,20436,F9,12889,13930,LAS,ORD,12,0,0,0,12,0,2,0,-47.0,0.0,0.0,0.16666666666666666,0.0,-3.9166666666666665
2023,3,20436,F9,12889,14100,LAS,PHL,31,0,0,0,31,0,10,3,132.0,0.0,0.0,0.3225806451612903,0.0967741935483871,4.258064516129032
2023,3,20436,F9,12889,14107,LAS,PHX,62,0,0,0,62,0,43,19,2884.0,0.0,0.0,0.6935483870967742,0.3064516129032258,46.516129032258064
2023,3,20436,F9,12889,14679,LAS,SAN,41,0,0,0,41,0,9,2,365.0,0.0,0.0,0.21951219512195122,0.04878048780487805,8.902439024390244
2023,3,20436,F9,12889,14747,LAS,SEA,31,0,0,0,31,0,16,7,797.0,0.0,0.0,0.5161290322580645,0.22580645161290322,25.70967741935484
2023,3,20436,F9,12889,14771,LAS,SFO,66,0,1,0,65,0,25,10,1636.0,0.0,0.015151515151515152,0.38461538461538464,0.15384615384615385,25.16923076923077
2023,3,20436,F9,12889,14869,LAS,SLC,31,0,0,0,31,0,10,2,318.0,0.0,0.0,0.3225806451612903,0.06451612903225806,10.258064516129032
2023,3,20436,F9,12889,15016,LAS,STL,29,0,0,0,29,0,7,4,296.0,0.0,0.0,0.2413793103448276,0.13793103448275862,10.206896551724139
2023,3,20436,F9,12889,15304,LAS,TPA,30,0,0,0,30,0,13,4,653.0,0.0,0.0,0.43333333333333335,0.13333333333333333,21.766666666666666
2023,3,20436,F9,12953,10397,LGA,ATL,31,1,0,0,30,0,9,4,414.0,0.03225806451612903,0.0,0.3,0.13333333333333333,13.8
2023,3,20436,F9,12953,13204,LGA,MCO,31,1,0,0,30,0,15,4,851.0,0.03225806451612903,0.0,0.5,0.13333333333333333,28.366666666666667
2023,3,20436,F9,12953,13303,LGA,MIA,31,0,0,0,31,0,11,8,719.0,0.0,0.0,0.3548387096774194,0.25806451612903225,23.193548387096776
2023,3,20436,F9,13204,10397,MCO,ATL,62,1,0,0,61,0,19,7,983.0,0.016129032258064516,0.0,0.3114754098360656,0.11475409836065574,16.114754098360656
2023,3,20436,F9,13204,10721,MCO,BOS,25,0,0,0,25,0,0,0,-444.0,0.0,0.0,0.0,0.0,-17.76
2023,3,20436,F9,13204,10821,MCO,BWI,62,0,1,0,61,0,23,9,1490.0,0.0,0.016129032258064516,0.3770491803278688,0.14754098360655737,24.42622950819672
2023,3,20436,F9,13204,11292,MCO,DEN,93,2,0,0,91,0,32,13,2470.0,0.021505376344086023,0.0,0.3516483516483517,0.14285714285714285,27.142857142857142
2023,3,20436,F9,13204,11298,MCO,DFW,33,1,1,0,31,0,8,0,12.0,0.030303030303030304,0.030303030303030304,0.25806451612903225,0.0,0.3870967741935484
2023,3,20436,F9,13204,11433,MCO,DTW,35,1,0,0,34,0,6,2,121.0,0.02857142857142857,0.0,0.17647058823529413,0.058823529411764705,3.5588235294117645
2023,3,20436,F9,13204,12266,MCO,IAH,18,0,0,0,18,0,15,5,773.0,0.0,0.0,0.8333333333333334,0.2777777777777778,42.94444444444444
2023,3,20436,F9,13204,12889,MCO,LAS,62,0,0,0,62,0,25,11,1647.0,0.0,0.0,0.4032258064516129,0.1774193548387097,26.56451612903226
2023,3,20436,F9,13204,12953,MCO,LGA,31,1,0,0,30,0,14,4,759.0,0.03225806451612903,0.0,0.4666666666666667,0.13333333333333333,25.3
2023,3,20436,F9,13204,13232,MCO,MDW,62,0,0,0,62,0,33,16,2258.0,0.0,0.0,0.532258064516129,0.25806451612903225,36.41935483870968
2023,3,20436,F9,13204,13930,MCO,ORD,38,0,0,0,38,0,14,2,640.0,0.0,0.0,0.3684210526315789,0.05263157894736842,16.842105263157894
2023,3,20436,F9,13204,14100,MCO,PHL,184,3,0,0,181,0,80,37,7522.0,0.016304347826086956,0.0,0.4419889502762431,0.20441988950276244,41.55801104972376
2023,3,20436,F9,13204,14107,MCO,PHX,55,0,0,0,55,0,24,8,1175.0,0.0,0.0,0.43636363636363634,0.14545454545454545,21.363636363636363
2023,3,20436,F9,13204,14679,MCO,SAN,31,0,0,0,31,0,11,3,487.0,0.0,0.0,0.3548387096774194,0.0967741935483871,15.709677419354838
2023,3,20436,F9,13204,15016,MCO,STL,31,0,0,0,31,0,4,1,116.0,0.0,0.0,0.12903225806451613,0.03225806451612903,3.7419354838709675
2023,3,20436,F9,13232,10397,MDW,ATL,31,2,0,0,29,0,10,2,311.0,0.06451612903225806,0.0,0.3448275862068966,0.06896551724137931,10.724137931034482
2023,3,20436,F9,13232,11292,MDW,DEN,31,0,0,0,31,0,15,4,721.0,0.0,0.0,0.4838709677419355,0.12903225806451613,23.258064516129032
2023,3,20436,F9,13232,11298,MDW,DFW,31,0,1,0,30,0,19,6,782.0,0.0,0.03225806451612903,0.6333333333333333,0.2,26.066666666666666
2023,3,20436,F9,13232,11697,MDW,FLL,31,1,0,0,30,0,5,1,57.0,0.03225806451612903,0.0,0.16666666666666666,0.03333333333333333,1.9
2023,3,20436,F9,13232,12889,MDW,LAS,27,0,0,0,27,0,14,3,1581.0,0.0,0.0,0.5185185185185185,0.1111111111111111,58.55555555555556
2023,3,20436,F9,13232,13204,MDW,MCO,62,0,0,0,62,0,13,7,1157.0,0.0,0.0,0.20967741935483872,0.11290322580645161,18.661290322580644
2023,3,20436,F9,13232,13303,MDW,MIA,22,0,0,0,22,0,7,4,382.0,0.0,0.0,0.3181818181818182,0.18181818181818182,17.363636363636363
2023,3,20436,F9,13232,14100,MDW,PHL,31,1,1,0,29,0,10,4,594.0,0.03225806451612903,0.03225806451612903,0.3448275862068966,0.13793103448275862,20.482758620689655
2023,3,20436,F9,13232,14107,MDW,PHX,31,0,0,0,31,0,9,2,342.0,0.0,0.0,0.2903225806451613,0.06451612903225806,11.03225806451613
2023,3,20436,F9,13232,15304,MDW,TPA,40,0,0,0,40,0,16,5,876.0,0.0,0.0,0.4,0.125,21.9
2023,3,20436,F9,13303,10397,MIA,ATL,44,0,0,0,44,0,14,8,1088.0,0.0,0.0,0.3181818181818182,0.18181818181818182,24.727272727272727
2023,3,20436,F9,13303,10721,MIA,BOS,22,1,0,0,21,0,2,0,-378.0,0.045454545454545456,0.0,0.09523809523809523,0.0,-18.0
2023,3,20436,F9,13303,10821,MIA,BWI,18,0,0,0,18,0,6,1,160.0,0.0,0.0,0.3333333333333333,0.05555555555555555,8.88888888888889
2023,3,20436,F9,13303,11292,MIA,DEN,30,0,0,0,30,0,7,5,377.0,0.0,0.0,0.23333333333333334,0.16666666666666666,12.566666666666666
2023,3,20436,F9,13303,12889,MIA,LAS,31,0,0,0,31,0,11,3,569.0,0.0,0.0,0.3548387096774194,0.0967741935483871,18.35483870967742
2023,3,20436,F9,13303,12953,MIA,LGA,31,0,0,0,31,0,6,4,80.0,0.0,0.0,0.1935483870967742,0.12903225806451613,2.5806451612903225
2023,3,20436,F9,13303,13232,MIA,MDW,22,0,0,0,22,0,4,1,29.0,0.0,0.0,0.18181818181818182,0.045454545454545456,1.3181818181818181
2023,3,20436,F9,13303,14100,MIA,PHL,36,0,0,0,36,0,3,1,-311.0,0.0,0.0,0.08333333333333333,0.027777777777777776,-8.63888888888889
2023,3,20436,F9,13487,11292,MSP,DEN,31,0,0,0,31,0,9,2,231.0,0.0,0.0,0.2903225806451613,0.06451612903225806,7.451612903225806
2023,3,20436,F9,13487,12889,MSP,LAS,9,0,0,0,9,0,5,2,225.0,0.0,0.0,0.5555555555555556,0.2222222222222222,25.0
2023,3,20436,F9,13487,14107,MSP,PHX,28,1,0,0,27,0,12,2,381.0,0.03571428571428571,0.0,0.4444444444444444,0.07407407407407407,14.11111111111111
2023,3,20436,F9,13796,11292,OAK,DEN,13,0,0,0,13,0,2,0,66.0,0.0,0.0,0.15384615384615385,0.0,5.076923076923077
2023,3,20436,F9,13796,12889,OAK,LAS,9,0,0,0,9,0,5,3,282.0,0.0,0.0,0.5555555555555556,0.3333333333333333,31.333333333333332
2023,3,20436,F9,13796,14107,OAK,PHX,13,0,0,0,13,0,5,2,247.0,0.0,0.0,0.38461538461538464,0.15384615384615385,19.0
2023,3,20436,F9,13930,10397,ORD,ATL,31,0,0,0,31,0,22,8,2208.0,0.0,0.0,0.7096774193548387,0.25806451612903225,71.2258064516129
2023,3,20436,F9,13930,12889,ORD,LAS,12,0,0,0,12,0,6,2,336.0,0.0,0.0,0.5,0.16666666666666666,28.0
2023,3,20436,F9,13930,13204,ORD,MCO,38,0,0,0,38,0,21,8,1513.0,0.0,0.0,0.5526315789473685,0.21052631578947367,39.81578947368421
2023,3,20436,F9,14100,10397,PHL,ATL,62,1,0,0,61,0,22,8,907.0,0.016129032258064516,0.0,0.36065573770491804,0.13114754098360656,14.868852459016393
2023,3,20436,F9,14100,10721,PHL,BOS,14,1,0,0,13,0,3,3,608.0,0.07142857142857142,0.0,0.23076923076923078,0.23076923076923078,46.76923076923077
2023,3,20436,F9,14100,11292,PHL,DEN,30,2,0,0,28,0,10,0,348.0,0.06666666666666667,0.0,0.35714285714285715,0.0,12.428571428571429
2023,3,20436,F9,14100,11298,PHL,DFW,29,0,0,0,29,0,14,6,942.0,0.0,0.0,0.4827586206896552,0.20689655172413793,32.48275862068966
2023,3,20436,F9,14100,11697,PHL,FLL,32,0,0,0,32,0,7,2,-58.0,0.0,0.0,0.21875,0.0625,-1.8125
2023,3,20436,F9,14100,12889,PHL,LAS,31,0,0,0,31,0,21,10,1297.0,0.0,0.0,0.6774193548387096,0.3225806451612903,41.83870967741935
2023,3,20436,F9,14100,13204,PHL,MCO,184,3,0,0,181,0,64,30,4287.0,0.016304347826086956,0.0,0.35359116022099446,0.16574585635359115,23.685082872928177
2023,3,20436,F9,14100,13232,PHL,MDW,31,0,0,0,31,0,8,4,835.0,0.0,0.0,0.25806451612903225,0.12903225806451613,26.93548387096774
2023,3,20436,F9,14100,13303,PHL,MIA,36,0,0,0,36,0,9,5,417.0,0.0,0.0,0.25,0.1388888888888889,11.583333333333334
2023,3,20436,F9,14100,14107,PHL,PHX,31,0,0,0,31,0,28,16,2202.0,0.0,0.0,0.9032258064516129,0.5161290322580645,71.03225806451613
2023,3,20436,F9,14100,14635,PHL,RSW,62,1,0,0,61,0,14,8,296.0,0.016129032258064516,0.0,0.22950819672131148,0.13114754098360656,4.852459016393443
2023,3,20436,F9,14100,15304,PHL,TPA,61,1,0,0,60,0,24,15,1700.0,0.01639344262295082,0.0,0.4,0.25,28.333333333333332
2023,3,20436,F9,14107,10397,PHX,ATL,32,0,0,0,32,0,12,7,827.0,0.0,0.0,0.375,0.21875,25.84375
2023,3,20436,F9,14107,10821,PHX,BWI,31,0,0,0,31,0,8,3,273.0,0.0,0.0,0.25806451612903225,0.0967741935483871,8.806451612903226
2023,3,20436,F9,14107,11292,PHX,DEN,93,1,0,0,92,0,27,9,1040.0,0.010752688172043012,0.0,0.29347826086956524,0.09782608695652174,11.304347826086957
2023,3,20436,F9,14107,11298,PHX,DFW,31,0,0,0,31,0,3,3,-105.0,0.0,0.0,0.0967741935483871,0.0967741935483871,-3.3870967741935485
2023,3,20436,F9,14107,11433,PHX,DTW,31,0,1,0,30,0,6,1,-100.0,0.0,0.03225806451612903,0.2,0.03333333333333333,-3.3333333333333335
2023,3,20436,F9,14107,11697,PHX,FLL,31,2,0,0,29,0,12,5,640.0,0.06451612903225806,0.0,0.41379310344827586,0.1724137931034483,22.06896551724138
2023,3,20436,F9,14107,12889,PHX,LAS,62,0,0,0,62,0,26,8,2415.0,0.0,0.0,0.41935483870967744,0.12903225806451613,38.95161290322581
2023,3,20436,F9,14107,13204,PHX,MCO,55,2,1,0,52,0,9,4,173.0,0.03636363636363636,0.01818181818181818,0.17307692307692307,0.07692307692307693,3.326923076923077
2023,3,20436,F9,14107,13232,PHX,MDW,31,0,0,0,31,0,4,0,-336.0,0.0,0.0,0.12903225806451613,0.0,-10.838709677419354
2023,3,20436,F9,14107,13487,PHX,MSP,28,1,0,0,27,0,3,2,-303.0,0.03571428571428571,0.0,0.1111111111111111,0.07407407407407407,-11.222222222222221
2023,3,20436,F9,14107,13796,PHX,OAK,13,0,0,0,13,0,2,0,37.0,0.0,0.0,0.15384615384615385,0.0,2.8461538461538463
2023,3,20436,F9,14107,14100,PHX,PHL,32,0,0,0,32,0,18,7,976.0,0.0,0.0,0.5625,0.21875,30.5
2023,3,20436,F9,14107,14679,PHX,SAN,31,0,0,0,31,0,12,2,434.0,0.0,0.0,0.3870967741935484,0.06451612903225806,14.0
2023,3,20436,F9,14107,14747,PHX,SEA,18,0,0,0,18,0,5,1,281.0,0.0,0.0,0.2777777777777778,0.05555555555555555,15.61111111111111
2023,3,20436,F9,14107,14771,PHX,SFO,30,1,0,0,29,0,9,5,740.0,0.03333333333333333,0.0,0.3103448275862069,0.1724137931034483,25.517241379310345
2023,3,20436,F9,14107,14869,PHX,SLC,31,0,0,0,31,0,9,5,717.0,0.0,0.0,0.2903225806451613,0.16129032258064516,23.129032258064516
2023,3,20436,F9,14635,11292,RSW,DEN,31,1,0,0,30,0,5,1,194.0,0.03225806451612903,0.0,0.16666666666666666,0.03333333333333333,6.466666666666667
2023,3,20436,F9,14635,14100,RSW,PHL,62,0,0,0,62,0,18,10,2046.0,0.0,0.0,0.2903225806451613,0.16129032258064516,33.0
2023,3,20436,F9,14679,11292,SAN,DEN,62,0,0,0,62,0,16,2,127.0,0.0,0.0,0.25806451612903225,0.03225806451612903,2.0483870967741935
2023,3,20436,F9,14679,11298,SAN,DFW,31,0,0,0,31,0,9,3,305.0,0.0,0.0,0.2903225806451613,0.0967741935483871,9.838709677419354
2023,3,20436,F9,14679,12889,SAN,LAS,41,0,0,0,41,0,21,8,1072.0,0.0,0.0,0.5121951219512195,0.1951219512195122,26.146341463414632
2023,3,20436,F9,14679,13204,SAN,MCO,31,0,0,0,31,0,9,2,285.0,0.0,0.0,0.2903225806451613,0.06451612903225806,9.193548387096774
2023,3,20436,F9,14679,14107,SAN,PHX,31,0,0,0,31,0,12,3,826.0,0.0,0.0,0.3870967741935484,0.0967741935483871,26.64516129032258
2023,3,20436,F9,14747,11292,SEA,DEN,31,0,0,0,31,0,18,7,1020.0,0.0,0.0,0.5806451612903226,0.22580645161290322,32.903225806451616
2023,3,20436,F9,14747,12889,SEA,LAS,31,0,0,0,31,0,12,4,708.0,0.0,0.0,0.3870967741935484,0.12903225806451613,22.838709677419356
2023,3,20436,F9,14747,14107,SEA,PHX,18,0,0,0,18,0,13,2,688.0,0.0,0.0,0.7222222222222222,0.1111111111111111,38.22222222222222
2023,3,20436,F9,14771,10397,SFO,ATL,31,1,0,0,30,0,12,6,588.0,0.03225806451612903,0.0,0.4,0.2,19.6
2023,3,20436,F9,14771,11292,SFO,DEN,62,0,0,0,62,0,18,12,1406.0,0.0,0.0,0.2903225806451613,0.1935483870967742,22.677419354838708
2023,3,20436,F9,14771,11298,SFO,DFW,31,3,0,0,28,0,11,8,1241.0,0.0967741935483871,0.0,0.39285714285714285,0.2857142857142857,44.32142857142857
2023,3,20436,F9,14771,12889,SFO,LAS,66,2,0,0,64,0,33,16,3456.0,0.030303030303030304,0.0,0.515625,0.25,54.0
2023,3,20436,F9,14771,14107,SFO,PHX,30,1,0,0,29,0,6,2,43.0,0.03333333333333333,0.0,0.20689655172413793,0.06896551724137931,1.4827586206896552
2023,3,20436,F9,14869,11292,SLC,DEN,61,0,0,0,61,0,25,8,1128.0,0.0,0.0,0.4098360655737705,0.13114754098360656,18.491803278688526
2023,3,20436,F9,14869,12889,SLC,LAS,31,0,0,0,31,0,16,10,2696.0,0.0,0.0,0.5161290322580645,0.3225806451612903,86.96774193548387
2023,3,20436,F9,14869,14107,SLC,PHX,31,0,0,0,31,0,12,4,643.0,0.0,0.0,0.3870967741935484,0.12903225806451613,20.741935483870968
2023,3,20436,F9,15016,11292,STL,DEN,31,0,0,0,31,0,11,2,342.0,0.0,0.0,0.3548387096774194,0.06451612903225806,11.03225806451613
2023,3,20436,F9,15016,12889,STL,LAS,29,0,0,0,29,0,18,4,967.0,0.0,0.0,0.6206896551724138,0.13793103448275862,33.3448275862069
2023,3,20436,F9,15016,13204,STL,MCO,31,1,0,0,30,0,11,5,1582.0,0.03225806451612903,0.0,0.36666666666666664,0.16666666666666666,52.733333333333334
2023,3,20436,F9,15016,15304,STL,TPA,18,0,0,0,18,0,7,2,2096.0,0.0,0.0,0.3888888888888889,0.1111111111111111,116.44444444444444
2023,3,20436,F9,15304,10397,TPA,ATL,31,1,0,0,30,0,10,3,536.0,0.03225806451612903,0.0,0.3333333333333333,0.1,17.866666666666667
2023,3,20436,F9,15304,11292,TPA,DEN,79,2,0,0,77,0,25,11,1356.0,0.02531645569620253,0.0,0.3246753246753247,0.14285714285714285,17.61038961038961
2023,3,20436,F9,15304,11298,TPA,DFW,31,1,0,0,30,0,2,1,-79.0,0.03225806451612903,0.0,0.06666666666666667,0.03333333333333333,-2.6333333333333333
2023,3,20436,F9,15304,11433,TPA,DTW,17,0,0,0,17,0,7,3,360.0,0.0,0.0,0.4117647058823529,0.17647058823529413,21.176470588235293
2023,3,20436,F9,15304,12889,TPA,LAS,30,0,0,0,30,0,15,9,1563.0,0.0,0.0,0.5,0.3,52.1
2023,3,20436,F9,15304,13232,TPA,MDW,40,0,0,0,40,0,23,11,2738.0,0.0,0.0,0.575,0.275,68.45
2023,3,20436,F9,15304,14100,TPA,PHL,61,1,0,0,60,0,15,7,995.0,0.01639344262295082,0.0,0.25,0.11666666666666667,16.583333333333332
2023,3,20436,F9,15304,15016,TPA,STL,18,0,0,0,18,0,2,1,17.0,0.0,0.0,0.1111111111111111,0.05555555555555555,0.9444444444444444
2023,3,20452,YX,10397,11278,ATL,DCA,116,0,0,0,116,0,15,5,-54.0,0.0,0.0,0.12931034482758622,0.04310344827586207,-0.46551724137931033
2023,3,20452,YX,10397,11618,ATL,EWR,19,0,1,0,18,0,5,2,152.0,0.0,0.05263157894736842,0.2777777777777778,0.1111111111111111,8.444444444444445
2023,3,20452,YX,10397,12953,ATL,LGA,124,1,1,0,122,0,18,6,-14.0,0.008064516129032258,0.008064516129032258,0.14754098360655737,0.04918032786885246,-0.11475409836065574
2023,3,20452,YX,10721,10821,BOS,BWI,61,2,0,0,59,0,6,1,-247.0,0.03278688524590164,0.0,0.1016949152542373,0.01694915254237288,-4.186440677966102
2023,3,20452,YX,10721,11278,BOS,DCA,286,11,1,0,274,0,30,5,-1010.0,0.038461538461538464,0.0034965034965034965,0.10948905109489052,0.01824817518248175,-3.6861313868613137
2023,3,20452,YX,10721,11618,BOS,EWR,69,2,0,0,67,0,17,4,380.0,0.028985507246376812,0.0,0.2537313432835821,0.05970149253731343,5.6716417910447765
2023,3,20452,YX,10721,12478,BOS,JFK,271,13,0,0,258,0,35,6,-50.0,0.04797047970479705,0.0,0.13565891472868216,0.023255813953488372,-0.1937984496124031
2023,3,20452,YX,10721,12953,BOS,LGA,409,13,0,0,396,0,53,17,-1029.0,0.03178484107579462,0.0,0.13383838383838384,0.04292929292929293,-2.5984848484848486
2023,3,20452,YX,10721,14100,BOS,PHL,89,3,0,0,86,0,8,4,-412.0,0.033707865168539325,0.0,0.09302325581395349,0.046511627906976744,-4.790697674418604
2023,3,20452,YX,10721,15016,BOS,STL,58,3,0,0,55,0,10,0,186.0,0.05172413793103448,0.0,0.18181818181818182,0.0,3.381818181818182
2023,3,20452,YX,10821,10721,BWI,BOS,61,2,0,0,59,0,2,1,-381.0,0.03278688524590164,0.0,0.03389830508474576,0.01694915254237288,-6.4576271186440675
2023,3,20452,YX,10821,12478,BWI,JFK,8,0,0,0,8,0,2,0,-14.0,0.0,0.0,0.25,0.0,-1.75
2023,3,20452,YX,11278,10397,DCA,ATL,115,0,0,0,115,0,14,6,-496.0,0.0,0.0,0.12173913043478261,0.05217391304347826,-4.3130434782608695
2023,3,20452,YX,11278,10721,DCA,BOS,286,9,0,0,277,0,24,5,-1382.0,0.03146853146853147,0.0,0.08664259927797834,0.018050541516245487,-4.9891696750902526
2023,3,20452,YX,11278,11618,DCA,EWR,114,2,0,0,112,0,27,10,652.0,0.017543859649122806,0.0,0.24107142857142858,0.08928571428571429,5.821428571428571
2023,3,20452,YX,11278,12478,DCA,JFK,248,2,1,0,245,0,43,9,437.0,0.008064516129032258,0.004032258064516129,0.17551020408163265,0.036734693877551024,1.7836734693877552
2023,3,20452,YX,11278,12953,DCA,LGA,425,9,0,0,416,0,70,21,-214.0,0.021176470588235293,0.0,0.16826923076923078,0.05048076923076923,-0.5144230769230769
2023,3,20452,YX,11278,13487,DCA,MSP,4,0,0,0,4,0,0,0,-97.0,0.0,0.0,0.0,0.0,-24.25
2023,3,20452,YX,11278,13930,DCA,ORD,45,0,0,0,45,0,5,0,-481.0,0.0,0.0,0.1111111111111111,0.0,-10.688888888888888
2023,3,20452,YX,11278,14100,DCA,PHL,58,0,0,0,58,0,4,0,-384.0,0.0,0.0,0.06896551724137931,0.0,-6.620689655172414
2023,3,20452,YX,11278,15016,DCA,STL,55,0,0,0,55,0,4,0,-347.0,0.0,0.0,0.07272727272727272,0.0,-6.3090909090909095
2023,3,20452,YX,11298,11618,DFW,EWR,15,0,0,0,15,0,2,0,-106.0,0.0,0.0,0.13333333333333333,0.0,-7.066666666666666
2023,3,20452,YX,11433,11278,DTW,DCA,1,0,0,0,1,0,0,0,-10.0,0.0,0.0,0.0,0.0,-10.0
2023,3,20452,YX,11433,11618,DTW,EWR,88,2,0,0,86,0,11,1,-783.0,0.022727272727272728,0.0,0.12790697674418605,0.011627906976744186,-9.104651162790697
2023,3,20452,YX,11433,12953,DTW,LGA,108,4,0,0,104,0,25,8,852.0,0.037037037037037035,0.0,0.2403846153846154,0.07692307692307693,8.192307692307692
2023,3,20452,YX,11433,13930,DTW,ORD,5,0,0,0,5,0,1,0,-63.0,0.0,0.0,0.2,0.0,-12.6
2023,3,20452,YX,11433,14100,DTW,PHL,34,1,0,0,33,0,6,3,243.0,0.029411764705882353,0.0,0.18181818181818182,0.09090909090909091,7.363636363636363
2023,3,20452,YX,11618,10397,EWR,ATL,19,0,0,0,19,0,3,2,86.0,0.0,0.0,0.15789473684210525,0.10526315789473684,4.526315789473684
2023,3,20452,YX,11618,10721,EWR,BOS,69,1,0,0,68,0,14,3,233.0,0.014492753623188406,0.0,0.20588235294117646,0.04411764705882353,3.426470588235294
2023,3,20452,YX,11618,11278,EWR,DCA,114,1,0,0,113,0,16,3,-537.0,0.008771929824561403,0.0,0.1415929203539823,0.02654867256637168,-4.752212389380531
2023,3,20452,YX,11618,11298,EWR,DFW,15,0,0,0,15,0,6,1,147.0,0.0,0.0,0.4,0.06666666666666667,9.8
2023,3,20452,YX,11618,11433,EWR,DTW,88,1,0,0,87,0,19,3,-38.0,0.011363636363636364,0.0,0.21839080459770116,0.034482758620689655,-0.4367816091954023
2023,3,20452,YX,11618,13487,EWR,MSP,47,0,0,0,47,0,7,2,-15.0,0.0,0.0,0.14893617021276595,0.0425531914893617,-0.3191489361702128
2023,3,20452,YX,11618,14100,EWR,PHL,2,0,0,0,2,0,0,0,-13.0,0.0,0.0,0.0,0.0,-6.5
2023,3,20452,YX,12266,12953,IAH,LGA,58,0,0,0,58,0,9,3,-390.0,0.0,0.0,0.15517241379310345,0.05172413793103448,-6.724137931034483
2023,3,20452,YX,12266,14100,IAH,PHL,30,0,0,0,30,0,1,1,-42.0,0.0,0.0,0.03333333333333333,0.03333333333333333,-1.4
2023,3,20452,YX,12478,10721,JFK,BOS,271,10,0,0,261,0,30,3,-1109.0,0.03690036900369004,0.0,0.11494252873563218,0.011494252873563218,-4.24904214559387
2023,3,20452,YX,12478,10821,JFK,BWI,7,0,0,0,7,0,0,0,18.0,0.0,0.0,0.0,0.0,2.5714285714285716
2023,3,20452,YX,12478,11278,JFK,DCA,248,0,0,0,248,0,40,8,-528.0,0.0,0.0,0.16129032258064516,0.03225806451612903,-2.129032258064516
2023,3,20452,YX,12953,10397,LGA,ATL,124,2,0,0,122,0,14,5,-170.0,0.016129032258064516,0.0,0.11475409836065574,0.040983606557377046,-1.3934426229508197
2023,3,20452,YX,12953,10721,LGA,BOS,409,12,0,0,397,0,46,14,-2004.0,0.029339853300733496,0.0,0.11586901763224182,0.03526448362720403,-5.047858942065491
2023,3,20452,YX,12953,11278,LGA,DCA,425,10,0,0,415,0,47,13,-1912.0,0.023529411764705882,0.0,0.11325301204819277,0.03132530120481928,-4.607228915662651
2023,3,20452,YX,12953,11433,LGA,DTW,108,2,1,0,105,0,20,3,-111.0,0.018518518518518517,0.009259259259259259,0.19047619047619047,0.02857142857142857,-1.0571428571428572
2023,3,20452,YX,12953,12266,LGA,IAH,58,0,0,0,58,0,14,4,444.0,0.0,0.0,0.2413793103448276,0.06896551724137931,7.655172413793103
2023,3,20452,YX,12953,13487,LGA,MSP,58,0,0,0,58,0,5,2,-480.0,0.0,0.0,0.08620689655172414,0.034482758620689655,-8.275862068965518
2023,3,20452,YX,12953,13930,LGA,ORD,10,0,0,0,10,0,0,0,-192.0,0.0,0.0,0.0,0.0,-19.2
2023,3,20452,YX,12953,15016,LGA,STL,131,2,1,0,128,0,17,2,-1097.0,0.015267175572519083,0.007633587786259542,0.1328125,0.015625,-8.5703125
2023,3,20452,YX,13303,15304,MIA,TPA,4,0,0,0,4,0,0,0,-12.0,0.0,0.0,0.0,0.0,-3.0
2023,3,20452,YX,13487,11278,MSP,DCA,4,0,0,0,4,0,0,0,-69.0,0.0,0.0,0.0,0.0,-17.25
2023,3,20452,YX,13487,11618,MSP,EWR,47,0,0,0,47,0,18,4,742.0,0.0,0.0,0.3829787234042553,0.0851063829787234,15.787234042553191
2023,3,20452,YX,13487,12953,MSP,LGA,58,1,1,0,56,0,8,4,-165.0,0.017241379310344827,0.017241379310344827,0.14285714285714285,0.07142857142857142,-2.9464285714285716
2023,3,20452,YX,13487,13930,MSP,ORD,31,0,0,0,31,0,7,3,228.0,0.0,0.0,0.22580645161290322,0.0967741935483871,7.354838709677419
2023,3,20452,YX,13487,14100,MSP,PHL,61,0,0,0,61,0,14,0,-36.0,0.0,0.0,0.22950819672131148,0.0,-0.5901639344262295
2023,3,20452,YX,13930,11278,ORD,DCA,45,0,0,0,45,0,7,0,-352.0,0.0,0.0,0.15555555555555556,0.0,-7.822222222222222
2023,3,20452,YX,13930,11433,ORD,DTW,5,0,0,0,5,0,1,0,-40.0,0.0,0.0,0.2,0.0,-8.0
2023,3,20452,YX,13930,12953,ORD,LGA,10,0,0,0,10,0,1,0,-81.0,0.0,0.0,0.1,0.0,-8.1
2023,3,20452,YX,13930,13487,ORD,MSP,31,0,0,0,31,0,8,3,286.0,0.0,0.0,0.25806451612903225,0.0967741935483871,9.225806451612904
2023,3,20452,YX,13930,14100,ORD,PHL,2,0,0,0,2,0,0,0,-27.0,0.0,0.0,0.0,0.0,-13.5
2023,3,20452,YX,13930,15016,ORD,STL,4,0,0,0,4,0,1,0,-17.0,0.0,0.0,0.25,0.0,-4.25
2023,3,20452,YX,14100,10721,PHL,BOS,89,3,0,0,86,0,8,3,-298.0,0.033707865168539325,0.0,0.09302325581395349,0.03488372093023256,-3.4651162790697674
2023,3,20452,YX,14100,11278,PHL,DCA,58,0,0,0,58,0,4,0,-559.0,0.0,0.0,0.06896551724137931,0.0,-9.637931034482758
2023,3,20452,YX,14100,11433,PHL,DTW,35,1,1,0,33,0,5,2,322.0,0.02857142857142857,0.02857142857142857,0.15151515151515152,0.06060606060606061,9.757575757575758
2023,3,20452,YX,14100,11618,PHL,EWR,2,0,0,0,2,0,0,0,-24.0,0.0,0.0,0.0,0.0,-12.0
2023,3,20452,YX,14100,12266,PHL,IAH,31,0,0,0,31,0,4,1,-256.0,0.0,0.0,0.12903225806451613,0.03225806451612903,-8.258064516129032
2023,3,20452,YX,14100,13487,PHL,MSP,62,1,0,0,61,0,6,1,-392.0,0.016129032258064516,0.0,0.09836065573770492,0.01639344262295082,-6.426229508196721
2023,3,20452,YX,14100,13930,PHL,ORD,2,0,0,0,2,0,0,0,4.0,0.0,0.0,0.0,0.0,2.0
2023,3,20452,YX,14100,15016,PHL,STL,31,0,0,0,31,0,2,0,-218.0,0.0,0.0,0.06451612903225806,0.0,-7.032258064516129
2023,3,20452,YX,15016,10721,STL,BOS,58,1,0,0,57,0,3,1,-468.0,0.017241379310344827,0.0,0.05263157894736842,0.017543859649122806,-8.210526315789474
2023,3,20452,YX,15016,11278,STL,DCA,55,0,0,0,55,0,6,1,-511.0,0.0,0.0,0.10909090909090909,0.01818181818181818,-9.290909090909091
2023,3,20452,YX,15016,12953,STL,LGA,131,2,1,0,128,0,13,6,-1020.0,0.015267175572519083,0.007633587786259542,0.1015625,0.046875,-7.96875
2023,3,20452,YX,15016,13930,STL,ORD,4,0,0,0,4,0,1,0,3.0,0.0,0.0,0.25,0.0,0.75
2023,3,20452,YX,15016,14100,STL,PHL,31,0,0,0,31,0,1,0,-314.0,0.0,0.0,0.03225806451612903,0.0,-10.129032258064516
2023,3,20452,YX,15304,13303,TPA,MIA,4,0,0,0,4,0,3,1,162.0,0.0,0.0,0.75,0.25,40.5
2023,4,19393,WN,10397,10821,ATL,BWI,177,2,0,0,175,0,36,5,819.0,0.011299435028248588,0.0,0.2057142857142857,0.02857142857142857,4.68
2023,4,19393,WN,10397,11278,ATL,DCA,110,0,0,0,110,0,25,3,642.0,0.0,0.0,0.22727272727272727,0.02727272727272727,5.836363636363636
2023,4,19393,WN,10397,11292,ATL,DEN,113,0,0,0,113,0,25,5,609.0,0.0,0.0,0.22123893805309736,0.04424778761061947,5.389380530973451
2023,4,19393,WN,10397,11697,ATL,FLL,97,6,0,0,91,0,38,18,2522.0,0.061855670103092786,0.0,0.4175824175824176,0.1978021978021978,27.714285714285715
2023,4,19393,WN,10397,12889,ATL,LAS,38,0,0,0,38,0,4,2,14.0,0.0,0.0,0.10526315789473684,0.05263157894736842,0.3684210526315789
2023,4,19393,WN,10397,12892,ATL,LAX,3,0,0,0,3,0,1,0,-40.0,0.0,0.0,0.3333333333333333,0.0,-13.333333333333334
2023,4,19393,WN,10397,12953,ATL,LGA,113,1,3,0,109,0,31,8,1166.0,0.008849557522123894,0.02654867256637168,0.28440366972477066,0.07339449541284404,10.697247706422019
2023,4,19393,WN,10397,13204,ATL,MCO,129,1,0,0,128,0,35,10,1398.0,0.007751937984496124,0.0,0.2734375,0.078125,10.921875
2023,4,19393,WN,10397,13232,ATL,MDW,143,1,0,0,142,0,30,7,1352.0,0.006993006993006993,0.0,0.2112676056338028,0.04929577464788732,9.52112676056338
2023,4,19393,WN,10397,13303,ATL,MIA,60,1,0,0,59,0,20,2,493.0,0.016666666666666666,0.0,0.3389830508474576,0.03389830508474576,8.35593220338983
2023,4,19393,WN,10397,13796,ATL,OAK,3,0,0,0,3,0,1,0,37.0,0.0,0.0,0.3333333333333333,0.0,12.333333333333334
2023,4,19393,WN,10397,14100,ATL,PHL,33,0,0,0,33,0,8,2,439.0,0.0,0.0,0.24242424242424243,0.06060606060606061,13.303030303030303
2023,4,19393,WN,10397,14107,ATL,PHX,40,0,0,0,40,0,5,0,-118.0,0.0,0.0,0.125,0.0,-2.95
2023,4,19393,WN,10397,14635,ATL,RSW,36,0,0,0,36,0,9,4,351.0,0.0,0.0,0.25,0.1111111111111111,9.75
2023,4,19393,WN,10397,14679,ATL,SAN,3,0,0,0,3,0,0,0,-5.0,0.0,0.0,0.0,0.0,-1.6666666666666667
2023,4,19393,WN,10397,15016,ATL,STL,85,1,0,0,84,0,23,6,678.0,0.011764705882352941,0.0,0.27380952380952384,0.07142857142857142,8.071428571428571
2023,4,19393,WN,10397,15304,ATL,TPA,120,1,0,0,119,0,38,14,1884.0,0.008333333333333333,0.0,0.31932773109243695,0.11764705882352941,15.831932773109244
2023,4,19393,WN,10721,10821,BOS,BWI,217,2,0,0,215,0,55,19,2270.0,0.009216589861751152,0.0,0.2558139534883721,0.08837209302325581,10.55813953488372
2023,4,19393,WN,10721,11292,BOS,DEN,36,0,0,0,36,0,11,5,514.0,0.0,0.0,0.3055555555555556,0.1388888888888889,14.277777777777779
2023,4,19393,WN,10721,13204,BOS,MCO,5,1,0,0,4,0,1,0,11.0,0.2,0.0,0.25,0.0,2.75
2023,4,19393,WN,10721,13232,BOS,MDW,111,1,0,0,110,0,33,5,953.0,0.009009009009009009,0.0,0.3,0.045454545454545456,8.663636363636364
2023,4,19393,WN,10721,15016,BOS,STL,55,0,0,0,55,0,13,5,292.0,0.0,0.0,0.23636363636363636,0.09090909090909091,5.3090909090909095
2023,4,19393,WN,10821,10397,BWI,ATL,177,0,0,0,177,0,59,11,2007.0,0.0,0.0,0.3333333333333333,0.062146892655367235,11.338983050847459
2023,4,19393,WN,10821,10721,BWI,BOS,218,0,0,0,218,0,79,23,4123.0,0.0,0.0,0.3623853211009174,0.10550458715596331,18.912844036697248
2023,4,19393,WN,10821,11292,BWI,DEN,134,3,3,0,128,0,48,12,1900.0,0.022388059701492536,0.022388059701492536,0.375,0.09375,14.84375
2023,4,19393,WN,10821,11433,BWI,DTW,58,0,0,0,58,0,26,6,1192.0,0.0,0.0,0.4482758620689655,0.10344827586206896,20.551724137931036
2023,4,19393,WN,10821,11697,BWI,FLL,272,23,4,0,245,0,110,48,7473.0,0.08455882352941177,0.014705882352941176,0.4489795918367347,0.19591836734693877,30.50204081632653
2023,4,19393,WN,10821,12889,BWI,LAS,95,1,0,0,94,0,40,10,1505.0,0.010526315789473684,0.0,0.425531914893617,0.10638297872340426,16.01063829787234
2023,4,19393,WN,10821,12892,BWI,LAX,36,0,2,0,34,0,13,4,492.0,0.0,0.05555555555555555,0.38235294117647056,0.11764705882352941,14.470588235294118
2023,4,19393,WN,10821,13204,BWI,MCO,347,9,2,0,336,0,148,47,8928.0,0.025936599423631124,0.005763688760806916,0.44047619047619047,0.13988095238095238,26.571428571428573
2023,4,19393,WN,10821,13232,BWI,MDW,165,4,0,0,161,0,50,10,2044.0,0.024242424242424242,0.0,0.3105590062111801,0.062111801242236024,12.695652173913043
2023,4,19393,WN,10821,13303,BWI,MIA,120,0,2,0,118,0,56,19,3011.0,0.0,0.016666666666666666,0.4745762711864407,0.16101694915254236,25.516949152542374
2023,4,19393,WN,10821,13487,BWI,MSP,28,0,0,0,28,0,6,2,234.0,0.0,0.0,0.21428571428571427,0.07142857142857142,8.357142857142858
2023,4,19393,WN,10821,13930,BWI,ORD,83,0,1,0,82,0,38,5,1449.0,0.0,0.012048192771084338,0.4634146341463415,0.06097560975609756,17.670731707317074
2023,4,19393,WN,10821,14107,BWI,PHX,68,0,0,0,68,0,26,8,1039.0,0.0,0.0,0.38235294117647056,0.11764705882352941,15.279411764705882
2023,4,19393,WN,10821,14635,BWI,RSW,135,1,0,0,134,0,48,11,2638.0,0.007407407407407408,0.0,0.3582089552238806,0.08208955223880597,19.686567164179106
2023,4,19393,WN,10821,14679,BWI,SAN,36,0,0,0,36,0,12,1,16.0,0.0,0.0,0.3333333333333333,0.027777777777777776,0.4444444444444444
2023,4,19393,WN,10821,14869,BWI,SLC,7,0,0,0,7,0,2,1,111.0,0.0,0.0,0.2857142857142857,0.14285714285714285,15.857142857142858
2023,4,19393,WN,10821,15016,BWI,STL,96,0,0,0,96,0,28,8,1619.0,0.0,0.0,0.2916666666666667,0.08333333333333333,16.864583333333332
2023,4,19393,WN,10821,15304,BWI,TPA,247,5,0,0,242,0,84,20,3198.0,0.020242914979757085,0.0,0.34710743801652894,0.08264462809917356,13.214876033057852
2023,4,19393,WN,11278,10397,DCA,ATL,110,1,0,0,109,0,28,4,555.0,0.00909090909090909,0.0,0.25688073394495414,0.03669724770642202,5.091743119266055
2023,4,19393,WN,11278,11697,DCA,FLL,61,6,2,0,53,0,10,2,468.0,0.09836065573770492,0.03278688524590164,0.18867924528301888,0.03773584905660377,8.830188679245284
2023,4,19393,WN,11278,13204,DCA,MCO,77,0,0,0,77,0,18,5,696.0,0.0,0.0,0.23376623376623376,0.06493506493506493,9.03896103896104
2023,4,19393,WN,11278,13232,DCA,MDW,168,3,0,0,165,0,29,7,1079.0,0.017857142857142856,0.0,0.17575757575757575,0.04242424242424243,6.539393939393939
2023,4,19393,WN,11278,14635,DCA,RSW,2,0,0,0,2,0,0,0,-35.0,0.0,0.0,0.0,0.0,-17.5
2023,4,19393,WN,11278,15016,DCA,STL,110,2,1,0,107,0,20,6,733.0,0.01818181818181818,0.00909090909090909,0.18691588785046728,0.056074766355140186,6.850467289719626
2023,4,19393,WN,11278,15304,DCA,TPA,67,1,0,0,66,0,14,8,671.0,0.014925373134328358,0.0,0.21212121212121213,0.12121212121212122,10.166666666666666
2023,4,19393,WN,11292,10397,DEN,ATL,113,0,0,0,113,0,36,7,1704.0,0.0,0.0,0.3185840707964602,0.061946902654867256,15.079646017699115
2023,4,19393,WN,11292,10721,DEN,BOS,36,0,1,0,35,0,18,4,749.0,0.0,0.027777777777777776,0.5142857142857142,0.11428571428571428,21.4
2023,4,19393,WN,11292,10821,DEN,BWI,135,4,1,0,130,0,52,10,1886.0,0.02962962962962963,0.007407407407407408,0.4,0.07692307692307693,14.507692307692308
2023,4,19393,WN,11292,11433,DEN,DTW,30,0,0,0,30,0,8,1,300.0,0.0,0.0,0.26666666666666666,0.03333333333333333,10.0
2023,4,19393,WN,11292,11697,DEN,FLL,28,0,0,0,28,0,19,6,883.0,0.0,0.0,0.6785714285714286,0.21428571428571427,31.535714285714285
2023,4,19393,WN,11292,12266,DEN,IAH,85,0,0,0,85,0,31,8,1315.0,0.0,0.0,0.36470588235294116,0.09411764705882353,15.470588235294118
2023,4,19393,WN,11292,12889,DEN,LAS,366,16,0,0,350,0,114,32,4919.0,0.04371584699453552,0.0,0.32571428571428573,0.09142857142857143,14.054285714285715
2023,4,19393,WN,11292,12892,DEN,LAX,177,1,0,0,176,0,52,13,1865.0,0.005649717514124294,0.0,0.29545454545454547,0.07386363636363637,10.596590909090908
2023,4,19393,WN,11292,12953,DEN,LGA,102,1,0,0,101,0,40,10,1831.0,0.00980392156862745,0.0,0.39603960396039606,0.09900990099009901,18.128712871287128
2023,4,19393,WN,11292,13204,DEN,MCO,139,1,0,0,138,0,50,12,2117.0,0.007194244604316547,0.0,0.36231884057971014,0.08695652173913043,15.340579710144928
2023,4,19393,WN,11292,13232,DEN,MDW,256,1,0,0,255,0,85,23,3654.0,0.00390625,0.0,0.3333333333333333,0.09019607843137255,14.329411764705883
2023,4,19393,WN,11292,13303,DEN,MIA,17,0,0,0,17,0,5,2,92.0,0.0,0.0,0.29411764705882354,0.11764705882352941,5.411764705882353
2023,4,19393,WN,11292,13487,DEN,MSP,190,1,1,0,188,0,48,8,1582.0,0.005263157894736842,0.005263157894736842,0.2553191489361702,0.0425531914893617,8.414893617021276
2023,4,19393,WN,11292,13796,DEN,OAK,152,2,0,0,150,0,46,11,1644.0,0.013157894736842105,0.0,0.30666666666666664,0.07333333333333333,10.96
2023,4,19393,WN,11292,13930,DEN,ORD,158,1,0,0,157,0,52,11,2100.0,0.006329113924050633,0.0,0.33121019108280253,0.07006369426751592,13.375796178343949
2023,4,19393,WN,11292,14100,DEN,PHL,33,0,0,0,33,0,15,2,511.0,0.0,0.0,0.45454545454545453,0.06060606060606061,15.484848484848484
2023,4,19393,WN,11292,14107,DEN,PHX,372,6,0,0,366,0,102,27,3000.0,0.016129032258064516,0.0,0.2786885245901639,0.07377049180327869,8.19672131147541
2023,4,19393,WN,11292,14635,DEN,RSW,7,0,0,0,7,0,2,0,25.0,0.0,0.0,0.2857142857142857,0.0,3.5714285714285716
2023,4,19393,WN,11292,14679,DEN,SAN,198,0,1,0,197,0,48,13,1724.0,0.0,0.005050505050505051,0.2436548223350254,0.06598984771573604,8.751269035532994
2023,4,19393,WN,11292,14747,DEN,SEA,119,1,0,0,118,0,41,7,1413.0,0.008403361344537815,0.0,0.3474576271186441,0.059322033898305086,11.974576271186441
2023,4,19393,WN,11292,14771,DEN,SFO,117,2,0,0,115,0,42,11,2283.0,0.017094017094017096,0.0,0.3652173913043478,0.09565217391304348,19.85217391304348
2023,4,19393,WN,11292,14869,DEN,SLC,215,0,0,0,215,0,56,19,2361.0,0.0,0.0,0.26046511627906976,0.08837209302325581,10.981395348837209
2023,4,19393,WN,11292,15016,DEN,STL,165,1,0,0,164,0,49,13,2426.0,0.006060606060606061,0.0,0.29878048780487804,0.07926829268292683,14.792682926829269
2023,4,19393,WN,11292,15304,DEN,TPA,88,0,0,0,88,0,24,8,874.0,0.0,0.0,0.2727272727272727,0.09090909090909091,9.931818181818182
2023,4,19393,WN,11433,10821,DTW,BWI,58,0,0,0,58,0,16,5,602.0,0.0,0.0,0.27586206896551724,0.08620689655172414,10.379310344827585
2023,4,19393,WN,11433,11292,DTW,DEN,30,0,1,0,29,0,5,0,-88.0,0.0,0.03333333333333333,0.1724137931034483,0.0,-3.0344827586206895
2023,4,19393,WN,11433,13204,DTW,MCO,5,0,0,0,5,0,1,0,-7.0,0.0,0.0,0.2,0.0,-1.4
2023,4,19393,WN,11433,13232,DTW,MDW,100,2,0,0,98,0,16,2,-94.0,0.02,0.0,0.16326530612244897,0.02040816326530612,-0.9591836734693877
2023,4,19393,WN,11433,14107,DTW,PHX,7,0,0,0,7,0,3,1,92.0,0.0,0.0,0.42857142857142855,0.14285714285714285,13.142857142857142
2023,4,19393,WN,11433,15016,DTW,STL,48,0,0,0,48,0,7,1,-87.0,0.0,0.0,0.14583333333333334,0.020833333333333332,-1.8125
2023,4,19393,WN,11433,15304,DTW,TPA,2,0,0,0,2,0,1,0,56.0,0.0,0.0,0.5,0.0,28.0
2023,4,19393,WN,11697,10397,FLL,ATL,97,6,0,0,91,0,34,18,2200.0,0.061855670103092786,0.0,0.37362637362637363,0.1978021978021978,24.175824175824175
2023,4,19393,WN,11697,10821,FLL,BWI,275,29,4,0,242,0,83,31,4709.0,0.10545454545454545,0.014545454545454545,0.34297520661157027,0.128099173553719,19.458677685950413
2023,4,19393,WN,11697,11278,FLL,DCA,61,6,0,0,55,0,18,6,1359.0,0.09836065573770492,0.0,0.32727272727272727,0.10909090909090909,24.70909090909091
2023,4,19393,WN,11697,11292,FLL,DEN,26,0,1,0,25,0,9,4,373.0,0.0,0.038461538461538464,0.36,0.16,14.92
2023,4,19393,WN,11697,12889,FLL,LAS,3,0,0,0,3,0,2,2,406.0,0.0,0.0,0.6666666666666666,0.6666666666666666,135.33333333333334
2023,4,19393,WN,11697,13204,FLL,MCO,57,5,0,0,52,0,17,11,1508.0,0.08771929824561403,0.0,0.3269230769230769,0.21153846153846154,29.0
2023,4,19393,WN,11697,13232,FLL,MDW,110,7,1,0,102,0,39,17,2358.0,0.06363636363636363,0.00909090909090909,0.38235294117647056,0.16666666666666666,23.11764705882353
2023,4,19393,WN,11697,13487,FLL,MSP,2,0,0,0,2,0,1,0,45.0,0.0,0.0,0.5,0.0,22.5
2023,4,19393,WN,11697,13930,FLL,ORD,7,0,0,0,7,0,0,0,-33.0,0.0,0.0,0.0,0.0,-4.714285714285714
2023,4,19393,WN,11697,14100,FLL,PHL,5,0,0,0,5,0,3,0,113.0,0.0,0.0,0.6,0.0,22.6
2023,4,19393,WN,11697,14107,FLL,PHX,5,0,0,0,5,0,4,1,163.0,0.0,0.0,0.8,0.2,32.6
2023,4,19393,WN,11697,15016,FLL,STL,57,2,1,0,54,0,24,9,1423.0,0.03508771929824561,0.017543859649122806,0.4444444444444444,0.16666666666666666,26.35185185185185
2023,4,19393,WN,11697,15304,FLL,TPA,55,5,0,0,50,0,18,8,1322.0,0.09090909090909091,0.0,0.36,0.16,26.44
2023,4,19393,WN,12173,12889,HNL,LAS,60,0,1,0,59,0,3,0,-89.0,0.0,0.016666666666666666,0.05084745762711865,0.0,-1.5084745762711864
2023,4,19393,WN,12173,12892,HNL,LAX,30,0,0,0,30,0,9,3,413.0,0.0,0.0,0.3,0.1,13.766666666666667
2023,4,19393,WN,12173,13796,HNL,OAK,60,0,0,0,60,0,12,1,-24.0,0.0,0.0,0.2,0.016666666666666666,-0.4
2023,4,19393,WN,12173,14107,HNL,PHX,30,0,0,0,30,0,2,1,-70.0,0.0,0.0,0.06666666666666667,0.03333333333333333,-2.3333333333333335
2023,4,19393,WN,12173,14679,HNL,SAN,60,0,0,0,60,0,15,2,354.0,0.0,0.0,0.25,0.03333333333333333,5.9
2023,4,19393,WN,12266,11292,IAH,DEN,85,1,0,0,84,0,21,5,285.0,0.011764705882352941,0.0,0.25,0.05952380952380952,3.392857142857143
2023,4,19393,WN,12266,12889,IAH,LAS,53,2,0,0,51,0,12,8,522.0,0.03773584905660377,0.0,0.23529411764705882,0.1568627450980392,10.235294117647058
2023,4,19393,WN,12266,13204,IAH,MCO,30,0,0,0,30,0,9,2,173.0,0.0,0.0,0.3,0.06666666666666667,5.766666666666667
2023,4,19393,WN,12266,13232,IAH,MDW,43,0,0,0,43,0,12,2,184.0,0.0,0.0,0.27906976744186046,0.046511627906976744,4.27906976744186
2023,4,19393,WN,12266,15304,IAH,TPA,2,0,0,0,2,0,0,0,-14.0,0.0,0.0,0.0,0.0,-7.0
2023,4,19393,WN,12889,10397,LAS,ATL,38,0,0,0,38,0,11,4,509.0,0.0,0.0,0.2894736842105263,0.10526315789473684,13.394736842105264
2023,4,19393,WN,12889,10821,LAS,BWI,95,0,0,0,95,0,39,9,1474.0,0.0,0.0,0.4105263157894737,0.09473684210526316,15.51578947368421
2023,4,19393,WN,12889,11292,LAS,DEN,350,10,1,0,339,0,104,26,4384.0,0.02857142857142857,0.002857142857142857,0.30678466076696165,0.07669616519174041,12.932153392330383
2023,4,19393,WN,12889,11697,LAS,FLL,3,0,0,0,3,0,2,1,130.0,0.0,0.0,0.6666666666666666,0.3333333333333333,43.333333333333336
2023,4,19393,WN,12889,12173,LAS,HNL,60,0,0,0,60,0,11,1,121.0,0.0,0.0,0.18333333333333332,0.016666666666666666,2.0166666666666666
2023,4,19393,WN,12889,12266,LAS,IAH,53,2,0,0,51,0,22,4,894.0,0.03773584905660377,0.0,0.43137254901960786,0.0784313725490196,17.529411764705884
2023,4,19393,WN,12889,12892,LAS,LAX,254,1,0,0,253,0,102,26,4688.0,0.003937007874015748,0.0,0.4031620553359684,0.10276679841897234,18.529644268774703
2023,4,19393,WN,12889,13204,LAS,MCO,10,0,0,0,10,0,8,4,401.0,0.0,0.0,0.8,0.4,40.1
2023,4,19393,WN,12889,13232,LAS,MDW,240,3,4,0,233,0,102,23,4516.0,0.0125,0.016666666666666666,0.43776824034334766,0.09871244635193133,19.38197424892704
2023,4,19393,WN,12889,13796,LAS,OAK,340,8,0,0,332,0,112,31,5202.0,0.023529411764705882,0.0,0.3373493975903614,0.09337349397590361,15.668674698795181
2023,4,19393,WN,12889,13930,LAS,ORD,63,1,0,0,62,0,31,9,1455.0,0.015873015873015872,0.0,0.5,0.14516129032258066,23.467741935483872
2023,4,19393,WN,12889,14107,LAS,PHX,320,8,0,0,312,0,97,20,3400.0,0.025,0.0,0.3108974358974359,0.0641025641025641,10.897435897435898
2023,4,19393,WN,12889,14679,LAS,SAN,416,14,1,0,401,0,149,33,6055.0,0.03365384615384615,0.002403846153846154,0.371571072319202,0.08229426433915212,15.099750623441397
2023,4,19393,WN,12889,14747,LAS,SEA,65,0,0,0,65,0,21,4,616.0,0.0,0.0,0.3230769230769231,0.06153846153846154,9.476923076923077
2023,4,19393,WN,12889,14771,LAS,SFO,105,3,0,0,102,0,42,9,1777.0,0.02857142857142857,0.0,0.4117647058823529,0.08823529411764706,17.42156862745098
2023,4,19393,WN,12889,14869,LAS,SLC,144,1,0,0,143,0,53,16,2757.0,0.006944444444444444,0.0,0.3706293706293706,0.11188811188811189,19.27972027972028
2023,4,19393,WN,12889,15016,LAS,STL,116,0,0,0,116,0,37,13,1834.0,0.0,0.0,0.31896551724137934,0.11206896551724138,15.810344827586206
2023,4,19393,WN,12889,15304,LAS,TPA,10,0,0,0,10,0,2,1,84.0,0.0,0.0,0.2,0.1,8.4
2023,4,19393,WN,12892,10397,LAX,ATL,3,0,0,0,3,0,0,0,-31.0,0.0,0.0,0.0,0.0,-10.333333333333334
2023,4,19393,WN,12892,10821,LAX,BWI,36,0,1,0,35,0,4,0,-145.0,0.0,0.027777777777777776,0.11428571428571428,0.0,-4.142857142857143
2023,4,19393,WN,12892,11292,LAX,DEN,175,1,1,0,173,0,37,10,1016.0,0.005714285714285714,0.005714285714285714,0.2138728323699422,0.057803468208092484,5.872832369942197
2023,4,19393,WN,12892,12173,LAX,HNL,30,0,0,0,30,0,4,1,-30.0,0.0,0.0,0.13333333333333333,0.03333333333333333,-1.0
2023,4,19393,WN,12892,12889,LAX,LAS,258,5,0,0,253,0,85,25,3595.0,0.01937984496124031,0.0,0.3359683794466403,0.09881422924901186,14.209486166007904
2023,4,19393,WN,12892,13232,LAX,MDW,104,0,0,0,104,0,22,3,553.0,0.0,0.0,0.21153846153846154,0.028846153846153848,5.3173076923076925
2023,4,19393,WN,12892,13796,LAX,OAK,252,1,0,0,251,0,45,7,214.0,0.003968253968253968,0.0,0.17928286852589642,0.027888446215139442,0.852589641434263
2023,4,19393,WN,12892,14107,LAX,PHX,198,1,0,0,197,0,49,9,1510.0,0.005050505050505051,0.0,0.24873096446700507,0.04568527918781726,7.66497461928934
2023,4,19393,WN,12892,14771,LAX,SFO,144,1,1,0,142,0,40,6,1190.0,0.006944444444444444,0.006944444444444444,0.28169014084507044,0.04225352112676056,8.380281690140846
2023,4,19393,WN,12892,14869,LAX,SLC,32,0,0,0,32,0,3,0,4.0,0.0,0.0,0.09375,0.0,0.125
2023,4,19393,WN,12892,15016,LAX,STL,61,0,0,0,61,0,21,3,870.0,0.0,0.0,0.3442622950819672,0.04918032786885246,14.262295081967213
2023,4,19393,WN,12953,10397,LGA,ATL,113,2,0,0,111,0,26,6,763.0,0.017699115044247787,0.0,0.23423423423423423,0.05405405405405406,6.873873873873874
2023,4,19393,WN,12953,11292,LGA,DEN,102,1,1,0,100,0,26,4,269.0,0.00980392156862745,0.00980392156862745,0.26,0.04,2.69
2023,4,19393,WN,12953,13204,LGA,MCO,9,0,0,0,9,0,4,2,310.0,0.0,0.0,0.4444444444444444,0.2222222222222222,34.44444444444444
2023,4,19393,WN,12953,13232,LGA,MDW,202,4,1,0,197,0,45,14,1417.0,0.019801980198019802,0.0049504950495049506,0.22842639593908629,0.07106598984771574,7.192893401015229
2023,4,19393,WN,12953,15016,LGA,STL,125,2,0,0,123,0,19,6,288.0,0.016,0.0,0.15447154471544716,0.04878048780487805,2.341463414634146
2023,4,19393,WN,12953,15304,LGA,TPA,32,0,0,0,32,0,18,8,1409.0,0.0,0.0,0.5625,0.25,44.03125
2023,4,19393,WN,13204,10397,MCO,ATL,129,0,0,0,129,0,40,15,2073.0,0.0,0.0,0.31007751937984496,0.11627906976744186,16.069767441860463
2023,4,19393,WN,13204,10721,MCO,BOS,5,0,0,0,5,0,0,0,-13.0,0.0,0.0,0.0,0.0,-2.6
2023,4,19393,WN,13204,10821,MCO,BWI,343,9,2,0,332,0,92,25,2958.0,0.026239067055393587,0.0058309037900874635,0.27710843373493976,0.07530120481927711,8.909638554216867
2023,4,19393,WN,13204,11278,MCO,DCA,77,2,0,0,75,0,18,2,443.0,0.025974025974025976,0.0,0.24,0.02666666666666667,5.906666666666666
2023,4,19393,WN,13204,11292,MCO,DEN,141,1,2,0,138,0,37,14,860.0,0.0070921985815602835,0.014184397163120567,0.26811594202898553,0.10144927536231885,6.231884057971015
2023,4,19393,WN,13204,11433,MCO,DTW,5,0,0,0,5,0,1,0,8.0,0.0,0.0,0.2,0.0,1.6
2023,4,19393,WN,13204,11697,MCO,FLL,55,4,0,0,51,0,15,6,829.0,0.07272727272727272,0.0,0.29411764705882354,0.11764705882352941,16.254901960784313
2023,4,19393,WN,13204,12266,MCO,IAH,30,0,0,0,30,0,9,2,239.0,0.0,0.0,0.3,0.06666666666666667,7.966666666666667
2023,4,19393,WN,13204,12889,MCO,LAS,12,0,0,0,12,0,4,1,56.0,0.0,0.0,0.3333333333333333,0.08333333333333333,4.666666666666667
2023,4,19393,WN,13204,12953,MCO,LGA,9,0,0,0,9,0,3,1,304.0,0.0,0.0,0.3333333333333333,0.1111111111111111,33.77777777777778
2023,4,19393,WN,13204,13232,MCO,MDW,227,1,2,0,224,0,63,15,1919.0,0.004405286343612335,0.00881057268722467,0.28125,0.06696428571428571,8.566964285714286
2023,4,19393,WN,13204,13487,MCO,MSP,4,0,0,0,4,0,2,1,114.0,0.0,0.0,0.5,0.25,28.5
2023,4,19393,WN,13204,13930,MCO,ORD,69,0,0,0,69,0,17,5,1220.0,0.0,0.0,0.2463768115942029,0.07246376811594203,17.681159420289855
2023,4,19393,WN,13204,14100,MCO,PHL,29,0,0,0,29,0,10,4,439.0,0.0,0.0,0.3448275862068966,0.13793103448275862,15.137931034482758
2023,4,19393,WN,13204,14107,MCO,PHX,37,0,1,0,36,0,9,2,306.0,0.0,0.02702702702702703,0.25,0.05555555555555555,8.5
2023,4,19393,WN,13204,14635,MCO,RSW,28,0,0,0,28,0,8,4,370.0,0.0,0.0,0.2857142857142857,0.14285714285714285,13.214285714285714
2023,4,19393,WN,13204,14869,MCO,SLC,2,0,0,0,2,0,1,0,17.0,0.0,0.0,0.5,0.0,8.5
2023,4,19393,WN,13204,15016,MCO,STL,157,1,1,0,155,0,51,16,2210.0,0.006369426751592357,0.006369426751592357,0.32903225806451614,0.1032258064516129,14.258064516129032
2023,4,19393,WN,13232,10397,MDW,ATL,143,1,0,0,142,0,46,9,1561.0,0.006993006993006993,0.0,0.323943661971831,0.06338028169014084,10.992957746478874
2023,4,19393,WN,13232,10721,MDW,BOS,111,0,0,0,111,0,37,16,2134.0,0.0,0.0,0.3333333333333333,0.14414414414414414,19.225225225225227
2023,4,19393,WN,13232,10821,MDW,BWI,160,2,0,0,158,0,50,13,2348.0,0.0125,0.0,0.31645569620253167,0.08227848101265822,14.860759493670885
2023,4,19393,WN,13232,11278,MDW,DCA,168,2,3,0,163,0,44,12,2032.0,0.011904761904761904,0.017857142857142856,0.26993865030674846,0.0736196319018405,12.466257668711657
2023,4,19393,WN,13232,11292,MDW,DEN,259,3,3,0,253,0,75,21,2028.0,0.011583011583011582,0.011583011583011582,0.2964426877470356,0.08300395256916997,8.015810276679842
2023,4,19393,WN,13232,11433,MDW,DTW,100,1,0,0,99,0,27,2,915.0,0.01,0.0,0.2727272727272727,0.020202020202020204,9.242424242424242
2023,4,19393,WN,13232,11697,MDW,FLL,113,7,2,0,104,0,30,9,1385.0,0.061946902654867256,0.017699115044247787,0.28846153846153844,0.08653846153846154,13.317307692307692
2023,4,19393,WN,13232,12266,MDW,IAH,57,1,0,0,56,0,13,7,465.0,0.017543859649122806,0.0,0.23214285714285715,0.125,8.303571428571429
2023,4,19393,WN,13232,12889,MDW,LAS,226,2,0,0,224,0,71,22,2426.0,0.008849557522123894,0.0,0.3169642857142857,0.09821428571428571,10.830357142857142
2023,4,19393,WN,13232,12892,MDW,LAX,104,0,0,0,104,0,40,14,1228.0,0.0,0.0,0.38461538461538464,0.1346153846153846,11.807692307692308
2023,4,19393,WN,13232,12953,MDW,LGA,202,4,2,0,196,0,61,19,2669.0,0.019801980198019802,0.009900990099009901,0.3112244897959184,0.09693877551020408,13.61734693877551
2023,4,19393,WN,13232,13204,MDW,MCO,230,3,1,0,226,0,76,21,3424.0,0.013043478260869565,0.004347826086956522,0.336283185840708,0.09292035398230089,15.150442477876107
2023,4,19393,WN,13232,13303,MDW,MIA,70,1,0,0,69,0,20,5,870.0,0.014285714285714285,0.0,0.2898550724637681,0.07246376811594203,12.608695652173912
2023,4,19393,WN,13232,13487,MDW,MSP,192,1,0,0,191,0,38,11,779.0,0.005208333333333333,0.0,0.19895287958115182,0.05759162303664921,4.0785340314136125
2023,4,19393,WN,13232,13796,MDW,OAK,55,0,1,0,54,0,15,6,384.0,0.0,0.01818181818181818,0.2777777777777778,0.1111111111111111,7.111111111111111
2023,4,19393,WN,13232,14100,MDW,PHL,94,0,0,0,94,0,28,6,1090.0,0.0,0.0,0.2978723404255319,0.06382978723404255,11.595744680851064
2023,4,19393,WN,13232,14107,MDW,PHX,227,2,0,0,225,0,68,13,1373.0,0.00881057268722467,0.0,0.3022222222222222,0.057777777777777775,6.102222222222222
2023,4,19393,WN,13232,14635,MDW,RSW,110,0,0,0,110,0,33,6,1129.0,0.0,0.0,0.3,0.05454545454545454,10.263636363636364
2023,4,19393,WN,13232,14679,MDW,SAN,74,1,0,0,73,0,15,2,-92.0,0.013513513513513514,0.0,0.2054794520547945,0.0273972602739726,-1.2602739726027397
2023,4,19393,WN,13232,14747,MDW,SEA,33,0,0,0,33,0,9,3,389.0,0.0,0.0,0.2727272727272727,0.09090909090909091,11.787878787878787
2023,4,19393,WN,13232,14869,MDW,SLC,52,1,0,0,51,0,21,9,1196.0,0.019230769230769232,0.0,0.4117647058823529,0.17647058823529413,23.45098039215686
2023,4,19393,WN,13232,15016,MDW,STL,167,1,0,0,166,0,47,9,1449.0,0.005988023952095809,0.0,0.28313253012048195,0.05421686746987952,8.728915662650602
2023,4,19393,WN,13232,15304,MDW,TPA,162,2,0,0,160,0,51,14,2472.0,0.012345679012345678,0.0,0.31875,0.0875,15.45
2023,4,19393,WN,13303,10397,MIA,ATL,60,0,0,0,60,0,19,6,949.0,0.0,0.0,0.31666666666666665,0.1,15.816666666666666
2023,4,19393,WN,13303,10821,MIA,BWI,120,0,3,0,117,0,38,16,2034.0,0.0,0.025,0.3247863247863248,0.13675213675213677,17.384615384615383
2023,4,19393,WN,13303,11292,MIA,DEN,17,0,1,0,16,0,5,3,357.0,0.0,0.058823529411764705,0.3125,0.1875,22.3125
2023,4,19393,WN,13303,13232,MIA,MDW,70,1,0,0,69,0,19,8,999.0,0.014285714285714285,0.0,0.2753623188405797,0.11594202898550725,14.478260869565217
2023,4,19393,WN,13303,15016,MIA,STL,34,0,0,0,34,0,16,2,630.0,0.0,0.0,0.47058823529411764,0.058823529411764705,18.529411764705884
2023,4,19393,WN,13487,10821,MSP,BWI,28,0,0,0,28,0,9,0,268.0,0.0,0.0,0.32142857142857145,0.0,9.571428571428571
2023,4,19393,WN,13487,11292,MSP,DEN,191,4,2,0,185,0,42,10,776.0,0.020942408376963352,0.010471204188481676,0.22702702702702704,0.05405405405405406,4.194594594594594
2023,4,19393,WN,13487,11697,MSP,FLL,2,1,0,0,1,0,0,0,-19.0,0.5,0.0,0.0,0.0,-19.0
2023,4,19393,WN,13487,13204,MSP,MCO,4,0,0,0,4,0,3,1,134.0,0.0,0.0,0.75,0.25,33.5
2023,4,19393,WN,13487,13232,MSP,MDW,192,3,0,0,189,0,42,7,581.0,0.015625,0.0,0.2222222222222222,0.037037037037037035,3.074074074074074
2023,4,19393,WN,13487,14107,MSP,PHX,36,1,0,0,35,0,1,0,-353.0,0.027777777777777776,0.0,0.02857142857142857,0.0,-10.085714285714285
2023,4,19393,WN,13487,14635,MSP,RSW,2,1,0,0,1,0,0,0,-1.0,0.5,0.0,0.0,0.0,-1.0
2023,4,19393,WN,13487,15016,MSP,STL,50,2,0,0,48,0,12,2,128.0,0.04,0.0,0.25,0.041666666666666664,2.6666666666666665
2023,4,19393,WN,13487,15304,MSP,TPA,2,0,0,0,2,0,1,0,44.0,0.0,0.0,0.5,0.0,22.0
2023,4,19393,WN,13796,10397,OAK,ATL,3,0,0,0,3,0,1,0,34.0,0.0,0.0,0.3333333333333333,0.0,11.333333333333334
2023,4,19393,WN,13796,11292,OAK,DEN,153,1,1,0,151,0,36,5,973.0,0.006535947712418301,0.006535947712418301,0.23841059602649006,0.033112582781456956,6.443708609271523
2023,4,19393,WN,13796,12173,OAK,HNL,60,0,0,0,60,0,11,1,95.0,0.0,0.0,0.18333333333333332,0.016666666666666666,1.5833333333333333
2023,4,19393,WN,13796,12889,OAK,LAS,336,8,0,0,328,0,99,29,4406.0,0.023809523809523808,0.0,0.3018292682926829,0.08841463414634146,13.432926829268293
2023,4,19393,WN,13796,12892,OAK,LAX,257,0,0,0,257,0,46,10,518.0,0.0,0.0,0.17898832684824903,0.038910505836575876,2.0155642023346303
2023,4,19393,WN,13796,13232,OAK,MDW,55,0,1,0,54,0,12,3,350.0,0.0,0.01818181818181818,0.2222222222222222,0.05555555555555555,6.481481481481482
2023,4,19393,WN,13796,14107,OAK,PHX,153,1,0,0,152,0,24,5,458.0,0.006535947712418301,0.0,0.15789473684210525,0.03289473684210526,3.013157894736842
2023,4,19393,WN,13796,14679,OAK,SAN,304,1,0,0,303,0,58,9,1673.0,0.003289473684210526,0.0,0.19141914191419143,0.0297029702970297,5.521452145214521
2023,4,19393,WN,13796,14747,OAK,SEA,117,0,0,0,117,0,32,6,641.0,0.0,0.0,0.27350427350427353,0.05128205128205128,5.478632478632479
2023,4,19393,WN,13796,14869,OAK,SLC,77,0,0,0,77,0,14,1,174.0,0.0,0.0,0.18181818181818182,0.012987012987012988,2.25974025974026
2023,4,19393,WN,13796,15016,OAK,STL,14,0,0,0,14,0,0,0,-114.0,0.0,0.0,0.0,0.0,-8.142857142857142
2023,4,19393,WN,13930,10821,ORD,BWI,83,2,0,0,81,0,28,8,1320.0,0.024096385542168676,0.0,0.345679012345679,0.09876543209876543,16.296296296296298
2023,4,19393,WN,13930,11292,ORD,DEN,160,1,2,0,157,0,50,14,1940.0,0.00625,0.0125,0.3184713375796178,0.08917197452229299,12.356687898089172
2023,4,19393,WN,13930,11697,ORD,FLL,7,0,0,0,7,0,4,1,218.0,0.0,0.0,0.5714285714285714,0.14285714285714285,31.142857142857142
2023,4,19393,WN,13930,12889,ORD,LAS,63,0,0,0,63,0,38,14,1917.0,0.0,0.0,0.6031746031746031,0.2222222222222222,30.428571428571427
2023,4,19393,WN,13930,13204,ORD,MCO,69,0,0,0,69,0,36,6,1464.0,0.0,0.0,0.5217391304347826,0.08695652173913043,21.217391304347824
2023,4,19393,WN,13930,14107,ORD,PHX,88,0,0,0,88,0,25,6,852.0,0.0,0.0,0.2840909090909091,0.06818181818181818,9.681818181818182
2023,4,19393,WN,13930,14635,ORD,RSW,30,1,0,0,29,0,12,2,494.0,0.03333333333333333,0.0,0.41379310344827586,0.06896551724137931,17.03448275862069
2023,4,19393,WN,13930,15304,ORD,TPA,35,0,0,0,35,0,20,5,793.0,0.0,0.0,0.5714285714285714,0.14285714285714285,22.65714285714286
2023,4,19393,WN,14100,10397,PHL,ATL,33,0,0,0,33,0,2,1,-202.0,0.0,0.0,0.06060606060606061,0.030303030303030304,-6.121212121212121
2023,4,19393,WN,14100,11292,PHL,DEN,33,0,3,0,30,0,11,4,458.0,0.0,0.09090909090909091,0.36666666666666664,0.13333333333333333,15.266666666666667
2023,4,19393,WN,14100,11697,PHL,FLL,5,0,0,0,5,0,4,2,314.0,0.0,0.0,0.8,0.4,62.8
2023,4,19393,WN,14100,13204,PHL,MCO,29,0,0,0,29,0,11,4,574.0,0.0,0.0,0.3793103448275862,0.13793103448275862,19.79310344827586
2023,4,19393,WN,14100,13232,PHL,MDW,94,0,0,0,94,0,17,2,597.0,0.0,0.0,0.18085106382978725,0.02127659574468085,6.351063829787234
2023,4,19393,WN,14100,15016,PHL,STL,33,0,0,0,33,0,3,1,0.0,0.0,0.0,0.09090909090909091,0.030303030303030304,0.0
2023,4,19393,WN,14100,15304,PHL,TPA,12,0,0,0,12,0,6,2,337.0,0.0,0.0,0.5,0.16666666666666666,28.083333333333332
2023,4,19393,WN,14107,10397,PHX,ATL,40,0,0,0,40,0,10,5,305.0,0.0,0.0,0.25,0.125,7.625
2023,4,19393,WN,14107,10821,PHX,BWI,68,0,0,0,68,0,25,5,680.0,0.0,0.0,0.36764705882352944,0.07352941176470588,10.0
2023,4,19393,WN,14107,11292,PHX,DEN,388,4,1,0,383,0,86,17,2657.0,0.010309278350515464,0.002577319587628866,0.2245430809399478,0.044386422976501305,6.93733681462141
2023,4,19393,WN,14107,11433,PHX,DTW,7,0,0,0,7,0,1,0,16.0,0.0,0.0,0.14285714285714285,0.0,2.2857142857142856
2023,4,19393,WN,14107,11697,PHX,FLL,5,0,0,0,5,0,2,1,103.0,0.0,0.0,0.4,0.2,20.6
2023,4,19393,WN,14107,12173,PHX,HNL,30,0,0,0,30,0,6,1,76.0,0.0,0.0,0.2,0.03333333333333333,2.533333333333333
2023,4,19393,WN,14107,12889,PHX,LAS,320,1,0,0,319,0,106,29,4243.0,0.003125,0.0,0.3322884012539185,0.09090909090909091,13.300940438871473
2023,4,19393,WN,14107,12892,PHX,LAX,197,0,0,0,197,0,41,6,718.0,0.0,0.0,0.20812182741116753,0.030456852791878174,3.6446700507614214
2023,4,19393,WN,14107,13204,PHX,MCO,37,0,0,0,37,0,18,3,661.0,0.0,0.0,0.4864864864864865,0.08108108108108109,17.864864864864863
2023,4,19393,WN,14107,13232,PHX,MDW,217,1,0,0,216,0,73,12,2656.0,0.004608294930875576,0.0,0.33796296296296297,0.05555555555555555,12.296296296296296
2023,4,19393,WN,14107,13487,PHX,MSP,36,1,0,0,35,0,14,2,494.0,0.027777777777777776,0.0,0.4,0.05714285714285714,14.114285714285714
2023,4,19393,WN,14107,13796,PHX,OAK,166,0,0,0,166,0,46,9,1461.0,0.0,0.0,0.27710843373493976,0.05421686746987952,8.801204819277109
2023,4,19393,WN,14107,13930,PHX,ORD,90,1,2,0,87,0,37,13,1618.0,0.011111111111111112,0.022222222222222223,0.42528735632183906,0.14942528735632185,18.597701149425287
2023,4,19393,WN,14107,14679,PHX,SAN,261,0,0,0,261,0,52,11,1821.0,0.0,0.0,0.19923371647509577,0.0421455938697318,6.977011494252873
2023,4,19393,WN,14107,14747,PHX,SEA,58,0,0,0,58,0,16,6,836.0,0.0,0.0,0.27586206896551724,0.10344827586206896,14.413793103448276
2023,4,19393,WN,14107,14771,PHX,SFO,90,0,0,0,90,0,25,6,856.0,0.0,0.0,0.2777777777777778,0.06666666666666667,9.511111111111111
2023,4,19393,WN,14107,14869,PHX,SLC,156,1,0,0,155,0,26,2,377.0,0.00641025641025641,0.0,0.16774193548387098,0.012903225806451613,2.432258064516129
2023,4,19393,WN,14107,15016,PHX,STL,95,0,0,0,95,0,17,3,542.0,0.0,0.0,0.17894736842105263,0.031578947368421054,5.705263157894737
2023,4,19393,WN,14107,15304,PHX,TPA,35,0,0,0,35,0,15,3,690.0,0.0,0.0,0.42857142857142855,0.08571428571428572,19.714285714285715
2023,4,19393,WN,14635,10397,RSW,ATL,37,0,0,0,37,0,2,1,-253.0,0.0,0.0,0.05405405405405406,0.02702702702702703,-6.837837837837838
2023,4,19393,WN,14635,10821,RSW,BWI,137,1,1,0,135,0,33,3,777.0,0.0072992700729927005,0.0072992700729927005,0.24444444444444444,0.022222222222222223,5.7555555555555555
2023,4,19393,WN,14635,11278,RSW,DCA,2,0,0,0,2,0,0,0,-24.0,0.0,0.0,0.0,0.0,-12.0
2023,4,19393,WN,14635,11292,RSW,DEN,7,1,0,0,6,0,1,0,-2.0,0.14285714285714285,0.0,0.16666666666666666,0.0,-0.3333333333333333
2023,4,19393,WN,14635,13204,RSW,MCO,28,1,0,0,27,0,2,0,-166.0,0.03571428571428571,0.0,0.07407407407407407,0.0,-6.148148148148148
2023,4,19393,WN,14635,13232,RSW,MDW,108,1,1,0,106,0,26,12,1384.0,0.009259259259259259,0.009259259259259259,0.24528301886792453,0.11320754716981132,13.056603773584905
2023,4,19393,WN,14635,13487,RSW,MSP,2,0,0,0,2,0,0,0,-10.0,0.0,0.0,0.0,0.0,-5.0
2023,4,19393,WN,14635,13930,RSW,ORD,30,0,1,0,29,0,6,2,144.0,0.0,0.03333333333333333,0.20689655172413793,0.06896551724137931,4.9655172413793105
2023,4,19393,WN,14635,15016,RSW,STL,72,1,0,0,71,0,15,3,571.0,0.013888888888888888,0.0,0.2112676056338028,0.04225352112676056,8.04225352112676
2023,4,19393,WN,14679,10397,SAN,ATL,3,0,0,0,3,0,0,0,-20.0,0.0,0.0,0.0,0.0,-6.666666666666667
2023,4,19393,WN,14679,10821,SAN,BWI,36,0,1,0,35,0,12,2,449.0,0.0,0.027777777777777776,0.34285714285714286,0.05714285714285714,12.82857142857143
2023,4,19393,WN,14679,11292,SAN,DEN,198,2,1,0,195,0,47,10,1572.0,0.010101010101010102,0.005050505050505051,0.24102564102564103,0.05128205128205128,8.061538461538461
2023,4,19393,WN,14679,12173,SAN,HNL,60,0,0,0,60,0,22,4,451.0,0.0,0.0,0.36666666666666664,0.06666666666666667,7.516666666666667
2023,4,19393,WN,14679,12889,SAN,LAS,416,15,0,0,401,0,135,39,5681.0,0.036057692307692304,0.0,0.33665835411471323,0.09725685785536159,14.16708229426434
2023,4,19393,WN,14679,13232,SAN,MDW,72,1,0,0,71,0,21,4,551.0,0.013888888888888888,0.0,0.29577464788732394,0.056338028169014086,7.76056338028169
2023,4,19393,WN,14679,13796,SAN,OAK,307,2,0,0,305,0,61,13,1627.0,0.006514657980456026,0.0,0.2,0.04262295081967213,5.334426229508197
2023,4,19393,WN,14679,14107,SAN,PHX,258,1,0,0,257,0,63,9,1846.0,0.003875968992248062,0.0,0.245136186770428,0.03501945525291829,7.182879377431907
2023,4,19393,WN,14679,14771,SAN,SFO,134,1,0,0,133,0,37,8,1472.0,0.007462686567164179,0.0,0.2781954887218045,0.06015037593984962,11.06766917293233
2023,4,19393,WN,14679,14869,SAN,SLC,30,0,0,0,30,0,8,0,180.0,0.0,0.0,0.26666666666666666,0.0,6.0
2023,4,19393,WN,14679,15016,SAN,STL,30,0,0,0,30,0,9,0,244.0,0.0,0.0,0.3,0.0,8.133333333333333
2023,4,19393,WN,14747,11292,SEA,DEN,119,0,1,0,118,0,29,9,1117.0,0.0,0.008403361344537815,0.2457627118644068,0.07627118644067797,9.466101694915254
2023,4,19393,WN,14747,12889,SEA,LAS,65,0,0,0,65,0,24,9,1278.0,0.0,0.0,0.36923076923076925,0.13846153846153847,19.661538461538463
2023,4,19393,WN,14747,13232,SEA,MDW,33,0,0,0,33,0,9,1,285.0,0.0,0.0,0.2727272727272727,0.030303030303030304,8.636363636363637
2023,4,19393,WN,14747,13796,SEA,OAK,99,0,0,0,99,0,24,5,554.0,0.0,0.0,0.24242424242424243,0.050505050505050504,5.595959595959596
2023,4,19393,WN,14747,14107,SEA,PHX,72,0,0,0,72,0,16,6,625.0,0.0,0.0,0.2222222222222222,0.08333333333333333,8.680555555555555
2023,4,19393,WN,14771,11292,SFO,DEN,117,1,0,0,116,0,37,8,1278.0,0.008547008547008548,0.0,0.31896551724137934,0.06896551724137931,11.017241379310345
2023,4,19393,WN,14771,12889,SFO,LAS,101,3,0,0,98,0,32,9,1469.0,0.0297029702970297,0.0,0.32653061224489793,0.09183673469387756,14.989795918367347
2023,4,19393,WN,14771,12892,SFO,LAX,144,1,0,0,143,0,52,14,1855.0,0.006944444444444444,0.0,0.36363636363636365,0.0979020979020979,12.972027972027972
2023,4,19393,WN,14771,14107,SFO,PHX,90,0,0,0,90,0,27,3,977.0,0.0,0.0,0.3,0.03333333333333333,10.855555555555556
2023,4,19393,WN,14771,14679,SFO,SAN,135,3,0,0,132,0,39,5,1486.0,0.022222222222222223,0.0,0.29545454545454547,0.03787878787878788,11.257575757575758
2023,4,19393,WN,14869,10821,SLC,BWI,7,0,1,0,6,0,1,0,-25.0,0.0,0.14285714285714285,0.16666666666666666,0.0,-4.166666666666667
2023,4,19393,WN,14869,11292,SLC,DEN,216,3,1,0,212,0,51,17,1566.0,0.013888888888888888,0.004629629629629629,0.24056603773584906,0.08018867924528301,7.386792452830188
2023,4,19393,WN,14869,12889,SLC,LAS,144,2,0,0,142,0,53,16,2194.0,0.013888888888888888,0.0,0.3732394366197183,0.11267605633802817,15.450704225352112
2023,4,19393,WN,14869,12892,SLC,LAX,32,0,0,0,32,0,4,2,178.0,0.0,0.0,0.125,0.0625,5.5625
2023,4,19393,WN,14869,13204,SLC,MCO,2,0,0,0,2,0,0,0,-15.0,0.0,0.0,0.0,0.0,-7.5
2023,4,19393,WN,14869,13232,SLC,MDW,52,0,0,0,52,0,13,4,742.0,0.0,0.0,0.25,0.07692307692307693,14.26923076923077
2023,4,19393,WN,14869,13796,SLC,OAK,77,0,0,0,77,0,26,3,603.0,0.0,0.0,0.33766233766233766,0.03896103896103896,7.8311688311688314
2023,4,19393,WN,14869,14107,SLC,PHX,156,0,0,0,156,0,40,7,885.0,0.0,0.0,0.2564102564102564,0.04487179487179487,5.673076923076923
2023,4,19393,WN,14869,14679,SLC,SAN,30,0,0,0,30,0,6,2,308.0,0.0,0.0,0.2,0.06666666666666667,10.266666666666667
2023,4,19393,WN,14869,15304,SLC,TPA,2,0,0,0,2,0,0,0,12.0,0.0,0.0,0.0,0.0,6.0
2023,4,19393,WN,15016,10397,STL,ATL,85,1,0,0,84,0,20,5,605.0,0.011764705882352941,0.0,0.23809523809523808,0.05952380952380952,7.2023809523809526
2023,4,19393,WN,15016,10721,STL,BOS,55,1,0,0,54,0,16,5,722.0,0.01818181818181818,0.0,0.2962962962962963,0.09259259259259259,13.37037037037037
2023,4,19393,WN,15016,10821,STL,BWI,96,1,0,0,95,0,20,4,748.0,0.010416666666666666,0.0,0.21052631578947367,0.042105263157894736,7.873684210526315
2023,4,19393,WN,15016,11278,STL,DCA,110,0,1,0,109,0,42,9,1790.0,0.0,0.00909090909090909,0.3853211009174312,0.08256880733944955,16.422018348623855
2023,4,19393,WN,15016,11292,STL,DEN,161,2,1,0,158,0,36,10,1118.0,0.012422360248447204,0.006211180124223602,0.22784810126582278,0.06329113924050633,7.075949367088608
2023,4,19393,WN,15016,11433,STL,DTW,48,0,0,0,48,0,8,2,370.0,0.0,0.0,0.16666666666666666,0.041666666666666664,7.708333333333333
2023,4,19393,WN,15016,11697,STL,FLL,57,1,0,0,56,0,14,3,563.0,0.017543859649122806,0.0,0.25,0.05357142857142857,10.053571428571429
2023,4,19393,WN,15016,12889,STL,LAS,120,0,0,0,120,0,34,7,833.0,0.0,0.0,0.2833333333333333,0.058333333333333334,6.941666666666666
2023,4,19393,WN,15016,12892,STL,LAX,61,0,0,0,61,0,15,4,239.0,0.0,0.0,0.2459016393442623,0.06557377049180328,3.918032786885246
2023,4,19393,WN,15016,12953,STL,LGA,125,1,2,0,122,0,33,5,829.0,0.008,0.016,0.27049180327868855,0.040983606557377046,6.795081967213115
2023,4,19393,WN,15016,13204,STL,MCO,157,1,2,0,154,0,31,10,1374.0,0.006369426751592357,0.012738853503184714,0.2012987012987013,0.06493506493506493,8.922077922077921
2023,4,19393,WN,15016,13232,STL,MDW,167,1,0,0,166,0,25,5,468.0,0.005988023952095809,0.0,0.15060240963855423,0.030120481927710843,2.819277108433735
2023,4,19393,WN,15016,13303,STL,MIA,34,0,1,0,33,0,10,3,411.0,0.0,0.029411764705882353,0.30303030303030304,0.09090909090909091,12.454545454545455
2023,4,19393,WN,15016,13487,STL,MSP,50,1,0,0,49,0,15,4,685.0,0.02,0.0,0.30612244897959184,0.08163265306122448,13.979591836734693
2023,4,19393,WN,15016,13796,STL,OAK,14,0,0,0,14,0,9,2,424.0,0.0,0.0,0.6428571428571429,0.14285714285714285,30.285714285714285
2023,4,19393,WN,15016,14100,STL,PHL,33,1,0,0,32,0,7,2,182.0,0.030303030303030304,0.0,0.21875,0.0625,5.6875
2023,4,19393,WN,15016,14107,STL,PHX,98,0,0,0,98,0,23,4,469.0,0.0,0.0,0.23469387755102042,0.04081632653061224,4.785714285714286
2023,4,19393,WN,15016,14635,STL,RSW,72,1,0,0,71,0,21,4,745.0,0.013888888888888888,0.0,0.29577464788732394,0.056338028169014086,10.492957746478874
2023,4,19393,WN,15016,14679,STL,SAN,30,0,0,0,30,0,7,1,31.0,0.0,0.0,0.23333333333333334,0.03333333333333333,1.0333333333333334
2023,4,19393,WN,15016,15304,STL,TPA,105,2,0,0,103,0,27,9,1123.0,0.01904761904761905,0.0,0.2621359223300971,0.08737864077669903,10.902912621359222
2023,4,19393,WN,15304,10397,TPA,ATL,120,1,0,0,119,0,19,4,307.0,0.008333333333333333,0.0,0.15966386554621848,0.03361344537815126,2.5798319327731094
2023,4,19393,WN,15304,10821,TPA,BWI,250,5,1,0,244,0,53,11,1430.0,0.02,0.004,0.21721311475409835,0.045081967213114756,5.860655737704918
2023,4,19393,WN,15304,11278,TPA,DCA,67,1,0,0,66,0,15,3,609.0,0.014925373134328358,0.0,0.22727272727272727,0.045454545454545456,9.227272727272727
2023,4,19393,WN,15304,11292,TPA,DEN,90,1,1,0,88,0,19,4,53.0,0.011111111111111112,0.011111111111111112,0.2159090909090909,0.045454545454545456,0.6022727272727273
2023,4,19393,WN,15304,11433,TPA,DTW,2,0,0,0,2,0,1,1,66.0,0.0,0.0,0.5,0.5,33.0
2023,4,19393,WN,15304,11697,TPA,FLL,55,4,0,0,51,0,15,8,951.0,0.07272727272727272,0.0,0.29411764705882354,0.1568627450980392,18.647058823529413
2023,4,19393,WN,15304,12266,TPA,IAH,2,0,0,0,2,0,1,0,28.0,0.0,0.0,0.5,0.0,14.0
2023,4,19393,WN,15304,12889,TPA,LAS,10,0,0,0,10,0,3,2,119.0,0.0,0.0,0.3,0.2,11.9
2023,4,19393,WN,15304,12953,TPA,LGA,32,0,1,0,31,0,3,1,221.0,0.0,0.03125,0.0967741935483871,0.03225806451612903,7.129032258064516
2023,4,19393,WN,15304,13232,TPA,MDW,162,2,0,0,160,0,40,14,1537.0,0.012345679012345678,0.0,0.25,0.0875,9.60625
2023,4,19393,WN,15304,13487,TPA,MSP,2,0,0,0,2,0,1,0,18.0,0.0,0.0,0.5,0.0,9.0
2023,4,19393,WN,15304,13930,TPA,ORD,35,0,1,0,34,0,14,1,302.0,0.0,0.02857142857142857,0.4117647058823529,0.029411764705882353,8.882352941176471
2023,4,19393,WN,15304,14100,TPA,PHL,12,0,0,0,12,0,2,1,8.0,0.0,0.0,0.16666666666666666,0.08333333333333333,0.6666666666666666
2023,4,19393,WN,15304,14107,TPA,PHX,35,0,0,0,35,0,4,1,0.0,0.0,0.0,0.11428571428571428,0.02857142857142857,0.0
2023,4,19393,WN,15304,14869,TPA,SLC,2,0,0,0,2,0,1,1,69.0,0.0,0.0,0.5,0.5,34.5
2023,4,19393,WN,15304,15016,TPA,STL,105,1,0,0,104,0,25,8,928.0,0.009523809523809525,0.0,0.2403846153846154,0.07692307692307693,8.923076923076923
2023,4,19690,HA,10721,12173,BOS,HNL,18,0,0,0,18,0,9,1,304.0,0.0,0.0,0.5,0.05555555555555555,16.88888888888889
2023,4,19690,HA,12173,10721,HNL,BOS,18,0,0,0,18,0,14,2,595.0,0.0,0.0,0.7777777777777778,0.1111111111111111,33.05555555555556
2023,4,19690,HA,12173,12478,HNL,JFK,30,0,0,0,30,0,26,13,1922.0,0.0,0.0,0.8666666666666667,0.43333333333333335,64.06666666666666
2023,4,19690,HA,12173,12889,HNL,LAS,76,0,0,0,76,0,33,3,1131.0,0.0,0.0,0.4342105263157895,0.039473684210526314,14.881578947368421
2023,4,19690,HA,12173,12892,HNL,LAX,89,0,0,0,89,0,38,7,1976.0,0.0,0.0,0.42696629213483145,0.07865168539325842,22.202247191011235
2023,4,19690,HA,12173,13796,HNL,OAK,30,0,0,0,30,0,18,1,693.0,0.0,0.0,0.6,0.03333333333333333,23.1
2023,4,19690,HA,12173,14107,HNL,PHX,30,0,0,0,30,0,20,3,980.0,0.0,0.0,0.6666666666666666,0.1,32.666666666666664
2023,4,19690,HA,12173,14679,HNL,SAN,30,0,0,0,30,0,12,1,314.0,0.0,0.0,0.4,0.03333333333333333,10.466666666666667
2023,4,19690,HA,12173,14747,HNL,SEA,36,0,0,0,36,0,21,4,975.0,0.0,0.0,0.5833333333333334,0.1111111111111111,27.083333333333332
2023,4,19690,HA,12173,14771,HNL,SFO,30,2,0,0,28,0,20,1,717.0,0.06666666666666667,0.0,0.7142857142857143,0.03571428571428571,25.607142857142858
2023,4,19690,HA,12478,12173,JFK,HNL,30,0,0,0,30,0,19,9,1064.0,0.0,0.0,0.6333333333333333,0.3,35.46666666666667
2023,4,19690,HA,12889,12173,LAS,HNL,76,0,0,0,76,0,32,9,3995.0,0.0,0.0,0.42105263157894735,0.11842105263157894,52.56578947368421
2023,4,19690,HA,12892,12173,LAX,HNL,89,0,0,0,89,0,22,5,1375.0,0.0,0.0,0.24719101123595505,0.056179775280898875,15.44943820224719
2023,4,19690,HA,13796,12173,OAK,HNL,30,0,0,0,30,0,7,1,243.0,0.0,0.0,0.23333333333333334,0.03333333333333333,8.1
2023,4,19690,HA,14107,12173,PHX,HNL,30,0,0,0,30,0,5,4,734.0,0.0,0.0,0.16666666666666666,0.13333333333333333,24.466666666666665
2023,4,19690,HA,14679,12173,SAN,HNL,30,0,0,0,30,0,12,3,675.0,0.0,0.0,0.4,0.1,22.5
2023,4,19690,HA,14747,12173,SEA,HNL,36,0,0,0,36,0,19,3,677.0,0.0,0.0,0.5277777777777778,0.08333333333333333,18.805555555555557
2023,4,19690,HA,14771,12173,SFO,HNL,30,2,0,0,28,0,15,0,479.0,0.06666666666666667,0.0,0.5357142857142857,0.0,17.107142857142858
2023,4,19790,DL,10397,10721,ATL,BOS,312,3,0,0,309,0,76,18,1729.0,0.009615384615384616,0.0,0.2459546925566343,0.05825242718446602,5.5954692556634305
2023,4,19790,DL,10397,10821,ATL,BWI,247,2,0,0,245,0,49,11,1094.0,0.008097165991902834,0.0,0.2,0.044897959183673466,4.46530612244898
2023,4,19790,DL,10397,11278,ATL,DCA,315,4,2,0,309,0,80,18,3482.0,0.012698412698412698,0.006349206349206349,0.2588996763754045,0.05825242718446602,11.268608414239482
2023,4,19790,DL,10397,11292,ATL,DEN,257,4,3,0,250,0,47,10,191.0,0.01556420233463035,0.011673151750972763,0.188,0.04,0.764
2023,4,19790,DL,10397,11298,ATL,DFW,224,9,3,0,212,0,53,19,1851.0,0.04017857142857143,0.013392857142857142,0.25,0.08962264150943396,8.731132075471699
2023,4,19790,DL,10397,11433,ATL,DTW,318,1,0,0,317,0,63,11,1853.0,0.0031446540880503146,0.0,0.19873817034700317,0.03470031545741325,5.8454258675078865
2023,4,19790,DL,10397,11618,ATL,EWR,247,12,1,0,234,0,57,23,3215.0,0.048582995951417005,0.004048582995951417,0.24358974358974358,0.09829059829059829,13.739316239316238
2023,4,19790,DL,10397,11697,ATL,FLL,344,22,4,0,318,0,121,45,7475.0,0.06395348837209303,0.011627906976744186,0.3805031446540881,0.14150943396226415,23.5062893081761
2023,4,19790,DL,10397,12173,ATL,HNL,30,0,0,0,30,0,4,1,-264.0,0.0,0.0,0.13333333333333333,0.03333333333333333,-8.8
2023,4,19790,DL,10397,12266,ATL,IAH,198,6,0,0,192,0,44,12,1513.0,0.030303030303030304,0.0,0.22916666666666666,0.0625,7.880208333333333
2023,4,19790,DL,10397,12478,ATL,JFK,212,5,1,0,206,0,67,18,2950.0,0.02358490566037736,0.0047169811320754715,0.32524271844660196,0.08737864077669903,14.320388349514563
2023,4,19790,DL,10397,12889,ATL,LAS,257,4,0,0,253,0,72,25,2163.0,0.01556420233463035,0.0,0.2845849802371542,0.09881422924901186,8.549407114624506
2023,4,19790,DL,10397,12892,ATL,LAX,337,10,0,0,327,0,81,23,1682.0,0.02967359050445104,0.0,0.24770642201834864,0.07033639143730887,5.143730886850153
2023,4,19790,DL,10397,12953,ATL,LGA,374,12,2,0,360,0,77,25,2107.0,0.03208556149732621,0.0053475935828877,0.21388888888888888,0.06944444444444445,5.852777777777778
2023,4,19790,DL,10397,13204,ATL,MCO,432,2,1,0,429,0,123,42,5882.0,0.004629629629629629,0.0023148148148148147,0.2867132867132867,0.0979020979020979,13.71095571095571
2023,4,19790,DL,10397,13232,ATL,MDW,96,4,0,0,92,0,20,5,673.0,0.041666666666666664,0.0,0.21739130434782608,0.05434782608695652,7.315217391304348
2023,4,19790,DL,10397,13303,ATL,MIA,257,1,1,0,255,0,105,29,5728.0,0.0038910505836575876,0.0038910505836575876,0.4117647058823529,0.11372549019607843,22.462745098039214
2023,4,19790,DL,10397,13487,ATL,MSP,257,3,0,0,254,0,43,13,813.0,0.011673151750972763,0.0,0.16929133858267717,0.051181102362204724,3.2007874015748032
2023,4,19790,DL,10397,13930,ATL,ORD,201,4,0,0,197,0,48,15,2499.0,0.01990049751243781,0.0,0.2436548223350254,0.07614213197969544,12.685279187817258
2023,4,19790,DL,10397,14100,ATL,PHL,221,5,0,0,216,0,46,13,1285.0,0.02262443438914027,0.0,0.21296296296296297,0.06018518518518518,5.949074074074074
2023,4,19790,DL,10397,14107,ATL,PHX,199,2,0,0,197,0,43,11,735.0,0.010050251256281407,0.0,0.2182741116751269,0.05583756345177665,3.730964467005076
2023,4,19790,DL,10397,14635,ATL,RSW,224,4,0,0,220,0,37,12,896.0,0.017857142857142856,0.0,0.16818181818181818,0.05454545454545454,4.072727272727272
2023,4,19790,DL,10397,14679,ATL,SAN,148,0,0,0,148,0,28,8,-84.0,0.0,0.0,0.1891891891891892,0.05405405405405406,-0.5675675675675675
2023,4,19790,DL,10397,14747,ATL,SEA,171,1,0,0,170,0,31,11,-163.0,0.005847953216374269,0.0,0.18235294117647058,0.06470588235294118,-0.9588235294117647
2023,4,19790,DL,10397,14771,ATL,SFO,195,1,0,0,194,0,24,5,-2059.0,0.005128205128205128,0.0,0.12371134020618557,0.02577319587628866,-10.61340206185567
2023,4,19790,DL,10397,14869,ATL,SLC,238,1,2,0,235,0,50,10,158.0,0.004201680672268907,0.008403361344537815,0.2127659574468085,0.0425531914893617,0.6723404255319149
2023,4,19790,DL,10397,15016,ATL,STL,197,5,0,0,192,0,36,8,925.0,0.025380710659898477,0.0,0.1875,0.041666666666666664,4.817708333333333
2023,4,19790,DL,10397,15304,ATL,TPA,372,2,1,0,369,0,109,26,4439.0,0.005376344086021506,0.002688172043010753,0.2953929539295393,0.07046070460704607,12.029810298102982
2023,4,19790,DL,10721,10397,BOS,ATL,312,3,0,0,309,0,52,19,1556.0,0.009615384615384616,0.0,0.16828478964401294,0.061488673139158574,5.035598705501618
2023,4,19790,DL,10721,11292,BOS,DEN,30,0,0,0,30,0,1,0,-835.0,0.0,0.0,0.03333333333333333,0.0,-27.833333333333332
2023,4,19790,DL,10721,11298,BOS,DFW,58,0,0,0,58,0,5,1,-793.0,0.0,0.0,0.08620689655172414,0.017241379310344827,-13.672413793103448
2023,4,19790,DL,10721,11433,BOS,DTW,145,1,0,0,144,0,25,10,275.0,0.006896551724137931,0.0,0.1736111111111111,0.06944444444444445,1.9097222222222223
2023,4,19790,DL,10721,11697,BOS,FLL,60,6,1,0,53,0,13,9,553.0,0.1,0.016666666666666666,0.24528301886792453,0.16981132075471697,10.433962264150944
2023,4,19790,DL,10721,12478,BOS,JFK,37,1,0,0,36,0,6,4,398.0,0.02702702702702703,0.0,0.16666666666666666,0.1111111111111111,11.055555555555555
2023,4,19790,DL,10721,12889,BOS,LAS,30,3,0,0,27,0,2,2,-190.0,0.1,0.0,0.07407407407407407,0.07407407407407407,-7.037037037037037
2023,4,19790,DL,10721,12892,BOS,LAX,85,4,0,0,81,0,13,5,310.0,0.047058823529411764,0.0,0.16049382716049382,0.06172839506172839,3.8271604938271606
2023,4,19790,DL,10721,12953,BOS,LGA,61,0,0,0,61,0,10,7,380.0,0.0,0.0,0.16393442622950818,0.11475409836065574,6.229508196721311
2023,4,19790,DL,10721,13204,BOS,MCO,111,2,0,0,109,0,24,7,1166.0,0.018018018018018018,0.0,0.22018348623853212,0.06422018348623854,10.697247706422019
2023,4,19790,DL,10721,13303,BOS,MIA,62,1,0,0,61,0,19,5,493.0,0.016129032258064516,0.0,0.3114754098360656,0.08196721311475409,8.081967213114755
2023,4,19790,DL,10721,13487,BOS,MSP,147,0,0,0,147,0,15,6,-132.0,0.0,0.0,0.10204081632653061,0.04081632653061224,-0.8979591836734694
2023,4,19790,DL,10721,13930,BOS,ORD,75,1,1,0,73,0,14,7,247.0,0.013333333333333334,0.013333333333333334,0.1917808219178082,0.0958904109589041,3.3835616438356166
2023,4,19790,DL,10721,14107,BOS,PHX,30,0,0,0,30,0,3,0,-795.0,0.0,0.0,0.1,0.0,-26.5
2023,4,19790,DL,10721,14635,BOS,RSW,30,1,0,0,29,0,2,0,-553.0,0.03333333333333333,0.0,0.06896551724137931,0.0,-19.06896551724138
2023,4,19790,DL,10721,14679,BOS,SAN,30,0,1,0,29,0,5,1,-196.0,0.0,0.03333333333333333,0.1724137931034483,0.034482758620689655,-6.758620689655173
2023,4,19790,DL,10721,14747,BOS,SEA,85,0,0,0,85,0,6,1,-1416.0,0.0,0.0,0.07058823529411765,0.011764705882352941,-16.658823529411766
2023,4,19790,DL,10721,14771,BOS,SFO,37,1,0,0,36,0,3,2,-587.0,0.02702702702702703,0.0,0.08333333333333333,0.05555555555555555,-16.305555555555557
2023,4,19790,DL,10721,14869,BOS,SLC,90,1,0,0,89,0,15,5,-1248.0,0.011111111111111112,0.0,0.16853932584269662,0.056179775280898875,-14.02247191011236
2023,4,19790,DL,10721,15304,BOS,TPA,90,1,1,0,88,0,11,3,-700.0,0.011111111111111112,0.011111111111111112,0.125,0.03409090909090909,-7.954545454545454
2023,4,19790,DL,10821,10397,BWI,ATL,247,2,0,0,245,0,34,10,517.0,0.008097165991902834,0.0,0.13877551020408163,0.04081632653061224,2.110204081632653
2023,4,19790,DL,10821,11433,BWI,DTW,85,5,0,0,80,0,8,2,-66.0,0.058823529411764705,0.0,0.1,0.025,-0.825
2023,4,19790,DL,10821,13487,BWI,MSP,81,2,0,0,79,0,4,2,-865.0,0.024691358024691357,0.0,0.05063291139240506,0.02531645569620253,-10.949367088607595
2023,4,19790,DL,10821,14869,BWI,SLC,30,3,0,0,27,0,1,1,-455.0,0.1,0.0,0.037037037037037035,0.037037037037037035,-16.85185185185185
2023,4,19790,DL,11278,10397,DCA,ATL,315,3,0,0,312,0,48,15,1253.0,0.009523809523809525,0.0,0.15384615384615385,0.04807692307692308,4.016025641025641
2023,4,19790,DL,11278,11433,DCA,DTW,145,5,0,0,140,0,20,7,791.0,0.034482758620689655,0.0,0.14285714285714285,0.05,5.65
2023,4,19790,DL,11278,12892,DCA,LAX,30,2,0,0,28,0,5,3,1566.0,0.06666666666666667,0.0,0.17857142857142858,0.10714285714285714,55.92857142857143
2023,4,19790,DL,11278,13487,DCA,MSP,148,5,0,0,143,0,15,3,-1190.0,0.033783783783783786,0.0,0.1048951048951049,0.02097902097902098,-8.321678321678322
2023,4,19790,DL,11278,14869,DCA,SLC,30,1,0,0,29,0,4,1,97.0,0.03333333333333333,0.0,0.13793103448275862,0.034482758620689655,3.3448275862068964
2023,4,19790,DL,11292,10397,DEN,ATL,257,4,0,0,253,0,56,18,4684.0,0.01556420233463035,0.0,0.22134387351778656,0.07114624505928854,18.513833992094863
2023,4,19790,DL,11292,10721,DEN,BOS,30,0,0,0,30,0,3,0,-228.0,0.0,0.0,0.1,0.0,-7.6
2023,4,19790,DL,11292,11433,DEN,DTW,120,0,0,0,120,0,21,4,507.0,0.0,0.0,0.175,0.03333333333333333,4.225
2023,4,19790,DL,11292,12478,DEN,JFK,90,8,0,0,82,0,26,11,1773.0,0.08888888888888889,0.0,0.3170731707317073,0.13414634146341464,21.621951219512194
2023,4,19790,DL,11292,12892,DEN,LAX,90,4,0,0,86,0,15,7,340.0,0.044444444444444446,0.0,0.1744186046511628,0.08139534883720931,3.953488372093023
2023,4,19790,DL,11292,12953,DEN,LGA,55,5,1,0,49,0,17,6,742.0,0.09090909090909091,0.01818181818181818,0.3469387755102041,0.12244897959183673,15.142857142857142
2023,4,19790,DL,11292,13487,DEN,MSP,150,3,0,0,147,0,24,6,189.0,0.02,0.0,0.16326530612244897,0.04081632653061224,1.2857142857142858
2023,4,19790,DL,11292,14747,DEN,SEA,90,1,0,0,89,0,16,6,695.0,0.011111111111111112,0.0,0.1797752808988764,0.06741573033707865,7.808988764044944
2023,4,19790,DL,11292,14869,DEN,SLC,145,1,1,0,143,0,31,10,666.0,0.006896551724137931,0.006896551724137931,0.21678321678321677,0.06993006993006994,4.6573426573426575
2023,4,19790,DL,11298,10397,DFW,ATL,224,9,0,0,215,0,44,19,1793.0,0.04017857142857143,0.0,0.20465116279069767,0.08837209302325581,8.33953488372093
2023,4,19790,DL,11298,10721,DFW,BOS,58,0,0,0,58,0,16,8,2485.0,0.0,0.0,0.27586206896551724,0.13793103448275862,42.8448275862069
2023,4,19790,DL,11298,11433,DFW,DTW,115,3,0,0,112,0,24,10,1020.0,0.02608695652173913,0.0,0.21428571428571427,0.08928571428571429,9.107142857142858
2023,4,19790,DL,11298,12478,DFW,JFK,60,1,1,0,58,0,16,9,1346.0,0.016666666666666666,0.016666666666666666,0.27586206896551724,0.15517241379310345,23.20689655172414
2023,4,19790,DL,11298,12892,DFW,LAX,58,2,0,0,56,0,6,2,405.0,0.034482758620689655,0.0,0.10714285714285714,0.03571428571428571,7.232142857142857
2023,4,19790,DL,11298,12953,DFW,LGA,130,3,0,0,127,0,30,11,2180.0,0.023076923076923078,0.0,0.23622047244094488,0.08661417322834646,17.165354330708663
2023,4,19790,DL,11298,13487,DFW,MSP,118,3,0,0,115,0,22,5,1233.0,0.025423728813559324,0.0,0.19130434782608696,0.043478260869565216,10.721739130434782
2023,4,19790,DL,11298,14869,DFW,SLC,120,3,0,0,117,0,18,7,1426.0,0.025,0.0,0.15384615384615385,0.05982905982905983,12.188034188034187
2023,4,19790,DL,11433,10397,DTW,ATL,317,1,0,0,316,0,60,22,1874.0,0.0031545741324921135,0.0,0.189873417721519,0.06962025316455696,5.930379746835443
2023,4,19790,DL,11433,10721,DTW,BOS,145,1,0,0,144,0,26,6,97.0,0.006896551724137931,0.0,0.18055555555555555,0.041666666666666664,0.6736111111111112
2023,4,19790,DL,11433,10821,DTW,BWI,85,4,0,0,81,0,23,6,1464.0,0.047058823529411764,0.0,0.2839506172839506,0.07407407407407407,18.074074074074073
2023,4,19790,DL,11433,11278,DTW,DCA,145,4,0,0,141,0,25,10,813.0,0.027586206896551724,0.0,0.1773049645390071,0.07092198581560284,5.76595744680851
2023,4,19790,DL,11433,11292,DTW,DEN,120,0,1,0,119,0,21,8,-58.0,0.0,0.008333333333333333,0.17647058823529413,0.06722689075630252,-0.48739495798319327
2023,4,19790,DL,11433,11298,DTW,DFW,115,2,1,0,112,0,24,9,270.0,0.017391304347826087,0.008695652173913044,0.21428571428571427,0.08035714285714286,2.4107142857142856
2023,4,19790,DL,11433,11618,DTW,EWR,110,1,0,0,109,0,23,7,1047.0,0.00909090909090909,0.0,0.21100917431192662,0.06422018348623854,9.605504587155963
2023,4,19790,DL,11433,11697,DTW,FLL,167,12,2,0,153,0,48,16,2545.0,0.0718562874251497,0.011976047904191617,0.3137254901960784,0.10457516339869281,16.633986928104576
2023,4,19790,DL,11433,12173,DTW,HNL,24,0,0,0,24,0,4,0,-362.0,0.0,0.0,0.16666666666666666,0.0,-15.083333333333334
2023,4,19790,DL,11433,12266,DTW,IAH,115,4,1,0,110,0,29,8,996.0,0.034782608695652174,0.008695652173913044,0.2636363636363636,0.07272727272727272,9.054545454545455
2023,4,19790,DL,11433,12478,DTW,JFK,30,1,0,0,29,0,14,7,1094.0,0.03333333333333333,0.0,0.4827586206896552,0.2413793103448276,37.724137931034484
2023,4,19790,DL,11433,12889,DTW,LAS,171,5,0,0,166,0,39,16,585.0,0.029239766081871343,0.0,0.23493975903614459,0.0963855421686747,3.5240963855421685
2023,4,19790,DL,11433,12892,DTW,LAX,167,6,1,0,160,0,29,9,-362.0,0.03592814371257485,0.005988023952095809,0.18125,0.05625,-2.2625
2023,4,19790,DL,11433,12953,DTW,LGA,170,3,1,0,166,0,27,8,801.0,0.01764705882352941,0.0058823529411764705,0.16265060240963855,0.04819277108433735,4.825301204819277
2023,4,19790,DL,11433,13204,DTW,MCO,189,4,0,0,185,0,31,10,401.0,0.021164021164021163,0.0,0.16756756756756758,0.05405405405405406,2.1675675675675676
2023,4,19790,DL,11433,13303,DTW,MIA,62,4,0,0,58,0,19,5,832.0,0.06451612903225806,0.0,0.3275862068965517,0.08620689655172414,14.344827586206897
2023,4,19790,DL,11433,13487,DTW,MSP,152,2,0,0,150,0,31,13,220.0,0.013157894736842105,0.0,0.20666666666666667,0.08666666666666667,1.4666666666666666
2023,4,19790,DL,11433,13930,DTW,ORD,170,2,0,0,168,0,31,17,1946.0,0.011764705882352941,0.0,0.18452380952380953,0.10119047619047619,11.583333333333334
2023,4,19790,DL,11433,14100,DTW,PHL,115,0,0,0,115,0,11,4,-675.0,0.0,0.0,0.09565217391304348,0.034782608695652174,-5.869565217391305
2023,4,19790,DL,11433,14107,DTW,PHX,120,1,0,0,119,0,21,6,-332.0,0.008333333333333333,0.0,0.17647058823529413,0.05042016806722689,-2.7899159663865545
2023,4,19790,DL,11433,14635,DTW,RSW,136,5,0,0,131,0,20,5,175.0,0.03676470588235294,0.0,0.15267175572519084,0.03816793893129771,1.3358778625954197
2023,4,19790,DL,11433,14679,DTW,SAN,97,2,0,0,95,0,23,2,-202.0,0.020618556701030927,0.0,0.24210526315789474,0.021052631578947368,-2.126315789473684
2023,4,19790,DL,11433,14747,DTW,SEA,108,6,0,0,102,0,8,1,-1071.0,0.05555555555555555,0.0,0.0784313725490196,0.00980392156862745,-10.5
2023,4,19790,DL,11433,14771,DTW,SFO,107,5,0,0,102,0,13,2,-1084.0,0.04672897196261682,0.0,0.12745098039215685,0.0196078431372549,-10.627450980392156
2023,4,19790,DL,11433,14869,DTW,SLC,123,1,0,0,122,0,17,6,-275.0,0.008130081300813009,0.0,0.13934426229508196,0.04918032786885246,-2.2540983606557377
2023,4,19790,DL,11433,15016,DTW,STL,97,0,0,0,97,0,5,1,-917.0,0.0,0.0,0.05154639175257732,0.010309278350515464,-9.45360824742268
2023,4,19790,DL,11433,15304,DTW,TPA,144,7,0,0,137,0,24,7,-155.0,0.04861111111111111,0.0,0.17518248175182483,0.051094890510948905,-1.1313868613138687
2023,4,19790,DL,11618,10397,EWR,ATL,247,13,0,0,234,0,57,24,5266.0,0.05263157894736842,0.0,0.24358974358974358,0.10256410256410256,22.504273504273506
2023,4,19790,DL,11618,11433,EWR,DTW,110,1,0,0,109,0,16,10,-322.0,0.00909090909090909,0.0,0.14678899082568808,0.09174311926605505,-2.9541284403669725
2023,4,19790,DL,11618,13487,EWR,MSP,117,2,0,0,115,0,20,10,12.0,0.017094017094017096,0.0,0.17391304347826086,0.08695652173913043,0.10434782608695652
2023,4,19790,DL,11618,14869,EWR,SLC,30,2,0,0,28,0,8,4,544.0,0.06666666666666667,0.0,0.2857142857142857,0.14285714285714285,19.428571428571427
2023,4,19790,DL,11697,10397,FLL,ATL,344,23,0,0,321,0,105,51,9932.0,0.06686046511627906,0.0,0.32710280373831774,0.1588785046728972,30.94080996884735
2023,4,19790,DL,11697,10721,FLL,BOS,60,6,0,0,54,0,22,11,1054.0,0.1,0.0,0.4074074074074074,0.2037037037037037,19.51851851851852
2023,4,19790,DL,11697,11433,FLL,DTW,167,13,0,0,154,0,47,20,3770.0,0.07784431137724551,0.0,0.3051948051948052,0.12987012987012986,24.48051948051948
2023,4,19790,DL,11697,12478,FLL,JFK,120,15,0,0,105,0,46,22,4616.0,0.125,0.0,0.4380952380952381,0.20952380952380953,43.96190476190476
2023,4,19790,DL,11697,12892,FLL,LAX,27,6,0,0,21,0,9,2,349.0,0.2222222222222222,0.0,0.42857142857142855,0.09523809523809523,16.61904761904762
2023,4,19790,DL,11697,12953,FLL,LGA,118,12,0,0,106,0,28,13,1673.0,0.1016949152542373,0.0,0.2641509433962264,0.12264150943396226,15.783018867924529
2023,4,19790,DL,11697,13487,FLL,MSP,74,6,0,0,68,0,18,10,938.0,0.08108108108108109,0.0,0.2647058823529412,0.14705882352941177,13.794117647058824
2023,4,19790,DL,11697,14747,FLL,SEA,30,2,0,0,28,0,5,5,1575.0,0.06666666666666667,0.0,0.17857142857142858,0.17857142857142858,56.25
2023,4,19790,DL,11697,14869,FLL,SLC,30,2,0,0,28,0,4,4,158.0,0.06666666666666667,0.0,0.14285714285714285,0.14285714285714285,5.642857142857143
2023,4,19790,DL,12173,10397,HNL,ATL,30,0,0,0,30,0,9,1,216.0,0.0,0.0,0.3,0.03333333333333333,7.2
2023,4,19790,DL,12173,11433,HNL,DTW,24,0,0,0,24,0,5,2,234.0,0.0,0.0,0.20833333333333334,0.08333333333333333,9.75
2023,4,19790,DL,12173,12478,HNL,JFK,22,0,0,0,22,0,2,0,-177.0,0.0,0.0,0.09090909090909091,0.0,-8.045454545454545
2023,4,19790,DL,12173,12892,HNL,LAX,90,0,0,0,90,0,17,5,853.0,0.0,0.0,0.18888888888888888,0.05555555555555555,9.477777777777778
2023,4,19790,DL,12173,13487,HNL,MSP,30,0,0,0,30,0,10,1,248.0,0.0,0.0,0.3333333333333333,0.03333333333333333,8.266666666666667
2023,4,19790,DL,12173,14747,HNL,SEA,50,0,0,0,50,0,5,2,-307.0,0.0,0.0,0.1,0.04,-6.14
2023,4,19790,DL,12173,14869,HNL,SLC,30,0,0,0,30,0,4,1,-127.0,0.0,0.0,0.13333333333333333,0.03333333333333333,-4.233333333333333
2023,4,19790,DL,12266,10397,IAH,ATL,198,5,1,0,192,0,36,9,1408.0,0.025252525252525252,0.005050505050505051,0.1875,0.046875,7.333333333333333
2023,4,19790,DL,12266,11433,IAH,DTW,115,5,0,0,110,0,20,12,1165.0,0.043478260869565216,0.0,0.18181818181818182,0.10909090909090909,10.590909090909092
2023,4,19790,DL,12266,12892,IAH,LAX,57,4,0,0,53,0,10,5,734.0,0.07017543859649122,0.0,0.18867924528301888,0.09433962264150944,13.849056603773585
2023,4,19790,DL,12266,12953,IAH,LGA,100,2,1,0,97,0,34,17,3132.0,0.02,0.01,0.35051546391752575,0.17525773195876287,32.28865979381443
2023,4,19790,DL,12266,13487,IAH,MSP,115,3,1,0,111,0,30,17,4749.0,0.02608695652173913,0.008695652173913044,0.2702702702702703,0.15315315315315314,42.78378378378378
2023,4,19790,DL,12266,14869,IAH,SLC,90,2,0,0,88,0,19,12,2026.0,0.022222222222222223,0.0,0.2159090909090909,0.13636363636363635,23.022727272727273
2023,4,19790,DL,12478,10397,JFK,ATL,211,5,0,0,206,0,39,15,2233.0,0.023696682464454975,0.0,0.18932038834951456,0.07281553398058252,10.839805825242719
2023,4,19790,DL,12478,10721,JFK,BOS,37,1,0,0,36,0,17,8,1493.0,0.02702702702702703,0.0,0.4722222222222222,0.2222222222222222,41.47222222222222
2023,4,19790,DL,12478,11292,JFK,DEN,90,7,1,0,82,0,19,8,-122.0,0.07777777777777778,0.011111111111111112,0.23170731707317074,0.0975609756097561,-1.4878048780487805
2023,4,19790,DL,12478,11298,JFK,DFW,60,2,0,0,58,0,14,7,244.0,0.03333333333333333,0.0,0.2413793103448276,0.1206896551724138,4.206896551724138
2023,4,19790,DL,12478,11433,JFK,DTW,30,1,0,0,29,0,7,3,84.0,0.03333333333333333,0.0,0.2413793103448276,0.10344827586206896,2.896551724137931
2023,4,19790,DL,12478,11697,JFK,FLL,120,15,1,0,104,0,38,17,1708.0,0.125,0.008333333333333333,0.36538461538461536,0.16346153846153846,16.423076923076923
2023,4,19790,DL,12478,12173,JFK,HNL,22,0,1,0,21,0,3,1,-400.0,0.0,0.045454545454545456,0.14285714285714285,0.047619047619047616,-19.047619047619047
2023,4,19790,DL,12478,12889,JFK,LAS,120,9,0,0,111,0,19,4,-970.0,0.075,0.0,0.17117117117117117,0.036036036036036036,-8.73873873873874
2023,4,19790,DL,12478,12892,JFK,LAX,264,3,0,0,261,0,54,14,-827.0,0.011363636363636364,0.0,0.20689655172413793,0.05363984674329502,-3.1685823754789273
2023,4,19790,DL,12478,13204,JFK,MCO,152,7,1,0,144,0,45,20,2560.0,0.046052631578947366,0.006578947368421052,0.3125,0.1388888888888889,17.77777777777778
2023,4,19790,DL,12478,13303,JFK,MIA,120,5,1,0,114,0,38,8,1010.0,0.041666666666666664,0.008333333333333333,0.3333333333333333,0.07017543859649122,8.859649122807017
2023,4,19790,DL,12478,13487,JFK,MSP,60,1,0,0,59,0,8,1,-702.0,0.016666666666666666,0.0,0.13559322033898305,0.01694915254237288,-11.898305084745763
2023,4,19790,DL,12478,14107,JFK,PHX,69,5,0,0,64,0,7,1,-670.0,0.07246376811594203,0.0,0.109375,0.015625,-10.46875
2023,4,19790,DL,12478,14635,JFK,RSW,48,2,0,0,46,0,15,8,785.0,0.041666666666666664,0.0,0.32608695652173914,0.17391304347826086,17.065217391304348
2023,4,19790,DL,12478,14679,JFK,SAN,77,2,1,0,74,0,10,2,-1203.0,0.025974025974025976,0.012987012987012988,0.13513513513513514,0.02702702702702703,-16.256756756756758
2023,4,19790,DL,12478,14747,JFK,SEA,103,6,1,0,96,0,14,3,-959.0,0.05825242718446602,0.009708737864077669,0.14583333333333334,0.03125,-9.989583333333334
2023,4,19790,DL,12478,14771,JFK,SFO,204,6,1,0,197,0,32,7,-1742.0,0.029411764705882353,0.004901960784313725,0.16243654822335024,0.03553299492385787,-8.842639593908629
2023,4,19790,DL,12478,14869,JFK,SLC,120,5,2,0,113,0,21,6,-1500.0,0.041666666666666664,0.016666666666666666,0.18584070796460178,0.05309734513274336,-13.274336283185841
2023,4,19790,DL,12478,15304,JFK,TPA,90,5,0,0,85,0,23,15,1767.0,0.05555555555555555,0.0,0.27058823529411763,0.17647058823529413,20.788235294117648
2023,4,19790,DL,12889,10397,LAS,ATL,257,5,0,0,252,0,50,13,1908.0,0.019455252918287938,0.0,0.1984126984126984,0.051587301587301584,7.571428571428571
2023,4,19790,DL,12889,10721,LAS,BOS,30,2,0,0,28,0,7,2,914.0,0.06666666666666667,0.0,0.25,0.07142857142857142,32.642857142857146
2023,4,19790,DL,12889,11433,LAS,DTW,171,6,1,0,164,0,19,10,809.0,0.03508771929824561,0.005847953216374269,0.11585365853658537,0.06097560975609756,4.932926829268292
2023,4,19790,DL,12889,12478,LAS,JFK,120,9,1,0,110,0,36,11,1921.0,0.075,0.008333333333333333,0.32727272727272727,0.1,17.463636363636365
2023,4,19790,DL,12889,12892,LAS,LAX,150,5,0,0,145,0,24,10,714.0,0.03333333333333333,0.0,0.16551724137931034,0.06896551724137931,4.924137931034482
2023,4,19790,DL,12889,13487,LAS,MSP,197,3,0,0,194,0,39,15,1758.0,0.015228426395939087,0.0,0.20103092783505155,0.07731958762886598,9.061855670103093
2023,4,19790,DL,12889,14747,LAS,SEA,150,6,0,0,144,0,33,10,864.0,0.04,0.0,0.22916666666666666,0.06944444444444445,6.0
2023,4,19790,DL,12889,14869,LAS,SLC,145,5,0,0,140,0,29,13,1319.0,0.034482758620689655,0.0,0.20714285714285716,0.09285714285714286,9.42142857142857
2023,4,19790,DL,12892,10397,LAX,ATL,337,10,1,0,326,0,109,27,5443.0,0.02967359050445104,0.002967359050445104,0.3343558282208589,0.08282208588957055,16.696319018404907
2023,4,19790,DL,12892,10721,LAX,BOS,85,4,0,0,81,0,18,3,156.0,0.047058823529411764,0.0,0.2222222222222222,0.037037037037037035,1.9259259259259258
2023,4,19790,DL,12892,11278,LAX,DCA,30,3,0,0,27,0,5,1,-40.0,0.1,0.0,0.18518518518518517,0.037037037037037035,-1.4814814814814814
2023,4,19790,DL,12892,11292,LAX,DEN,90,4,0,0,86,0,19,7,987.0,0.044444444444444446,0.0,0.22093023255813954,0.08139534883720931,11.476744186046512
2023,4,19790,DL,12892,11298,LAX,DFW,58,2,0,0,56,0,18,2,609.0,0.034482758620689655,0.0,0.32142857142857145,0.03571428571428571,10.875
2023,4,19790,DL,12892,11433,LAX,DTW,167,6,0,0,161,0,26,9,696.0,0.03592814371257485,0.0,0.16149068322981366,0.055900621118012424,4.3229813664596275
2023,4,19790,DL,12892,11697,LAX,FLL,27,5,0,0,22,0,7,3,342.0,0.18518518518518517,0.0,0.3181818181818182,0.13636363636363635,15.545454545454545
2023,4,19790,DL,12892,12173,LAX,HNL,90,0,0,0,90,0,22,7,320.0,0.0,0.0,0.24444444444444444,0.07777777777777778,3.5555555555555554
2023,4,19790,DL,12892,12266,LAX,IAH,57,4,1,0,52,0,7,2,68.0,0.07017543859649122,0.017543859649122806,0.1346153846153846,0.038461538461538464,1.3076923076923077
2023,4,19790,DL,12892,12478,LAX,JFK,264,4,1,0,259,0,74,17,2451.0,0.015151515151515152,0.003787878787878788,0.2857142857142857,0.06563706563706563,9.463320463320464
2023,4,19790,DL,12892,12889,LAX,LAS,150,5,0,0,145,0,44,13,2003.0,0.03333333333333333,0.0,0.30344827586206896,0.0896551724137931,13.813793103448276
2023,4,19790,DL,12892,13204,LAX,MCO,111,4,0,0,107,0,36,5,996.0,0.036036036036036036,0.0,0.3364485981308411,0.04672897196261682,9.30841121495327
2023,4,19790,DL,12892,13303,LAX,MIA,30,2,1,0,27,0,8,0,-17.0,0.06666666666666667,0.03333333333333333,0.2962962962962963,0.0,-0.6296296296296297
2023,4,19790,DL,12892,13487,LAX,MSP,200,2,1,0,197,0,42,3,64.0,0.01,0.005,0.2131979695431472,0.015228426395939087,0.3248730964467005
2023,4,19790,DL,12892,14747,LAX,SEA,198,4,0,0,194,0,22,8,-293.0,0.020202020202020204,0.0,0.1134020618556701,0.041237113402061855,-1.5103092783505154
2023,4,19790,DL,12892,14771,LAX,SFO,201,8,0,0,193,0,34,9,528.0,0.03980099502487562,0.0,0.17616580310880828,0.046632124352331605,2.7357512953367875
2023,4,19790,DL,12892,14869,LAX,SLC,210,5,0,0,205,0,30,7,1004.0,0.023809523809523808,0.0,0.14634146341463414,0.03414634146341464,4.897560975609756
2023,4,19790,DL,12892,15304,LAX,TPA,51,3,0,0,48,0,10,0,311.0,0.058823529411764705,0.0,0.20833333333333334,0.0,6.479166666666667
2023,4,19790,DL,12953,10397,LGA,ATL,375,13,0,0,362,0,62,19,-1.0,0.034666666666666665,0.0,0.1712707182320442,0.052486187845303865,-0.0027624309392265192
2023,4,19790,DL,12953,10721,LGA,BOS,62,0,0,0,62,0,20,11,1812.0,0.0,0.0,0.3225806451612903,0.1774193548387097,29.225806451612904
2023,4,19790,DL,12953,11292,LGA,DEN,55,5,0,0,50,0,7,4,-461.0,0.09090909090909091,0.0,0.14,0.08,-9.22
2023,4,19790,DL,12953,11298,LGA,DFW,130,3,2,0,125,0,23,9,-140.0,0.023076923076923078,0.015384615384615385,0.184,0.072,-1.12
2023,4,19790,DL,12953,11433,LGA,DTW,170,1,0,0,169,0,15,8,-1444.0,0.0058823529411764705,0.0,0.08875739644970414,0.047337278106508875,-8.544378698224852
2023,4,19790,DL,12953,11697,LGA,FLL,118,13,1,0,104,0,25,11,502.0,0.11016949152542373,0.00847457627118644,0.2403846153846154,0.10576923076923077,4.826923076923077
2023,4,19790,DL,12953,12266,LGA,IAH,100,2,0,0,98,0,25,16,1771.0,0.02,0.0,0.25510204081632654,0.16326530612244897,18.071428571428573
2023,4,19790,DL,12953,13204,LGA,MCO,178,4,0,0,174,0,43,16,1333.0,0.02247191011235955,0.0,0.2471264367816092,0.09195402298850575,7.660919540229885
2023,4,19790,DL,12953,13303,LGA,MIA,118,5,0,0,113,0,40,12,1731.0,0.0423728813559322,0.0,0.35398230088495575,0.10619469026548672,15.31858407079646
2023,4,19790,DL,12953,13487,LGA,MSP,140,3,0,0,137,0,26,10,-328.0,0.02142857142857143,0.0,0.1897810218978102,0.072992700729927,-2.394160583941606
2023,4,19790,DL,12953,13930,LGA,ORD,206,7,2,0,197,0,40,22,147.0,0.03398058252427184,0.009708737864077669,0.20304568527918782,0.1116751269035533,0.7461928934010152
2023,4,19790,DL,12953,14635,LGA,RSW,60,4,1,0,55,0,14,4,495.0,0.06666666666666667,0.016666666666666666,0.2545454545454545,0.07272727272727272,9.0
2023,4,19790,DL,12953,15304,LGA,TPA,115,6,0,0,109,0,15,7,-334.0,0.05217391304347826,0.0,0.13761467889908258,0.06422018348623854,-3.0642201834862384
2023,4,19790,DL,13204,10397,MCO,ATL,432,3,0,0,429,0,104,31,5548.0,0.006944444444444444,0.0,0.24242424242424243,0.07226107226107226,12.932400932400933
2023,4,19790,DL,13204,10721,MCO,BOS,111,2,0,0,109,0,20,11,968.0,0.018018018018018018,0.0,0.1834862385321101,0.10091743119266056,8.880733944954128
2023,4,19790,DL,13204,11433,MCO,DTW,189,4,0,0,185,0,49,19,2501.0,0.021164021164021163,0.0,0.2648648648648649,0.10270270270270271,13.518918918918919
2023,4,19790,DL,13204,12478,MCO,JFK,152,7,0,0,145,0,38,15,1238.0,0.046052631578947366,0.0,0.2620689655172414,0.10344827586206896,8.537931034482758
2023,4,19790,DL,13204,12892,MCO,LAX,111,5,0,0,106,0,17,4,-316.0,0.04504504504504504,0.0,0.16037735849056603,0.03773584905660377,-2.981132075471698
2023,4,19790,DL,13204,12953,MCO,LGA,178,4,0,0,174,0,46,18,2196.0,0.02247191011235955,0.0,0.26436781609195403,0.10344827586206896,12.620689655172415
2023,4,19790,DL,13204,13303,MCO,MIA,81,4,0,0,77,0,20,10,1053.0,0.04938271604938271,0.0,0.2597402597402597,0.12987012987012986,13.675324675324676
2023,4,19790,DL,13204,13487,MCO,MSP,187,6,0,0,181,0,36,16,2280.0,0.03208556149732621,0.0,0.19889502762430938,0.08839779005524862,12.596685082872929
2023,4,19790,DL,13204,14747,MCO,SEA,60,2,0,0,58,0,19,5,582.0,0.03333333333333333,0.0,0.3275862068965517,0.08620689655172414,10.03448275862069
2023,4,19790,DL,13204,14869,MCO,SLC,124,2,0,0,122,0,20,4,-646.0,0.016129032258064516,0.0,0.16393442622950818,0.03278688524590164,-5.295081967213115
2023,4,19790,DL,13232,10397,MDW,ATL,96,3,0,0,93,0,13,3,910.0,0.03125,0.0,0.13978494623655913,0.03225806451612903,9.78494623655914
2023,4,19790,DL,13303,10397,MIA,ATL,257,1,1,0,255,0,99,33,5840.0,0.0038910505836575876,0.0038910505836575876,0.38823529411764707,0.12941176470588237,22.901960784313726
2023,4,19790,DL,13303,10721,MIA,BOS,62,1,0,0,61,0,27,10,1496.0,0.016129032258064516,0.0,0.4426229508196721,0.16393442622950818,24.524590163934427
2023,4,19790,DL,13303,11433,MIA,DTW,62,4,0,0,58,0,24,10,3011.0,0.06451612903225806,0.0,0.41379310344827586,0.1724137931034483,51.91379310344828
2023,4,19790,DL,13303,12478,MIA,JFK,120,5,0,0,115,0,50,21,3643.0,0.041666666666666664,0.0,0.43478260869565216,0.1826086956521739,31.678260869565218
2023,4,19790,DL,13303,12892,MIA,LAX,30,2,0,0,28,0,6,3,397.0,0.06666666666666667,0.0,0.21428571428571427,0.10714285714285714,14.178571428571429
2023,4,19790,DL,13303,12953,MIA,LGA,118,5,0,0,113,0,43,14,2259.0,0.0423728813559322,0.0,0.3805309734513274,0.12389380530973451,19.991150442477878
2023,4,19790,DL,13303,13204,MIA,MCO,81,4,0,0,77,0,25,7,1184.0,0.04938271604938271,0.0,0.3246753246753247,0.09090909090909091,15.376623376623376
2023,4,19790,DL,13303,13487,MIA,MSP,56,3,0,0,53,0,12,6,284.0,0.05357142857142857,0.0,0.22641509433962265,0.11320754716981132,5.3584905660377355
2023,4,19790,DL,13303,14869,MIA,SLC,30,1,0,0,29,0,3,1,-383.0,0.03333333333333333,0.0,0.10344827586206896,0.034482758620689655,-13.206896551724139
2023,4,19790,DL,13487,10397,MSP,ATL,257,3,0,0,254,0,38,13,603.0,0.011673151750972763,0.0,0.14960629921259844,0.051181102362204724,2.374015748031496
2023,4,19790,DL,13487,10721,MSP,BOS,147,0,0,0,147,0,35,8,779.0,0.0,0.0,0.23809523809523808,0.05442176870748299,5.299319727891157
2023,4,19790,DL,13487,10821,MSP,BWI,81,1,0,0,80,0,8,1,-397.0,0.012345679012345678,0.0,0.1,0.0125,-4.9625
2023,4,19790,DL,13487,11278,MSP,DCA,148,4,1,0,143,0,24,6,-45.0,0.02702702702702703,0.006756756756756757,0.16783216783216784,0.04195804195804196,-0.3146853146853147
2023,4,19790,DL,13487,11292,MSP,DEN,150,2,2,0,146,0,16,6,-524.0,0.013333333333333334,0.013333333333333334,0.1095890410958904,0.0410958904109589,-3.589041095890411
2023,4,19790,DL,13487,11298,MSP,DFW,118,4,0,0,114,0,24,10,509.0,0.03389830508474576,0.0,0.21052631578947367,0.08771929824561403,4.464912280701754
2023,4,19790,DL,13487,11433,MSP,DTW,150,1,0,0,149,0,24,8,702.0,0.006666666666666667,0.0,0.1610738255033557,0.053691275167785234,4.7114093959731544
2023,4,19790,DL,13487,11618,MSP,EWR,117,1,0,0,116,0,25,14,1445.0,0.008547008547008548,0.0,0.21551724137931033,0.1206896551724138,12.456896551724139
2023,4,19790,DL,13487,11697,MSP,FLL,73,5,1,0,67,0,21,12,1509.0,0.0684931506849315,0.0136986301369863,0.31343283582089554,0.1791044776119403,22.52238805970149
2023,4,19790,DL,13487,12173,MSP,HNL,30,0,0,0,30,0,1,1,-573.0,0.0,0.0,0.03333333333333333,0.03333333333333333,-19.1
2023,4,19790,DL,13487,12266,MSP,IAH,115,2,3,0,110,0,33,11,1056.0,0.017391304347826087,0.02608695652173913,0.3,0.1,9.6
2023,4,19790,DL,13487,12478,MSP,JFK,61,1,0,0,60,0,22,9,1322.0,0.01639344262295082,0.0,0.36666666666666664,0.15,22.033333333333335
2023,4,19790,DL,13487,12889,MSP,LAS,197,3,0,0,194,0,35,10,-960.0,0.015228426395939087,0.0,0.18041237113402062,0.05154639175257732,-4.948453608247423
2023,4,19790,DL,13487,12892,MSP,LAX,200,1,0,0,199,0,24,5,-1577.0,0.005,0.0,0.12060301507537688,0.02512562814070352,-7.924623115577889
2023,4,19790,DL,13487,12953,MSP,LGA,140,2,1,0,137,0,27,11,744.0,0.014285714285714285,0.007142857142857143,0.19708029197080293,0.08029197080291971,5.430656934306569
2023,4,19790,DL,13487,13204,MSP,MCO,187,5,0,0,182,0,32,12,728.0,0.026737967914438502,0.0,0.17582417582417584,0.06593406593406594,4.0
2023,4,19790,DL,13487,13303,MSP,MIA,56,2,0,0,54,0,18,3,499.0,0.03571428571428571,0.0,0.3333333333333333,0.05555555555555555,9.24074074074074
2023,4,19790,DL,13487,13930,MSP,ORD,175,4,0,0,171,0,38,15,1098.0,0.022857142857142857,0.0,0.2222222222222222,0.08771929824561403,6.421052631578948
2023,4,19790,DL,13487,14100,MSP,PHL,85,3,0,0,82,0,7,1,-896.0,0.03529411764705882,0.0,0.08536585365853659,0.012195121951219513,-10.926829268292684
2023,4,19790,DL,13487,14107,MSP,PHX,188,3,0,0,185,0,38,12,-52.0,0.015957446808510637,0.0,0.20540540540540542,0.06486486486486487,-0.2810810810810811
2023,4,19790,DL,13487,14635,MSP,RSW,137,1,1,0,135,0,16,3,-731.0,0.0072992700729927005,0.0072992700729927005,0.11851851851851852,0.022222222222222223,-5.4148148148148145
2023,4,19790,DL,13487,14679,MSP,SAN,112,1,0,0,111,0,16,7,-631.0,0.008928571428571428,0.0,0.14414414414414414,0.06306306306306306,-5.684684684684685
2023,4,19790,DL,13487,14747,MSP,SEA,151,6,0,0,145,0,21,7,-1170.0,0.039735099337748346,0.0,0.14482758620689656,0.04827586206896552,-8.068965517241379
2023,4,19790,DL,13487,14771,MSP,SFO,115,1,0,0,114,0,19,8,-766.0,0.008695652173913044,0.0,0.16666666666666666,0.07017543859649122,-6.719298245614035
2023,4,19790,DL,13487,14869,MSP,SLC,133,3,0,0,130,0,20,2,-677.0,0.022556390977443608,0.0,0.15384615384615385,0.015384615384615385,-5.207692307692308
2023,4,19790,DL,13487,15016,MSP,STL,115,1,0,0,114,0,19,7,99.0,0.008695652173913044,0.0,0.16666666666666666,0.06140350877192982,0.868421052631579
2023,4,19790,DL,13487,15304,MSP,TPA,129,2,0,0,127,0,22,5,-92.0,0.015503875968992248,0.0,0.1732283464566929,0.03937007874015748,-0.7244094488188977
2023,4,19790,DL,13796,14869,OAK,SLC,60,1,0,0,59,0,7,3,-27.0,0.016666666666666666,0.0,0.11864406779661017,0.05084745762711865,-0.4576271186440678
2023,4,19790,DL,13930,10397,ORD,ATL,201,4,0,0,197,0,51,13,3185.0,0.01990049751243781,0.0,0.25888324873096447,0.06598984771573604,16.16751269035533
2023,4,19790,DL,13930,10721,ORD,BOS,75,1,0,0,74,0,20,8,980.0,0.013333333333333334,0.0,0.2702702702702703,0.10810810810810811,13.243243243243244
2023,4,19790,DL,13930,11433,ORD,DTW,170,2,0,0,168,0,23,15,1596.0,0.011764705882352941,0.0,0.13690476190476192,0.08928571428571429,9.5
2023,4,19790,DL,13930,12953,ORD,LGA,206,7,2,0,197,0,46,16,1280.0,0.03398058252427184,0.009708737864077669,0.233502538071066,0.08121827411167512,6.49746192893401
2023,4,19790,DL,13930,13487,ORD,MSP,175,3,0,0,172,0,37,14,1644.0,0.017142857142857144,0.0,0.21511627906976744,0.08139534883720931,9.55813953488372
2023,4,19790,DL,13930,14747,ORD,SEA,71,1,1,0,69,0,7,4,38.0,0.014084507042253521,0.014084507042253521,0.10144927536231885,0.057971014492753624,0.5507246376811594
2023,4,19790,DL,13930,14869,ORD,SLC,90,2,0,0,88,0,11,5,-271.0,0.022222222222222223,0.0,0.125,0.056818181818181816,-3.0795454545454546
2023,4,19790,DL,14100,10397,PHL,ATL,221,5,0,0,216,0,36,10,-78.0,0.02262443438914027,0.0,0.16666666666666666,0.046296296296296294,-0.3611111111111111
2023,4,19790,DL,14100,11433,PHL,DTW,115,0,0,0,115,0,6,1,-1651.0,0.0,0.0,0.05217391304347826,0.008695652173913044,-14.356521739130434
2023,4,19790,DL,14100,13487,PHL,MSP,85,4,0,0,81,0,10,3,-468.0,0.047058823529411764,0.0,0.12345679012345678,0.037037037037037035,-5.777777777777778
2023,4,19790,DL,14100,14869,PHL,SLC,30,1,0,0,29,0,3,0,-689.0,0.03333333333333333,0.0,0.10344827586206896,0.0,-23.75862068965517
2023,4,19790,DL,14107,10397,PHX,ATL,201,2,0,0,199,0,30,7,678.0,0.009950248756218905,0.0,0.1507537688442211,0.035175879396984924,3.407035175879397
2023,4,19790,DL,14107,10721,PHX,BOS,30,0,1,0,29,0,4,0,-236.0,0.0,0.03333333333333333,0.13793103448275862,0.0,-8.137931034482758
2023,4,19790,DL,14107,11433,PHX,DTW,120,1,0,0,119,0,23,4,507.0,0.008333333333333333,0.0,0.19327731092436976,0.03361344537815126,4.260504201680672
2023,4,19790,DL,14107,12478,PHX,JFK,69,5,0,0,64,0,18,5,954.0,0.07246376811594203,0.0,0.28125,0.078125,14.90625
2023,4,19790,DL,14107,13487,PHX,MSP,188,4,0,0,184,0,24,8,1196.0,0.02127659574468085,0.0,0.13043478260869565,0.043478260869565216,6.5
2023,4,19790,DL,14107,14747,PHX,SEA,150,2,0,0,148,0,8,2,-1876.0,0.013333333333333334,0.0,0.05405405405405406,0.013513513513513514,-12.675675675675675
2023,4,19790,DL,14107,14869,PHX,SLC,147,2,0,0,145,0,11,1,-719.0,0.013605442176870748,0.0,0.07586206896551724,0.006896551724137931,-4.958620689655173
2023,4,19790,DL,14635,10397,RSW,ATL,224,4,0,0,220,0,17,3,-1420.0,0.017857142857142856,0.0,0.07727272727272727,0.013636363636363636,-6.454545454545454
2023,4,19790,DL,14635,10721,RSW,BOS,30,1,0,0,29,0,3,0,-324.0,0.03333333333333333,0.0,0.10344827586206896,0.0,-11.172413793103448
2023,4,19790,DL,14635,11433,RSW,DTW,136,5,0,0,131,0,15,4,307.0,0.03676470588235294,0.0,0.11450381679389313,0.030534351145038167,2.3435114503816794
2023,4,19790,DL,14635,12478,RSW,JFK,49,2,0,0,47,0,11,8,843.0,0.04081632653061224,0.0,0.23404255319148937,0.1702127659574468,17.93617021276596
2023,4,19790,DL,14635,12953,RSW,LGA,60,4,0,0,56,0,17,5,1313.0,0.06666666666666667,0.0,0.30357142857142855,0.08928571428571429,23.446428571428573
2023,4,19790,DL,14635,13487,RSW,MSP,137,1,0,0,136,0,8,1,-1828.0,0.0072992700729927005,0.0,0.058823529411764705,0.007352941176470588,-13.441176470588236
2023,4,19790,DL,14679,10397,SAN,ATL,147,0,0,0,147,0,39,12,2477.0,0.0,0.0,0.2653061224489796,0.08163265306122448,16.85034013605442
2023,4,19790,DL,14679,10721,SAN,BOS,30,0,1,0,29,0,4,0,-229.0,0.0,0.03333333333333333,0.13793103448275862,0.0,-7.896551724137931
2023,4,19790,DL,14679,11433,SAN,DTW,97,2,0,0,95,0,15,1,-120.0,0.020618556701030927,0.0,0.15789473684210525,0.010526315789473684,-1.263157894736842
2023,4,19790,DL,14679,12478,SAN,JFK,77,3,1,0,73,0,22,6,1849.0,0.03896103896103896,0.012987012987012988,0.3013698630136986,0.0821917808219178,25.328767123287673
2023,4,19790,DL,14679,13487,SAN,MSP,112,2,0,0,110,0,16,3,-134.0,0.017857142857142856,0.0,0.14545454545454545,0.02727272727272727,-1.2181818181818183
2023,4,19790,DL,14679,14747,SAN,SEA,150,2,0,0,148,0,14,7,281.0,0.013333333333333334,0.0,0.0945945945945946,0.0472972972972973,1.8986486486486487
2023,4,19790,DL,14679,14869,SAN,SLC,146,5,0,0,141,0,16,8,913.0,0.03424657534246575,0.0,0.11347517730496454,0.05673758865248227,6.475177304964539
2023,4,19790,DL,14747,10397,SEA,ATL,171,1,0,0,170,0,33,8,1724.0,0.005847953216374269,0.0,0.19411764705882353,0.047058823529411764,10.141176470588235
2023,4,19790,DL,14747,10721,SEA,BOS,85,0,0,0,85,0,24,4,646.0,0.0,0.0,0.2823529411764706,0.047058823529411764,7.6
2023,4,19790,DL,14747,11292,SEA,DEN,90,1,1,0,88,0,15,6,360.0,0.011111111111111112,0.011111111111111112,0.17045454545454544,0.06818181818181818,4.090909090909091
2023,4,19790,DL,14747,11433,SEA,DTW,107,6,0,0,101,0,18,4,-88.0,0.056074766355140186,0.0,0.1782178217821782,0.039603960396039604,-0.8712871287128713
2023,4,19790,DL,14747,11697,SEA,FLL,30,1,1,0,28,0,4,3,286.0,0.03333333333333333,0.03333333333333333,0.14285714285714285,0.10714285714285714,10.214285714285714
2023,4,19790,DL,14747,12173,SEA,HNL,50,0,0,0,50,0,16,6,844.0,0.0,0.0,0.32,0.12,16.88
2023,4,19790,DL,14747,12478,SEA,JFK,103,4,1,0,98,0,25,7,641.0,0.038834951456310676,0.009708737864077669,0.25510204081632654,0.07142857142857142,6.540816326530612
2023,4,19790,DL,14747,12889,SEA,LAS,150,6,0,0,144,0,37,14,1202.0,0.04,0.0,0.2569444444444444,0.09722222222222222,8.347222222222221
2023,4,19790,DL,14747,12892,SEA,LAX,197,4,0,0,193,0,39,7,-8.0,0.02030456852791878,0.0,0.20207253886010362,0.03626943005181347,-0.04145077720207254
2023,4,19790,DL,14747,13204,SEA,MCO,60,3,1,0,56,0,26,7,1214.0,0.05,0.016666666666666666,0.4642857142857143,0.125,21.678571428571427
2023,4,19790,DL,14747,13487,SEA,MSP,150,6,0,0,144,0,19,6,972.0,0.04,0.0,0.13194444444444445,0.041666666666666664,6.75
2023,4,19790,DL,14747,13930,SEA,ORD,71,1,2,0,68,0,10,4,222.0,0.014084507042253521,0.028169014084507043,0.14705882352941177,0.058823529411764705,3.264705882352941
2023,4,19790,DL,14747,14107,SEA,PHX,150,2,0,0,148,0,21,5,-413.0,0.013333333333333334,0.0,0.14189189189189189,0.033783783783783786,-2.7905405405405403
2023,4,19790,DL,14747,14679,SEA,SAN,150,2,0,0,148,0,22,9,279.0,0.013333333333333334,0.0,0.14864864864864866,0.060810810810810814,1.885135135135135
2023,4,19790,DL,14747,14771,SEA,SFO,49,2,0,0,47,0,11,2,127.0,0.04081632653061224,0.0,0.23404255319148937,0.0425531914893617,2.702127659574468
2023,4,19790,DL,14747,14869,SEA,SLC,175,3,0,0,172,0,27,12,1547.0,0.017142857142857144,0.0,0.1569767441860465,0.06976744186046512,8.994186046511627
2023,4,19790,DL,14747,15304,SEA,TPA,30,2,0,0,28,0,8,2,326.0,0.06666666666666667,0.0,0.2857142857142857,0.07142857142857142,11.642857142857142
2023,4,19790,DL,14771,10397,SFO,ATL,194,1,0,0,193,0,28,9,1066.0,0.005154639175257732,0.0,0.14507772020725387,0.046632124352331605,5.523316062176166
2023,4,19790,DL,14771,10721,SFO,BOS,37,1,0,0,36,0,10,3,314.0,0.02702702702702703,0.0,0.2777777777777778,0.08333333333333333,8.722222222222221
2023,4,19790,DL,14771,11433,SFO,DTW,107,5,0,0,102,0,10,3,-416.0,0.04672897196261682,0.0,0.09803921568627451,0.029411764705882353,-4.078431372549019
2023,4,19790,DL,14771,12478,SFO,JFK,204,6,1,0,197,0,63,15,3220.0,0.029411764705882353,0.004901960784313725,0.3197969543147208,0.07614213197969544,16.34517766497462
2023,4,19790,DL,14771,12892,SFO,LAX,201,8,0,0,193,0,18,5,-1922.0,0.03980099502487562,0.0,0.09326424870466321,0.025906735751295335,-9.958549222797927
2023,4,19790,DL,14771,13487,SFO,MSP,115,1,0,0,114,0,19,7,1012.0,0.008695652173913044,0.0,0.16666666666666666,0.06140350877192982,8.87719298245614
2023,4,19790,DL,14771,14747,SFO,SEA,49,2,0,0,47,0,9,3,108.0,0.04081632653061224,0.0,0.19148936170212766,0.06382978723404255,2.297872340425532
2023,4,19790,DL,14771,14869,SFO,SLC,145,3,0,0,142,0,23,10,253.0,0.020689655172413793,0.0,0.1619718309859155,0.07042253521126761,1.7816901408450705
2023,4,19790,DL,14869,10397,SLC,ATL,238,1,0,0,237,0,52,14,1151.0,0.004201680672268907,0.0,0.21940928270042195,0.05907172995780591,4.856540084388186
2023,4,19790,DL,14869,10721,SLC,BOS,90,2,1,0,87,0,19,3,464.0,0.022222222222222223,0.011111111111111112,0.21839080459770116,0.034482758620689655,5.333333333333333
2023,4,19790,DL,14869,10821,SLC,BWI,30,2,0,0,28,0,2,1,-3.0,0.06666666666666667,0.0,0.07142857142857142,0.03571428571428571,-0.10714285714285714
2023,4,19790,DL,14869,11278,SLC,DCA,30,1,0,0,29,0,9,1,378.0,0.03333333333333333,0.0,0.3103448275862069,0.034482758620689655,13.03448275862069
2023,4,19790,DL,14869,11292,SLC,DEN,145,0,1,0,144,0,32,13,1569.0,0.0,0.006896551724137931,0.2222222222222222,0.09027777777777778,10.895833333333334
2023,4,19790,DL,14869,11298,SLC,DFW,120,3,1,0,116,0,33,8,1749.0,0.025,0.008333333333333333,0.28448275862068967,0.06896551724137931,15.077586206896552
2023,4,19790,DL,14869,11433,SLC,DTW,123,0,0,0,123,0,15,4,-80.0,0.0,0.0,0.12195121951219512,0.032520325203252036,-0.6504065040650406
2023,4,19790,DL,14869,11618,SLC,EWR,30,2,1,0,27,0,7,3,397.0,0.06666666666666667,0.03333333333333333,0.25925925925925924,0.1111111111111111,14.703703703703704
2023,4,19790,DL,14869,11697,SLC,FLL,30,2,0,0,28,0,4,0,-73.0,0.06666666666666667,0.0,0.14285714285714285,0.0,-2.607142857142857
2023,4,19790,DL,14869,12173,SLC,HNL,30,0,0,0,30,0,1,0,-490.0,0.0,0.0,0.03333333333333333,0.0,-16.333333333333332
2023,4,19790,DL,14869,12266,SLC,IAH,90,2,1,0,87,0,29,13,1856.0,0.022222222222222223,0.011111111111111112,0.3333333333333333,0.14942528735632185,21.333333333333332
2023,4,19790,DL,14869,12478,SLC,JFK,120,4,1,0,115,0,44,12,2277.0,0.03333333333333333,0.008333333333333333,0.3826086956521739,0.10434782608695652,19.8
2023,4,19790,DL,14869,12889,SLC,LAS,145,4,0,0,141,0,40,17,2147.0,0.027586206896551724,0.0,0.28368794326241137,0.12056737588652482,15.22695035460993
2023,4,19790,DL,14869,12892,SLC,LAX,210,7,0,0,203,0,31,7,292.0,0.03333333333333333,0.0,0.15270935960591134,0.034482758620689655,1.438423645320197
2023,4,19790,DL,14869,13204,SLC,MCO,124,2,1,0,121,0,24,3,430.0,0.016129032258064516,0.008064516129032258,0.19834710743801653,0.024793388429752067,3.553719008264463
2023,4,19790,DL,14869,13303,SLC,MIA,30,1,0,0,29,0,8,1,237.0,0.03333333333333333,0.0,0.27586206896551724,0.034482758620689655,8.172413793103448
2023,4,19790,DL,14869,13487,SLC,MSP,133,3,0,0,130,0,22,2,376.0,0.022556390977443608,0.0,0.16923076923076924,0.015384615384615385,2.8923076923076922
2023,4,19790,DL,14869,13796,SLC,OAK,60,1,0,0,59,0,9,4,530.0,0.016666666666666666,0.0,0.15254237288135594,0.06779661016949153,8.983050847457626
2023,4,19790,DL,14869,13930,SLC,ORD,90,1,1,0,88,0,20,6,1314.0,0.011111111111111112,0.011111111111111112,0.22727272727272727,0.06818181818181818,14.931818181818182
2023,4,19790,DL,14869,14100,SLC,PHL,30,0,0,0,30,0,5,0,7.0,0.0,0.0,0.16666666666666666,0.0,0.23333333333333334
2023,4,19790,DL,14869,14107,SLC,PHX,147,3,0,0,144,0,29,3,30.0,0.02040816326530612,0.0,0.2013888888888889,0.020833333333333332,0.20833333333333334
2023,4,19790,DL,14869,14679,SLC,SAN,146,5,0,0,141,0,28,8,1272.0,0.03424657534246575,0.0,0.19858156028368795,0.05673758865248227,9.02127659574468
2023,4,19790,DL,14869,14747,SLC,SEA,175,3,0,0,172,0,32,4,-176.0,0.017142857142857144,0.0,0.18604651162790697,0.023255813953488372,-1.0232558139534884
2023,4,19790,DL,14869,14771,SLC,SFO,145,2,1,0,142,0,35,9,1523.0,0.013793103448275862,0.006896551724137931,0.24647887323943662,0.06338028169014084,10.725352112676056
2023,4,19790,DL,14869,15016,SLC,STL,67,0,0,0,67,0,16,7,703.0,0.0,0.0,0.23880597014925373,0.1044776119402985,10.492537313432836
2023,4,19790,DL,14869,15304,SLC,TPA,30,1,0,0,29,0,5,0,-46.0,0.03333333333333333,0.0,0.1724137931034483,0.0,-1.5862068965517242
2023,4,19790,DL,15016,10397,STL,ATL,197,6,0,0,191,0,22,8,-386.0,0.030456852791878174,0.0,0.11518324607329843,0.041884816753926704,-2.020942408376963
2023,4,19790,DL,15016,11433,STL,DTW,97,0,0,0,97,0,7,3,-660.0,0.0,0.0,0.07216494845360824,0.030927835051546393,-6.804123711340206
2023,4,19790,DL,15016,13487,STL,MSP,115,2,0,0,113,0,12,8,-159.0,0.017391304347826087,0.0,0.10619469026548672,0.07079646017699115,-1.407079646017699
2023,4,19790,DL,15016,14869,STL,SLC,67,0,0,0,67,0,8,5,-162.0,0.0,0.0,0.11940298507462686,0.07462686567164178,-2.417910447761194
2023,4,19790,DL,15304,10397,TPA,ATL,373,2,1,0,370,0,55,18,1987.0,0.005361930294906166,0.002680965147453083,0.14864864864864866,0.04864864864864865,5.370270270270271
2023,4,19790,DL,15304,10721,TPA,BOS,90,1,0,0,89,0,10,5,455.0,0.011111111111111112,0.0,0.11235955056179775,0.056179775280898875,5.112359550561798
2023,4,19790,DL,15304,11433,TPA,DTW,145,7,0,0,138,0,15,4,-664.0,0.04827586206896552,0.0,0.10869565217391304,0.028985507246376812,-4.811594202898551
2023,4,19790,DL,15304,12478,TPA,JFK,90,5,0,0,85,0,22,16,2497.0,0.05555555555555555,0.0,0.25882352941176473,0.18823529411764706,29.376470588235293
2023,4,19790,DL,15304,12892,TPA,LAX,51,3,0,0,48,0,9,1,225.0,0.058823529411764705,0.0,0.1875,0.020833333333333332,4.6875
2023,4,19790,DL,15304,12953,TPA,LGA,115,6,0,0,109,0,15,7,996.0,0.05217391304347826,0.0,0.13761467889908258,0.06422018348623854,9.137614678899082
2023,4,19790,DL,15304,13487,TPA,MSP,129,1,0,0,128,0,15,7,-448.0,0.007751937984496124,0.0,0.1171875,0.0546875,-3.5
2023,4,19790,DL,15304,14747,TPA,SEA,30,2,0,0,28,0,6,2,90.0,0.06666666666666667,0.0,0.21428571428571427,0.07142857142857142,3.2142857142857144
2023,4,19790,DL,15304,14869,TPA,SLC,30,1,0,0,29,0,2,0,-380.0,0.03333333333333333,0.0,0.06896551724137931,0.0,-13.10344827586207
2023,4,19805,AA,10397,11278,ATL,DCA,31,1,1,0,29,0,9,4,1286.0,0.03225806451612903,0.03225806451612903,0.3103448275862069,0.13793103448275862,44.3448275862069
2023,4,19805,AA,10397,11298,ATL,DFW,176,6,0,0,170,0,45,20,2375.0,0.03409090909090909,0.0,0.2647058823529412,0.11764705882352941,13.970588235294118
2023,4,19805,AA,10397,12892,ATL,LAX,30,0,0,0,30,0,7,3,523.0,0.0,0.0,0.23333333333333334,0.1,17.433333333333334
2023,4,19805,AA,10397,13303,ATL,MIA,149,0,0,0,149,0,44,23,2937.0,0.0,0.0,0.2953020134228188,0.15436241610738255,19.711409395973153
2023,4,19805,AA,10397,13930,ATL,ORD,60,3,0,0,57,0,13,7,1381.0,0.05,0.0,0.22807017543859648,0.12280701754385964,24.228070175438596
2023,4,19805,AA,10397,14100,ATL,PHL,30,0,0,0,30,0,4,1,12.0,0.0,0.0,0.13333333333333333,0.03333333333333333,0.4
2023,4,19805,AA,10397,14107,ATL,PHX,59,1,0,0,58,0,15,4,328.0,0.01694915254237288,0.0,0.25862068965517243,0.06896551724137931,5.655172413793103
2023,4,19805,AA,10721,11278,BOS,DCA,187,2,0,0,185,0,47,19,2544.0,0.0106951871657754,0.0,0.25405405405405407,0.10270270270270271,13.751351351351351
2023,4,19805,AA,10721,11298,BOS,DFW,177,1,3,0,173,0,43,12,-236.0,0.005649717514124294,0.01694915254237288,0.24855491329479767,0.06936416184971098,-1.3641618497109826
2023,4,19805,AA,10721,12892,BOS,LAX,90,0,1,0,89,0,19,9,-36.0,0.0,0.011111111111111112,0.21348314606741572,0.10112359550561797,-0.4044943820224719
2023,4,19805,AA,10721,13303,BOS,MIA,201,2,1,0,198,0,48,16,1147.0,0.009950248756218905,0.004975124378109453,0.24242424242424243,0.08080808080808081,5.792929292929293
2023,4,19805,AA,10721,13930,BOS,ORD,110,1,1,0,108,0,21,11,1778.0,0.00909090909090909,0.00909090909090909,0.19444444444444445,0.10185185185185185,16.462962962962962
2023,4,19805,AA,10721,14100,BOS,PHL,173,1,0,0,172,0,21,7,-430.0,0.005780346820809248,0.0,0.12209302325581395,0.040697674418604654,-2.5
2023,4,19805,AA,10721,14107,BOS,PHX,90,0,0,0,90,0,12,3,-646.0,0.0,0.0,0.13333333333333333,0.03333333333333333,-7.177777777777778
2023,4,19805,AA,10821,11298,BWI,DFW,92,3,1,0,88,0,22,11,2719.0,0.03260869565217391,0.010869565217391304,0.25,0.125,30.897727272727273
2023,4,19805,AA,10821,13303,BWI,MIA,30,0,0,0,30,0,2,1,-134.0,0.0,0.0,0.06666666666666667,0.03333333333333333,-4.466666666666667
2023,4,19805,AA,10821,13930,BWI,ORD,30,1,1,0,28,0,3,2,-219.0,0.03333333333333333,0.03333333333333333,0.10714285714285714,0.07142857142857142,-7.821428571428571
2023,4,19805,AA,11278,10397,DCA,ATL,30,1,0,0,29,0,7,3,355.0,0.03333333333333333,0.0,0.2413793103448276,0.10344827586206896,12.241379310344827
2023,4,19805,AA,11278,10721,DCA,BOS,187,2,0,0,185,0,46,28,2872.0,0.0106951871657754,0.0,0.24864864864864866,0.15135135135135136,15.524324324324324
2023,4,19805,AA,11278,11298,DCA,DFW,268,9,4,0,255,0,52,21,1063.0,0.033582089552238806,0.014925373134328358,0.20392156862745098,0.08235294117647059,4.1686274509803924
2023,4,19805,AA,11278,12889,DCA,LAS,30,1,0,0,29,0,5,0,-322.0,0.03333333333333333,0.0,0.1724137931034483,0.0,-11.10344827586207
2023,4,19805,AA,11278,12892,DCA,LAX,60,1,1,0,58,0,10,2,-394.0,0.016666666666666666,0.016666666666666666,0.1724137931034483,0.034482758620689655,-6.793103448275862
2023,4,19805,AA,11278,12953,DCA,LGA,207,5,0,0,202,0,67,33,4587.0,0.024154589371980676,0.0,0.3316831683168317,0.16336633663366337,22.707920792079207
2023,4,19805,AA,11278,13204,DCA,MCO,150,2,0,0,148,0,27,9,565.0,0.013333333333333334,0.0,0.18243243243243243,0.060810810810810814,3.8175675675675675
2023,4,19805,AA,11278,13303,DCA,MIA,238,4,3,0,231,0,63,22,1474.0,0.01680672268907563,0.012605042016806723,0.2727272727272727,0.09523809523809523,6.380952380952381
2023,4,19805,AA,11278,13930,DCA,ORD,263,13,0,0,250,0,55,24,1845.0,0.049429657794676805,0.0,0.22,0.096,7.38
2023,4,19805,AA,11278,14107,DCA,PHX,90,1,0,0,89,0,10,4,-298.0,0.011111111111111112,0.0,0.11235955056179775,0.0449438202247191,-3.348314606741573
2023,4,19805,AA,11278,14635,DCA,RSW,60,1,0,0,59,0,15,8,829.0,0.016666666666666666,0.0,0.2542372881355932,0.13559322033898305,14.05084745762712
2023,4,19805,AA,11278,15016,DCA,STL,23,0,0,0,23,0,12,2,446.0,0.0,0.0,0.5217391304347826,0.08695652173913043,19.391304347826086
2023,4,19805,AA,11278,15304,DCA,TPA,120,2,0,0,118,0,22,8,1015.0,0.016666666666666666,0.0,0.1864406779661017,0.06779661016949153,8.601694915254237
2023,4,19805,AA,11292,11298,DEN,DFW,234,6,1,0,227,0,51,17,1530.0,0.02564102564102564,0.004273504273504274,0.22466960352422907,0.07488986784140969,6.740088105726873
2023,4,19805,AA,11292,13303,DEN,MIA,64,1,1,0,62,0,17,5,1681.0,0.015625,0.015625,0.27419354838709675,0.08064516129032258,27.112903225806452
2023,4,19805,AA,11292,13930,DEN,ORD,88,2,0,0,86,0,16,7,1237.0,0.022727272727272728,0.0,0.18604651162790697,0.08139534883720931,14.383720930232558
2023,4,19805,AA,11292,14100,DEN,PHL,60,0,1,0,59,0,7,1,-193.0,0.0,0.016666666666666666,0.11864406779661017,0.01694915254237288,-3.2711864406779663
2023,4,19805,AA,11292,14107,DEN,PHX,89,0,0,0,89,0,19,14,3087.0,0.0,0.0,0.21348314606741572,0.15730337078651685,34.68539325842696
2023,4,19805,AA,11298,10397,DFW,ATL,176,6,0,0,170,0,63,24,3580.0,0.03409090909090909,0.0,0.37058823529411766,0.1411764705882353,21.058823529411764
2023,4,19805,AA,11298,10721,DFW,BOS,177,2,0,0,175,0,64,28,3258.0,0.011299435028248588,0.0,0.3657142857142857,0.16,18.617142857142856
2023,4,19805,AA,11298,10821,DFW,BWI,93,4,1,0,88,0,21,10,840.0,0.043010752688172046,0.010752688172043012,0.23863636363636365,0.11363636363636363,9.545454545454545
2023,4,19805,AA,11298,11278,DFW,DCA,268,9,0,0,259,0,67,30,4042.0,0.033582089552238806,0.0,0.25868725868725867,0.11583011583011583,15.606177606177607
2023,4,19805,AA,11298,11292,DFW,DEN,234,6,0,0,228,0,75,36,4805.0,0.02564102564102564,0.0,0.32894736842105265,0.15789473684210525,21.07456140350877
2023,4,19805,AA,11298,11433,DFW,DTW,119,2,0,0,117,0,36,12,1474.0,0.01680672268907563,0.0,0.3076923076923077,0.10256410256410256,12.598290598290598
2023,4,19805,AA,11298,11618,DFW,EWR,148,4,1,0,143,0,52,21,3543.0,0.02702702702702703,0.006756756756756757,0.36363636363636365,0.14685314685314685,24.776223776223777
2023,4,19805,AA,11298,11697,DFW,FLL,145,10,3,0,132,0,61,38,4486.0,0.06896551724137931,0.020689655172413793,0.4621212121212121,0.2878787878787879,33.984848484848484
2023,4,19805,AA,11298,12173,DFW,HNL,32,0,0,0,32,0,8,3,86.0,0.0,0.0,0.25,0.09375,2.6875
2023,4,19805,AA,11298,12266,DFW,IAH,218,9,2,0,207,0,83,32,6433.0,0.04128440366972477,0.009174311926605505,0.40096618357487923,0.15458937198067632,31.07729468599034
2023,4,19805,AA,11298,12478,DFW,JFK,90,3,2,0,85,0,33,13,2275.0,0.03333333333333333,0.022222222222222223,0.38823529411764707,0.15294117647058825,26.764705882352942
2023,4,19805,AA,11298,12889,DFW,LAS,296,10,0,0,286,0,103,36,5122.0,0.033783783783783786,0.0,0.36013986013986016,0.1258741258741259,17.90909090909091
2023,4,19805,AA,11298,12892,DFW,LAX,373,7,0,0,366,0,96,38,5152.0,0.01876675603217158,0.0,0.26229508196721313,0.10382513661202186,14.076502732240437
2023,4,19805,AA,11298,12953,DFW,LGA,340,9,7,0,324,0,90,32,4552.0,0.026470588235294117,0.020588235294117647,0.2777777777777778,0.09876543209876543,14.049382716049383
2023,4,19805,AA,11298,13204,DFW,MCO,264,3,0,0,261,0,105,50,6787.0,0.011363636363636364,0.0,0.40229885057471265,0.19157088122605365,26.00383141762452
2023,4,19805,AA,11298,13303,DFW,MIA,235,4,0,0,231,0,76,37,5404.0,0.01702127659574468,0.0,0.329004329004329,0.16017316017316016,23.393939393939394
2023,4,19805,AA,11298,13487,DFW,MSP,131,5,0,0,126,0,29,7,478.0,0.03816793893129771,0.0,0.23015873015873015,0.05555555555555555,3.7936507936507935
2023,4,19805,AA,11298,13930,DFW,ORD,264,4,1,0,259,0,73,27,4018.0,0.015151515151515152,0.003787878787878788,0.28185328185328185,0.10424710424710425,15.513513513513514
2023,4,19805,AA,11298,14100,DFW,PHL,221,7,0,0,214,0,72,27,4803.0,0.03167420814479638,0.0,0.3364485981308411,0.1261682242990654,22.44392523364486
2023,4,19805,AA,11298,14107,DFW,PHX,317,7,0,0,310,0,82,34,3967.0,0.022082018927444796,0.0,0.2645161290322581,0.10967741935483871,12.796774193548387
2023,4,19805,AA,11298,14635,DFW,RSW,85,4,0,0,81,0,36,19,3162.0,0.047058823529411764,0.0,0.4444444444444444,0.2345679012345679,39.03703703703704
2023,4,19805,AA,11298,14679,DFW,SAN,262,5,0,0,257,0,78,26,4503.0,0.019083969465648856,0.0,0.3035019455252918,0.10116731517509728,17.52140077821012
2023,4,19805,AA,11298,14747,DFW,SEA,170,4,1,0,165,0,47,14,1717.0,0.023529411764705882,0.0058823529411764705,0.28484848484848485,0.08484848484848485,10.406060606060606
2023,4,19805,AA,11298,14771,DFW,SFO,230,10,0,0,220,0,88,27,4721.0,0.043478260869565216,0.0,0.4,0.12272727272727273,21.45909090909091
2023,4,19805,AA,11298,14869,DFW,SLC,149,3,0,0,146,0,52,19,2769.0,0.020134228187919462,0.0,0.3561643835616438,0.13013698630136986,18.965753424657535
2023,4,19805,AA,11298,15016,DFW,STL,148,7,0,0,141,0,46,16,2891.0,0.0472972972972973,0.0,0.3262411347517731,0.11347517730496454,20.50354609929078
2023,4,19805,AA,11298,15304,DFW,TPA,174,5,0,0,169,0,56,30,4065.0,0.028735632183908046,0.0,0.33136094674556216,0.17751479289940827,24.05325443786982
2023,4,19805,AA,11433,11298,DTW,DFW,119,2,0,0,117,0,21,6,-911.0,0.01680672268907563,0.0,0.1794871794871795,0.05128205128205128,-7.786324786324786
2023,4,19805,AA,11433,13303,DTW,MIA,30,0,0,0,30,0,2,0,-210.0,0.0,0.0,0.06666666666666667,0.0,-7.0
2023,4,19805,AA,11433,14107,DTW,PHX,60,0,0,0,60,0,4,1,-851.0,0.0,0.0,0.06666666666666667,0.016666666666666666,-14.183333333333334
2023,4,19805,AA,11618,11298,EWR,DFW,148,3,1,0,144,0,50,27,4754.0,0.02027027027027027,0.006756756756756757,0.3472222222222222,0.1875,33.013888888888886
2023,4,19805,AA,11618,13303,EWR,MIA,120,1,0,0,119,0,44,24,3151.0,0.008333333333333333,0.0,0.3697478991596639,0.20168067226890757,26.478991596638654
2023,4,19805,AA,11618,13930,EWR,ORD,110,1,1,0,108,0,29,10,1421.0,0.00909090909090909,0.00909090909090909,0.26851851851851855,0.09259259259259259,13.157407407407407
2023,4,19805,AA,11618,14107,EWR,PHX,89,1,1,0,87,0,15,7,-18.0,0.011235955056179775,0.011235955056179775,0.1724137931034483,0.08045977011494253,-0.20689655172413793
2023,4,19805,AA,11697,11298,FLL,DFW,145,12,0,0,133,0,47,29,3595.0,0.08275862068965517,0.0,0.3533834586466165,0.21804511278195488,27.030075187969924
2023,4,19805,AA,11697,12892,FLL,LAX,22,2,2,0,18,0,13,6,976.0,0.09090909090909091,0.09090909090909091,0.7222222222222222,0.3333333333333333,54.22222222222222
2023,4,19805,AA,11697,13930,FLL,ORD,52,2,1,0,49,0,14,5,1630.0,0.038461538461538464,0.019230769230769232,0.2857142857142857,0.10204081632653061,33.265306122448976
2023,4,19805,AA,11697,14100,FLL,PHL,90,4,0,0,86,0,20,12,2948.0,0.044444444444444446,0.0,0.23255813953488372,0.13953488372093023,34.27906976744186
2023,4,19805,AA,12173,11298,HNL,DFW,32,0,0,0,32,0,5,1,747.0,0.0,0.0,0.15625,0.03125,23.34375
2023,4,19805,AA,12173,12892,HNL,LAX,90,0,0,0,90,0,7,1,131.0,0.0,0.0,0.07777777777777778,0.011111111111111112,1.4555555555555555
2023,4,19805,AA,12173,14107,HNL,PHX,60,0,0,0,60,0,4,1,677.0,0.0,0.0,0.06666666666666667,0.016666666666666666,11.283333333333333
2023,4,19805,AA,12266,11298,IAH,DFW,218,9,2,0,207,0,61,31,5111.0,0.04128440366972477,0.009174311926605505,0.2946859903381642,0.1497584541062802,24.690821256038646
2023,4,19805,AA,12266,13303,IAH,MIA,82,3,0,0,79,0,29,10,2308.0,0.036585365853658534,0.0,0.3670886075949367,0.12658227848101267,29.21518987341772
2023,4,19805,AA,12266,13930,IAH,ORD,53,2,1,0,50,0,8,5,1036.0,0.03773584905660377,0.018867924528301886,0.16,0.1,20.72
2023,4,19805,AA,12266,14100,IAH,PHL,30,0,0,0,30,0,8,3,1441.0,0.0,0.0,0.26666666666666666,0.1,48.03333333333333
2023,4,19805,AA,12266,14107,IAH,PHX,59,1,0,0,58,0,16,7,1834.0,0.01694915254237288,0.0,0.27586206896551724,0.1206896551724138,31.620689655172413
2023,4,19805,AA,12478,11298,JFK,DFW,91,4,0,0,87,0,23,10,1580.0,0.04395604395604396,0.0,0.26436781609195403,0.11494252873563218,18.160919540229884
2023,4,19805,AA,12478,12892,JFK,LAX,270,0,0,0,270,0,45,14,-2201.0,0.0,0.0,0.16666666666666666,0.05185185185185185,-8.151851851851852
2023,4,19805,AA,12478,13303,JFK,MIA,297,2,1,0,294,0,85,29,2928.0,0.006734006734006734,0.003367003367003367,0.2891156462585034,0.09863945578231292,9.959183673469388
2023,4,19805,AA,12478,13930,JFK,ORD,60,0,0,0,60,0,13,5,10.0,0.0,0.0,0.21666666666666667,0.08333333333333333,0.16666666666666666
2023,4,19805,AA,12478,14107,JFK,PHX,90,1,0,0,89,0,13,3,-726.0,0.011111111111111112,0.0,0.14606741573033707,0.033707865168539325,-8.157303370786517
2023,4,19805,AA,12478,14771,JFK,SFO,115,1,0,0,114,0,20,11,906.0,0.008695652173913044,0.0,0.17543859649122806,0.09649122807017543,7.947368421052632
2023,4,19805,AA,12889,11278,LAS,DCA,30,1,0,0,29,0,16,3,767.0,0.03333333333333333,0.0,0.5517241379310345,0.10344827586206896,26.448275862068964
2023,4,19805,AA,12889,11298,LAS,DFW,297,9,1,0,287,0,70,27,4095.0,0.030303030303030304,0.003367003367003367,0.24390243902439024,0.09407665505226481,14.268292682926829
2023,4,19805,AA,12889,12892,LAS,LAX,109,2,0,0,107,0,25,5,1504.0,0.01834862385321101,0.0,0.2336448598130841,0.04672897196261682,14.05607476635514
2023,4,19805,AA,12889,13303,LAS,MIA,60,0,0,0,60,0,15,1,278.0,0.0,0.0,0.25,0.016666666666666666,4.633333333333334
2023,4,19805,AA,12889,13930,LAS,ORD,140,1,0,0,139,0,34,13,1505.0,0.007142857142857143,0.0,0.2446043165467626,0.09352517985611511,10.827338129496402
2023,4,19805,AA,12889,14100,LAS,PHL,60,0,0,0,60,0,13,6,1460.0,0.0,0.0,0.21666666666666667,0.1,24.333333333333332
2023,4,19805,AA,12889,14107,LAS,PHX,120,2,0,0,118,0,24,9,928.0,0.016666666666666666,0.0,0.2033898305084746,0.07627118644067797,7.864406779661017
2023,4,19805,AA,12892,10397,LAX,ATL,30,0,0,0,30,0,4,2,82.0,0.0,0.0,0.13333333333333333,0.06666666666666667,2.7333333333333334
2023,4,19805,AA,12892,10721,LAX,BOS,90,0,1,0,89,0,19,7,306.0,0.0,0.011111111111111112,0.21348314606741572,0.07865168539325842,3.438202247191011
2023,4,19805,AA,12892,11278,LAX,DCA,60,1,0,0,59,0,15,2,122.0,0.016666666666666666,0.0,0.2542372881355932,0.03389830508474576,2.0677966101694913
2023,4,19805,AA,12892,11298,LAX,DFW,370,7,2,0,361,0,74,27,2543.0,0.01891891891891892,0.005405405405405406,0.20498614958448755,0.07479224376731301,7.044321329639889
2023,4,19805,AA,12892,11697,LAX,FLL,22,1,1,0,20,0,2,0,-66.0,0.045454545454545456,0.045454545454545456,0.1,0.0,-3.3
2023,4,19805,AA,12892,12173,LAX,HNL,90,0,1,0,89,0,8,3,-1097.0,0.0,0.011111111111111112,0.0898876404494382,0.033707865168539325,-12.325842696629213
2023,4,19805,AA,12892,12478,LAX,JFK,270,1,0,0,269,0,62,29,7605.0,0.003703703703703704,0.0,0.23048327137546468,0.10780669144981413,28.271375464684017
2023,4,19805,AA,12892,12889,LAX,LAS,109,2,0,0,107,0,41,16,2199.0,0.01834862385321101,0.0,0.38317757009345793,0.14953271028037382,20.55140186915888
2023,4,19805,AA,12892,13204,LAX,MCO,52,0,0,0,52,0,7,3,-26.0,0.0,0.0,0.1346153846153846,0.057692307692307696,-0.5
2023,4,19805,AA,12892,13303,LAX,MIA,203,0,1,0,202,0,36,8,224.0,0.0,0.0049261083743842365,0.1782178217821782,0.039603960396039604,1.108910891089109
2023,4,19805,AA,12892,13930,LAX,ORD,240,4,3,0,233,0,61,15,2887.0,0.016666666666666666,0.0125,0.26180257510729615,0.06437768240343347,12.390557939914164
2023,4,19805,AA,12892,14100,LAX,PHL,154,0,0,0,154,0,31,7,1321.0,0.0,0.0,0.2012987012987013,0.045454545454545456,8.577922077922079
2023,4,19805,AA,12892,14107,LAX,PHX,149,0,0,0,149,0,36,5,1800.0,0.0,0.0,0.24161073825503357,0.03355704697986577,12.080536912751677
2023,4,19805,AA,12892,14771,LAX,SFO,30,0,0,0,30,0,5,3,280.0,0.0,0.0,0.16666666666666666,0.1,9.333333333333334
2023,4,19805,AA,12892,15016,LAX,STL,30,1,0,0,29,0,15,9,3685.0,0.03333333333333333,0.0,0.5172413793103449,0.3103448275862069,127.06896551724138
2023,4,19805,AA,12892,15304,LAX,TPA,26,0,0,0,26,0,8,2,307.0,0.0,0.0,0.3076923076923077,0.07692307692307693,11.807692307692308
2023,4,19805,AA,12953,11278,LGA,DCA,207,6,0,0,201,0,52,28,4920.0,0.028985507246376812,0.0,0.25870646766169153,0.13930348258706468,24.47761194029851
2023,4,19805,AA,12953,11298,LGA,DFW,340,10,0,0,330,0,79,37,3776.0,0.029411764705882353,0.0,0.23939393939393938,0.11212121212121212,11.442424242424243
2023,4,19805,AA,12953,13303,LGA,MIA,290,6,1,0,283,0,85,29,4245.0,0.020689655172413793,0.0034482758620689655,0.3003533568904594,0.10247349823321555,15.0
2023,4,19805,AA,12953,13930,LGA,ORD,350,12,2,0,336,0,75,26,2017.0,0.03428571428571429,0.005714285714285714,0.22321428571428573,0.07738095238095238,6.002976190476191
2023,4,19805,AA,12953,15016,LGA,STL,54,3,0,0,51,0,11,6,321.0,0.05555555555555555,0.0,0.21568627450980393,0.11764705882352941,6.294117647058823
2023,4,19805,AA,13204,11278,MCO,DCA,151,3,2,0,146,0,41,14,2240.0,0.019867549668874173,0.013245033112582781,0.2808219178082192,0.0958904109589041,15.342465753424657
2023,4,19805,AA,13204,11298,MCO,DFW,265,3,1,0,261,0,63,29,2955.0,0.011320754716981131,0.0037735849056603774,0.2413793103448276,0.1111111111111111,11.32183908045977
2023,4,19805,AA,13204,12892,MCO,LAX,52,0,0,0,52,0,10,6,731.0,0.0,0.0,0.19230769230769232,0.11538461538461539,14.057692307692308
2023,4,19805,AA,13204,13303,MCO,MIA,233,1,1,0,231,0,55,30,4110.0,0.004291845493562232,0.004291845493562232,0.23809523809523808,0.12987012987012986,17.792207792207794
2023,4,19805,AA,13204,13930,MCO,ORD,111,3,0,0,108,0,21,9,2081.0,0.02702702702702703,0.0,0.19444444444444445,0.08333333333333333,19.26851851851852
2023,4,19805,AA,13204,14100,MCO,PHL,180,0,1,0,179,0,52,21,3866.0,0.0,0.005555555555555556,0.2905027932960894,0.11731843575418995,21.59776536312849
2023,4,19805,AA,13204,14107,MCO,PHX,61,1,0,0,60,0,6,2,-34.0,0.01639344262295082,0.0,0.1,0.03333333333333333,-0.5666666666666667
2023,4,19805,AA,13303,10397,MIA,ATL,150,0,0,0,150,0,73,36,5312.0,0.0,0.0,0.4866666666666667,0.24,35.413333333333334
2023,4,19805,AA,13303,10721,MIA,BOS,201,2,0,0,199,0,63,25,2682.0,0.009950248756218905,0.0,0.3165829145728643,0.12562814070351758,13.477386934673367
2023,4,19805,AA,13303,10821,MIA,BWI,30,0,0,0,30,0,10,3,246.0,0.0,0.0,0.3333333333333333,0.1,8.2
2023,4,19805,AA,13303,11278,MIA,DCA,238,4,0,0,234,0,78,26,3489.0,0.01680672268907563,0.0,0.3333333333333333,0.1111111111111111,14.91025641025641
2023,4,19805,AA,13303,11292,MIA,DEN,62,1,0,0,61,0,21,4,1003.0,0.016129032258064516,0.0,0.3442622950819672,0.06557377049180328,16.442622950819672
2023,4,19805,AA,13303,11298,MIA,DFW,233,6,3,0,224,0,74,29,4906.0,0.02575107296137339,0.012875536480686695,0.33035714285714285,0.12946428571428573,21.901785714285715
2023,4,19805,AA,13303,11433,MIA,DTW,30,0,0,0,30,0,13,4,613.0,0.0,0.0,0.43333333333333335,0.13333333333333333,20.433333333333334
2023,4,19805,AA,13303,11618,MIA,EWR,120,1,0,0,119,0,51,22,3015.0,0.008333333333333333,0.0,0.42857142857142855,0.18487394957983194,25.33613445378151
2023,4,19805,AA,13303,12266,MIA,IAH,82,2,0,0,80,0,32,13,2501.0,0.024390243902439025,0.0,0.4,0.1625,31.2625
2023,4,19805,AA,13303,12478,MIA,JFK,295,2,1,0,292,0,83,25,3432.0,0.006779661016949152,0.003389830508474576,0.2842465753424658,0.08561643835616438,11.753424657534246
2023,4,19805,AA,13303,12889,MIA,LAS,60,0,0,0,60,0,25,6,1183.0,0.0,0.0,0.4166666666666667,0.1,19.716666666666665
2023,4,19805,AA,13303,12892,MIA,LAX,205,0,0,0,205,0,92,38,6000.0,0.0,0.0,0.44878048780487806,0.18536585365853658,29.26829268292683
2023,4,19805,AA,13303,12953,MIA,LGA,290,5,2,0,283,0,78,35,5274.0,0.017241379310344827,0.006896551724137931,0.2756183745583039,0.12367491166077739,18.636042402826856
2023,4,19805,AA,13303,13204,MIA,MCO,233,2,0,0,231,0,66,27,3580.0,0.008583690987124463,0.0,0.2857142857142857,0.11688311688311688,15.497835497835498
2023,4,19805,AA,13303,13487,MIA,MSP,30,0,0,0,30,0,12,7,2056.0,0.0,0.0,0.4,0.23333333333333334,68.53333333333333
2023,4,19805,AA,13303,13930,MIA,ORD,179,1,0,0,178,0,53,23,1892.0,0.00558659217877095,0.0,0.29775280898876405,0.12921348314606743,10.629213483146067
2023,4,19805,AA,13303,14100,MIA,PHL,179,0,0,0,179,0,59,22,3316.0,0.0,0.0,0.329608938547486,0.12290502793296089,18.52513966480447
2023,4,19805,AA,13303,14107,MIA,PHX,91,0,0,0,91,0,28,7,744.0,0.0,0.0,0.3076923076923077,0.07692307692307693,8.175824175824175
2023,4,19805,AA,13303,14679,MIA,SAN,30,0,0,0,30,0,18,7,1778.0,0.0,0.0,0.6,0.23333333333333334,59.266666666666666
2023,4,19805,AA,13303,14747,MIA,SEA,30,0,0,0,30,0,13,5,765.0,0.0,0.0,0.43333333333333335,0.16666666666666666,25.5
2023,4,19805,AA,13303,14771,MIA,SFO,60,0,0,0,60,0,30,11,1974.0,0.0,0.0,0.5,0.18333333333333332,32.9
2023,4,19805,AA,13303,14869,MIA,SLC,3,0,0,0,3,0,1,1,95.0,0.0,0.0,0.3333333333333333,0.3333333333333333,31.666666666666668
2023,4,19805,AA,13303,15016,MIA,STL,30,0,0,0,30,0,18,6,1607.0,0.0,0.0,0.6,0.2,53.56666666666667
2023,4,19805,AA,13303,15304,MIA,TPA,149,2,1,0,146,0,48,29,5018.0,0.013422818791946308,0.006711409395973154,0.3287671232876712,0.19863013698630136,34.36986301369863
2023,4,19805,AA,13487,11298,MSP,DFW,130,4,0,0,126,0,26,11,2346.0,0.03076923076923077,0.0,0.20634920634920634,0.0873015873015873,18.61904761904762
2023,4,19805,AA,13487,13303,MSP,MIA,30,0,0,0,30,0,4,1,125.0,0.0,0.0,0.13333333333333333,0.03333333333333333,4.166666666666667
2023,4,19805,AA,13487,13930,MSP,ORD,32,0,0,0,32,0,3,2,-7.0,0.0,0.0,0.09375,0.0625,-0.21875
2023,4,19805,AA,13487,14107,MSP,PHX,60,0,0,0,60,0,12,3,365.0,0.0,0.0,0.2,0.05,6.083333333333333
2023,4,19805,AA,13930,10397,ORD,ATL,60,2,0,0,58,0,26,16,2328.0,0.03333333333333333,0.0,0.4482758620689655,0.27586206896551724,40.13793103448276
2023,4,19805,AA,13930,10721,ORD,BOS,108,0,0,0,108,0,32,7,1691.0,0.0,0.0,0.2962962962962963,0.06481481481481481,15.657407407407407
2023,4,19805,AA,13930,10821,ORD,BWI,30,1,0,0,29,0,12,4,1078.0,0.03333333333333333,0.0,0.41379310344827586,0.13793103448275862,37.172413793103445
2023,4,19805,AA,13930,11278,ORD,DCA,263,11,1,0,251,0,61,26,4839.0,0.04182509505703422,0.0038022813688212928,0.24302788844621515,0.10358565737051793,19.278884462151396
2023,4,19805,AA,13930,11292,ORD,DEN,88,2,1,0,85,0,19,5,75.0,0.022727272727272728,0.011363636363636364,0.2235294117647059,0.058823529411764705,0.8823529411764706
2023,4,19805,AA,13930,11298,ORD,DFW,267,5,0,0,262,0,65,21,4076.0,0.018726591760299626,0.0,0.2480916030534351,0.08015267175572519,15.557251908396946
2023,4,19805,AA,13930,11618,ORD,EWR,109,1,0,0,108,0,45,23,3577.0,0.009174311926605505,0.0,0.4166666666666667,0.21296296296296297,33.120370370370374
2023,4,19805,AA,13930,11697,ORD,FLL,52,2,2,0,48,0,18,7,1232.0,0.038461538461538464,0.038461538461538464,0.375,0.14583333333333334,25.666666666666668
2023,4,19805,AA,13930,12266,ORD,IAH,53,1,0,0,52,0,11,4,-117.0,0.018867924528301886,0.0,0.21153846153846154,0.07692307692307693,-2.25
2023,4,19805,AA,13930,12478,ORD,JFK,60,0,0,0,60,0,24,10,2530.0,0.0,0.0,0.4,0.16666666666666666,42.166666666666664
2023,4,19805,AA,13930,12889,ORD,LAS,140,1,0,0,139,0,38,16,619.0,0.007142857142857143,0.0,0.2733812949640288,0.11510791366906475,4.453237410071942
2023,4,19805,AA,13930,12892,ORD,LAX,240,5,1,0,234,0,51,28,2790.0,0.020833333333333332,0.004166666666666667,0.21794871794871795,0.11965811965811966,11.923076923076923
2023,4,19805,AA,13930,12953,ORD,LGA,349,11,5,0,333,0,83,34,4135.0,0.03151862464183381,0.014326647564469915,0.24924924924924924,0.1021021021021021,12.417417417417417
2023,4,19805,AA,13930,13204,ORD,MCO,111,3,1,0,107,0,19,10,836.0,0.02702702702702703,0.009009009009009009,0.17757009345794392,0.09345794392523364,7.813084112149533
2023,4,19805,AA,13930,13303,ORD,MIA,182,1,1,0,180,0,44,17,1764.0,0.005494505494505495,0.005494505494505495,0.24444444444444444,0.09444444444444444,9.8
2023,4,19805,AA,13930,13487,ORD,MSP,32,0,1,0,31,0,5,2,146.0,0.0,0.03125,0.16129032258064516,0.06451612903225806,4.709677419354839
2023,4,19805,AA,13930,14100,ORD,PHL,200,6,0,0,194,0,55,27,8844.0,0.03,0.0,0.28350515463917525,0.13917525773195877,45.58762886597938
2023,4,19805,AA,13930,14107,ORD,PHX,208,5,0,0,203,0,43,12,2013.0,0.02403846153846154,0.0,0.21182266009852216,0.059113300492610835,9.916256157635468
2023,4,19805,AA,13930,14635,ORD,RSW,76,0,0,0,76,0,18,6,853.0,0.0,0.0,0.23684210526315788,0.07894736842105263,11.223684210526315
2023,4,19805,AA,13930,14679,ORD,SAN,79,3,0,0,76,0,28,18,6044.0,0.0379746835443038,0.0,0.3684210526315789,0.23684210526315788,79.52631578947368
2023,4,19805,AA,13930,14747,ORD,SEA,30,0,0,0,30,0,4,0,-240.0,0.0,0.0,0.13333333333333333,0.0,-8.0
2023,4,19805,AA,13930,14771,ORD,SFO,58,0,0,0,58,0,14,5,495.0,0.0,0.0,0.2413793103448276,0.08620689655172414,8.53448275862069
2023,4,19805,AA,13930,14869,ORD,SLC,30,0,0,0,30,0,6,1,-101.0,0.0,0.0,0.2,0.03333333333333333,-3.3666666666666667
2023,4,19805,AA,13930,15016,ORD,STL,81,1,0,0,80,0,20,7,1123.0,0.012345679012345678,0.0,0.25,0.0875,14.0375
2023,4,19805,AA,13930,15304,ORD,TPA,84,0,0,0,84,0,19,2,240.0,0.0,0.0,0.2261904761904762,0.023809523809523808,2.857142857142857
2023,4,19805,AA,14100,10397,PHL,ATL,30,0,0,0,30,0,10,3,383.0,0.0,0.0,0.3333333333333333,0.1,12.766666666666667
2023,4,19805,AA,14100,10721,PHL,BOS,173,0,0,0,173,0,28,9,57.0,0.0,0.0,0.16184971098265896,0.05202312138728324,0.32947976878612717
2023,4,19805,AA,14100,11292,PHL,DEN,60,0,0,0,60,0,10,4,140.0,0.0,0.0,0.16666666666666666,0.06666666666666667,2.3333333333333335
2023,4,19805,AA,14100,11298,PHL,DFW,219,7,0,0,212,0,44,15,-24.0,0.0319634703196347,0.0,0.20754716981132076,0.07075471698113207,-0.11320754716981132
2023,4,19805,AA,14100,11697,PHL,FLL,90,4,2,0,84,0,22,9,1744.0,0.044444444444444446,0.022222222222222223,0.2619047619047619,0.10714285714285714,20.761904761904763
2023,4,19805,AA,14100,12266,PHL,IAH,30,0,0,0,30,0,3,2,-92.0,0.0,0.0,0.1,0.06666666666666667,-3.066666666666667
2023,4,19805,AA,14100,12889,PHL,LAS,60,0,0,0,60,0,15,5,365.0,0.0,0.0,0.25,0.08333333333333333,6.083333333333333
2023,4,19805,AA,14100,12892,PHL,LAX,155,0,0,0,155,0,35,10,235.0,0.0,0.0,0.22580645161290322,0.06451612903225806,1.5161290322580645
2023,4,19805,AA,14100,13204,PHL,MCO,181,1,2,0,178,0,45,24,3407.0,0.0055248618784530384,0.011049723756906077,0.25280898876404495,0.1348314606741573,19.140449438202246
2023,4,19805,AA,14100,13303,PHL,MIA,178,0,1,0,177,0,55,25,2774.0,0.0,0.0056179775280898875,0.3107344632768362,0.14124293785310735,15.67231638418079
2023,4,19805,AA,14100,13930,PHL,ORD,200,5,1,0,194,0,30,14,2208.0,0.025,0.005,0.15463917525773196,0.07216494845360824,11.381443298969073
2023,4,19805,AA,14100,14107,PHL,PHX,183,1,0,0,182,0,30,11,-20.0,0.00546448087431694,0.0,0.16483516483516483,0.06043956043956044,-0.10989010989010989
2023,4,19805,AA,14100,14635,PHL,RSW,63,0,0,0,63,0,13,2,231.0,0.0,0.0,0.20634920634920634,0.031746031746031744,3.6666666666666665
2023,4,19805,AA,14100,14679,PHL,SAN,59,1,0,0,58,0,13,4,196.0,0.01694915254237288,0.0,0.22413793103448276,0.06896551724137931,3.3793103448275863
2023,4,19805,AA,14100,14747,PHL,SEA,29,0,0,0,29,0,9,2,148.0,0.0,0.0,0.3103448275862069,0.06896551724137931,5.103448275862069
2023,4,19805,AA,14100,14771,PHL,SFO,59,1,0,0,58,0,15,2,-94.0,0.01694915254237288,0.0,0.25862068965517243,0.034482758620689655,-1.6206896551724137
2023,4,19805,AA,14100,15016,PHL,STL,30,0,0,0,30,0,10,6,651.0,0.0,0.0,0.3333333333333333,0.2,21.7
2023,4,19805,AA,14100,15304,PHL,TPA,147,0,0,0,147,0,31,7,505.0,0.0,0.0,0.2108843537414966,0.047619047619047616,3.435374149659864
2023,4,19805,AA,14107,10397,PHX,ATL,59,1,0,0,58,0,14,4,903.0,0.01694915254237288,0.0,0.2413793103448276,0.06896551724137931,15.568965517241379
2023,4,19805,AA,14107,10721,PHX,BOS,91,0,0,0,91,0,15,4,745.0,0.0,0.0,0.16483516483516483,0.04395604395604396,8.186813186813186
2023,4,19805,AA,14107,11278,PHX,DCA,89,1,0,0,88,0,8,2,-552.0,0.011235955056179775,0.0,0.09090909090909091,0.022727272727272728,-6.2727272727272725
2023,4,19805,AA,14107,11292,PHX,DEN,89,0,0,0,89,0,23,5,451.0,0.0,0.0,0.25842696629213485,0.056179775280898875,5.067415730337078
2023,4,19805,AA,14107,11298,PHX,DFW,317,8,1,0,308,0,65,21,2706.0,0.025236593059936908,0.0031545741324921135,0.21103896103896103,0.06818181818181818,8.785714285714286
2023,4,19805,AA,14107,11433,PHX,DTW,60,0,0,0,60,0,18,4,593.0,0.0,0.0,0.3,0.06666666666666667,9.883333333333333
2023,4,19805,AA,14107,11618,PHX,EWR,90,1,1,0,88,0,33,10,1607.0,0.011111111111111112,0.011111111111111112,0.375,0.11363636363636363,18.261363636363637
2023,4,19805,AA,14107,12173,PHX,HNL,60,0,0,0,60,0,8,1,-554.0,0.0,0.0,0.13333333333333333,0.016666666666666666,-9.233333333333333
2023,4,19805,AA,14107,12266,PHX,IAH,59,2,0,0,57,0,18,6,715.0,0.03389830508474576,0.0,0.3157894736842105,0.10526315789473684,12.543859649122806
2023,4,19805,AA,14107,12478,PHX,JFK,90,1,0,0,89,0,25,7,786.0,0.011111111111111112,0.0,0.2808988764044944,0.07865168539325842,8.831460674157304
2023,4,19805,AA,14107,12889,PHX,LAS,120,1,0,0,119,0,45,19,2909.0,0.008333333333333333,0.0,0.37815126050420167,0.15966386554621848,24.445378151260503
2023,4,19805,AA,14107,12892,PHX,LAX,151,0,0,0,151,0,26,11,1347.0,0.0,0.0,0.17218543046357615,0.0728476821192053,8.920529801324504
2023,4,19805,AA,14107,13204,PHX,MCO,61,1,0,0,60,0,19,2,492.0,0.01639344262295082,0.0,0.31666666666666665,0.03333333333333333,8.2
2023,4,19805,AA,14107,13303,PHX,MIA,88,0,0,0,88,0,22,7,521.0,0.0,0.0,0.25,0.07954545454545454,5.920454545454546
2023,4,19805,AA,14107,13487,PHX,MSP,60,0,0,0,60,0,13,9,2010.0,0.0,0.0,0.21666666666666667,0.15,33.5
2023,4,19805,AA,14107,13930,PHX,ORD,211,4,1,0,206,0,46,18,2367.0,0.018957345971563982,0.004739336492890996,0.22330097087378642,0.08737864077669903,11.490291262135923
2023,4,19805,AA,14107,14100,PHX,PHL,183,1,0,0,182,0,40,12,1908.0,0.00546448087431694,0.0,0.21978021978021978,0.06593406593406594,10.483516483516484
2023,4,19805,AA,14107,14679,PHX,SAN,120,0,0,0,120,0,22,11,1476.0,0.0,0.0,0.18333333333333332,0.09166666666666666,12.3
2023,4,19805,AA,14107,14747,PHX,SEA,90,0,0,0,90,0,27,8,3058.0,0.0,0.0,0.3,0.08888888888888889,33.977777777777774
2023,4,19805,AA,14107,14771,PHX,SFO,89,0,0,0,89,0,21,9,1741.0,0.0,0.0,0.23595505617977527,0.10112359550561797,19.56179775280899
2023,4,19805,AA,14107,14869,PHX,SLC,62,1,0,0,61,0,19,5,671.0,0.016129032258064516,0.0,0.3114754098360656,0.08196721311475409,11.0
2023,4,19805,AA,14107,15016,PHX,STL,59,0,0,0,59,0,12,6,365.0,0.0,0.0,0.2033898305084746,0.1016949152542373,6.186440677966102
2023,4,19805,AA,14107,15304,PHX,TPA,60,0,0,0,60,0,20,7,816.0,0.0,0.0,0.3333333333333333,0.11666666666666667,13.6
2023,4,19805,AA,14635,11278,RSW,DCA,60,1,0,0,59,0,14,9,730.0,0.016666666666666666,0.0,0.23728813559322035,0.15254237288135594,12.372881355932204
2023,4,19805,AA,14635,11298,RSW,DFW,85,4,0,0,81,0,29,10,1271.0,0.047058823529411764,0.0,0.35802469135802467,0.12345679012345678,15.691358024691358
2023,4,19805,AA,14635,13930,RSW,ORD,75,0,2,0,73,0,10,4,-313.0,0.0,0.02666666666666667,0.136986301369863,0.0547945205479452,-4.287671232876712
2023,4,19805,AA,14635,14100,RSW,PHL,63,0,0,0,63,0,16,4,592.0,0.0,0.0,0.25396825396825395,0.06349206349206349,9.396825396825397
2023,4,19805,AA,14679,11298,SAN,DFW,260,4,1,0,255,0,62,25,3908.0,0.015384615384615385,0.0038461538461538464,0.24313725490196078,0.09803921568627451,15.325490196078432
2023,4,19805,AA,14679,13303,SAN,MIA,30,0,0,0,30,0,9,0,27.0,0.0,0.0,0.3,0.0,0.9
2023,4,19805,AA,14679,13930,SAN,ORD,79,4,0,0,75,0,12,4,1066.0,0.05063291139240506,0.0,0.16,0.05333333333333334,14.213333333333333
2023,4,19805,AA,14679,14100,SAN,PHL,60,1,0,0,59,0,10,5,1001.0,0.016666666666666666,0.0,0.1694915254237288,0.0847457627118644,16.966101694915253
2023,4,19805,AA,14679,14107,SAN,PHX,121,0,0,0,121,0,17,11,893.0,0.0,0.0,0.14049586776859505,0.09090909090909091,7.380165289256198
2023,4,19805,AA,14747,11298,SEA,DFW,169,4,0,0,165,0,42,15,3464.0,0.023668639053254437,0.0,0.2545454545454545,0.09090909090909091,20.993939393939392
2023,4,19805,AA,14747,13303,SEA,MIA,30,0,0,0,30,0,6,1,-48.0,0.0,0.0,0.2,0.03333333333333333,-1.6
2023,4,19805,AA,14747,13930,SEA,ORD,30,0,0,0,30,0,7,0,206.0,0.0,0.0,0.23333333333333334,0.0,6.866666666666666
2023,4,19805,AA,14747,14100,SEA,PHL,29,0,0,0,29,0,9,1,201.0,0.0,0.0,0.3103448275862069,0.034482758620689655,6.931034482758621
2023,4,19805,AA,14747,14107,SEA,PHX,91,0,0,0,91,0,13,5,209.0,0.0,0.0,0.14285714285714285,0.054945054945054944,2.2967032967032965
2023,4,19805,AA,14771,11298,SFO,DFW,230,10,0,0,220,0,55,22,6554.0,0.043478260869565216,0.0,0.25,0.1,29.79090909090909
2023,4,19805,AA,14771,12478,SFO,JFK,115,2,0,0,113,0,30,8,4157.0,0.017391304347826087,0.0,0.26548672566371684,0.07079646017699115,36.78761061946903
2023,4,19805,AA,14771,12892,SFO,LAX,30,0,0,0,30,0,9,3,447.0,0.0,0.0,0.3,0.1,14.9
2023,4,19805,AA,14771,13303,SFO,MIA,60,0,1,0,59,0,14,6,643.0,0.0,0.016666666666666666,0.23728813559322035,0.1016949152542373,10.898305084745763
2023,4,19805,AA,14771,13930,SFO,ORD,58,0,0,0,58,0,6,2,551.0,0.0,0.0,0.10344827586206896,0.034482758620689655,9.5
2023,4,19805,AA,14771,14100,SFO,PHL,59,1,0,0,58,0,22,3,881.0,0.01694915254237288,0.0,0.3793103448275862,0.05172413793103448,15.189655172413794
2023,4,19805,AA,14771,14107,SFO,PHX,89,0,0,0,89,0,16,4,509.0,0.0,0.0,0.1797752808988764,0.0449438202247191,5.719101123595506
2023,4,19805,AA,14869,11298,SLC,DFW,149,3,2,0,144,0,42,13,5931.0,0.020134228187919462,0.013422818791946308,0.2916666666666667,0.09027777777777778,41.1875
2023,4,19805,AA,14869,13303,SLC,MIA,3,0,0,0,3,0,1,1,63.0,0.0,0.0,0.3333333333333333,0.3333333333333333,21.0
2023,4,19805,AA,14869,13930,SLC,ORD,30,0,0,0,30,0,4,0,-66.0,0.0,0.0,0.13333333333333333,0.0,-2.2
2023,4,19805,AA,14869,14107,SLC,PHX,62,0,0,0,62,0,16,6,3476.0,0.0,0.0,0.25806451612903225,0.0967741935483871,56.064516129032256
2023,4,19805,AA,15016,11278,STL,DCA,23,0,0,0,23,0,14,4,1487.0,0.0,0.0,0.6086956521739131,0.17391304347826086,64.65217391304348
2023,4,19805,AA,15016,11298,STL,DFW,148,8,0,0,140,0,33,17,5301.0,0.05405405405405406,0.0,0.2357142857142857,0.12142857142857143,37.864285714285714
2023,4,19805,AA,15016,12892,STL,LAX,30,1,0,0,29,0,7,4,396.0,0.03333333333333333,0.0,0.2413793103448276,0.13793103448275862,13.655172413793103
2023,4,19805,AA,15016,12953,STL,LGA,54,3,0,0,51,0,10,4,445.0,0.05555555555555555,0.0,0.19607843137254902,0.0784313725490196,8.72549019607843
2023,4,19805,AA,15016,13303,STL,MIA,30,0,0,0,30,0,2,1,61.0,0.0,0.0,0.06666666666666667,0.03333333333333333,2.033333333333333
2023,4,19805,AA,15016,13930,STL,ORD,81,2,0,0,79,0,22,11,1507.0,0.024691358024691357,0.0,0.27848101265822783,0.13924050632911392,19.075949367088608
2023,4,19805,AA,15016,14100,STL,PHL,30,0,0,0,30,0,4,4,2306.0,0.0,0.0,0.13333333333333333,0.13333333333333333,76.86666666666666
2023,4,19805,AA,15016,14107,STL,PHX,59,0,1,0,58,0,13,5,1418.0,0.0,0.01694915254237288,0.22413793103448276,0.08620689655172414,24.448275862068964
2023,4,19805,AA,15304,11278,TPA,DCA,120,2,0,0,118,0,18,6,1067.0,0.016666666666666666,0.0,0.15254237288135594,0.05084745762711865,9.042372881355933
2023,4,19805,AA,15304,11298,TPA,DFW,174,5,0,0,169,0,39,18,2759.0,0.028735632183908046,0.0,0.23076923076923078,0.10650887573964497,16.325443786982248
2023,4,19805,AA,15304,12892,TPA,LAX,26,0,0,0,26,0,5,1,213.0,0.0,0.0,0.19230769230769232,0.038461538461538464,8.192307692307692
2023,4,19805,AA,15304,13303,TPA,MIA,148,1,0,0,147,0,34,20,4214.0,0.006756756756756757,0.0,0.23129251700680273,0.1360544217687075,28.666666666666668
2023,4,19805,AA,15304,13930,TPA,ORD,84,0,2,0,82,0,10,3,-308.0,0.0,0.023809523809523808,0.12195121951219512,0.036585365853658534,-3.7560975609756095
2023,4,19805,AA,15304,14100,TPA,PHL,147,0,0,0,147,0,26,8,357.0,0.0,0.0,0.17687074829931973,0.05442176870748299,2.4285714285714284
2023,4,19805,AA,15304,14107,TPA,PHX,60,0,0,0,60,0,12,6,407.0,0.0,0.0,0.2,0.1,6.783333333333333
2023,4,19930,AS,10397,14747,ATL,SEA,87,1,0,0,86,0,25,12,607.0,0.011494252873563218,0.0,0.29069767441860467,0.13953488372093023,7.058139534883721
2023,4,19930,AS,10721,14679,BOS,SAN,30,0,0,0,30,0,13,3,487.0,0.0,0.0,0.43333333333333335,0.1,16.233333333333334
2023,4,19930,AS,10721,14747,BOS,SEA,97,0,0,0,97,0,18,3,-490.0,0.0,0.0,0.18556701030927836,0.030927835051546393,-5.051546391752577
2023,4,19930,AS,10721,14771,BOS,SFO,50,0,0,0,50,0,7,3,-597.0,0.0,0.0,0.14,0.06,-11.94
2023,4,19930,AS,10821,14747,BWI,SEA,30,0,0,0,30,0,10,2,133.0,0.0,0.0,0.3333333333333333,0.06666666666666667,4.433333333333334
2023,4,19930,AS,11278,12892,DCA,LAX,30,1,0,0,29,0,9,0,-104.0,0.03333333333333333,0.0,0.3103448275862069,0.0,-3.586206896551724
2023,4,19930,AS,11278,14747,DCA,SEA,60,1,0,0,59,0,4,1,-551.0,0.016666666666666666,0.0,0.06779661016949153,0.01694915254237288,-9.338983050847459
2023,4,19930,AS,11278,14771,DCA,SFO,30,0,0,0,30,0,6,2,38.0,0.0,0.0,0.2,0.06666666666666667,1.2666666666666666
2023,4,19930,AS,11292,14747,DEN,SEA,120,1,1,0,118,0,30,5,1187.0,0.008333333333333333,0.008333333333333333,0.2542372881355932,0.0423728813559322,10.059322033898304
2023,4,19930,AS,11298,14747,DFW,SEA,115,0,0,0,115,0,27,3,456.0,0.0,0.0,0.23478260869565218,0.02608695652173913,3.965217391304348
2023,4,19930,AS,11433,14747,DTW,SEA,30,0,0,0,30,0,4,1,39.0,0.0,0.0,0.13333333333333333,0.03333333333333333,1.3
2023,4,19930,AS,11618,12892,EWR,LAX,80,3,0,0,77,0,26,10,1188.0,0.0375,0.0,0.33766233766233766,0.12987012987012986,15.428571428571429
2023,4,19930,AS,11618,14679,EWR,SAN,27,0,0,0,27,0,17,4,915.0,0.0,0.0,0.6296296296296297,0.14814814814814814,33.888888888888886
2023,4,19930,AS,11618,14747,EWR,SEA,85,2,0,0,83,0,30,8,726.0,0.023529411764705882,0.0,0.3614457831325301,0.0963855421686747,8.74698795180723
2023,4,19930,AS,11618,14771,EWR,SFO,82,0,0,0,82,0,17,3,-443.0,0.0,0.0,0.2073170731707317,0.036585365853658534,-5.402439024390244
2023,4,19930,AS,11697,12892,FLL,LAX,17,2,0,0,15,0,3,2,86.0,0.11764705882352941,0.0,0.2,0.13333333333333333,5.733333333333333
2023,4,19930,AS,11697,14679,FLL,SAN,17,3,0,0,14,0,8,3,479.0,0.17647058823529413,0.0,0.5714285714285714,0.21428571428571427,34.214285714285715
2023,4,19930,AS,11697,14747,FLL,SEA,60,6,2,0,52,0,20,5,900.0,0.1,0.03333333333333333,0.38461538461538464,0.09615384615384616,17.307692307692307
2023,4,19930,AS,12173,12892,HNL,LAX,30,0,0,0,30,0,6,2,251.0,0.0,0.0,0.2,0.06666666666666667,8.366666666666667
2023,4,19930,AS,12173,14679,HNL,SAN,30,1,0,0,29,0,4,0,10.0,0.03333333333333333,0.0,0.13793103448275862,0.0,0.3448275862068966
2023,4,19930,AS,12173,14747,HNL,SEA,119,0,0,0,119,0,34,6,924.0,0.0,0.0,0.2857142857142857,0.05042016806722689,7.764705882352941
2023,4,19930,AS,12173,14771,HNL,SFO,30,1,0,0,29,0,8,4,321.0,0.03333333333333333,0.0,0.27586206896551724,0.13793103448275862,11.068965517241379
2023,4,19930,AS,12266,14747,IAH,SEA,58,0,0,0,58,0,20,6,1083.0,0.0,0.0,0.3448275862068966,0.10344827586206896,18.67241379310345
2023,4,19930,AS,12478,14679,JFK,SAN,60,0,0,0,60,0,18,7,647.0,0.0,0.0,0.3,0.11666666666666667,10.783333333333333
2023,4,19930,AS,12478,14747,JFK,SEA,120,1,0,0,119,0,9,3,-1649.0,0.008333333333333333,0.0,0.07563025210084033,0.025210084033613446,-13.857142857142858
2023,4,19930,AS,12478,14771,JFK,SFO,150,2,0,0,148,0,30,8,-1842.0,0.013333333333333334,0.0,0.20270270270270271,0.05405405405405406,-12.445945945945946
2023,4,19930,AS,12889,12892,LAS,LAX,11,0,0,0,11,0,2,1,-10.0,0.0,0.0,0.18181818181818182,0.09090909090909091,-0.9090909090909091
2023,4,19930,AS,12889,14747,LAS,SEA,224,2,0,0,222,0,66,19,3107.0,0.008928571428571428,0.0,0.2972972972972973,0.08558558558558559,13.995495495495495
2023,4,19930,AS,12889,14771,LAS,SFO,110,0,0,0,110,0,33,7,1368.0,0.0,0.0,0.3,0.06363636363636363,12.436363636363636
2023,4,19930,AS,12892,11278,LAX,DCA,30,0,0,0,30,0,11,3,423.0,0.0,0.0,0.36666666666666664,0.1,14.1
2023,4,19930,AS,12892,11618,LAX,EWR,80,3,0,0,77,0,28,7,1254.0,0.0375,0.0,0.36363636363636365,0.09090909090909091,16.285714285714285
2023,4,19930,AS,12892,11697,LAX,FLL,17,2,0,0,15,0,5,1,182.0,0.11764705882352941,0.0,0.3333333333333333,0.06666666666666667,12.133333333333333
2023,4,19930,AS,12892,12173,LAX,HNL,30,0,0,0,30,0,2,1,-325.0,0.0,0.0,0.06666666666666667,0.03333333333333333,-10.833333333333334
2023,4,19930,AS,12892,12889,LAX,LAS,11,0,0,0,11,0,5,0,150.0,0.0,0.0,0.45454545454545453,0.0,13.636363636363637
2023,4,19930,AS,12892,14747,LAX,SEA,260,0,1,0,259,0,48,12,1772.0,0.0,0.0038461538461538464,0.18532818532818532,0.04633204633204633,6.841698841698841
2023,4,19930,AS,12892,14771,LAX,SFO,43,0,0,0,43,0,10,6,802.0,0.0,0.0,0.23255813953488372,0.13953488372093023,18.651162790697676
2023,4,19930,AS,13204,14679,MCO,SAN,47,0,1,0,46,0,21,5,1099.0,0.0,0.02127659574468085,0.45652173913043476,0.10869565217391304,23.891304347826086
2023,4,19930,AS,13204,14747,MCO,SEA,90,2,0,0,88,0,26,3,183.0,0.022222222222222223,0.0,0.29545454545454547,0.03409090909090909,2.0795454545454546
2023,4,19930,AS,13204,14771,MCO,SFO,30,1,0,0,29,0,14,5,993.0,0.03333333333333333,0.0,0.4827586206896552,0.1724137931034483,34.241379310344826
2023,4,19930,AS,13303,14747,MIA,SEA,30,0,0,0,30,0,18,5,906.0,0.0,0.0,0.6,0.16666666666666666,30.2
2023,4,19930,AS,13487,14747,MSP,SEA,60,1,0,0,59,0,10,1,-92.0,0.016666666666666666,0.0,0.1694915254237288,0.01694915254237288,-1.5593220338983051
2023,4,19930,AS,13796,14747,OAK,SEA,25,1,0,0,24,0,1,0,-118.0,0.04,0.0,0.041666666666666664,0.0,-4.916666666666667
2023,4,19930,AS,13930,14747,ORD,SEA,148,0,0,0,148,0,39,13,1493.0,0.0,0.0,0.2635135135135135,0.08783783783783784,10.087837837837839
2023,4,19930,AS,13930,14771,ORD,SFO,55,1,0,0,54,0,17,6,469.0,0.01818181818181818,0.0,0.3148148148148148,0.1111111111111111,8.685185185185185
2023,4,19930,AS,14100,14747,PHL,SEA,59,1,0,0,58,0,11,3,-195.0,0.01694915254237288,0.0,0.1896551724137931,0.05172413793103448,-3.3620689655172415
2023,4,19930,AS,14107,14747,PHX,SEA,254,2,1,0,251,0,38,4,103.0,0.007874015748031496,0.003937007874015748,0.15139442231075698,0.01593625498007968,0.4103585657370518
2023,4,19930,AS,14635,14747,RSW,SEA,10,0,0,0,10,0,3,0,40.0,0.0,0.0,0.3,0.0,4.0
2023,4,19930,AS,14679,10721,SAN,BOS,30,0,1,0,29,0,16,4,676.0,0.0,0.03333333333333333,0.5517241379310345,0.13793103448275862,23.310344827586206
2023,4,19930,AS,14679,11618,SAN,EWR,27,0,0,0,27,0,9,5,669.0,0.0,0.0,0.3333333333333333,0.18518518518518517,24.77777777777778
2023,4,19930,AS,14679,11697,SAN,FLL,17,0,3,0,14,0,10,4,597.0,0.0,0.17647058823529413,0.7142857142857143,0.2857142857142857,42.642857142857146
2023,4,19930,AS,14679,12173,SAN,HNL,30,0,0,0,30,0,6,4,414.0,0.0,0.0,0.2,0.13333333333333333,13.8
2023,4,19930,AS,14679,12478,SAN,JFK,60,0,0,0,60,0,15,6,609.0,0.0,0.0,0.25,0.1,10.15
2023,4,19930,AS,14679,13204,SAN,MCO,46,0,1,0,45,0,16,2,553.0,0.0,0.021739130434782608,0.35555555555555557,0.044444444444444446,12.28888888888889
2023,4,19930,AS,14679,14747,SAN,SEA,229,2,0,0,227,0,50,12,2226.0,0.008733624454148471,0.0,0.22026431718061673,0.05286343612334802,9.806167400881057
2023,4,19930,AS,14747,10397,SEA,ATL,88,1,0,0,87,0,25,11,1077.0,0.011363636363636364,0.0,0.28735632183908044,0.12643678160919541,12.379310344827585
2023,4,19930,AS,14747,10721,SEA,BOS,97,0,0,0,97,0,34,1,874.0,0.0,0.0,0.35051546391752575,0.010309278350515464,9.010309278350515
2023,4,19930,AS,14747,10821,SEA,BWI,30,0,0,0,30,0,10,4,377.0,0.0,0.0,0.3333333333333333,0.13333333333333333,12.566666666666666
2023,4,19930,AS,14747,11278,SEA,DCA,60,0,0,0,60,0,12,4,517.0,0.0,0.0,0.2,0.06666666666666667,8.616666666666667
2023,4,19930,AS,14747,11292,SEA,DEN,120,0,1,0,119,0,31,8,1185.0,0.0,0.008333333333333333,0.2605042016806723,0.06722689075630252,9.957983193277311
2023,4,19930,AS,14747,11298,SEA,DFW,116,0,0,0,116,0,28,1,766.0,0.0,0.0,0.2413793103448276,0.008620689655172414,6.603448275862069
2023,4,19930,AS,14747,11433,SEA,DTW,30,0,0,0,30,0,6,1,225.0,0.0,0.0,0.2,0.03333333333333333,7.5
2023,4,19930,AS,14747,11618,SEA,EWR,85,0,0,0,85,0,38,2,1457.0,0.0,0.0,0.4470588235294118,0.023529411764705882,17.141176470588235
2023,4,19930,AS,14747,11697,SEA,FLL,59,2,3,0,54,0,19,5,753.0,0.03389830508474576,0.05084745762711865,0.35185185185185186,0.09259259259259259,13.944444444444445
2023,4,19930,AS,14747,12173,SEA,HNL,119,0,1,0,118,0,32,6,794.0,0.0,0.008403361344537815,0.2711864406779661,0.05084745762711865,6.728813559322034
2023,4,19930,AS,14747,12266,SEA,IAH,58,0,1,0,57,0,21,2,327.0,0.0,0.017241379310344827,0.3684210526315789,0.03508771929824561,5.7368421052631575
2023,4,19930,AS,14747,12478,SEA,JFK,120,0,0,0,120,0,22,7,202.0,0.0,0.0,0.18333333333333332,0.058333333333333334,1.6833333333333333
2023,4,19930,AS,14747,12889,SEA,LAS,225,1,0,0,224,0,67,19,2880.0,0.0044444444444444444,0.0,0.29910714285714285,0.08482142857142858,12.857142857142858
2023,4,19930,AS,14747,12892,SEA,LAX,260,0,0,0,260,0,60,7,1611.0,0.0,0.0,0.23076923076923078,0.026923076923076925,6.196153846153846
2023,4,19930,AS,14747,13204,SEA,MCO,90,0,0,0,90,0,23,4,476.0,0.0,0.0,0.25555555555555554,0.044444444444444446,5.288888888888889
2023,4,19930,AS,14747,13303,SEA,MIA,30,0,1,0,29,0,10,2,326.0,0.0,0.03333333333333333,0.3448275862068966,0.06896551724137931,11.241379310344827
2023,4,19930,AS,14747,13487,SEA,MSP,60,0,0,0,60,0,16,2,324.0,0.0,0.0,0.26666666666666666,0.03333333333333333,5.4
2023,4,19930,AS,14747,13796,SEA,OAK,26,1,0,0,25,0,6,1,162.0,0.038461538461538464,0.0,0.24,0.04,6.48
2023,4,19930,AS,14747,13930,SEA,ORD,148,0,0,0,148,0,34,9,1118.0,0.0,0.0,0.22972972972972974,0.060810810810810814,7.554054054054054
2023,4,19930,AS,14747,14100,SEA,PHL,60,0,0,0,60,0,18,2,403.0,0.0,0.0,0.3,0.03333333333333333,6.716666666666667
2023,4,19930,AS,14747,14107,SEA,PHX,254,1,0,0,253,0,53,6,1251.0,0.003937007874015748,0.0,0.20948616600790515,0.023715415019762844,4.944664031620554
2023,4,19930,AS,14747,14635,SEA,RSW,9,0,0,0,9,0,3,0,49.0,0.0,0.0,0.3333333333333333,0.0,5.444444444444445
2023,4,19930,AS,14747,14679,SEA,SAN,229,0,0,0,229,0,49,6,753.0,0.0,0.0,0.21397379912663755,0.026200873362445413,3.2882096069868996
2023,4,19930,AS,14747,14771,SEA,SFO,256,1,0,0,255,0,57,6,1069.0,0.00390625,0.0,0.2235294117647059,0.023529411764705882,4.192156862745098
2023,4,19930,AS,14747,14869,SEA,SLC,89,0,0,0,89,0,13,3,90.0,0.0,0.0,0.14606741573033707,0.033707865168539325,1.0112359550561798
2023,4,19930,AS,14747,15016,SEA,STL,58,0,0,0,58,0,14,2,396.0,0.0,0.0,0.2413793103448276,0.034482758620689655,6.827586206896552
2023,4,19930,AS,14747,15304,SEA,TPA,59,0,2,0,57,0,12,5,279.0,0.0,0.03389830508474576,0.21052631578947367,0.08771929824561403,4.894736842105263
2023,4,19930,AS,14771,10721,SFO,BOS,50,0,0,0,50,0,10,2,279.0,0.0,0.0,0.2,0.04,5.58
2023,4,19930,AS,14771,11278,SFO,DCA,30,0,0,0,30,0,8,2,103.0,0.0,0.0,0.26666666666666666,0.06666666666666667,3.433333333333333
2023,4,19930,AS,14771,11618,SFO,EWR,82,0,0,0,82,0,16,3,220.0,0.0,0.0,0.1951219512195122,0.036585365853658534,2.682926829268293
2023,4,19930,AS,14771,12173,SFO,HNL,30,0,0,0,30,0,11,1,205.0,0.0,0.0,0.36666666666666664,0.03333333333333333,6.833333333333333
2023,4,19930,AS,14771,12478,SFO,JFK,150,2,0,0,148,0,28,8,436.0,0.013333333333333334,0.0,0.1891891891891892,0.05405405405405406,2.945945945945946
2023,4,19930,AS,14771,12889,SFO,LAS,110,0,0,0,110,0,43,15,2986.0,0.0,0.0,0.39090909090909093,0.13636363636363635,27.145454545454545
2023,4,19930,AS,14771,12892,SFO,LAX,43,0,0,0,43,0,5,2,-268.0,0.0,0.0,0.11627906976744186,0.046511627906976744,-6.232558139534884
2023,4,19930,AS,14771,13204,SFO,MCO,30,0,1,0,29,0,11,2,359.0,0.0,0.03333333333333333,0.3793103448275862,0.06896551724137931,12.379310344827585
2023,4,19930,AS,14771,13930,SFO,ORD,55,1,1,0,53,0,22,4,901.0,0.01818181818181818,0.01818181818181818,0.41509433962264153,0.07547169811320754,17.0
2023,4,19930,AS,14771,14679,SFO,SAN,1,0,0,0,1,0,0,0,-13.0,0.0,0.0,0.0,0.0,-13.0
2023,4,19930,AS,14771,14747,SFO,SEA,255,2,0,0,253,0,58,14,1571.0,0.00784313725490196,0.0,0.22924901185770752,0.05533596837944664,6.209486166007905
2023,4,19930,AS,14771,15304,SFO,TPA,3,0,0,0,3,0,1,0,32.0,0.0,0.0,0.3333333333333333,0.0,10.666666666666666
2023,4,19930,AS,14869,14747,SLC,SEA,90,0,0,0,90,0,15,4,325.0,0.0,0.0,0.16666666666666666,0.044444444444444446,3.611111111111111
2023,4,19930,AS,15016,14747,STL,SEA,58,0,0,0,58,0,9,2,176.0,0.0,0.0,0.15517241379310345,0.034482758620689655,3.0344827586206895
2023,4,19930,AS,15304,14747,TPA,SEA,58,1,0,0,57,0,20,9,1195.0,0.017241379310344827,0.0,0.3508771929824561,0.15789473684210525,20.964912280701753
2023,4,19930,AS,15304,14771,TPA,SFO,3,0,0,0,3,0,0,0,0.0,0.0,0.0,0.0,0.0,0.0
2023,4,19977,UA,10397,11292,ATL,DEN,80,1,2,0,77,0,23,11,1605.0,0.0125,0.025,0.2987012987012987,0.14285714285714285,20.844155844155843
2023,4,19977,UA,10397,11618,ATL,EWR,185,2,0,0,183,0,34,10,2563.0,0.010810810810810811,0.0,0.18579234972677597,0.0546448087431694,14.005464480874316
2023,4,19977,UA,10397,12266,ATL,IAH,135,4,0,0,131,0,35,12,2184.0,0.02962962962962963,0.0,0.26717557251908397,0.0916030534351145,16.671755725190838
2023,4,19977,UA,10397,13930,ATL,ORD,116,3,0,0,113,0,29,9,2014.0,0.02586206896551724,0.0,0.25663716814159293,0.07964601769911504,17.82300884955752
2023,4,19977,UA,10397,14771,ATL,SFO,60,2,0,0,58,0,27,8,1779.0,0.03333333333333333,0.0,0.46551724137931033,0.13793103448275862,30.67241379310345
2023,4,19977,UA,10721,11292,BOS,DEN,150,1,3,0,146,0,18,8,-969.0,0.006666666666666667,0.02,0.1232876712328767,0.0547945205479452,-6.636986301369863
2023,4,19977,UA,10721,11618,BOS,EWR,280,12,0,0,268,0,56,20,1431.0,0.04285714285714286,0.0,0.208955223880597,0.07462686567164178,5.33955223880597
2023,4,19977,UA,10721,12266,BOS,IAH,90,2,1,0,87,0,23,4,515.0,0.022222222222222223,0.011111111111111112,0.26436781609195403,0.04597701149425287,5.919540229885057
2023,4,19977,UA,10721,12892,BOS,LAX,60,0,1,0,59,0,5,2,-884.0,0.0,0.016666666666666666,0.0847457627118644,0.03389830508474576,-14.983050847457626
2023,4,19977,UA,10721,13930,BOS,ORD,162,3,2,0,157,0,19,9,-758.0,0.018518518518518517,0.012345679012345678,0.12101910828025478,0.05732484076433121,-4.828025477707007
2023,4,19977,UA,10721,14771,BOS,SFO,150,3,0,0,147,0,13,4,-1589.0,0.02,0.0,0.08843537414965986,0.027210884353741496,-10.80952380952381
2023,4,19977,UA,10821,11292,BWI,DEN,60,1,1,0,58,0,9,4,332.0,0.016666666666666666,0.016666666666666666,0.15517241379310345,0.06896551724137931,5.724137931034483
2023,4,19977,UA,10821,12266,BWI,IAH,55,1,0,0,54,0,5,0,-182.0,0.01818181818181818,0.0,0.09259259259259259,0.0,-3.3703703703703702
2023,4,19977,UA,10821,12892,BWI,LAX,30,0,0,0,30,0,6,1,-64.0,0.0,0.0,0.2,0.03333333333333333,-2.1333333333333333
2023,4,19977,UA,10821,13930,BWI,ORD,89,3,1,0,85,0,15,7,193.0,0.033707865168539325,0.011235955056179775,0.17647058823529413,0.08235294117647059,2.2705882352941176
2023,4,19977,UA,10821,14771,BWI,SFO,30,0,0,0,30,0,3,1,-213.0,0.0,0.0,0.1,0.03333333333333333,-7.1
2023,4,19977,UA,11278,11292,DCA,DEN,30,0,0,0,30,0,5,3,218.0,0.0,0.0,0.16666666666666666,0.1,7.266666666666667
2023,4,19977,UA,11278,12266,DCA,IAH,130,0,0,0,130,0,27,9,878.0,0.0,0.0,0.2076923076923077,0.06923076923076923,6.753846153846154
2023,4,19977,UA,11278,13930,DCA,ORD,143,4,0,0,139,0,26,10,1913.0,0.027972027972027972,0.0,0.18705035971223022,0.07194244604316546,13.762589928057555
2023,4,19977,UA,11278,14771,DCA,SFO,30,0,0,0,30,0,10,5,573.0,0.0,0.0,0.3333333333333333,0.16666666666666666,19.1
2023,4,19977,UA,11292,10397,DEN,ATL,80,0,0,0,80,0,20,6,650.0,0.0,0.0,0.25,0.075,8.125
2023,4,19977,UA,11292,10721,DEN,BOS,150,1,0,0,149,0,38,10,455.0,0.006666666666666667,0.0,0.2550335570469799,0.06711409395973154,3.053691275167785
2023,4,19977,UA,11292,10821,DEN,BWI,60,1,1,0,58,0,18,4,353.0,0.016666666666666666,0.016666666666666666,0.3103448275862069,0.06896551724137931,6.086206896551724
2023,4,19977,UA,11292,11278,DEN,DCA,30,0,0,0,30,0,2,0,-357.0,0.0,0.0,0.06666666666666667,0.0,-11.9
2023,4,19977,UA,11292,11298,DEN,DFW,120,0,4,0,116,0,27,10,1851.0,0.0,0.03333333333333333,0.23275862068965517,0.08620689655172414,15.956896551724139
2023,4,19977,UA,11292,11433,DEN,DTW,60,1,0,0,59,0,16,5,540.0,0.016666666666666666,0.0,0.2711864406779661,0.0847457627118644,9.152542372881356
2023,4,19977,UA,11292,11618,DEN,EWR,270,4,2,0,264,0,72,29,3151.0,0.014814814814814815,0.007407407407407408,0.2727272727272727,0.10984848484848485,11.93560606060606
2023,4,19977,UA,11292,11697,DEN,FLL,90,5,2,0,83,0,26,8,644.0,0.05555555555555555,0.022222222222222223,0.3132530120481928,0.0963855421686747,7.759036144578313
2023,4,19977,UA,11292,12173,DEN,HNL,33,0,0,0,33,0,10,2,346.0,0.0,0.0,0.30303030303030304,0.06060606060606061,10.484848484848484
2023,4,19977,UA,11292,12266,DEN,IAH,270,4,3,0,263,0,75,23,3587.0,0.014814814814814815,0.011111111111111112,0.28517110266159695,0.08745247148288973,13.638783269961976
2023,4,19977,UA,11292,12889,DEN,LAS,201,4,0,0,197,0,71,29,3674.0,0.01990049751243781,0.0,0.3604060913705584,0.14720812182741116,18.6497461928934
2023,4,19977,UA,11292,12892,DEN,LAX,235,0,0,0,235,0,50,24,2969.0,0.0,0.0,0.2127659574468085,0.10212765957446808,12.63404255319149
2023,4,19977,UA,11292,12953,DEN,LGA,195,2,6,0,187,0,49,12,834.0,0.010256410256410256,0.03076923076923077,0.2620320855614973,0.06417112299465241,4.459893048128342
2023,4,19977,UA,11292,13204,DEN,MCO,150,1,0,0,149,0,26,13,893.0,0.006666666666666667,0.0,0.174496644295302,0.087248322147651,5.993288590604027
2023,4,19977,UA,11292,13303,DEN,MIA,60,1,0,0,59,0,23,10,1495.0,0.016666666666666666,0.0,0.3898305084745763,0.1694915254237288,25.338983050847457
2023,4,19977,UA,11292,13487,DEN,MSP,120,3,0,0,117,0,25,7,905.0,0.025,0.0,0.21367521367521367,0.05982905982905983,7.735042735042735
2023,4,19977,UA,11292,13930,DEN,ORD,270,0,0,0,270,0,70,22,3600.0,0.0,0.0,0.25925925925925924,0.08148148148148149,13.333333333333334
2023,4,19977,UA,11292,14100,DEN,PHL,76,3,0,0,73,0,11,7,215.0,0.039473684210526314,0.0,0.1506849315068493,0.0958904109589041,2.9452054794520546
2023,4,19977,UA,11292,14107,DEN,PHX,205,2,0,0,203,0,37,17,973.0,0.00975609756097561,0.0,0.18226600985221675,0.08374384236453201,4.793103448275862
2023,4,19977,UA,11292,14635,DEN,RSW,60,0,0,0,60,0,14,6,550.0,0.0,0.0,0.23333333333333334,0.1,9.166666666666666
2023,4,19977,UA,11292,14679,DEN,SAN,180,2,1,0,177,0,38,14,2630.0,0.011111111111111112,0.005555555555555556,0.21468926553672316,0.07909604519774012,14.858757062146893
2023,4,19977,UA,11292,14747,DEN,SEA,140,1,0,0,139,0,42,18,1742.0,0.007142857142857143,0.0,0.302158273381295,0.12949640287769784,12.532374100719425
2023,4,19977,UA,11292,14771,DEN,SFO,240,2,0,0,238,0,46,17,1727.0,0.008333333333333333,0.0,0.19327731092436976,0.07142857142857142,7.256302521008403
2023,4,19977,UA,11292,14869,DEN,SLC,61,0,0,0,61,0,18,5,785.0,0.0,0.0,0.29508196721311475,0.08196721311475409,12.868852459016393
2023,4,19977,UA,11292,15304,DEN,TPA,120,1,1,0,118,0,28,8,627.0,0.008333333333333333,0.008333333333333333,0.23728813559322035,0.06779661016949153,5.313559322033898
2023,4,19977,UA,11298,11292,DFW,DEN,120,1,2,0,117,0,29,12,2129.0,0.008333333333333333,0.016666666666666666,0.24786324786324787,0.10256410256410256,18.196581196581196
2023,4,19977,UA,11298,11618,DFW,EWR,165,7,0,0,158,0,39,17,2098.0,0.04242424242424243,0.0,0.2468354430379747,0.10759493670886076,13.278481012658228
2023,4,19977,UA,11298,12266,DFW,IAH,67,1,0,0,66,0,33,10,2054.0,0.014925373134328358,0.0,0.5,0.15151515151515152,31.12121212121212
2023,4,19977,UA,11298,13930,DFW,ORD,148,2,1,0,145,0,33,15,2386.0,0.013513513513513514,0.006756756756756757,0.22758620689655173,0.10344827586206896,16.455172413793104
2023,4,19977,UA,11298,14771,DFW,SFO,58,0,0,0,58,0,11,6,1319.0,0.0,0.0,0.1896551724137931,0.10344827586206896,22.74137931034483
2023,4,19977,UA,11433,11292,DTW,DEN,60,1,0,0,59,0,7,2,-182.0,0.016666666666666666,0.0,0.11864406779661017,0.03389830508474576,-3.0847457627118646
2023,4,19977,UA,11433,11618,DTW,EWR,55,3,0,0,52,0,15,5,691.0,0.05454545454545454,0.0,0.28846153846153844,0.09615384615384616,13.288461538461538
2023,4,19977,UA,11433,12266,DTW,IAH,55,1,0,0,54,0,9,5,755.0,0.01818181818181818,0.0,0.16666666666666666,0.09259259259259259,13.981481481481481
2023,4,19977,UA,11433,13930,DTW,ORD,55,1,0,0,54,0,13,9,851.0,0.01818181818181818,0.0,0.24074074074074073,0.16666666666666666,15.75925925925926
2023,4,19977,UA,11618,10397,EWR,ATL,185,2,0,0,183,0,58,20,2870.0,0.010810810810810811,0.0,0.31693989071038253,0.1092896174863388,15.683060109289617
2023,4,19977,UA,11618,10721,EWR,BOS,280,12,0,0,268,0,76,33,3115.0,0.04285714285714286,0.0,0.2835820895522388,0.12313432835820895,11.623134328358208
2023,4,19977,UA,11618,11292,EWR,DEN,270,4,5,0,261,0,78,30,3595.0,0.014814814814814815,0.018518518518518517,0.2988505747126437,0.11494252873563218,13.773946360153257
2023,4,19977,UA,11618,11298,EWR,DFW,165,10,2,0,153,0,54,18,3039.0,0.06060606060606061,0.012121212121212121,0.35294117647058826,0.11764705882352941,19.862745098039216
2023,4,19977,UA,11618,11433,EWR,DTW,55,3,0,0,52,0,18,6,726.0,0.05454545454545454,0.0,0.34615384615384615,0.11538461538461539,13.961538461538462
2023,4,19977,UA,11618,11697,EWR,FLL,300,25,4,0,271,0,93,45,7320.0,0.08333333333333333,0.013333333333333334,0.34317343173431736,0.16605166051660517,27.011070110701105
2023,4,19977,UA,11618,12173,EWR,HNL,30,1,0,0,29,0,8,1,140.0,0.03333333333333333,0.0,0.27586206896551724,0.034482758620689655,4.827586206896552
2023,4,19977,UA,11618,12266,EWR,IAH,240,7,1,0,232,0,72,28,4187.0,0.029166666666666667,0.004166666666666667,0.3103448275862069,0.1206896551724138,18.04741379310345
2023,4,19977,UA,11618,12889,EWR,LAS,210,6,0,0,204,0,85,38,5275.0,0.02857142857142857,0.0,0.4166666666666667,0.18627450980392157,25.857843137254903
2023,4,19977,UA,11618,12892,EWR,LAX,237,5,0,0,232,0,56,24,1243.0,0.02109704641350211,0.0,0.2413793103448276,0.10344827586206896,5.357758620689655
2023,4,19977,UA,11618,13204,EWR,MCO,360,8,2,0,350,0,131,55,8728.0,0.022222222222222223,0.005555555555555556,0.3742857142857143,0.15714285714285714,24.937142857142856
2023,4,19977,UA,11618,13303,EWR,MIA,240,4,2,0,234,0,99,47,7516.0,0.016666666666666666,0.008333333333333333,0.4230769230769231,0.20085470085470086,32.11965811965812
2023,4,19977,UA,11618,13487,EWR,MSP,80,3,0,0,77,0,30,12,1940.0,0.0375,0.0,0.38961038961038963,0.15584415584415584,25.194805194805195
2023,4,19977,UA,11618,13930,EWR,ORD,293,7,0,0,286,0,87,43,6429.0,0.023890784982935155,0.0,0.3041958041958042,0.15034965034965034,22.47902097902098
2023,4,19977,UA,11618,14107,EWR,PHX,120,3,1,0,116,0,20,7,-392.0,0.025,0.008333333333333333,0.1724137931034483,0.0603448275862069,-3.3793103448275863
2023,4,19977,UA,11618,14635,EWR,RSW,180,5,0,0,175,0,54,26,3231.0,0.027777777777777776,0.0,0.30857142857142855,0.14857142857142858,18.462857142857143
2023,4,19977,UA,11618,14679,EWR,SAN,120,1,1,0,118,0,33,11,1719.0,0.008333333333333333,0.008333333333333333,0.2796610169491525,0.09322033898305085,14.567796610169491
2023,4,19977,UA,11618,14747,EWR,SEA,90,0,0,0,90,0,20,10,578.0,0.0,0.0,0.2222222222222222,0.1111111111111111,6.4222222222222225
2023,4,19977,UA,11618,14771,EWR,SFO,270,3,0,0,267,0,70,29,3316.0,0.011111111111111112,0.0,0.26217228464419473,0.10861423220973783,12.41947565543071
2023,4,19977,UA,11618,14869,EWR,SLC,30,2,0,0,28,0,15,6,1109.0,0.06666666666666667,0.0,0.5357142857142857,0.21428571428571427,39.607142857142854
2023,4,19977,UA,11618,15016,EWR,STL,30,1,0,0,29,0,9,7,1018.0,0.03333333333333333,0.0,0.3103448275862069,0.2413793103448276,35.10344827586207
2023,4,19977,UA,11618,15304,EWR,TPA,270,3,1,0,266,0,76,33,4252.0,0.011111111111111112,0.003703703703703704,0.2857142857142857,0.12406015037593984,15.984962406015038
2023,4,19977,UA,11697,11292,FLL,DEN,90,5,1,0,84,0,21,8,922.0,0.05555555555555555,0.011111111111111112,0.25,0.09523809523809523,10.976190476190476
2023,4,19977,UA,11697,11618,FLL,EWR,300,26,2,0,272,0,71,41,7638.0,0.08666666666666667,0.006666666666666667,0.2610294117647059,0.15073529411764705,28.080882352941178
2023,4,19977,UA,11697,12266,FLL,IAH,129,10,1,0,118,0,40,18,2696.0,0.07751937984496124,0.007751937984496124,0.3389830508474576,0.15254237288135594,22.847457627118644
2023,4,19977,UA,11697,13930,FLL,ORD,120,9,0,0,111,0,26,15,1459.0,0.075,0.0,0.23423423423423423,0.13513513513513514,13.144144144144144
2023,4,19977,UA,11697,14771,FLL,SFO,30,2,0,0,28,0,0,0,-418.0,0.06666666666666667,0.0,0.0,0.0,-14.928571428571429
2023,4,19977,UA,12173,11292,HNL,DEN,33,0,0,0,33,0,6,1,96.0,0.0,0.0,0.18181818181818182,0.030303030303030304,2.909090909090909
2023,4,19977,UA,12173,11618,HNL,EWR,30,1,1,0,28,0,7,1,177.0,0.03333333333333333,0.03333333333333333,0.25,0.03571428571428571,6.321428571428571
2023,4,19977,UA,12173,12266,HNL,IAH,30,1,0,0,29,0,7,2,180.0,0.03333333333333333,0.0,0.2413793103448276,0.06896551724137931,6.206896551724138
2023,4,19977,UA,12173,12892,HNL,LAX,93,0,0,0,93,0,21,3,1098.0,0.0,0.0,0.22580645161290322,0.03225806451612903,11.806451612903226
2023,4,19977,UA,12173,13930,HNL,ORD,30,0,0,0,30,0,2,1,-88.0,0.0,0.0,0.06666666666666667,0.03333333333333333,-2.933333333333333
2023,4,19977,UA,12173,14771,HNL,SFO,153,0,0,0,153,0,22,8,86.0,0.0,0.0,0.1437908496732026,0.05228758169934641,0.5620915032679739
2023,4,19977,UA,12266,10397,IAH,ATL,136,4,0,0,132,0,37,13,2826.0,0.029411764705882353,0.0,0.2803030303030303,0.09848484848484848,21.40909090909091
2023,4,19977,UA,12266,10721,IAH,BOS,90,1,0,0,89,0,15,3,154.0,0.011111111111111112,0.0,0.16853932584269662,0.033707865168539325,1.7303370786516854
2023,4,19977,UA,12266,10821,IAH,BWI,55,1,0,0,54,0,10,2,66.0,0.01818181818181818,0.0,0.18518518518518517,0.037037037037037035,1.2222222222222223
2023,4,19977,UA,12266,11278,IAH,DCA,131,0,2,0,129,0,35,8,2732.0,0.0,0.015267175572519083,0.2713178294573643,0.06201550387596899,21.17829457364341
2023,4,19977,UA,12266,11292,IAH,DEN,270,3,2,0,265,0,74,34,5276.0,0.011111111111111112,0.007407407407407408,0.2792452830188679,0.12830188679245283,19.90943396226415
2023,4,19977,UA,12266,11298,IAH,DFW,67,0,0,0,67,0,27,8,1558.0,0.0,0.0,0.40298507462686567,0.11940298507462686,23.253731343283583
2023,4,19977,UA,12266,11433,IAH,DTW,55,1,0,0,54,0,14,4,727.0,0.01818181818181818,0.0,0.25925925925925924,0.07407407407407407,13.462962962962964
2023,4,19977,UA,12266,11618,IAH,EWR,240,5,2,0,233,0,71,37,4771.0,0.020833333333333332,0.008333333333333333,0.30472103004291845,0.15879828326180256,20.476394849785407
2023,4,19977,UA,12266,11697,IAH,FLL,129,10,2,0,117,0,44,19,2568.0,0.07751937984496124,0.015503875968992248,0.37606837606837606,0.1623931623931624,21.94871794871795
2023,4,19977,UA,12266,12173,IAH,HNL,30,0,0,0,30,0,11,5,2002.0,0.0,0.0,0.36666666666666664,0.16666666666666666,66.73333333333333
2023,4,19977,UA,12266,12889,IAH,LAS,180,3,1,0,176,0,48,23,3699.0,0.016666666666666666,0.005555555555555556,0.2727272727272727,0.13068181818181818,21.017045454545453
2023,4,19977,UA,12266,12892,IAH,LAX,240,2,0,0,238,0,63,26,4717.0,0.008333333333333333,0.0,0.2647058823529412,0.1092436974789916,19.819327731092436
2023,4,19977,UA,12266,12953,IAH,LGA,110,1,3,0,106,0,20,9,935.0,0.00909090909090909,0.02727272727272727,0.18867924528301888,0.08490566037735849,8.820754716981131
2023,4,19977,UA,12266,13204,IAH,MCO,180,2,2,0,176,0,59,21,3019.0,0.011111111111111112,0.011111111111111112,0.3352272727272727,0.11931818181818182,17.15340909090909
2023,4,19977,UA,12266,13303,IAH,MIA,90,0,0,0,90,0,27,12,2157.0,0.0,0.0,0.3,0.13333333333333333,23.966666666666665
2023,4,19977,UA,12266,13487,IAH,MSP,50,0,0,0,50,0,17,11,1219.0,0.0,0.0,0.34,0.22,24.38
2023,4,19977,UA,12266,13930,IAH,ORD,270,2,0,0,268,0,63,24,2984.0,0.007407407407407408,0.0,0.23507462686567165,0.08955223880597014,11.134328358208956
2023,4,19977,UA,12266,14100,IAH,PHL,60,0,0,0,60,0,16,9,966.0,0.0,0.0,0.26666666666666666,0.15,16.1
2023,4,19977,UA,12266,14107,IAH,PHX,150,1,0,0,149,0,41,11,1965.0,0.006666666666666667,0.0,0.2751677852348993,0.0738255033557047,13.187919463087248
2023,4,19977,UA,12266,14635,IAH,RSW,60,0,0,0,60,0,18,8,754.0,0.0,0.0,0.3,0.13333333333333333,12.566666666666666
2023,4,19977,UA,12266,14679,IAH,SAN,150,0,0,0,150,0,35,13,972.0,0.0,0.0,0.23333333333333334,0.08666666666666667,6.48
2023,4,19977,UA,12266,14747,IAH,SEA,90,0,1,0,89,0,33,10,1295.0,0.0,0.011111111111111112,0.3707865168539326,0.11235955056179775,14.55056179775281
2023,4,19977,UA,12266,14771,IAH,SFO,240,2,0,0,238,0,70,18,4067.0,0.008333333333333333,0.0,0.29411764705882354,0.07563025210084033,17.08823529411765
2023,4,19977,UA,12266,15304,IAH,TPA,90,0,0,0,90,0,21,9,1360.0,0.0,0.0,0.23333333333333334,0.1,15.11111111111111
2023,4,19977,UA,12889,11292,LAS,DEN,201,4,1,0,196,0,55,24,2870.0,0.01990049751243781,0.004975124378109453,0.28061224489795916,0.12244897959183673,14.642857142857142
2023,4,19977,UA,12889,11618,LAS,EWR,210,6,2,0,202,0,58,25,1638.0,0.02857142857142857,0.009523809523809525,0.2871287128712871,0.12376237623762376,8.108910891089108
2023,4,19977,UA,12889,12266,LAS,IAH,180,4,0,0,176,0,38,17,2113.0,0.022222222222222223,0.0,0.2159090909090909,0.09659090909090909,12.005681818181818
2023,4,19977,UA,12889,12892,LAS,LAX,120,3,0,0,117,0,20,8,411.0,0.025,0.0,0.17094017094017094,0.06837606837606838,3.5128205128205128
2023,4,19977,UA,12889,13930,LAS,ORD,150,2,1,0,147,0,38,17,1840.0,0.013333333333333334,0.006666666666666667,0.2585034013605442,0.11564625850340136,12.517006802721088
2023,4,19977,UA,12889,14771,LAS,SFO,180,1,0,0,179,0,32,14,1067.0,0.005555555555555556,0.0,0.1787709497206704,0.0782122905027933,5.960893854748603
2023,4,19977,UA,12892,10721,LAX,BOS,60,0,0,0,60,0,5,1,-617.0,0.0,0.0,0.08333333333333333,0.016666666666666666,-10.283333333333333
2023,4,19977,UA,12892,10821,LAX,BWI,30,0,0,0,30,0,3,0,-215.0,0.0,0.0,0.1,0.0,-7.166666666666667
2023,4,19977,UA,12892,11292,LAX,DEN,235,1,4,0,230,0,21,7,-335.0,0.00425531914893617,0.01702127659574468,0.09130434782608696,0.030434782608695653,-1.4565217391304348
2023,4,19977,UA,12892,11618,LAX,EWR,237,2,4,0,231,0,46,17,489.0,0.008438818565400843,0.016877637130801686,0.19913419913419914,0.0735930735930736,2.116883116883117
2023,4,19977,UA,12892,12173,LAX,HNL,93,0,0,0,93,0,14,7,991.0,0.0,0.0,0.15053763440860216,0.07526881720430108,10.655913978494624
2023,4,19977,UA,12892,12266,LAX,IAH,240,2,3,0,235,0,40,13,2002.0,0.008333333333333333,0.0125,0.1702127659574468,0.05531914893617021,8.519148936170213
2023,4,19977,UA,12892,12889,LAX,LAS,120,3,0,0,117,0,25,9,1182.0,0.025,0.0,0.21367521367521367,0.07692307692307693,10.102564102564102
2023,4,19977,UA,12892,13204,LAX,MCO,60,0,0,0,60,0,7,1,-455.0,0.0,0.0,0.11666666666666667,0.016666666666666666,-7.583333333333333
2023,4,19977,UA,12892,13930,LAX,ORD,265,2,2,0,261,0,38,10,-211.0,0.007547169811320755,0.007547169811320755,0.14559386973180077,0.038314176245210725,-0.8084291187739464
2023,4,19977,UA,12892,14107,LAX,PHX,30,0,0,0,30,0,3,1,-52.0,0.0,0.0,0.1,0.03333333333333333,-1.7333333333333334
2023,4,19977,UA,12892,14747,LAX,SEA,55,1,0,0,54,0,3,1,-188.0,0.01818181818181818,0.0,0.05555555555555555,0.018518518518518517,-3.4814814814814814
2023,4,19977,UA,12892,14771,LAX,SFO,184,2,0,0,182,0,36,9,709.0,0.010869565217391304,0.0,0.1978021978021978,0.04945054945054945,3.8956043956043955
2023,4,19977,UA,12892,15304,LAX,TPA,30,0,0,0,30,0,1,0,-474.0,0.0,0.0,0.03333333333333333,0.0,-15.8
2023,4,19977,UA,12953,11292,LGA,DEN,195,2,2,0,191,0,36,12,-1072.0,0.010256410256410256,0.010256410256410256,0.18848167539267016,0.06282722513089005,-5.612565445026178
2023,4,19977,UA,12953,12266,LGA,IAH,110,0,1,0,109,0,15,5,-283.0,0.0,0.00909090909090909,0.13761467889908258,0.045871559633027525,-2.596330275229358
2023,4,19977,UA,12953,13930,LGA,ORD,228,10,1,0,217,0,36,22,935.0,0.043859649122807015,0.0043859649122807015,0.16589861751152074,0.10138248847926268,4.308755760368664
2023,4,19977,UA,13204,11292,MCO,DEN,150,1,1,0,148,0,27,5,-68.0,0.006666666666666667,0.006666666666666667,0.18243243243243243,0.033783783783783786,-0.4594594594594595
2023,4,19977,UA,13204,11618,MCO,EWR,359,8,2,0,349,0,106,46,8119.0,0.022284122562674095,0.005571030640668524,0.3037249283667622,0.1318051575931232,23.263610315186245
2023,4,19977,UA,13204,12266,MCO,IAH,180,2,0,0,178,0,43,15,2512.0,0.011111111111111112,0.0,0.24157303370786518,0.08426966292134831,14.112359550561798
2023,4,19977,UA,13204,12892,MCO,LAX,60,0,0,0,60,0,9,0,-120.0,0.0,0.0,0.15,0.0,-2.0
2023,4,19977,UA,13204,13930,MCO,ORD,173,1,0,0,172,0,39,16,2059.0,0.005780346820809248,0.0,0.22674418604651161,0.09302325581395349,11.970930232558139
2023,4,19977,UA,13204,14771,MCO,SFO,60,1,0,0,59,0,11,1,90.0,0.016666666666666666,0.0,0.1864406779661017,0.01694915254237288,1.5254237288135593
2023,4,19977,UA,13303,11292,MIA,DEN,60,1,0,0,59,0,16,10,2096.0,0.016666666666666666,0.0,0.2711864406779661,0.1694915254237288,35.52542372881356
2023,4,19977,UA,13303,11618,MIA,EWR,240,6,5,0,229,0,76,35,7367.0,0.025,0.020833333333333332,0.3318777292576419,0.15283842794759825,32.1703056768559
2023,4,19977,UA,13303,12266,MIA,IAH,90,0,0,0,90,0,24,13,1860.0,0.0,0.0,0.26666666666666666,0.14444444444444443,20.666666666666668
2023,4,19977,UA,13303,13930,MIA,ORD,82,2,1,0,79,0,24,13,3684.0,0.024390243902439025,0.012195121951219513,0.3037974683544304,0.16455696202531644,46.63291139240506
2023,4,19977,UA,13303,14771,MIA,SFO,30,1,0,0,29,0,14,3,495.0,0.03333333333333333,0.0,0.4827586206896552,0.10344827586206896,17.06896551724138
2023,4,19977,UA,13487,11292,MSP,DEN,120,4,1,0,115,0,21,5,304.0,0.03333333333333333,0.008333333333333333,0.1826086956521739,0.043478260869565216,2.643478260869565
2023,4,19977,UA,13487,11618,MSP,EWR,80,5,0,0,75,0,10,5,-86.0,0.0625,0.0,0.13333333333333333,0.06666666666666667,-1.1466666666666667
2023,4,19977,UA,13487,12266,MSP,IAH,50,1,0,0,49,0,7,4,364.0,0.02,0.0,0.14285714285714285,0.08163265306122448,7.428571428571429
2023,4,19977,UA,13487,13930,MSP,ORD,165,4,0,0,161,0,30,9,411.0,0.024242424242424242,0.0,0.18633540372670807,0.055900621118012424,2.5527950310559007
2023,4,19977,UA,13487,14771,MSP,SFO,30,2,0,0,28,0,4,1,-23.0,0.06666666666666667,0.0,0.14285714285714285,0.03571428571428571,-0.8214285714285714
2023,4,19977,UA,13930,10397,ORD,ATL,116,1,0,0,115,0,24,9,1463.0,0.008620689655172414,0.0,0.20869565217391303,0.0782608695652174,12.721739130434782
2023,4,19977,UA,13930,10721,ORD,BOS,162,4,0,0,158,0,27,8,401.0,0.024691358024691357,0.0,0.17088607594936708,0.05063291139240506,2.537974683544304
2023,4,19977,UA,13930,10821,ORD,BWI,89,2,0,0,87,0,18,9,516.0,0.02247191011235955,0.0,0.20689655172413793,0.10344827586206896,5.931034482758621
2023,4,19977,UA,13930,11278,ORD,DCA,142,3,1,0,138,0,30,15,1835.0,0.02112676056338028,0.007042253521126761,0.21739130434782608,0.10869565217391304,13.297101449275363
2023,4,19977,UA,13930,11292,ORD,DEN,270,0,4,0,266,0,58,21,501.0,0.0,0.014814814814814815,0.21804511278195488,0.07894736842105263,1.8834586466165413
2023,4,19977,UA,13930,11298,ORD,DFW,148,2,1,0,145,0,35,11,812.0,0.013513513513513514,0.006756756756756757,0.2413793103448276,0.07586206896551724,5.6
2023,4,19977,UA,13930,11433,ORD,DTW,55,0,0,0,55,0,12,8,659.0,0.0,0.0,0.21818181818181817,0.14545454545454545,11.981818181818182
2023,4,19977,UA,13930,11618,ORD,EWR,293,6,0,0,287,0,90,35,4933.0,0.020477815699658702,0.0,0.313588850174216,0.12195121951219512,17.18815331010453
2023,4,19977,UA,13930,11697,ORD,FLL,120,7,1,0,112,0,31,12,1418.0,0.058333333333333334,0.008333333333333333,0.2767857142857143,0.10714285714285714,12.660714285714286
2023,4,19977,UA,13930,12173,ORD,HNL,30,0,0,0,30,0,4,1,-238.0,0.0,0.0,0.13333333333333333,0.03333333333333333,-7.933333333333334
2023,4,19977,UA,13930,12266,ORD,IAH,271,2,0,0,269,0,58,22,2162.0,0.007380073800738007,0.0,0.21561338289962825,0.08178438661710037,8.037174721189592
2023,4,19977,UA,13930,12889,ORD,LAS,150,1,0,0,149,0,49,22,2163.0,0.006666666666666667,0.0,0.3288590604026846,0.1476510067114094,14.516778523489933
2023,4,19977,UA,13930,12892,ORD,LAX,265,2,0,0,263,0,61,29,1323.0,0.007547169811320755,0.0,0.23193916349809887,0.11026615969581749,5.030418250950571
2023,4,19977,UA,13930,12953,ORD,LGA,228,10,1,0,217,0,58,21,2469.0,0.043859649122807015,0.0043859649122807015,0.2672811059907834,0.0967741935483871,11.377880184331797
2023,4,19977,UA,13930,13204,ORD,MCO,172,1,0,0,171,0,29,10,414.0,0.005813953488372093,0.0,0.1695906432748538,0.05847953216374269,2.4210526315789473
2023,4,19977,UA,13930,13303,ORD,MIA,82,1,0,0,81,0,18,7,736.0,0.012195121951219513,0.0,0.2222222222222222,0.08641975308641975,9.08641975308642
2023,4,19977,UA,13930,13487,ORD,MSP,165,2,0,0,163,0,33,18,1412.0,0.012121212121212121,0.0,0.20245398773006135,0.11042944785276074,8.662576687116564
2023,4,19977,UA,13930,14100,ORD,PHL,120,0,0,0,120,0,19,6,278.0,0.0,0.0,0.15833333333333333,0.05,2.316666666666667
2023,4,19977,UA,13930,14107,ORD,PHX,172,3,0,0,169,0,22,11,-474.0,0.01744186046511628,0.0,0.1301775147928994,0.0650887573964497,-2.804733727810651
2023,4,19977,UA,13930,14635,ORD,RSW,142,0,0,0,142,0,27,12,1454.0,0.0,0.0,0.19014084507042253,0.08450704225352113,10.23943661971831
2023,4,19977,UA,13930,14679,ORD,SAN,140,1,0,0,139,0,30,18,734.0,0.007142857142857143,0.0,0.2158273381294964,0.12949640287769784,5.280575539568345
2023,4,19977,UA,13930,14747,ORD,SEA,115,1,1,0,113,0,18,6,306.0,0.008695652173913044,0.008695652173913044,0.1592920353982301,0.05309734513274336,2.7079646017699117
2023,4,19977,UA,13930,14771,ORD,SFO,293,1,0,0,292,0,53,26,1989.0,0.0034129692832764505,0.0,0.1815068493150685,0.08904109589041095,6.811643835616438
2023,4,19977,UA,13930,14869,ORD,SLC,30,0,0,0,30,0,8,2,282.0,0.0,0.0,0.26666666666666666,0.06666666666666667,9.4
2023,4,19977,UA,13930,15304,ORD,TPA,112,1,0,0,111,0,20,9,639.0,0.008928571428571428,0.0,0.18018018018018017,0.08108108108108109,5.756756756756757
2023,4,19977,UA,14100,11292,PHL,DEN,76,3,0,0,73,0,15,6,1437.0,0.039473684210526314,0.0,0.2054794520547945,0.0821917808219178,19.684931506849313
2023,4,19977,UA,14100,12266,PHL,IAH,60,0,0,0,60,0,14,5,490.0,0.0,0.0,0.23333333333333334,0.08333333333333333,8.166666666666666
2023,4,19977,UA,14100,13930,PHL,ORD,120,0,1,0,119,0,24,9,717.0,0.0,0.008333333333333333,0.20168067226890757,0.07563025210084033,6.025210084033613
2023,4,19977,UA,14100,14771,PHL,SFO,30,0,0,0,30,0,7,0,-54.0,0.0,0.0,0.23333333333333334,0.0,-1.8
2023,4,19977,UA,14107,11292,PHX,DEN,205,2,3,0,200,0,21,12,269.0,0.00975609756097561,0.014634146341463415,0.105,0.06,1.345
2023,4,19977,UA,14107,11618,PHX,EWR,120,3,2,0,115,0,24,11,567.0,0.025,0.016666666666666666,0.20869565217391303,0.09565217391304348,4.930434782608696
2023,4,19977,UA,14107,12266,PHX,IAH,150,1,0,0,149,0,19,2,-816.0,0.006666666666666667,0.0,0.12751677852348994,0.013422818791946308,-5.476510067114094
2023,4,19977,UA,14107,12892,PHX,LAX,30,0,0,0,30,0,6,1,76.0,0.0,0.0,0.2,0.03333333333333333,2.533333333333333
2023,4,19977,UA,14107,13930,PHX,ORD,172,4,0,0,168,0,17,4,-580.0,0.023255813953488372,0.0,0.10119047619047619,0.023809523809523808,-3.4523809523809526
2023,4,19977,UA,14107,14771,PHX,SFO,87,0,0,0,87,0,9,4,46.0,0.0,0.0,0.10344827586206896,0.04597701149425287,0.5287356321839081
2023,4,19977,UA,14635,11292,RSW,DEN,60,0,0,0,60,0,10,4,749.0,0.0,0.0,0.16666666666666666,0.06666666666666667,12.483333333333333
2023,4,19977,UA,14635,11618,RSW,EWR,180,5,1,0,174,0,30,13,1117.0,0.027777777777777776,0.005555555555555556,0.1724137931034483,0.07471264367816093,6.419540229885057
2023,4,19977,UA,14635,12266,RSW,IAH,60,1,0,0,59,0,19,8,1077.0,0.016666666666666666,0.0,0.3220338983050847,0.13559322033898305,18.25423728813559
2023,4,19977,UA,14635,13930,RSW,ORD,142,0,1,0,141,0,29,15,1349.0,0.0,0.007042253521126761,0.20567375886524822,0.10638297872340426,9.567375886524824
2023,4,19977,UA,14679,11292,SAN,DEN,180,2,2,0,176,0,31,15,943.0,0.011111111111111112,0.011111111111111112,0.17613636363636365,0.08522727272727272,5.357954545454546
2023,4,19977,UA,14679,11618,SAN,EWR,120,1,1,0,118,0,28,10,881.0,0.008333333333333333,0.008333333333333333,0.23728813559322035,0.0847457627118644,7.466101694915254
2023,4,19977,UA,14679,12266,SAN,IAH,150,0,2,0,148,0,27,8,1102.0,0.0,0.013333333333333334,0.18243243243243243,0.05405405405405406,7.445945945945946
2023,4,19977,UA,14679,13930,SAN,ORD,140,1,0,0,139,0,26,9,-30.0,0.007142857142857143,0.0,0.18705035971223022,0.06474820143884892,-0.2158273381294964
2023,4,19977,UA,14679,14771,SAN,SFO,145,1,0,0,144,0,22,1,-394.0,0.006896551724137931,0.0,0.1527777777777778,0.006944444444444444,-2.736111111111111
2023,4,19977,UA,14747,11292,SEA,DEN,140,3,4,0,133,0,12,5,-137.0,0.02142857142857143,0.02857142857142857,0.09022556390977443,0.03759398496240601,-1.0300751879699248
2023,4,19977,UA,14747,11618,SEA,EWR,90,1,1,0,88,0,12,3,-1021.0,0.011111111111111112,0.011111111111111112,0.13636363636363635,0.03409090909090909,-11.602272727272727
2023,4,19977,UA,14747,12266,SEA,IAH,90,0,1,0,89,0,15,4,-435.0,0.0,0.011111111111111112,0.16853932584269662,0.0449438202247191,-4.887640449438202
2023,4,19977,UA,14747,12892,SEA,LAX,55,1,0,0,54,0,0,0,-696.0,0.01818181818181818,0.0,0.0,0.0,-12.88888888888889
2023,4,19977,UA,14747,13930,SEA,ORD,115,1,2,0,112,0,9,4,-759.0,0.008695652173913044,0.017391304347826087,0.08035714285714286,0.03571428571428571,-6.776785714285714
2023,4,19977,UA,14747,14771,SEA,SFO,115,1,0,0,114,0,16,8,559.0,0.008695652173913044,0.0,0.14035087719298245,0.07017543859649122,4.9035087719298245
2023,4,19977,UA,14771,10397,SFO,ATL,60,1,0,0,59,0,22,8,1236.0,0.016666666666666666,0.0,0.3728813559322034,0.13559322033898305,20.949152542372882
2023,4,19977,UA,14771,10721,SFO,BOS,150,4,0,0,146,0,26,5,124.0,0.02666666666666667,0.0,0.1780821917808219,0.03424657534246575,0.8493150684931506
2023,4,19977,UA,14771,10821,SFO,BWI,30,1,0,0,29,0,5,1,66.0,0.03333333333333333,0.0,0.1724137931034483,0.034482758620689655,2.2758620689655173
2023,4,19977,UA,14771,11278,SFO,DCA,30,0,0,0,30,0,7,1,23.0,0.0,0.0,0.23333333333333334,0.03333333333333333,0.7666666666666667
2023,4,19977,UA,14771,11292,SFO,DEN,240,0,3,0,237,0,39,8,219.0,0.0,0.0125,0.16455696202531644,0.03375527426160337,0.9240506329113924
2023,4,19977,UA,14771,11298,SFO,DFW,60,0,0,0,60,0,18,6,514.0,0.0,0.0,0.3,0.1,8.566666666666666
2023,4,19977,UA,14771,11618,SFO,EWR,270,3,0,0,267,0,86,22,2497.0,0.011111111111111112,0.0,0.32209737827715357,0.08239700374531835,9.352059925093632
2023,4,19977,UA,14771,11697,SFO,FLL,30,2,0,0,28,0,4,0,36.0,0.06666666666666667,0.0,0.14285714285714285,0.0,1.2857142857142858
2023,4,19977,UA,14771,12173,SFO,HNL,153,0,0,0,153,0,44,15,3348.0,0.0,0.0,0.2875816993464052,0.09803921568627451,21.88235294117647
2023,4,19977,UA,14771,12266,SFO,IAH,240,3,3,0,234,0,67,14,2065.0,0.0125,0.0125,0.2863247863247863,0.05982905982905983,8.824786324786325
2023,4,19977,UA,14771,12889,SFO,LAS,180,1,0,0,179,0,58,26,3344.0,0.005555555555555556,0.0,0.3240223463687151,0.1452513966480447,18.681564245810055
2023,4,19977,UA,14771,12892,SFO,LAX,183,1,0,0,182,0,22,9,-338.0,0.00546448087431694,0.0,0.12087912087912088,0.04945054945054945,-1.8571428571428572
2023,4,19977,UA,14771,13204,SFO,MCO,60,0,0,0,60,0,16,1,159.0,0.0,0.0,0.26666666666666666,0.016666666666666666,2.65
2023,4,19977,UA,14771,13303,SFO,MIA,30,1,0,0,29,0,12,5,855.0,0.03333333333333333,0.0,0.41379310344827586,0.1724137931034483,29.482758620689655
2023,4,19977,UA,14771,13487,SFO,MSP,30,1,0,0,29,0,4,2,109.0,0.03333333333333333,0.0,0.13793103448275862,0.06896551724137931,3.7586206896551726
2023,4,19977,UA,14771,13930,SFO,ORD,293,3,0,0,290,0,39,15,153.0,0.010238907849829351,0.0,0.13448275862068965,0.05172413793103448,0.5275862068965518
2023,4,19977,UA,14771,14100,SFO,PHL,30,0,0,0,30,0,5,0,40.0,0.0,0.0,0.16666666666666666,0.0,1.3333333333333333
2023,4,19977,UA,14771,14107,SFO,PHX,87,0,0,0,87,0,12,9,529.0,0.0,0.0,0.13793103448275862,0.10344827586206896,6.080459770114943
2023,4,19977,UA,14771,14679,SFO,SAN,145,1,0,0,144,0,36,7,1188.0,0.006896551724137931,0.0,0.25,0.04861111111111111,8.25
2023,4,19977,UA,14771,14747,SFO,SEA,115,0,0,0,115,0,22,7,369.0,0.0,0.0,0.19130434782608696,0.06086956521739131,3.208695652173913
2023,4,19977,UA,14771,15304,SFO,TPA,60,1,0,0,59,0,7,2,89.0,0.016666666666666666,0.0,0.11864406779661017,0.03389830508474576,1.5084745762711864
2023,4,19977,UA,14869,11292,SLC,DEN,61,1,0,0,60,0,12,2,238.0,0.01639344262295082,0.0,0.2,0.03333333333333333,3.966666666666667
2023,4,19977,UA,14869,11618,SLC,EWR,30,2,1,0,27,0,10,4,1109.0,0.06666666666666667,0.03333333333333333,0.37037037037037035,0.14814814814814814,41.074074074074076
2023,4,19977,UA,14869,13930,SLC,ORD,30,0,0,0,30,0,8,2,253.0,0.0,0.0,0.26666666666666666,0.06666666666666667,8.433333333333334
2023,4,19977,UA,15016,11618,STL,EWR,30,1,0,0,29,0,4,2,103.0,0.03333333333333333,0.0,0.13793103448275862,0.06896551724137931,3.5517241379310347
2023,4,19977,UA,15304,11292,TPA,DEN,120,0,0,0,120,0,14,4,-193.0,0.0,0.0,0.11666666666666667,0.03333333333333333,-1.6083333333333334
2023,4,19977,UA,15304,11618,TPA,EWR,270,8,2,0,260,0,56,27,4162.0,0.02962962962962963,0.007407407407407408,0.2153846153846154,0.10384615384615385,16.00769230769231
2023,4,19977,UA,15304,12266,TPA,IAH,90,0,0,0,90,0,21,3,481.0,0.0,0.0,0.23333333333333334,0.03333333333333333,5.344444444444444
2023,4,19977,UA,15304,12892,TPA,LAX,30,0,0,0,30,0,3,2,-23.0,0.0,0.0,0.1,0.06666666666666667,-0.7666666666666667
2023,4,19977,UA,15304,13930,TPA,ORD,112,3,0,0,109,0,16,7,157.0,0.026785714285714284,0.0,0.14678899082568808,0.06422018348623854,1.4403669724770642
2023,4,19977,UA,15304,14771,TPA,SFO,60,0,0,0,60,0,12,1,365.0,0.0,0.0,0.2,0.016666666666666666,6.083333333333333
2023,4,20304,OO,10721,10821,BOS,BWI,6,0,0,0,6,0,1,1,197.0,0.0,0.0,0.16666666666666666,0.16666666666666666,32.833333333333336
2023,4,20304,OO,10721,11618,BOS,EWR,51,1,0,0,50,0,15,5,707.0,0.0196078431372549,0.0,0.3,0.1,14.14
2023,4,20304,OO,10721,12478,BOS,JFK,25,0,0,0,25,0,7,2,273.0,0.0,0.0,0.28,0.08,10.92
2023,4,20304,OO,10721,13930,BOS,ORD,60,0,0,0,60,0,12,5,102.0,0.0,0.0,0.2,0.08333333333333333,1.7
2023,4,20304,OO,10821,10721,BWI,BOS,6,0,0,0,6,0,2,2,228.0,0.0,0.0,0.3333333333333333,0.3333333333333333,38.0
2023,4,20304,OO,10821,12478,BWI,JFK,2,0,0,0,2,0,1,0,32.0,0.0,0.0,0.5,0.0,16.0
2023,4,20304,OO,10821,13930,BWI,ORD,1,0,0,0,1,0,0,0,-4.0,0.0,0.0,0.0,0.0,-4.0
2023,4,20304,OO,11278,12266,DCA,IAH,25,0,0,0,25,0,8,5,241.0,0.0,0.0,0.32,0.2,9.64
2023,4,20304,OO,11278,13930,DCA,ORD,89,4,2,0,83,0,18,7,635.0,0.0449438202247191,0.02247191011235955,0.21686746987951808,0.08433734939759036,7.650602409638554
2023,4,20304,OO,11292,11298,DEN,DFW,60,1,1,0,58,0,10,3,-24.0,0.016666666666666666,0.016666666666666666,0.1724137931034483,0.05172413793103448,-0.41379310344827586
2023,4,20304,OO,11292,12892,DEN,LAX,51,0,0,0,51,0,4,0,-492.0,0.0,0.0,0.0784313725490196,0.0,-9.647058823529411
2023,4,20304,OO,11292,14107,DEN,PHX,30,0,0,0,30,0,3,1,-301.0,0.0,0.0,0.1,0.03333333333333333,-10.033333333333333
2023,4,20304,OO,11292,14869,DEN,SLC,149,1,0,0,148,0,24,6,86.0,0.006711409395973154,0.0,0.16216216216216217,0.04054054054054054,0.581081081081081
2023,4,20304,OO,11292,15016,DEN,STL,118,1,0,0,117,0,21,4,472.0,0.00847457627118644,0.0,0.1794871794871795,0.03418803418803419,4.034188034188034
2023,4,20304,OO,11298,11292,DFW,DEN,59,1,0,0,58,0,5,2,439.0,0.01694915254237288,0.0,0.08620689655172414,0.034482758620689655,7.568965517241379
2023,4,20304,OO,11298,12266,DFW,IAH,30,0,0,0,30,0,11,5,1025.0,0.0,0.0,0.36666666666666664,0.16666666666666666,34.166666666666664
2023,4,20304,OO,11433,11618,DTW,EWR,33,0,0,0,33,0,5,3,880.0,0.0,0.0,0.15151515151515152,0.09090909090909091,26.666666666666668
2023,4,20304,OO,11433,13232,DTW,MDW,60,0,1,0,59,0,8,4,-193.0,0.0,0.016666666666666666,0.13559322033898305,0.06779661016949153,-3.2711864406779663
2023,4,20304,OO,11433,13930,DTW,ORD,142,2,0,0,140,0,35,11,1514.0,0.014084507042253521,0.0,0.25,0.07857142857142857,10.814285714285715
2023,4,20304,OO,11433,15016,DTW,STL,18,0,0,0,18,0,2,0,-10.0,0.0,0.0,0.1111111111111111,0.0,-0.5555555555555556
2023,4,20304,OO,11618,10721,EWR,BOS,50,0,0,0,50,0,12,5,668.0,0.0,0.0,0.24,0.1,13.36
2023,4,20304,OO,11618,11433,EWR,DTW,33,0,0,0,33,0,4,3,589.0,0.0,0.0,0.12121212121212122,0.09090909090909091,17.848484848484848
2023,4,20304,OO,12266,11278,IAH,DCA,25,0,0,0,25,0,8,4,537.0,0.0,0.0,0.32,0.16,21.48
2023,4,20304,OO,12266,11298,IAH,DFW,30,0,0,0,30,0,6,3,301.0,0.0,0.0,0.2,0.1,10.033333333333333
2023,4,20304,OO,12266,12892,IAH,LAX,29,0,0,0,29,0,3,2,837.0,0.0,0.0,0.10344827586206896,0.06896551724137931,28.862068965517242
2023,4,20304,OO,12266,13487,IAH,MSP,5,0,0,0,5,0,1,0,69.0,0.0,0.0,0.2,0.0,13.8
2023,4,20304,OO,12266,14869,IAH,SLC,90,0,1,0,89,0,22,10,926.0,0.0,0.011111111111111112,0.24719101123595505,0.11235955056179775,10.404494382022472
2023,4,20304,OO,12478,10721,JFK,BOS,25,0,0,0,25,0,10,4,429.0,0.0,0.0,0.4,0.16,17.16
2023,4,20304,OO,12478,10821,JFK,BWI,2,0,0,0,2,0,1,0,15.0,0.0,0.0,0.5,0.0,7.5
2023,4,20304,OO,12478,13930,JFK,ORD,120,5,1,0,114,0,22,8,944.0,0.041666666666666664,0.008333333333333333,0.19298245614035087,0.07017543859649122,8.280701754385966
2023,4,20304,OO,12889,12892,LAS,LAX,37,0,0,0,37,0,4,1,-13.0,0.0,0.0,0.10810810810810811,0.02702702702702703,-0.35135135135135137
2023,4,20304,OO,12889,14771,LAS,SFO,10,0,0,0,10,0,3,1,156.0,0.0,0.0,0.3,0.1,15.6
2023,4,20304,OO,12892,11292,LAX,DEN,51,0,0,0,51,0,3,2,-198.0,0.0,0.0,0.058823529411764705,0.0392156862745098,-3.8823529411764706
2023,4,20304,OO,12892,12266,LAX,IAH,29,0,1,0,28,0,3,1,113.0,0.0,0.034482758620689655,0.10714285714285714,0.03571428571428571,4.035714285714286
2023,4,20304,OO,12892,12889,LAX,LAS,37,0,0,0,37,0,5,1,88.0,0.0,0.0,0.13513513513513514,0.02702702702702703,2.3783783783783785
2023,4,20304,OO,12892,13796,LAX,OAK,85,0,0,0,85,0,9,3,-143.0,0.0,0.0,0.10588235294117647,0.03529411764705882,-1.6823529411764706
2023,4,20304,OO,12892,14107,LAX,PHX,175,0,0,0,175,0,8,2,-879.0,0.0,0.0,0.045714285714285714,0.011428571428571429,-5.022857142857143
2023,4,20304,OO,12892,14679,LAX,SAN,150,0,0,0,150,0,13,2,-529.0,0.0,0.0,0.08666666666666667,0.013333333333333334,-3.526666666666667
2023,4,20304,OO,12892,14747,LAX,SEA,88,0,0,0,88,0,7,0,-721.0,0.0,0.0,0.07954545454545454,0.0,-8.193181818181818
2023,4,20304,OO,12892,14771,LAX,SFO,340,0,0,0,340,0,81,16,2184.0,0.0,0.0,0.23823529411764705,0.047058823529411764,6.423529411764706
2023,4,20304,OO,12892,14869,LAX,SLC,33,0,0,0,33,0,2,2,4.0,0.0,0.0,0.06060606060606061,0.06060606060606061,0.12121212121212122
2023,4,20304,OO,12953,13930,LGA,ORD,38,0,0,0,38,0,12,7,1895.0,0.0,0.0,0.3157894736842105,0.18421052631578946,49.86842105263158
2023,4,20304,OO,13232,11433,MDW,DTW,60,0,0,0,60,0,5,4,-67.0,0.0,0.0,0.08333333333333333,0.06666666666666667,-1.1166666666666667
2023,4,20304,OO,13232,13487,MDW,MSP,60,0,0,0,60,0,6,4,-290.0,0.0,0.0,0.1,0.06666666666666667,-4.833333333333333
2023,4,20304,OO,13487,12266,MSP,IAH,5,0,0,0,5,0,2,0,30.0,0.0,0.0,0.4,0.0,6.0
2023,4,20304,OO,13487,13232,MSP,MDW,60,0,2,0,58,0,6,1,-373.0,0.0,0.03333333333333333,0.10344827586206896,0.017241379310344827,-6.431034482758621
2023,4,20304,OO,13487,13930,MSP,ORD,5,0,0,0,5,0,2,1,79.0,0.0,0.0,0.4,0.2,15.8
2023,4,20304,OO,13796,12892,OAK,LAX,85,0,0,0,85,0,6,2,-551.0,0.0,0.0,0.07058823529411765,0.023529411764705882,-6.482352941176471
2023,4,20304,OO,13796,14747,OAK,SEA,17,0,0,0,17,0,0,0,-5.0,0.0,0.0,0.0,0.0,-0.29411764705882354
2023,4,20304,OO,13796,14869,OAK,SLC,30,0,0,0,30,0,1,0,-267.0,0.0,0.0,0.03333333333333333,0.0,-8.9
2023,4,20304,OO,13930,10721,ORD,BOS,60,0,0,0,60,0,19,9,941.0,0.0,0.0,0.31666666666666665,0.15,15.683333333333334
2023,4,20304,OO,13930,10821,ORD,BWI,1,0,0,0,1,0,0,0,-22.0,0.0,0.0,0.0,0.0,-22.0
2023,4,20304,OO,13930,11278,ORD,DCA,89,1,0,0,88,0,17,5,97.0,0.011235955056179775,0.0,0.19318181818181818,0.056818181818181816,1.1022727272727273
2023,4,20304,OO,13930,11433,ORD,DTW,142,2,0,0,140,0,25,12,1283.0,0.014084507042253521,0.0,0.17857142857142858,0.08571428571428572,9.164285714285715
2023,4,20304,OO,13930,12478,ORD,JFK,120,4,0,0,116,0,31,15,2886.0,0.03333333333333333,0.0,0.2672413793103448,0.12931034482758622,24.879310344827587
2023,4,20304,OO,13930,12953,ORD,LGA,38,1,0,0,37,0,8,4,452.0,0.02631578947368421,0.0,0.21621621621621623,0.10810810810810811,12.216216216216216
2023,4,20304,OO,13930,13487,ORD,MSP,5,0,0,0,5,0,3,0,69.0,0.0,0.0,0.6,0.0,13.8
2023,4,20304,OO,13930,14869,ORD,SLC,82,0,0,0,82,0,17,8,667.0,0.0,0.0,0.2073170731707317,0.0975609756097561,8.134146341463415
2023,4,20304,OO,13930,15016,ORD,STL,60,0,0,0,60,0,5,3,2.0,0.0,0.0,0.08333333333333333,0.05,0.03333333333333333
2023,4,20304,OO,14107,11292,PHX,DEN,30,0,1,0,29,0,3,0,-14.0,0.0,0.03333333333333333,0.10344827586206896,0.0,-0.4827586206896552
2023,4,20304,OO,14107,12892,PHX,LAX,175,0,0,0,175,0,4,1,-1336.0,0.0,0.0,0.022857142857142857,0.005714285714285714,-7.634285714285714
2023,4,20304,OO,14107,14771,PHX,SFO,68,0,0,0,68,0,11,2,584.0,0.0,0.0,0.16176470588235295,0.029411764705882353,8.588235294117647
2023,4,20304,OO,14107,14869,PHX,SLC,39,0,0,0,39,0,4,0,-100.0,0.0,0.0,0.10256410256410256,0.0,-2.5641025641025643
2023,4,20304,OO,14679,12892,SAN,LAX,150,0,0,0,150,0,11,2,-860.0,0.0,0.0,0.07333333333333333,0.013333333333333334,-5.733333333333333
2023,4,20304,OO,14679,14747,SAN,SEA,9,0,0,0,9,0,3,0,117.0,0.0,0.0,0.3333333333333333,0.0,13.0
2023,4,20304,OO,14679,14771,SAN,SFO,244,0,0,0,244,0,46,7,1296.0,0.0,0.0,0.1885245901639344,0.028688524590163935,5.311475409836065
2023,4,20304,OO,14679,14869,SAN,SLC,22,0,0,0,22,0,6,3,380.0,0.0,0.0,0.2727272727272727,0.13636363636363635,17.272727272727273
2023,4,20304,OO,14747,12892,SEA,LAX,89,0,0,0,89,0,7,0,-553.0,0.0,0.0,0.07865168539325842,0.0,-6.213483146067416
2023,4,20304,OO,14747,13796,SEA,OAK,17,0,0,0,17,0,3,0,67.0,0.0,0.0,0.17647058823529413,0.0,3.9411764705882355
2023,4,20304,OO,14747,14679,SEA,SAN,9,0,0,0,9,0,1,0,-3.0,0.0,0.0,0.1111111111111111,0.0,-0.3333333333333333
2023,4,20304,OO,14747,14771,SEA,SFO,118,0,0,0,118,0,7,2,-968.0,0.0,0.0,0.059322033898305086,0.01694915254237288,-8.203389830508474
2023,4,20304,OO,14747,14869,SEA,SLC,23,0,0,0,23,0,2,0,-105.0,0.0,0.0,0.08695652173913043,0.0,-4.565217391304348
2023,4,20304,OO,14771,12889,SFO,LAS,10,0,0,0,10,0,2,1,88.0,0.0,0.0,0.2,0.1,8.8
2023,4,20304,OO,14771,12892,SFO,LAX,339,0,0,0,339,0,64,9,1861.0,0.0,0.0,0.1887905604719764,0.02654867256637168,5.489675516224189
2023,4,20304,OO,14771,14107,SFO,PHX,68,0,0,0,68,0,17,0,466.0,0.0,0.0,0.25,0.0,6.852941176470588
2023,4,20304,OO,14771,14679,SFO,SAN,244,1,0,0,243,0,49,9,1327.0,0.004098360655737705,0.0,0.20164609053497942,0.037037037037037035,5.460905349794238
2023,4,20304,OO,14771,14747,SFO,SEA,118,0,0,0,118,0,7,0,-1385.0,0.0,0.0,0.059322033898305086,0.0,-11.73728813559322
2023,4,20304,OO,14771,14869,SFO,SLC,144,0,0,0,144,0,23,7,-9.0,0.0,0.0,0.1597222222222222,0.04861111111111111,-0.0625
2023,4,20304,OO,14869,11292,SLC,DEN,149,0,2,0,147,0,25,9,211.0,0.0,0.013422818791946308,0.17006802721088435,0.061224489795918366,1.435374149659864
2023,4,20304,OO,14869,12266,SLC,IAH,90,0,1,0,89,0,18,8,323.0,0.0,0.011111111111111112,0.20224719101123595,0.0898876404494382,3.6292134831460676
2023,4,20304,OO,14869,12892,SLC,LAX,33,0,0,0,33,0,8,1,32.0,0.0,0.0,0.24242424242424243,0.030303030303030304,0.9696969696969697
2023,4,20304,OO,14869,13796,SLC,OAK,30,0,0,0,30,0,2,0,-146.0,0.0,0.0,0.06666666666666667,0.0,-4.866666666666666
2023,4,20304,OO,14869,13930,SLC,ORD,82,1,1,0,80,0,13,5,541.0,0.012195121951219513,0.012195121951219513,0.1625,0.0625,6.7625
2023,4,20304,OO,14869,14107,SLC,PHX,39,0,0,0,39,0,8,1,16.0,0.0,0.0,0.20512820512820512,0.02564102564102564,0.41025641025641024
2023,4,20304,OO,14869,14679,SLC,SAN,22,0,0,0,22,0,5,3,247.0,0.0,0.0,0.22727272727272727,0.13636363636363635,11.227272727272727
2023,4,20304,OO,14869,14747,SLC,SEA,23,0,0,0,23,0,3,0,7.0,0.0,0.0,0.13043478260869565,0.0,0.30434782608695654
2023,4,20304,OO,14869,14771,SLC,SFO,144,0,0,0,144,0,38,12,1522.0,0.0,0.0,0.2638888888888889,0.08333333333333333,10.569444444444445
2023,4,20304,OO,14869,15016,SLC,STL,18,0,0,0,18,0,6,0,182.0,0.0,0.0,0.3333333333333333,0.0,10.11111111111111
2023,4,20304,OO,15016,11292,STL,DEN,118,2,0,0,116,0,12,7,458.0,0.01694915254237288,0.0,0.10344827586206896,0.0603448275862069,3.9482758620689653
2023,4,20304,OO,15016,11433,STL,DTW,18,0,0,0,18,0,2,0,-99.0,0.0,0.0,0.1111111111111111,0.0,-5.5
2023,4,20304,OO,15016,13930,STL,ORD,60,1,0,0,59,0,9,5,169.0,0.016666666666666666,0.0,0.15254237288135594,0.0847457627118644,2.864406779661017
2023,4,20304,OO,15016,14869,STL,SLC,18,0,0,0,18,0,2,0,-246.0,0.0,0.0,0.1111111111111111,0.0,-13.666666666666666
2023,4,20363,9E,10397,12266,ATL,IAH,1,0,0,0,1,0,0,0,-4.0,0.0,0.0,0.0,0.0,-4.0
2023,4,20363,9E,10821,12478,BWI,JFK,88,4,0,0,84,0,15,8,1106.0,0.045454545454545456,0.0,0.17857142857142858,0.09523809523809523,13.166666666666666
2023,4,20363,9E,11278,13487,DCA,MSP,2,0,0,0,2,0,1,1,151.0,0.0,0.0,0.5,0.5,75.5
2023,4,20363,9E,11433,11618,DTW,EWR,2,0,0,0,2,0,0,0,-52.0,0.0,0.0,0.0,0.0,-26.0
2023,4,20363,9E,11433,12478,DTW,JFK,90,0,0,0,90,0,21,5,1167.0,0.0,0.0,0.23333333333333334,0.05555555555555555,12.966666666666667
2023,4,20363,9E,11433,13232,DTW,MDW,25,0,0,0,25,0,8,5,594.0,0.0,0.0,0.32,0.2,23.76
2023,4,20363,9E,11618,11433,EWR,DTW,2,0,0,0,2,0,0,0,-42.0,0.0,0.0,0.0,0.0,-21.0
2023,4,20363,9E,12266,10397,IAH,ATL,1,0,0,0,1,0,0,0,-14.0,0.0,0.0,0.0,0.0,-14.0
2023,4,20363,9E,12478,10821,JFK,BWI,88,4,0,0,84,0,13,5,731.0,0.045454545454545456,0.0,0.15476190476190477,0.05952380952380952,8.702380952380953
2023,4,20363,9E,12478,11433,JFK,DTW,90,0,0,0,90,0,18,8,721.0,0.0,0.0,0.2,0.08888888888888889,8.011111111111111
2023,4,20363,9E,12478,13487,JFK,MSP,30,0,1,0,29,0,9,5,302.0,0.0,0.03333333333333333,0.3103448275862069,0.1724137931034483,10.413793103448276
2023,4,20363,9E,12953,15016,LGA,STL,39,0,0,0,39,0,10,3,106.0,0.0,0.0,0.2564102564102564,0.07692307692307693,2.717948717948718
2023,4,20363,9E,13232,11433,MDW,DTW,25,0,0,0,25,0,6,4,255.0,0.0,0.0,0.24,0.16,10.2
2023,4,20363,9E,13232,13487,MDW,MSP,27,0,0,0,27,0,6,2,690.0,0.0,0.0,0.2222222222222222,0.07407407407407407,25.555555555555557
2023,4,20363,9E,13487,11278,MSP,DCA,2,0,0,0,2,0,1,1,144.0,0.0,0.0,0.5,0.5,72.0
2023,4,20363,9E,13487,12478,MSP,JFK,30,0,0,0,30,0,3,1,-224.0,0.0,0.0,0.1,0.03333333333333333,-7.466666666666667
2023,4,20363,9E,13487,13232,MSP,MDW,27,0,0,0,27,0,11,4,759.0,0.0,0.0,0.4074074074074074,0.14814814814814814,28.11111111111111
2023,4,20363,9E,15016,12953,STL,LGA,39,0,0,0,39,0,6,1,-78.0,0.0,0.0,0.15384615384615385,0.02564102564102564,-2.0
2023,4,20368,G4,12889,14679,LAS,SAN,9,1,0,0,8,0,1,0,58.0,0.1111111111111111,0.0,0.125,0.0,7.25
2023,4,20368,G4,14679,12889,SAN,LAS,9,1,0,0,8,0,3,0,150.0,0.1111111111111111,0.0,0.375,0.0,18.75
2023,4,20397,OH,10397,14100,ATL,PHL,32,0,0,0,32,0,7,2,139.0,0.0,0.0,0.21875,0.0625,4.34375
2023,4,20397,OH,11278,11433,DCA,DTW,83,1,0,0,82,0,7,2,-465.0,0.012048192771084338,0.0,0.08536585365853659,0.024390243902439025,-5.670731707317073
2023,4,20397,OH,11278,13487,DCA,MSP,7,1,0,0,6,0,0,0,-35.0,0.14285714285714285,0.0,0.0,0.0,-5.833333333333333
2023,4,20397,OH,11278,14100,DCA,PHL,82,1,0,0,81,0,19,4,409.0,0.012195121951219513,0.0,0.2345679012345679,0.04938271604938271,5.049382716049383
2023,4,20397,OH,11278,15016,DCA,STL,4,1,0,0,3,0,1,0,3.0,0.25,0.0,0.3333333333333333,0.0,1.0
2023,4,20397,OH,11433,11278,DTW,DCA,83,1,1,0,81,0,7,2,-579.0,0.012048192771084338,0.012048192771084338,0.08641975308641975,0.024691358024691357,-7.148148148148148
2023,4,20397,OH,11433,14100,DTW,PHL,29,0,0,0,29,0,4,0,-47.0,0.0,0.0,0.13793103448275862,0.0,-1.6206896551724137
2023,4,20397,OH,13487,11278,MSP,DCA,7,1,0,0,6,0,0,0,-81.0,0.14285714285714285,0.0,0.0,0.0,-13.5
2023,4,20397,OH,14100,10397,PHL,ATL,33,0,0,0,33,0,13,3,679.0,0.0,0.0,0.3939393939393939,0.09090909090909091,20.575757575757574
2023,4,20397,OH,14100,11278,PHL,DCA,81,0,0,0,81,0,18,7,886.0,0.0,0.0,0.2222222222222222,0.08641975308641975,10.938271604938272
2023,4,20397,OH,14100,11433,PHL,DTW,29,0,0,0,29,0,3,1,-88.0,0.0,0.0,0.10344827586206896,0.034482758620689655,-3.0344827586206895
2023,4,20397,OH,14100,14635,PHL,RSW,10,0,0,0,10,0,4,2,502.0,0.0,0.0,0.4,0.2,50.2
2023,4,20397,OH,14100,15016,PHL,STL,27,0,0,0,27,0,3,1,-101.0,0.0,0.0,0.1111111111111111,0.037037037037037035,-3.740740740740741
2023,4,20397,OH,14635,14100,RSW,PHL,10,0,0,0,10,0,2,2,339.0,0.0,0.0,0.2,0.2,33.9
2023,4,20397,OH,15016,11278,STL,DCA,4,1,0,0,3,0,1,0,-33.0,0.25,0.0,0.3333333333333333,0.0,-11.0
2023,4,20397,OH,15016,14100,STL,PHL,27,0,0,0,27,0,3,1,-115.0,0.0,0.0,0.1111111111111111,0.037037037037037035,-4.2592592592592595
2023,4,20398,MQ,10397,13930,ATL,ORD,3,0,0,0,3,0,0,0,-12.0,0.0,0.0,0.0,0.0,-4.0
2023,4,20398,MQ,10721,13930,BOS,ORD,55,1,0,0,54,0,12,6,516.0,0.01818181818181818,0.0,0.2222222222222222,0.1111111111111111,9.555555555555555
2023,4,20398,MQ,10821,13930,BWI,ORD,25,1,0,0,24,0,5,2,178.0,0.04,0.0,0.20833333333333334,0.08333333333333333,7.416666666666667
2023,4,20398,MQ,11278,13487,DCA,MSP,46,0,0,0,46,0,9,2,111.0,0.0,0.0,0.1956521739130435,0.043478260869565216,2.4130434782608696
2023,4,20398,MQ,11298,12266,DFW,IAH,4,0,0,0,4,0,0,0,-19.0,0.0,0.0,0.0,0.0,-4.75
2023,4,20398,MQ,11433,13930,DTW,ORD,28,1,0,0,27,0,4,0,-66.0,0.03571428571428571,0.0,0.14814814814814814,0.0,-2.4444444444444446
2023,4,20398,MQ,11618,13930,EWR,ORD,4,1,0,0,3,0,0,0,2.0,0.25,0.0,0.0,0.0,0.6666666666666666
2023,4,20398,MQ,12266,11298,IAH,DFW,4,0,0,0,4,0,0,0,-66.0,0.0,0.0,0.0,0.0,-16.5
2023,4,20398,MQ,12266,13303,IAH,MIA,4,0,0,0,4,0,1,0,-20.0,0.0,0.0,0.25,0.0,-5.0
2023,4,20398,MQ,13303,12266,MIA,IAH,4,0,0,0,4,0,1,0,17.0,0.0,0.0,0.25,0.0,4.25
2023,4,20398,MQ,13303,15016,MIA,STL,30,0,0,0,30,0,10,5,597.0,0.0,0.0,0.3333333333333333,0.16666666666666666,19.9
2023,4,20398,MQ,13303,15304,MIA,TPA,33,0,0,0,33,0,2,1,-262.0,0.0,0.0,0.06060606060606061,0.030303030303030304,-7.9393939393939394
2023,4,20398,MQ,13487,11278,MSP,DCA,46,1,0,0,45,0,8,3,253.0,0.021739130434782608,0.0,0.17777777777777778,0.06666666666666667,5.622222222222222
2023,4,20398,MQ,13487,13930,MSP,ORD,12,0,0,0,12,0,4,1,115.0,0.0,0.0,0.3333333333333333,0.08333333333333333,9.583333333333334
2023,4,20398,MQ,13930,10397,ORD,ATL,3,0,0,0,3,0,0,0,7.0,0.0,0.0,0.0,0.0,2.3333333333333335
2023,4,20398,MQ,13930,10721,ORD,BOS,55,1,0,0,54,0,10,3,345.0,0.01818181818181818,0.0,0.18518518518518517,0.05555555555555555,6.388888888888889
2023,4,20398,MQ,13930,10821,ORD,BWI,25,1,0,0,24,0,6,2,305.0,0.04,0.0,0.25,0.08333333333333333,12.708333333333334
2023,4,20398,MQ,13930,11433,ORD,DTW,28,1,0,0,27,0,3,0,-97.0,0.03571428571428571,0.0,0.1111111111111111,0.0,-3.5925925925925926
2023,4,20398,MQ,13930,11618,ORD,EWR,4,1,0,0,3,0,0,0,-52.0,0.25,0.0,0.0,0.0,-17.333333333333332
2023,4,20398,MQ,13930,13487,ORD,MSP,12,0,0,0,12,0,2,0,-41.0,0.0,0.0,0.16666666666666666,0.0,-3.4166666666666665
2023,4,20398,MQ,13930,15016,ORD,STL,7,0,0,0,7,0,2,0,45.0,0.0,0.0,0.2857142857142857,0.0,6.428571428571429
2023,4,20398,MQ,15016,13303,STL,MIA,30,0,0,0,30,0,14,6,942.0,0.0,0.0,0.4666666666666667,0.2,31.4
2023,4,20398,MQ,15016,13930,STL,ORD,7,0,0,0,7,0,1,0,28.0,0.0,0.0,0.14285714285714285,0.0,4.0
2023,4,20398,MQ,15304,13303,TPA,MIA,33,0,0,0,33,0,8,4,952.0,0.0,0.0,0.24242424242424243,0.12121212121212122,28.848484848484848
2023,4,20409,B6,10397,10721,ATL,BOS,90,1,0,0,89,0,20,9,2260.0,0.011111111111111112,0.0,0.2247191011235955,0.10112359550561797,25.39325842696629
2023,4,20409,B6,10397,11697,ATL,FLL,30,3,0,0,27,0,6,2,279.0,0.1,0.0,0.2222222222222222,0.07407407407407407,10.333333333333334
2023,4,20409,B6,10397,12478,ATL,JFK,145,2,0,0,143,0,72,35,5612.0,0.013793103448275862,0.0,0.5034965034965035,0.24475524475524477,39.24475524475525
2023,4,20409,B6,10721,10397,BOS,ATL,90,1,0,0,89,0,32,16,2113.0,0.011111111111111112,0.0,0.3595505617977528,0.1797752808988764,23.741573033707866
2023,4,20409,B6,10721,10821,BOS,BWI,80,0,0,0,80,0,21,8,1088.0,0.0,0.0,0.2625,0.1,13.6
2023,4,20409,B6,10721,11278,BOS,DCA,420,1,2,0,417,0,60,17,-1121.0,0.002380952380952381,0.004761904761904762,0.14388489208633093,0.0407673860911271,-2.6882494004796165
2023,4,20409,B6,10721,11292,BOS,DEN,30,0,0,0,30,0,8,1,-93.0,0.0,0.0,0.26666666666666666,0.03333333333333333,-3.1
2023,4,20409,B6,10721,11298,BOS,DFW,30,0,1,0,29,0,6,3,57.0,0.0,0.03333333333333333,0.20689655172413793,0.10344827586206896,1.9655172413793103
2023,4,20409,B6,10721,11433,BOS,DTW,85,0,0,0,85,0,23,10,989.0,0.0,0.0,0.27058823529411763,0.11764705882352941,11.635294117647058
2023,4,20409,B6,10721,11618,BOS,EWR,45,1,0,0,44,0,1,0,-764.0,0.022222222222222223,0.0,0.022727272727272728,0.0,-17.363636363636363
2023,4,20409,B6,10721,11697,BOS,FLL,153,12,0,0,141,0,58,34,4306.0,0.0784313725490196,0.0,0.41134751773049644,0.24113475177304963,30.53900709219858
2023,4,20409,B6,10721,12266,BOS,IAH,30,0,1,0,29,0,3,0,-126.0,0.0,0.03333333333333333,0.10344827586206896,0.0,-4.344827586206897
2023,4,20409,B6,10721,12478,BOS,JFK,291,7,0,0,284,0,51,22,1671.0,0.024054982817869417,0.0,0.1795774647887324,0.07746478873239436,5.883802816901408
2023,4,20409,B6,10721,12889,BOS,LAS,78,1,0,0,77,0,24,8,320.0,0.01282051282051282,0.0,0.3116883116883117,0.1038961038961039,4.1558441558441555
2023,4,20409,B6,10721,12892,BOS,LAX,111,0,0,0,111,0,22,7,-847.0,0.0,0.0,0.1981981981981982,0.06306306306306306,-7.63063063063063
2023,4,20409,B6,10721,12953,BOS,LGA,321,7,1,0,313,0,46,16,-1003.0,0.021806853582554516,0.003115264797507788,0.14696485623003194,0.051118210862619806,-3.2044728434504792
2023,4,20409,B6,10721,13204,BOS,MCO,219,6,1,0,212,0,80,28,4826.0,0.0273972602739726,0.0045662100456621,0.37735849056603776,0.1320754716981132,22.764150943396228
2023,4,20409,B6,10721,13303,BOS,MIA,30,0,1,0,29,0,6,2,279.0,0.0,0.03333333333333333,0.20689655172413793,0.06896551724137931,9.620689655172415
2023,4,20409,B6,10721,13487,BOS,MSP,30,0,0,0,30,0,10,3,272.0,0.0,0.0,0.3333333333333333,0.1,9.066666666666666
2023,4,20409,B6,10721,13930,BOS,ORD,30,0,0,0,30,0,11,5,678.0,0.0,0.0,0.36666666666666664,0.16666666666666666,22.6
2023,4,20409,B6,10721,14100,BOS,PHL,101,0,0,0,101,0,16,3,-297.0,0.0,0.0,0.15841584158415842,0.0297029702970297,-2.9405940594059405
2023,4,20409,B6,10721,14107,BOS,PHX,30,0,0,0,30,0,7,3,223.0,0.0,0.0,0.23333333333333334,0.1,7.433333333333334
2023,4,20409,B6,10721,14635,BOS,RSW,151,3,0,0,148,0,41,13,962.0,0.019867549668874173,0.0,0.27702702702702703,0.08783783783783784,6.5
2023,4,20409,B6,10721,14679,BOS,SAN,60,0,0,0,60,0,9,3,-997.0,0.0,0.0,0.15,0.05,-16.616666666666667
2023,4,20409,B6,10721,14747,BOS,SEA,30,0,0,0,30,0,1,0,-395.0,0.0,0.0,0.03333333333333333,0.0,-13.166666666666666
2023,4,20409,B6,10721,14771,BOS,SFO,106,0,0,0,106,0,22,9,-324.0,0.0,0.0,0.20754716981132076,0.08490566037735849,-3.056603773584906
2023,4,20409,B6,10721,14869,BOS,SLC,30,0,0,0,30,0,6,0,-22.0,0.0,0.0,0.2,0.0,-0.7333333333333333
2023,4,20409,B6,10721,15304,BOS,TPA,172,1,1,0,170,0,58,23,3635.0,0.005813953488372093,0.005813953488372093,0.3411764705882353,0.13529411764705881,21.38235294117647
2023,4,20409,B6,10821,10721,BWI,BOS,80,0,0,0,80,0,15,6,486.0,0.0,0.0,0.1875,0.075,6.075
2023,4,20409,B6,11278,10721,DCA,BOS,420,2,0,0,418,0,76,30,2860.0,0.004761904761904762,0.0,0.18181818181818182,0.07177033492822966,6.842105263157895
2023,4,20409,B6,11278,11697,DCA,FLL,120,9,1,0,110,0,60,23,5020.0,0.075,0.008333333333333333,0.5454545454545454,0.20909090909090908,45.63636363636363
2023,4,20409,B6,11278,13204,DCA,MCO,120,1,0,0,119,0,51,23,3334.0,0.008333333333333333,0.0,0.42857142857142855,0.19327731092436976,28.016806722689076
2023,4,20409,B6,11278,14635,DCA,RSW,30,0,0,0,30,0,6,3,100.0,0.0,0.0,0.2,0.1,3.3333333333333335
2023,4,20409,B6,11292,10721,DEN,BOS,30,0,0,0,30,0,8,4,399.0,0.0,0.0,0.26666666666666666,0.13333333333333333,13.3
2023,4,20409,B6,11292,12478,DEN,JFK,35,2,0,0,33,0,19,5,881.0,0.05714285714285714,0.0,0.5757575757575758,0.15151515151515152,26.696969696969695
2023,4,20409,B6,11292,12953,DEN,LGA,29,0,0,0,29,0,11,6,2169.0,0.0,0.0,0.3793103448275862,0.20689655172413793,74.79310344827586
2023,4,20409,B6,11298,10721,DFW,BOS,30,0,0,0,30,0,7,3,2205.0,0.0,0.0,0.23333333333333334,0.1,73.5
2023,4,20409,B6,11298,12478,DFW,JFK,1,0,0,0,1,0,0,0,-18.0,0.0,0.0,0.0,0.0,-18.0
2023,4,20409,B6,11433,10721,DTW,BOS,85,3,0,0,82,0,14,9,-72.0,0.03529411764705882,0.0,0.17073170731707318,0.10975609756097561,-0.8780487804878049
2023,4,20409,B6,11433,12478,DTW,JFK,90,3,0,0,87,0,32,20,2416.0,0.03333333333333333,0.0,0.367816091954023,0.22988505747126436,27.770114942528735
2023,4,20409,B6,11618,10721,EWR,BOS,45,1,0,0,44,0,3,0,-271.0,0.022222222222222223,0.0,0.06818181818181818,0.0,-6.159090909090909
2023,4,20409,B6,11618,11697,EWR,FLL,113,11,2,0,100,0,39,19,2691.0,0.09734513274336283,0.017699115044247787,0.39,0.19,26.91
2023,4,20409,B6,11618,12892,EWR,LAX,115,1,0,0,114,0,26,12,184.0,0.008695652173913044,0.0,0.22807017543859648,0.10526315789473684,1.6140350877192982
2023,4,20409,B6,11618,13204,EWR,MCO,138,9,0,0,129,0,41,20,2747.0,0.06521739130434782,0.0,0.3178294573643411,0.15503875968992248,21.294573643410853
2023,4,20409,B6,11618,13303,EWR,MIA,30,1,1,0,28,0,4,1,-84.0,0.03333333333333333,0.03333333333333333,0.14285714285714285,0.03571428571428571,-3.0
2023,4,20409,B6,11618,14635,EWR,RSW,30,2,0,0,28,0,9,4,426.0,0.06666666666666667,0.0,0.32142857142857145,0.14285714285714285,15.214285714285714
2023,4,20409,B6,11618,15304,EWR,TPA,30,2,0,0,28,0,17,9,1721.0,0.06666666666666667,0.0,0.6071428571428571,0.32142857142857145,61.464285714285715
2023,4,20409,B6,11697,10397,FLL,ATL,30,4,0,0,26,0,21,13,1893.0,0.13333333333333333,0.0,0.8076923076923077,0.5,72.8076923076923
2023,4,20409,B6,11697,10721,FLL,BOS,152,12,0,0,140,0,44,24,3284.0,0.07894736842105263,0.0,0.3142857142857143,0.17142857142857143,23.457142857142856
2023,4,20409,B6,11697,11278,FLL,DCA,120,10,0,0,110,0,39,21,2898.0,0.08333333333333333,0.0,0.35454545454545455,0.19090909090909092,26.345454545454544
2023,4,20409,B6,11697,11618,FLL,EWR,113,13,0,0,100,0,53,34,6273.0,0.11504424778761062,0.0,0.53,0.34,62.73
2023,4,20409,B6,11697,12478,FLL,JFK,269,33,1,0,235,0,95,52,9753.0,0.12267657992565056,0.0037174721189591076,0.40425531914893614,0.22127659574468084,41.50212765957447
2023,4,20409,B6,11697,12889,FLL,LAS,30,3,0,0,27,0,15,9,1104.0,0.1,0.0,0.5555555555555556,0.3333333333333333,40.888888888888886
2023,4,20409,B6,11697,12892,FLL,LAX,89,5,0,0,84,0,45,22,3419.0,0.056179775280898875,0.0,0.5357142857142857,0.2619047619047619,40.70238095238095
2023,4,20409,B6,11697,12953,FLL,LGA,173,19,1,0,153,0,59,23,3337.0,0.10982658959537572,0.005780346820809248,0.38562091503267976,0.1503267973856209,21.81045751633987
2023,4,20409,B6,11697,14679,FLL,SAN,30,2,0,0,28,0,12,7,875.0,0.06666666666666667,0.0,0.42857142857142855,0.25,31.25
2023,4,20409,B6,11697,14771,FLL,SFO,59,3,0,0,56,0,16,11,749.0,0.05084745762711865,0.0,0.2857142857142857,0.19642857142857142,13.375
2023,4,20409,B6,11697,14869,FLL,SLC,22,2,1,0,19,0,10,5,432.0,0.09090909090909091,0.045454545454545456,0.5263157894736842,0.2631578947368421,22.736842105263158
2023,4,20409,B6,12266,10721,IAH,BOS,30,0,0,0,30,0,9,1,386.0,0.0,0.0,0.3,0.03333333333333333,12.866666666666667
2023,4,20409,B6,12266,12478,IAH,JFK,33,1,0,0,32,0,14,6,1035.0,0.030303030303030304,0.0,0.4375,0.1875,32.34375
2023,4,20409,B6,12478,10397,JFK,ATL,145,2,0,0,143,0,67,33,3896.0,0.013793103448275862,0.0,0.46853146853146854,0.23076923076923078,27.244755244755243
2023,4,20409,B6,12478,10721,JFK,BOS,292,10,0,0,282,0,81,40,4776.0,0.03424657534246575,0.0,0.2872340425531915,0.14184397163120568,16.93617021276596
2023,4,20409,B6,12478,11292,JFK,DEN,35,2,0,0,33,0,13,7,525.0,0.05714285714285714,0.0,0.3939393939393939,0.21212121212121213,15.909090909090908
2023,4,20409,B6,12478,11433,JFK,DTW,90,2,1,0,87,0,36,22,2404.0,0.022222222222222223,0.011111111111111112,0.41379310344827586,0.25287356321839083,27.632183908045977
2023,4,20409,B6,12478,11697,JFK,FLL,270,27,4,0,239,0,103,56,8966.0,0.1,0.014814814814814815,0.4309623430962343,0.23430962343096234,37.51464435146443
2023,4,20409,B6,12478,12266,JFK,IAH,33,0,0,0,33,0,16,5,671.0,0.0,0.0,0.48484848484848486,0.15151515151515152,20.333333333333332
2023,4,20409,B6,12478,12889,JFK,LAS,120,1,0,0,119,0,48,27,3370.0,0.008333333333333333,0.0,0.40336134453781514,0.226890756302521,28.319327731092436
2023,4,20409,B6,12478,12892,JFK,LAX,285,0,0,0,285,0,70,40,430.0,0.0,0.0,0.24561403508771928,0.14035087719298245,1.5087719298245614
2023,4,20409,B6,12478,13204,JFK,MCO,271,8,2,0,261,0,151,79,13860.0,0.02952029520295203,0.007380073800738007,0.578544061302682,0.30268199233716475,53.10344827586207
2023,4,20409,B6,12478,13303,JFK,MIA,150,10,1,0,139,0,70,43,6583.0,0.06666666666666667,0.006666666666666667,0.5035971223021583,0.30935251798561153,47.35971223021583
2023,4,20409,B6,12478,13930,JFK,ORD,30,0,0,0,30,0,8,1,479.0,0.0,0.0,0.26666666666666666,0.03333333333333333,15.966666666666667
2023,4,20409,B6,12478,14107,JFK,PHX,59,3,0,0,56,0,22,6,656.0,0.05084745762711865,0.0,0.39285714285714285,0.10714285714285714,11.714285714285714
2023,4,20409,B6,12478,14635,JFK,RSW,60,3,0,0,57,0,22,11,1259.0,0.05,0.0,0.38596491228070173,0.19298245614035087,22.087719298245613
2023,4,20409,B6,12478,14679,JFK,SAN,85,1,0,0,84,0,17,7,-540.0,0.011764705882352941,0.0,0.20238095238095238,0.08333333333333333,-6.428571428571429
2023,4,20409,B6,12478,14747,JFK,SEA,32,0,0,0,32,0,6,4,-82.0,0.0,0.0,0.1875,0.125,-2.5625
2023,4,20409,B6,12478,14771,JFK,SFO,165,1,0,0,164,0,41,16,-762.0,0.006060606060606061,0.0,0.25,0.0975609756097561,-4.646341463414634
2023,4,20409,B6,12478,14869,JFK,SLC,60,2,1,0,57,0,14,6,249.0,0.03333333333333333,0.016666666666666666,0.24561403508771928,0.10526315789473684,4.368421052631579
2023,4,20409,B6,12478,15304,JFK,TPA,134,5,1,0,128,0,47,18,3729.0,0.03731343283582089,0.007462686567164179,0.3671875,0.140625,29.1328125
2023,4,20409,B6,12889,10721,LAS,BOS,78,1,0,0,77,0,26,13,1503.0,0.01282051282051282,0.0,0.33766233766233766,0.16883116883116883,19.51948051948052
2023,4,20409,B6,12889,11697,LAS,FLL,30,3,0,0,27,0,17,11,1266.0,0.1,0.0,0.6296296296296297,0.4074074074074074,46.888888888888886
2023,4,20409,B6,12889,12478,LAS,JFK,120,2,0,0,118,0,60,31,7591.0,0.016666666666666666,0.0,0.5084745762711864,0.2627118644067797,64.33050847457628
2023,4,20409,B6,12889,12892,LAS,LAX,60,3,0,0,57,0,18,5,1252.0,0.05,0.0,0.3157894736842105,0.08771929824561403,21.964912280701753
2023,4,20409,B6,12892,10721,LAX,BOS,111,0,0,0,111,0,41,14,1590.0,0.0,0.0,0.36936936936936937,0.12612612612612611,14.324324324324325
2023,4,20409,B6,12892,11618,LAX,EWR,115,1,0,0,114,0,39,16,1650.0,0.008695652173913044,0.0,0.34210526315789475,0.14035087719298245,14.473684210526315
2023,4,20409,B6,12892,11697,LAX,FLL,90,3,4,0,83,0,29,15,1839.0,0.03333333333333333,0.044444444444444446,0.3493975903614458,0.18072289156626506,22.156626506024097
2023,4,20409,B6,12892,12478,LAX,JFK,285,0,0,0,285,0,93,42,4746.0,0.0,0.0,0.3263157894736842,0.14736842105263157,16.652631578947368
2023,4,20409,B6,12892,12889,LAX,LAS,60,3,0,0,57,0,17,5,1054.0,0.05,0.0,0.2982456140350877,0.08771929824561403,18.49122807017544
2023,4,20409,B6,12892,13204,LAX,MCO,22,0,0,0,22,0,7,2,287.0,0.0,0.0,0.3181818181818182,0.09090909090909091,13.045454545454545
2023,4,20409,B6,12892,13303,LAX,MIA,60,0,0,0,60,0,17,5,447.0,0.0,0.0,0.2833333333333333,0.08333333333333333,7.45
2023,4,20409,B6,12892,14771,LAX,SFO,60,1,0,0,59,0,17,5,734.0,0.016666666666666666,0.0,0.288135593220339,0.0847457627118644,12.440677966101696
2023,4,20409,B6,12892,14869,LAX,SLC,52,1,0,0,51,0,22,11,2268.0,0.019230769230769232,0.0,0.43137254901960786,0.21568627450980393,44.470588235294116
2023,4,20409,B6,12953,10721,LGA,BOS,321,11,0,0,310,0,40,14,-1557.0,0.03426791277258567,0.0,0.12903225806451613,0.04516129032258064,-5.02258064516129
2023,4,20409,B6,12953,11292,LGA,DEN,29,0,1,0,28,0,10,6,644.0,0.0,0.034482758620689655,0.35714285714285715,0.21428571428571427,23.0
2023,4,20409,B6,12953,11697,LGA,FLL,173,17,1,0,155,0,63,36,4605.0,0.09826589595375723,0.005780346820809248,0.4064516129032258,0.23225806451612904,29.70967741935484
2023,4,20409,B6,12953,13204,LGA,MCO,201,3,1,0,197,0,59,30,4120.0,0.014925373134328358,0.004975124378109453,0.29949238578680204,0.15228426395939088,20.913705583756347
2023,4,20409,B6,12953,14635,LGA,RSW,57,2,1,0,54,0,8,5,197.0,0.03508771929824561,0.017543859649122806,0.14814814814814814,0.09259259259259259,3.6481481481481484
2023,4,20409,B6,12953,15304,LGA,TPA,85,2,0,0,83,0,21,13,1959.0,0.023529411764705882,0.0,0.25301204819277107,0.1566265060240964,23.602409638554217
2023,4,20409,B6,13204,10721,MCO,BOS,220,4,0,0,216,0,71,30,4061.0,0.01818181818181818,0.0,0.3287037037037037,0.1388888888888889,18.800925925925927
2023,4,20409,B6,13204,11278,MCO,DCA,120,0,1,0,119,0,43,19,2006.0,0.0,0.008333333333333333,0.36134453781512604,0.15966386554621848,16.857142857142858
2023,4,20409,B6,13204,11618,MCO,EWR,140,8,1,0,131,0,41,21,2296.0,0.05714285714285714,0.007142857142857143,0.31297709923664124,0.16030534351145037,17.52671755725191
2023,4,20409,B6,13204,12478,MCO,JFK,270,7,0,0,263,0,126,72,10555.0,0.025925925925925925,0.0,0.4790874524714829,0.2737642585551331,40.133079847908746
2023,4,20409,B6,13204,12892,MCO,LAX,22,0,0,0,22,0,9,3,403.0,0.0,0.0,0.4090909090909091,0.13636363636363635,18.318181818181817
2023,4,20409,B6,13204,12953,MCO,LGA,201,2,3,0,196,0,73,33,4203.0,0.009950248756218905,0.014925373134328358,0.37244897959183676,0.1683673469387755,21.443877551020407
2023,4,20409,B6,13204,14869,MCO,SLC,22,1,0,0,21,0,14,5,858.0,0.045454545454545456,0.0,0.6666666666666666,0.23809523809523808,40.857142857142854
2023,4,20409,B6,13303,10721,MIA,BOS,30,0,0,0,30,0,9,5,561.0,0.0,0.0,0.3,0.16666666666666666,18.7
2023,4,20409,B6,13303,11618,MIA,EWR,30,1,1,0,28,0,6,3,347.0,0.03333333333333333,0.03333333333333333,0.21428571428571427,0.10714285714285714,12.392857142857142
2023,4,20409,B6,13303,12478,MIA,JFK,150,8,0,0,142,0,73,47,7852.0,0.05333333333333334,0.0,0.5140845070422535,0.33098591549295775,55.29577464788732
2023,4,20409,B6,13303,12892,MIA,LAX,61,0,0,0,61,0,21,8,1262.0,0.0,0.0,0.3442622950819672,0.13114754098360656,20.688524590163933
2023,4,20409,B6,13303,14771,MIA,SFO,1,0,0,0,1,0,1,1,152.0,0.0,0.0,1.0,1.0,152.0
2023,4,20409,B6,13487,10721,MSP,BOS,30,0,0,0,30,0,10,2,185.0,0.0,0.0,0.3333333333333333,0.06666666666666667,6.166666666666667
2023,4,20409,B6,13930,10721,ORD,BOS,30,0,0,0,30,0,7,4,82.0,0.0,0.0,0.23333333333333334,0.13333333333333333,2.7333333333333334
2023,4,20409,B6,13930,12478,ORD,JFK,30,0,0,0,30,0,5,2,508.0,0.0,0.0,0.16666666666666666,0.06666666666666667,16.933333333333334
2023,4,20409,B6,14100,10721,PHL,BOS,101,0,0,0,101,0,11,6,-633.0,0.0,0.0,0.10891089108910891,0.0594059405940594,-6.267326732673268
2023,4,20409,B6,14107,10721,PHX,BOS,30,1,0,0,29,0,10,3,1196.0,0.03333333333333333,0.0,0.3448275862068966,0.10344827586206896,41.241379310344826
2023,4,20409,B6,14107,12478,PHX,JFK,59,5,0,0,54,0,24,11,1576.0,0.0847457627118644,0.0,0.4444444444444444,0.2037037037037037,29.185185185185187
2023,4,20409,B6,14635,10721,RSW,BOS,150,3,0,0,147,0,25,6,-408.0,0.02,0.0,0.17006802721088435,0.04081632653061224,-2.7755102040816326
2023,4,20409,B6,14635,11278,RSW,DCA,30,0,0,0,30,0,9,5,245.0,0.0,0.0,0.3,0.16666666666666666,8.166666666666666
2023,4,20409,B6,14635,11618,RSW,EWR,30,3,1,0,26,0,12,10,1357.0,0.1,0.03333333333333333,0.46153846153846156,0.38461538461538464,52.19230769230769
2023,4,20409,B6,14635,12478,RSW,JFK,60,3,0,0,57,0,27,15,2395.0,0.05,0.0,0.47368421052631576,0.2631578947368421,42.01754385964912
2023,4,20409,B6,14635,12953,RSW,LGA,57,2,3,0,52,0,11,3,68.0,0.03508771929824561,0.05263157894736842,0.21153846153846154,0.057692307692307696,1.3076923076923077
2023,4,20409,B6,14679,10721,SAN,BOS,60,0,1,0,59,0,17,4,138.0,0.0,0.016666666666666666,0.288135593220339,0.06779661016949153,2.3389830508474576
2023,4,20409,B6,14679,11697,SAN,FLL,30,2,1,0,27,0,15,8,2818.0,0.06666666666666667,0.03333333333333333,0.5555555555555556,0.2962962962962963,104.37037037037037
2023,4,20409,B6,14679,12478,SAN,JFK,85,1,0,0,84,0,33,12,2435.0,0.011764705882352941,0.0,0.39285714285714285,0.14285714285714285,28.988095238095237
2023,4,20409,B6,14747,10721,SEA,BOS,30,0,0,0,30,0,6,0,131.0,0.0,0.0,0.2,0.0,4.366666666666666
2023,4,20409,B6,14747,12478,SEA,JFK,32,0,0,0,32,0,14,4,708.0,0.0,0.0,0.4375,0.125,22.125
2023,4,20409,B6,14771,10721,SFO,BOS,106,0,0,0,106,0,18,6,-208.0,0.0,0.0,0.16981132075471697,0.05660377358490566,-1.9622641509433962
2023,4,20409,B6,14771,11697,SFO,FLL,60,2,3,0,55,0,6,4,-214.0,0.03333333333333333,0.05,0.10909090909090909,0.07272727272727272,-3.890909090909091
2023,4,20409,B6,14771,12478,SFO,JFK,165,1,1,0,163,0,30,11,1369.0,0.006060606060606061,0.006060606060606061,0.18404907975460122,0.06748466257668712,8.39877300613497
2023,4,20409,B6,14771,12892,SFO,LAX,60,1,0,0,59,0,19,5,498.0,0.016666666666666666,0.0,0.3220338983050847,0.0847457627118644,8.440677966101696
2023,4,20409,B6,14869,10721,SLC,BOS,30,0,0,0,30,0,8,3,369.0,0.0,0.0,0.26666666666666666,0.1,12.3
2023,4,20409,B6,14869,11697,SLC,FLL,22,2,0,0,20,0,11,5,1493.0,0.09090909090909091,0.0,0.55,0.25,74.65
2023,4,20409,B6,14869,12478,SLC,JFK,60,2,0,0,58,0,25,12,1813.0,0.03333333333333333,0.0,0.43103448275862066,0.20689655172413793,31.25862068965517
2023,4,20409,B6,14869,12892,SLC,LAX,52,2,0,0,50,0,26,12,2962.0,0.038461538461538464,0.0,0.52,0.24,59.24
2023,4,20409,B6,14869,13204,SLC,MCO,22,1,0,0,21,0,11,5,647.0,0.045454545454545456,0.0,0.5238095238095238,0.23809523809523808,30.80952380952381
2023,4,20409,B6,15304,10721,TPA,BOS,172,2,0,0,170,0,43,23,1334.0,0.011627906976744186,0.0,0.2529411764705882,0.13529411764705881,7.847058823529411
2023,4,20409,B6,15304,11618,TPA,EWR,30,1,0,0,29,0,0,0,-276.0,0.03333333333333333,0.0,0.0,0.0,-9.517241379310345
2023,4,20409,B6,15304,12478,TPA,JFK,134,4,2,0,128,0,44,20,4236.0,0.029850746268656716,0.014925373134328358,0.34375,0.15625,33.09375
2023,4,20409,B6,15304,12953,TPA,LGA,85,2,1,0,82,0,12,10,416.0,0.023529411764705882,0.011764705882352941,0.14634146341463414,0.12195121951219512,5.073170731707317
2023,4,20416,NK,10397,10721,ATL,BOS,30,1,0,0,29,0,6,3,397.0,0.03333333333333333,0.0,0.20689655172413793,0.10344827586206896,13.689655172413794
2023,4,20416,NK,10397,10821,ATL,BWI,82,3,1,0,78,0,34,15,2336.0,0.036585365853658534,0.012195121951219513,0.4358974358974359,0.19230769230769232,29.94871794871795
2023,4,20416,NK,10397,11298,ATL,DFW,60,0,0,0,60,0,34,8,1540.0,0.0,0.0,0.5666666666666667,0.13333333333333333,25.666666666666668
2023,4,20416,NK,10397,11433,ATL,DTW,118,1,0,0,117,0,30,13,2058.0,0.00847457627118644,0.0,0.2564102564102564,0.1111111111111111,17.58974358974359
2023,4,20416,NK,10397,11618,ATL,EWR,60,2,1,0,57,0,26,14,2693.0,0.03333333333333333,0.016666666666666666,0.45614035087719296,0.24561403508771928,47.24561403508772
2023,4,20416,NK,10397,11697,ATL,FLL,172,11,4,0,157,0,50,24,3229.0,0.06395348837209303,0.023255813953488372,0.3184713375796178,0.15286624203821655,20.56687898089172
2023,4,20416,NK,10397,12266,ATL,IAH,60,1,0,0,59,0,26,10,1360.0,0.016666666666666666,0.0,0.4406779661016949,0.1694915254237288,23.050847457627118
2023,4,20416,NK,10397,12889,ATL,LAS,60,4,0,0,56,0,28,10,1834.0,0.06666666666666667,0.0,0.5,0.17857142857142858,32.75
2023,4,20416,NK,10397,12892,ATL,LAX,60,0,0,0,60,0,24,6,1194.0,0.0,0.0,0.4,0.1,19.9
2023,4,20416,NK,10397,13204,ATL,MCO,94,1,0,0,93,0,43,14,3168.0,0.010638297872340425,0.0,0.46236559139784944,0.15053763440860216,34.064516129032256
2023,4,20416,NK,10397,13303,ATL,MIA,60,2,0,0,58,0,35,22,3227.0,0.03333333333333333,0.0,0.603448275862069,0.3793103448275862,55.63793103448276
2023,4,20416,NK,10397,13487,ATL,MSP,56,3,0,0,53,0,4,1,-248.0,0.05357142857142857,0.0,0.07547169811320754,0.018867924528301886,-4.679245283018868
2023,4,20416,NK,10397,13930,ATL,ORD,90,3,0,0,87,0,35,19,3135.0,0.03333333333333333,0.0,0.40229885057471265,0.21839080459770116,36.03448275862069
2023,4,20416,NK,10397,14100,ATL,PHL,60,1,0,0,59,0,26,11,2215.0,0.016666666666666666,0.0,0.4406779661016949,0.1864406779661017,37.54237288135593
2023,4,20416,NK,10397,15304,ATL,TPA,60,2,0,0,58,0,18,6,886.0,0.03333333333333333,0.0,0.3103448275862069,0.10344827586206896,15.275862068965518
2023,4,20416,NK,10721,10397,BOS,ATL,30,1,0,0,29,0,9,6,897.0,0.03333333333333333,0.0,0.3103448275862069,0.20689655172413793,30.93103448275862
2023,4,20416,NK,10721,11697,BOS,FLL,60,7,0,0,53,0,31,13,2397.0,0.11666666666666667,0.0,0.5849056603773585,0.24528301886792453,45.22641509433962
2023,4,20416,NK,10721,13204,BOS,MCO,116,3,1,0,112,0,77,38,7587.0,0.02586206896551724,0.008620689655172414,0.6875,0.3392857142857143,67.74107142857143
2023,4,20416,NK,10721,13303,BOS,MIA,56,1,0,0,55,0,37,15,2530.0,0.017857142857142856,0.0,0.6727272727272727,0.2727272727272727,46.0
2023,4,20416,NK,10721,14635,BOS,RSW,40,2,0,0,38,0,16,5,570.0,0.05,0.0,0.42105263157894735,0.13157894736842105,15.0
2023,4,20416,NK,10721,15304,BOS,TPA,82,2,0,0,80,0,44,22,3031.0,0.024390243902439025,0.0,0.55,0.275,37.8875
2023,4,20416,NK,10821,10397,BWI,ATL,82,3,0,0,79,0,29,10,2695.0,0.036585365853658534,0.0,0.3670886075949367,0.12658227848101267,34.11392405063291
2023,4,20416,NK,10821,11298,BWI,DFW,30,0,1,0,29,0,3,0,38.0,0.0,0.03333333333333333,0.10344827586206896,0.0,1.3103448275862069
2023,4,20416,NK,10821,11697,BWI,FLL,86,7,0,0,79,0,41,17,3447.0,0.08139534883720931,0.0,0.5189873417721519,0.21518987341772153,43.63291139240506
2023,4,20416,NK,10821,12266,BWI,IAH,30,0,0,0,30,0,5,3,533.0,0.0,0.0,0.16666666666666666,0.1,17.766666666666666
2023,4,20416,NK,10821,12889,BWI,LAS,55,0,0,0,55,0,14,7,664.0,0.0,0.0,0.2545454545454545,0.12727272727272726,12.072727272727272
2023,4,20416,NK,10821,12892,BWI,LAX,30,1,0,0,29,0,16,3,607.0,0.03333333333333333,0.0,0.5517241379310345,0.10344827586206896,20.93103448275862
2023,4,20416,NK,10821,13204,BWI,MCO,90,2,0,0,88,0,31,20,2254.0,0.022222222222222223,0.0,0.3522727272727273,0.22727272727272727,25.613636363636363
2023,4,20416,NK,10821,13303,BWI,MIA,30,0,1,0,29,0,19,10,1615.0,0.0,0.03333333333333333,0.6551724137931034,0.3448275862068966,55.689655172413794
2023,4,20416,NK,10821,15304,BWI,TPA,26,2,0,0,24,0,7,5,764.0,0.07692307692307693,0.0,0.2916666666666667,0.20833333333333334,31.833333333333332
2023,4,20416,NK,11292,11697,DEN,FLL,30,2,0,0,28,0,9,4,859.0,0.06666666666666667,0.0,0.32142857142857145,0.14285714285714285,30.678571428571427
2023,4,20416,NK,11292,12266,DEN,IAH,4,0,0,0,4,0,3,0,41.0,0.0,0.0,0.75,0.0,10.25
2023,4,20416,NK,11292,12889,DEN,LAS,86,5,0,0,81,0,39,17,2758.0,0.05813953488372093,0.0,0.48148148148148145,0.20987654320987653,34.04938271604938
2023,4,20416,NK,11292,12892,DEN,LAX,30,1,0,0,29,0,9,3,473.0,0.03333333333333333,0.0,0.3103448275862069,0.10344827586206896,16.310344827586206
2023,4,20416,NK,11292,13204,DEN,MCO,3,0,0,0,3,0,0,0,-58.0,0.0,0.0,0.0,0.0,-19.333333333333332
2023,4,20416,NK,11292,13303,DEN,MIA,30,0,0,0,30,0,7,2,424.0,0.0,0.0,0.23333333333333334,0.06666666666666667,14.133333333333333
2023,4,20416,NK,11298,10397,DFW,ATL,61,0,0,0,61,0,30,12,1487.0,0.0,0.0,0.4918032786885246,0.19672131147540983,24.37704918032787
2023,4,20416,NK,11298,10821,DFW,BWI,30,0,0,0,30,0,13,4,663.0,0.0,0.0,0.43333333333333335,0.13333333333333333,22.1
2023,4,20416,NK,11298,11433,DFW,DTW,30,1,0,0,29,0,7,1,-69.0,0.03333333333333333,0.0,0.2413793103448276,0.034482758620689655,-2.3793103448275863
2023,4,20416,NK,11298,11697,DFW,FLL,90,7,1,0,82,0,38,19,2580.0,0.07777777777777778,0.011111111111111112,0.4634146341463415,0.23170731707317074,31.463414634146343
2023,4,20416,NK,11298,12889,DFW,LAS,116,2,0,0,114,0,40,19,2645.0,0.017241379310344827,0.0,0.3508771929824561,0.16666666666666666,23.20175438596491
2023,4,20416,NK,11298,12892,DFW,LAX,90,1,0,0,89,0,19,7,719.0,0.011111111111111112,0.0,0.21348314606741572,0.07865168539325842,8.07865168539326
2023,4,20416,NK,11298,12953,DFW,LGA,29,0,0,0,29,0,7,2,219.0,0.0,0.0,0.2413793103448276,0.06896551724137931,7.551724137931035
2023,4,20416,NK,11298,13204,DFW,MCO,90,5,0,0,85,0,41,18,2942.0,0.05555555555555555,0.0,0.4823529411764706,0.21176470588235294,34.61176470588235
2023,4,20416,NK,11298,13303,DFW,MIA,30,1,0,0,29,0,13,4,682.0,0.03333333333333333,0.0,0.4482758620689655,0.13793103448275862,23.517241379310345
2023,4,20416,NK,11298,13930,DFW,ORD,60,1,0,0,59,0,14,7,347.0,0.016666666666666666,0.0,0.23728813559322035,0.11864406779661017,5.88135593220339
2023,4,20416,NK,11298,14100,DFW,PHL,30,1,0,0,29,0,3,1,-171.0,0.03333333333333333,0.0,0.10344827586206896,0.034482758620689655,-5.896551724137931
2023,4,20416,NK,11298,14107,DFW,PHX,34,1,0,0,33,0,15,9,1238.0,0.029411764705882353,0.0,0.45454545454545453,0.2727272727272727,37.515151515151516
2023,4,20416,NK,11298,15304,DFW,TPA,28,0,0,0,28,0,7,3,298.0,0.0,0.0,0.25,0.10714285714285714,10.642857142857142
2023,4,20416,NK,11433,10397,DTW,ATL,119,1,0,0,118,0,23,3,222.0,0.008403361344537815,0.0,0.19491525423728814,0.025423728813559324,1.88135593220339
2023,4,20416,NK,11433,11298,DTW,DFW,30,1,0,0,29,0,7,0,-139.0,0.03333333333333333,0.0,0.2413793103448276,0.0,-4.793103448275862
2023,4,20416,NK,11433,11697,DTW,FLL,70,5,0,0,65,0,17,7,699.0,0.07142857142857142,0.0,0.26153846153846155,0.1076923076923077,10.753846153846155
2023,4,20416,NK,11433,12266,DTW,IAH,30,0,0,0,30,0,4,0,-176.0,0.0,0.0,0.13333333333333333,0.0,-5.866666666666666
2023,4,20416,NK,11433,12889,DTW,LAS,86,0,0,0,86,0,17,5,-20.0,0.0,0.0,0.19767441860465115,0.05813953488372093,-0.23255813953488372
2023,4,20416,NK,11433,12892,DTW,LAX,60,0,0,0,60,0,8,1,-467.0,0.0,0.0,0.13333333333333333,0.016666666666666666,-7.783333333333333
2023,4,20416,NK,11433,12953,DTW,LGA,85,1,0,0,84,0,17,6,702.0,0.011764705882352941,0.0,0.20238095238095238,0.07142857142857142,8.357142857142858
2023,4,20416,NK,11433,13204,DTW,MCO,150,0,1,0,149,0,50,19,3688.0,0.0,0.006666666666666667,0.33557046979865773,0.12751677852348994,24.751677852348994
2023,4,20416,NK,11433,13303,DTW,MIA,34,0,0,0,34,0,8,6,728.0,0.0,0.0,0.23529411764705882,0.17647058823529413,21.41176470588235
2023,4,20416,NK,11433,13487,DTW,MSP,30,0,0,0,30,0,8,2,236.0,0.0,0.0,0.26666666666666666,0.06666666666666667,7.866666666666666
2023,4,20416,NK,11433,14100,DTW,PHL,30,0,0,0,30,0,3,0,-214.0,0.0,0.0,0.1,0.0,-7.133333333333334
2023,4,20416,NK,11433,14107,DTW,PHX,4,0,0,0,4,0,2,0,61.0,0.0,0.0,0.5,0.0,15.25
2023,4,20416,NK,11433,14635,DTW,RSW,39,0,0,0,39,0,3,0,-269.0,0.0,0.0,0.07692307692307693,0.0,-6.897435897435898
2023,4,20416,NK,11433,15304,DTW,TPA,66,0,0,0,66,0,12,4,287.0,0.0,0.0,0.18181818181818182,0.06060606060606061,4.348484848484849
2023,4,20416,NK,11618,10397,EWR,ATL,60,2,0,0,58,0,20,9,1321.0,0.03333333333333333,0.0,0.3448275862068966,0.15517241379310345,22.775862068965516
2023,4,20416,NK,11618,11697,EWR,FLL,120,12,1,0,107,0,50,27,4181.0,0.1,0.008333333333333333,0.4672897196261682,0.2523364485981308,39.074766355140184
2023,4,20416,NK,11618,12266,EWR,IAH,30,3,0,0,27,0,15,8,1513.0,0.1,0.0,0.5555555555555556,0.2962962962962963,56.03703703703704
2023,4,20416,NK,11618,12889,EWR,LAS,30,2,0,0,28,0,12,5,827.0,0.06666666666666667,0.0,0.42857142857142855,0.17857142857142858,29.535714285714285
2023,4,20416,NK,11618,12892,EWR,LAX,30,0,0,0,30,0,14,7,838.0,0.0,0.0,0.4666666666666667,0.23333333333333334,27.933333333333334
2023,4,20416,NK,11618,13204,EWR,MCO,149,7,1,0,141,0,50,25,3320.0,0.04697986577181208,0.006711409395973154,0.3546099290780142,0.1773049645390071,23.54609929078014
2023,4,20416,NK,11618,13303,EWR,MIA,60,1,0,0,59,0,37,16,3119.0,0.016666666666666666,0.0,0.6271186440677966,0.2711864406779661,52.86440677966102
2023,4,20416,NK,11697,10397,FLL,ATL,172,10,0,0,162,0,85,33,7012.0,0.05813953488372093,0.0,0.5246913580246914,0.2037037037037037,43.28395061728395
2023,4,20416,NK,11697,10721,FLL,BOS,60,8,0,0,52,0,24,10,1731.0,0.13333333333333333,0.0,0.46153846153846156,0.19230769230769232,33.28846153846154
2023,4,20416,NK,11697,10821,FLL,BWI,86,5,0,0,81,0,33,15,2182.0,0.05813953488372093,0.0,0.4074074074074074,0.18518518518518517,26.938271604938272
2023,4,20416,NK,11697,11292,FLL,DEN,30,2,0,0,28,0,17,8,1261.0,0.06666666666666667,0.0,0.6071428571428571,0.2857142857142857,45.035714285714285
2023,4,20416,NK,11697,11298,FLL,DFW,88,6,0,0,82,0,42,18,2878.0,0.06818181818181818,0.0,0.5121951219512195,0.21951219512195122,35.09756097560975
2023,4,20416,NK,11697,11433,FLL,DTW,69,4,0,0,65,0,26,10,1677.0,0.057971014492753624,0.0,0.4,0.15384615384615385,25.8
2023,4,20416,NK,11697,11618,FLL,EWR,119,12,0,0,107,0,56,23,3432.0,0.10084033613445378,0.0,0.5233644859813084,0.21495327102803738,32.074766355140184
2023,4,20416,NK,11697,12266,FLL,IAH,89,7,0,0,82,0,43,28,3735.0,0.07865168539325842,0.0,0.524390243902439,0.34146341463414637,45.548780487804876
2023,4,20416,NK,11697,12889,FLL,LAS,31,3,0,0,28,0,17,10,1376.0,0.0967741935483871,0.0,0.6071428571428571,0.35714285714285715,49.142857142857146
2023,4,20416,NK,11697,12892,FLL,LAX,30,5,0,0,25,0,16,9,1071.0,0.16666666666666666,0.0,0.64,0.36,42.84
2023,4,20416,NK,11697,12953,FLL,LGA,124,12,1,0,111,0,42,13,2432.0,0.0967741935483871,0.008064516129032258,0.3783783783783784,0.11711711711711711,21.90990990990991
2023,4,20416,NK,11697,13204,FLL,MCO,60,6,0,0,54,0,29,20,3178.0,0.1,0.0,0.5370370370370371,0.37037037037037035,58.851851851851855
2023,4,20416,NK,11697,13930,FLL,ORD,90,7,0,0,83,0,52,23,3447.0,0.07777777777777778,0.0,0.6265060240963856,0.27710843373493976,41.53012048192771
2023,4,20416,NK,11697,14100,FLL,PHL,86,7,0,0,79,0,40,19,3404.0,0.08139534883720931,0.0,0.5063291139240507,0.24050632911392406,43.08860759493671
2023,4,20416,NK,11697,14107,FLL,PHX,24,3,0,0,21,0,11,4,541.0,0.125,0.0,0.5238095238095238,0.19047619047619047,25.761904761904763
2023,4,20416,NK,11697,15304,FLL,TPA,61,5,0,0,56,0,28,14,2110.0,0.08196721311475409,0.0,0.5,0.25,37.67857142857143
2023,4,20416,NK,12266,10397,IAH,ATL,60,2,0,0,58,0,28,12,2288.0,0.03333333333333333,0.0,0.4827586206896552,0.20689655172413793,39.44827586206897
2023,4,20416,NK,12266,10821,IAH,BWI,30,0,0,0,30,0,5,2,261.0,0.0,0.0,0.16666666666666666,0.06666666666666667,8.7
2023,4,20416,NK,12266,11292,IAH,DEN,4,0,0,0,4,0,1,0,-17.0,0.0,0.0,0.25,0.0,-4.25
2023,4,20416,NK,12266,11433,IAH,DTW,30,0,0,0,30,0,10,1,340.0,0.0,0.0,0.3333333333333333,0.03333333333333333,11.333333333333334
2023,4,20416,NK,12266,11618,IAH,EWR,30,2,0,0,28,0,4,2,-172.0,0.06666666666666667,0.0,0.14285714285714285,0.07142857142857142,-6.142857142857143
2023,4,20416,NK,12266,11697,IAH,FLL,90,6,0,0,84,0,41,19,3715.0,0.06666666666666667,0.0,0.4880952380952381,0.2261904761904762,44.226190476190474
2023,4,20416,NK,12266,12889,IAH,LAS,108,0,0,0,108,0,28,14,1786.0,0.0,0.0,0.25925925925925924,0.12962962962962962,16.537037037037038
2023,4,20416,NK,12266,12892,IAH,LAX,90,1,0,0,89,0,13,8,428.0,0.011111111111111112,0.0,0.14606741573033707,0.0898876404494382,4.808988764044944
2023,4,20416,NK,12266,12953,IAH,LGA,4,0,0,0,4,0,0,0,-51.0,0.0,0.0,0.0,0.0,-12.75
2023,4,20416,NK,12266,13204,IAH,MCO,90,0,0,0,90,0,35,12,2417.0,0.0,0.0,0.3888888888888889,0.13333333333333333,26.855555555555554
2023,4,20416,NK,12266,13303,IAH,MIA,30,0,0,0,30,0,5,0,-127.0,0.0,0.0,0.16666666666666666,0.0,-4.233333333333333
2023,4,20416,NK,12266,13930,IAH,ORD,30,0,0,0,30,0,20,10,1992.0,0.0,0.0,0.6666666666666666,0.3333333333333333,66.4
2023,4,20416,NK,12266,15304,IAH,TPA,30,0,0,0,30,0,12,4,598.0,0.0,0.0,0.4,0.13333333333333333,19.933333333333334
2023,4,20416,NK,12889,10397,LAS,ATL,59,3,0,0,56,0,24,9,1262.0,0.05084745762711865,0.0,0.42857142857142855,0.16071428571428573,22.535714285714285
2023,4,20416,NK,12889,10821,LAS,BWI,56,1,0,0,55,0,17,1,328.0,0.017857142857142856,0.0,0.3090909090909091,0.01818181818181818,5.963636363636364
2023,4,20416,NK,12889,11292,LAS,DEN,85,4,1,0,80,0,27,10,2106.0,0.047058823529411764,0.011764705882352941,0.3375,0.125,26.325
2023,4,20416,NK,12889,11298,LAS,DFW,116,2,0,0,114,0,43,16,3361.0,0.017241379310344827,0.0,0.37719298245614036,0.14035087719298245,29.482456140350877
2023,4,20416,NK,12889,11433,LAS,DTW,86,0,0,0,86,0,25,4,741.0,0.0,0.0,0.29069767441860467,0.046511627906976744,8.616279069767442
2023,4,20416,NK,12889,11618,LAS,EWR,30,2,0,0,28,0,19,9,1228.0,0.06666666666666667,0.0,0.6785714285714286,0.32142857142857145,43.857142857142854
2023,4,20416,NK,12889,11697,LAS,FLL,30,3,0,0,27,0,9,0,274.0,0.1,0.0,0.3333333333333333,0.0,10.148148148148149
2023,4,20416,NK,12889,12266,LAS,IAH,109,0,0,0,109,0,47,21,4186.0,0.0,0.0,0.43119266055045874,0.1926605504587156,38.403669724770644
2023,4,20416,NK,12889,12892,LAS,LAX,176,3,0,0,173,0,53,17,2130.0,0.017045454545454544,0.0,0.3063583815028902,0.09826589595375723,12.3121387283237
2023,4,20416,NK,12889,13204,LAS,MCO,30,1,0,0,29,0,9,4,796.0,0.03333333333333333,0.0,0.3103448275862069,0.13793103448275862,27.448275862068964
2023,4,20416,NK,12889,13303,LAS,MIA,30,0,0,0,30,0,16,9,1454.0,0.0,0.0,0.5333333333333333,0.3,48.46666666666667
2023,4,20416,NK,12889,13487,LAS,MSP,30,0,0,0,30,0,10,3,612.0,0.0,0.0,0.3333333333333333,0.1,20.4
2023,4,20416,NK,12889,13796,LAS,OAK,146,4,0,0,142,0,58,25,3592.0,0.0273972602739726,0.0,0.4084507042253521,0.176056338028169,25.295774647887324
2023,4,20416,NK,12889,13930,LAS,ORD,90,4,0,0,86,0,44,16,2322.0,0.044444444444444446,0.0,0.5116279069767442,0.18604651162790697,27.0
2023,4,20416,NK,12889,14100,LAS,PHL,30,0,0,0,30,0,9,2,247.0,0.0,0.0,0.3,0.06666666666666667,8.233333333333333
2023,4,20416,NK,12889,14107,LAS,PHX,90,5,0,0,85,0,29,10,1570.0,0.05555555555555555,0.0,0.3411764705882353,0.11764705882352941,18.470588235294116
2023,4,20416,NK,12889,14679,LAS,SAN,149,6,0,0,143,0,57,13,2659.0,0.040268456375838924,0.0,0.3986013986013986,0.09090909090909091,18.594405594405593
2023,4,20416,NK,12889,14747,LAS,SEA,116,4,0,0,112,0,30,9,1484.0,0.034482758620689655,0.0,0.26785714285714285,0.08035714285714286,13.25
2023,4,20416,NK,12889,14869,LAS,SLC,60,3,0,0,57,0,24,6,1031.0,0.05,0.0,0.42105263157894735,0.10526315789473684,18.087719298245613
2023,4,20416,NK,12889,15016,LAS,STL,19,0,0,0,19,0,4,1,276.0,0.0,0.0,0.21052631578947367,0.05263157894736842,14.526315789473685
2023,4,20416,NK,12889,15304,LAS,TPA,31,0,0,0,31,0,14,1,438.0,0.0,0.0,0.45161290322580644,0.03225806451612903,14.129032258064516
2023,4,20416,NK,12892,10397,LAX,ATL,60,0,0,0,60,0,22,3,862.0,0.0,0.0,0.36666666666666664,0.05,14.366666666666667
2023,4,20416,NK,12892,10821,LAX,BWI,30,1,0,0,29,0,13,4,697.0,0.03333333333333333,0.0,0.4482758620689655,0.13793103448275862,24.03448275862069
2023,4,20416,NK,12892,11292,LAX,DEN,30,1,0,0,29,0,13,3,498.0,0.03333333333333333,0.0,0.4482758620689655,0.10344827586206896,17.17241379310345
2023,4,20416,NK,12892,11298,LAX,DFW,90,2,0,0,88,0,23,9,892.0,0.022222222222222223,0.0,0.26136363636363635,0.10227272727272728,10.136363636363637
2023,4,20416,NK,12892,11433,LAX,DTW,60,0,0,0,60,0,20,4,732.0,0.0,0.0,0.3333333333333333,0.06666666666666667,12.2
2023,4,20416,NK,12892,11618,LAX,EWR,30,0,0,0,30,0,8,3,293.0,0.0,0.0,0.26666666666666666,0.1,9.766666666666667
2023,4,20416,NK,12892,11697,LAX,FLL,30,6,0,0,24,0,8,5,535.0,0.2,0.0,0.3333333333333333,0.20833333333333334,22.291666666666668
2023,4,20416,NK,12892,12266,LAX,IAH,90,1,0,0,89,0,21,10,1497.0,0.011111111111111112,0.0,0.23595505617977527,0.11235955056179775,16.820224719101123
2023,4,20416,NK,12892,12889,LAX,LAS,176,3,1,0,172,0,50,20,2303.0,0.017045454545454544,0.005681818181818182,0.29069767441860467,0.11627906976744186,13.38953488372093
2023,4,20416,NK,12892,13487,LAX,MSP,4,0,0,0,4,0,1,0,31.0,0.0,0.0,0.25,0.0,7.75
2023,4,20416,NK,12892,13796,LAX,OAK,30,0,0,0,30,0,7,3,322.0,0.0,0.0,0.23333333333333334,0.1,10.733333333333333
2023,4,20416,NK,12892,13930,LAX,ORD,60,1,0,0,59,0,7,3,-258.0,0.016666666666666666,0.0,0.11864406779661017,0.05084745762711865,-4.372881355932203
2023,4,20416,NK,12892,14100,LAX,PHL,30,1,0,0,29,0,5,2,-41.0,0.03333333333333333,0.0,0.1724137931034483,0.06896551724137931,-1.4137931034482758
2023,4,20416,NK,12892,14869,LAX,SLC,30,0,0,0,30,0,10,7,831.0,0.0,0.0,0.3333333333333333,0.23333333333333334,27.7
2023,4,20416,NK,12953,11298,LGA,DFW,29,0,0,0,29,0,8,4,283.0,0.0,0.0,0.27586206896551724,0.13793103448275862,9.758620689655173
2023,4,20416,NK,12953,11433,LGA,DTW,85,1,0,0,84,0,18,8,338.0,0.011764705882352941,0.0,0.21428571428571427,0.09523809523809523,4.023809523809524
2023,4,20416,NK,12953,11697,LGA,FLL,124,12,1,0,111,0,41,25,4326.0,0.0967741935483871,0.008064516129032258,0.36936936936936937,0.22522522522522523,38.972972972972975
2023,4,20416,NK,12953,12266,LGA,IAH,5,0,0,0,5,0,0,0,-107.0,0.0,0.0,0.0,0.0,-21.4
2023,4,20416,NK,12953,13204,LGA,MCO,89,6,0,0,83,0,24,12,1532.0,0.06741573033707865,0.0,0.2891566265060241,0.14457831325301204,18.457831325301203
2023,4,20416,NK,12953,13303,LGA,MIA,30,0,0,0,30,0,10,2,431.0,0.0,0.0,0.3333333333333333,0.06666666666666667,14.366666666666667
2023,4,20416,NK,13204,10397,MCO,ATL,94,1,0,0,93,0,41,18,2436.0,0.010638297872340425,0.0,0.44086021505376344,0.1935483870967742,26.193548387096776
2023,4,20416,NK,13204,10721,MCO,BOS,116,2,0,0,114,0,59,28,4549.0,0.017241379310344827,0.0,0.5175438596491229,0.24561403508771928,39.90350877192982
2023,4,20416,NK,13204,10821,MCO,BWI,89,3,0,0,86,0,48,29,4454.0,0.033707865168539325,0.0,0.5581395348837209,0.3372093023255814,51.7906976744186
2023,4,20416,NK,13204,11292,MCO,DEN,4,0,0,0,4,0,0,0,-18.0,0.0,0.0,0.0,0.0,-4.5
2023,4,20416,NK,13204,11298,MCO,DFW,90,4,0,0,86,0,55,29,4484.0,0.044444444444444446,0.0,0.6395348837209303,0.3372093023255814,52.13953488372093
2023,4,20416,NK,13204,11433,MCO,DTW,149,2,0,0,147,0,74,34,5476.0,0.013422818791946308,0.0,0.5034013605442177,0.23129251700680273,37.25170068027211
2023,4,20416,NK,13204,11618,MCO,EWR,150,5,1,0,144,0,61,33,4634.0,0.03333333333333333,0.006666666666666667,0.4236111111111111,0.22916666666666666,32.18055555555556
2023,4,20416,NK,13204,11697,MCO,FLL,62,7,0,0,55,0,27,12,2513.0,0.11290322580645161,0.0,0.4909090909090909,0.21818181818181817,45.69090909090909
2023,4,20416,NK,13204,12266,MCO,IAH,90,1,0,0,89,0,36,18,2965.0,0.011111111111111112,0.0,0.4044943820224719,0.20224719101123595,33.31460674157304
2023,4,20416,NK,13204,12889,MCO,LAS,30,0,0,0,30,0,23,15,1986.0,0.0,0.0,0.7666666666666667,0.5,66.2
2023,4,20416,NK,13204,12953,MCO,LGA,90,4,1,0,85,0,26,13,1850.0,0.044444444444444446,0.011111111111111112,0.3058823529411765,0.15294117647058825,21.764705882352942
2023,4,20416,NK,13204,13487,MCO,MSP,19,2,0,0,17,0,6,1,114.0,0.10526315789473684,0.0,0.35294117647058826,0.058823529411764705,6.705882352941177
2023,4,20416,NK,13204,13930,MCO,ORD,90,0,1,0,89,0,39,17,2842.0,0.0,0.011111111111111112,0.43820224719101125,0.19101123595505617,31.93258426966292
2023,4,20416,NK,13204,14100,MCO,PHL,116,5,0,0,111,0,72,38,5984.0,0.04310344827586207,0.0,0.6486486486486487,0.34234234234234234,53.909909909909906
2023,4,20416,NK,13204,14869,MCO,SLC,30,0,0,0,30,0,12,6,871.0,0.0,0.0,0.4,0.2,29.033333333333335
2023,4,20416,NK,13204,15016,MCO,STL,30,0,0,0,30,0,11,3,603.0,0.0,0.0,0.36666666666666664,0.1,20.1
2023,4,20416,NK,13303,10397,MIA,ATL,60,2,0,0,58,0,26,11,1808.0,0.03333333333333333,0.0,0.4482758620689655,0.1896551724137931,31.17241379310345
2023,4,20416,NK,13303,10721,MIA,BOS,56,1,0,0,55,0,12,8,986.0,0.017857142857142856,0.0,0.21818181818181817,0.14545454545454545,17.927272727272726
2023,4,20416,NK,13303,10821,MIA,BWI,30,0,0,0,30,0,2,0,-351.0,0.0,0.0,0.06666666666666667,0.0,-11.7
2023,4,20416,NK,13303,11292,MIA,DEN,30,0,0,0,30,0,3,2,146.0,0.0,0.0,0.1,0.06666666666666667,4.866666666666666
2023,4,20416,NK,13303,11298,MIA,DFW,30,1,0,0,29,0,14,7,1223.0,0.03333333333333333,0.0,0.4827586206896552,0.2413793103448276,42.172413793103445
2023,4,20416,NK,13303,11433,MIA,DTW,34,0,0,0,34,0,20,14,2072.0,0.0,0.0,0.5882352941176471,0.4117647058823529,60.94117647058823
2023,4,20416,NK,13303,11618,MIA,EWR,60,0,1,0,59,0,37,17,3266.0,0.0,0.016666666666666666,0.6271186440677966,0.288135593220339,55.355932203389834
2023,4,20416,NK,13303,12266,MIA,IAH,30,0,0,0,30,0,18,8,1016.0,0.0,0.0,0.6,0.26666666666666666,33.86666666666667
2023,4,20416,NK,13303,12889,MIA,LAS,30,0,0,0,30,0,7,3,539.0,0.0,0.0,0.23333333333333334,0.1,17.966666666666665
2023,4,20416,NK,13303,12953,MIA,LGA,30,1,1,0,28,0,10,4,466.0,0.03333333333333333,0.03333333333333333,0.35714285714285715,0.14285714285714285,16.642857142857142
2023,4,20416,NK,13303,13930,MIA,ORD,34,0,0,0,34,0,16,8,977.0,0.0,0.0,0.47058823529411764,0.23529411764705882,28.735294117647058
2023,4,20416,NK,13303,14100,MIA,PHL,29,2,0,0,27,0,13,10,1143.0,0.06896551724137931,0.0,0.48148148148148145,0.37037037037037035,42.333333333333336
2023,4,20416,NK,13487,10397,MSP,ATL,56,3,0,0,53,0,7,2,-133.0,0.05357142857142857,0.0,0.1320754716981132,0.03773584905660377,-2.509433962264151
2023,4,20416,NK,13487,11433,MSP,DTW,30,0,0,0,30,0,5,2,-8.0,0.0,0.0,0.16666666666666666,0.06666666666666667,-0.26666666666666666
2023,4,20416,NK,13487,12889,MSP,LAS,30,0,0,0,30,0,12,5,849.0,0.0,0.0,0.4,0.16666666666666666,28.3
2023,4,20416,NK,13487,12892,MSP,LAX,4,0,0,0,4,0,1,0,30.0,0.0,0.0,0.25,0.0,7.5
2023,4,20416,NK,13487,13204,MSP,MCO,19,2,0,0,17,0,5,1,147.0,0.10526315789473684,0.0,0.29411764705882354,0.058823529411764705,8.647058823529411
2023,4,20416,NK,13487,14107,MSP,PHX,4,0,0,0,4,0,0,0,-14.0,0.0,0.0,0.0,0.0,-3.5
2023,4,20416,NK,13796,12889,OAK,LAS,146,4,0,0,142,0,38,20,2761.0,0.0273972602739726,0.0,0.2676056338028169,0.14084507042253522,19.443661971830984
2023,4,20416,NK,13796,12892,OAK,LAX,30,1,0,0,29,0,4,2,411.0,0.03333333333333333,0.0,0.13793103448275862,0.06896551724137931,14.172413793103448
2023,4,20416,NK,13796,14679,OAK,SAN,17,0,0,0,17,0,3,0,-87.0,0.0,0.0,0.17647058823529413,0.0,-5.117647058823529
2023,4,20416,NK,13930,10397,ORD,ATL,90,3,0,0,87,0,30,13,2917.0,0.03333333333333333,0.0,0.3448275862068966,0.14942528735632185,33.52873563218391
2023,4,20416,NK,13930,11298,ORD,DFW,60,2,0,0,58,0,22,11,1546.0,0.03333333333333333,0.0,0.3793103448275862,0.1896551724137931,26.655172413793103
2023,4,20416,NK,13930,11697,ORD,FLL,90,7,0,0,83,0,42,18,3307.0,0.07777777777777778,0.0,0.5060240963855421,0.21686746987951808,39.8433734939759
2023,4,20416,NK,13930,12266,ORD,IAH,30,0,0,0,30,0,10,1,171.0,0.0,0.0,0.3333333333333333,0.03333333333333333,5.7
2023,4,20416,NK,13930,12889,ORD,LAS,90,3,0,0,87,0,35,14,2005.0,0.03333333333333333,0.0,0.40229885057471265,0.16091954022988506,23.04597701149425
2023,4,20416,NK,13930,12892,ORD,LAX,60,1,0,0,59,0,27,11,1673.0,0.016666666666666666,0.0,0.4576271186440678,0.1864406779661017,28.35593220338983
2023,4,20416,NK,13930,13204,ORD,MCO,90,0,0,0,90,0,37,19,3204.0,0.0,0.0,0.4111111111111111,0.2111111111111111,35.6
2023,4,20416,NK,13930,13303,ORD,MIA,34,0,0,0,34,0,19,7,2080.0,0.0,0.0,0.5588235294117647,0.20588235294117646,61.1764705882353
2023,4,20416,NK,13930,14107,ORD,PHX,26,0,0,0,26,0,6,0,70.0,0.0,0.0,0.23076923076923078,0.0,2.6923076923076925
2023,4,20416,NK,13930,14635,ORD,RSW,30,2,0,0,28,0,11,3,413.0,0.06666666666666667,0.0,0.39285714285714285,0.10714285714285714,14.75
2023,4,20416,NK,13930,15304,ORD,TPA,34,1,0,0,33,0,11,7,910.0,0.029411764705882353,0.0,0.3333333333333333,0.21212121212121213,27.575757575757574
2023,4,20416,NK,14100,10397,PHL,ATL,60,0,0,0,60,0,15,3,331.0,0.0,0.0,0.25,0.05,5.516666666666667
2023,4,20416,NK,14100,11298,PHL,DFW,30,1,0,0,29,0,13,2,399.0,0.03333333333333333,0.0,0.4482758620689655,0.06896551724137931,13.758620689655173
2023,4,20416,NK,14100,11433,PHL,DTW,30,0,0,0,30,0,16,3,595.0,0.0,0.0,0.5333333333333333,0.1,19.833333333333332
2023,4,20416,NK,14100,11697,PHL,FLL,85,8,0,0,77,0,35,18,2841.0,0.09411764705882353,0.0,0.45454545454545453,0.23376623376623376,36.896103896103895
2023,4,20416,NK,14100,12889,PHL,LAS,30,0,0,0,30,0,14,8,1120.0,0.0,0.0,0.4666666666666667,0.26666666666666666,37.333333333333336
2023,4,20416,NK,14100,12892,PHL,LAX,30,1,1,0,28,0,7,4,560.0,0.03333333333333333,0.03333333333333333,0.25,0.14285714285714285,20.0
2023,4,20416,NK,14100,13204,PHL,MCO,116,7,0,0,109,0,48,27,3274.0,0.0603448275862069,0.0,0.44036697247706424,0.24770642201834864,30.03669724770642
2023,4,20416,NK,14100,13303,PHL,MIA,30,2,0,0,28,0,8,2,526.0,0.06666666666666667,0.0,0.2857142857142857,0.07142857142857142,18.785714285714285
2023,4,20416,NK,14107,11298,PHX,DFW,34,1,0,0,33,0,16,10,1190.0,0.029411764705882353,0.0,0.48484848484848486,0.30303030303030304,36.06060606060606
2023,4,20416,NK,14107,11433,PHX,DTW,5,0,0,0,5,0,0,0,-67.0,0.0,0.0,0.0,0.0,-13.4
2023,4,20416,NK,14107,11697,PHX,FLL,24,3,0,0,21,0,11,6,1399.0,0.125,0.0,0.5238095238095238,0.2857142857142857,66.61904761904762
2023,4,20416,NK,14107,12889,PHX,LAS,90,5,0,0,85,0,31,14,1815.0,0.05555555555555555,0.0,0.36470588235294116,0.16470588235294117,21.352941176470587
2023,4,20416,NK,14107,13487,PHX,MSP,4,0,0,0,4,0,1,0,-43.0,0.0,0.0,0.25,0.0,-10.75
2023,4,20416,NK,14107,13930,PHX,ORD,26,0,0,0,26,0,5,0,39.0,0.0,0.0,0.19230769230769232,0.0,1.5
2023,4,20416,NK,14635,10721,RSW,BOS,41,2,0,0,39,0,7,3,-19.0,0.04878048780487805,0.0,0.1794871794871795,0.07692307692307693,-0.48717948717948717
2023,4,20416,NK,14635,11433,RSW,DTW,38,0,0,0,38,0,3,2,123.0,0.0,0.0,0.07894736842105263,0.05263157894736842,3.236842105263158
2023,4,20416,NK,14635,13930,RSW,ORD,30,2,0,0,28,0,8,3,57.0,0.06666666666666667,0.0,0.2857142857142857,0.10714285714285714,2.0357142857142856
2023,4,20416,NK,14679,12889,SAN,LAS,149,7,0,0,142,0,52,17,2974.0,0.04697986577181208,0.0,0.36619718309859156,0.11971830985915492,20.943661971830984
2023,4,20416,NK,14679,13796,SAN,OAK,17,0,0,0,17,0,3,0,75.0,0.0,0.0,0.17647058823529413,0.0,4.411764705882353
2023,4,20416,NK,14747,12889,SEA,LAS,116,4,0,0,112,0,36,15,3110.0,0.034482758620689655,0.0,0.32142857142857145,0.13392857142857142,27.767857142857142
2023,4,20416,NK,14869,12889,SLC,LAS,61,3,0,0,58,0,22,10,1455.0,0.04918032786885246,0.0,0.3793103448275862,0.1724137931034483,25.086206896551722
2023,4,20416,NK,14869,12892,SLC,LAX,29,0,0,0,29,0,10,4,723.0,0.0,0.0,0.3448275862068966,0.13793103448275862,24.93103448275862
2023,4,20416,NK,14869,13204,SLC,MCO,30,0,0,0,30,0,4,3,136.0,0.0,0.0,0.13333333333333333,0.1,4.533333333333333
2023,4,20416,NK,15016,12889,STL,LAS,19,0,0,0,19,0,6,2,472.0,0.0,0.0,0.3157894736842105,0.10526315789473684,24.842105263157894
2023,4,20416,NK,15016,13204,STL,MCO,30,0,0,0,30,0,14,5,1062.0,0.0,0.0,0.4666666666666667,0.16666666666666666,35.4
2023,4,20416,NK,15304,10397,TPA,ATL,60,2,0,0,58,0,21,5,997.0,0.03333333333333333,0.0,0.3620689655172414,0.08620689655172414,17.189655172413794
2023,4,20416,NK,15304,10721,TPA,BOS,82,3,0,0,79,0,31,15,1810.0,0.036585365853658534,0.0,0.3924050632911392,0.189873417721519,22.911392405063292
2023,4,20416,NK,15304,10821,TPA,BWI,26,2,0,0,24,0,8,3,1556.0,0.07692307692307693,0.0,0.3333333333333333,0.125,64.83333333333333
2023,4,20416,NK,15304,11298,TPA,DFW,28,0,0,0,28,0,7,3,241.0,0.0,0.0,0.25,0.10714285714285714,8.607142857142858
2023,4,20416,NK,15304,11433,TPA,DTW,66,0,0,0,66,0,10,4,-43.0,0.0,0.0,0.15151515151515152,0.06060606060606061,-0.6515151515151515
2023,4,20416,NK,15304,11697,TPA,FLL,59,4,0,0,55,0,15,4,594.0,0.06779661016949153,0.0,0.2727272727272727,0.07272727272727272,10.8
2023,4,20416,NK,15304,12266,TPA,IAH,30,1,0,0,29,0,5,1,37.0,0.03333333333333333,0.0,0.1724137931034483,0.034482758620689655,1.2758620689655173
2023,4,20416,NK,15304,12889,TPA,LAS,30,0,0,0,30,0,7,1,110.0,0.0,0.0,0.23333333333333334,0.03333333333333333,3.6666666666666665
2023,4,20416,NK,15304,13930,TPA,ORD,34,1,1,0,32,0,11,7,603.0,0.029411764705882353,0.029411764705882353,0.34375,0.21875,18.84375
2023,4,20436,F9,10397,10821,ATL,BWI,30,0,0,0,30,0,5,0,2.0,0.0,0.0,0.16666666666666666,0.0,0.06666666666666667
2023,4,20436,F9,10397,11292,ATL,DEN,51,2,0,0,49,0,17,9,1413.0,0.0392156862745098,0.0,0.3469387755102041,0.1836734693877551,28.836734693877553
2023,4,20436,F9,10397,11298,ATL,DFW,59,1,0,0,58,0,20,7,810.0,0.01694915254237288,0.0,0.3448275862068966,0.1206896551724138,13.96551724137931
2023,4,20436,F9,10397,11433,ATL,DTW,17,0,0,0,17,0,9,5,482.0,0.0,0.0,0.5294117647058824,0.29411764705882354,28.352941176470587
2023,4,20436,F9,10397,11697,ATL,FLL,32,1,1,0,30,0,15,8,2037.0,0.03125,0.03125,0.5,0.26666666666666666,67.9
2023,4,20436,F9,10397,12266,ATL,IAH,21,0,0,0,21,0,4,2,391.0,0.0,0.0,0.19047619047619047,0.09523809523809523,18.61904761904762
2023,4,20436,F9,10397,12889,ATL,LAS,60,0,0,0,60,0,28,14,2292.0,0.0,0.0,0.4666666666666667,0.23333333333333334,38.2
2023,4,20436,F9,10397,12953,ATL,LGA,30,0,0,0,30,0,9,3,172.0,0.0,0.0,0.3,0.1,5.733333333333333
2023,4,20436,F9,10397,13204,ATL,MCO,65,1,0,0,64,0,24,8,1210.0,0.015384615384615385,0.0,0.375,0.125,18.90625
2023,4,20436,F9,10397,13232,ATL,MDW,29,3,0,0,26,0,8,2,273.0,0.10344827586206896,0.0,0.3076923076923077,0.07692307692307693,10.5
2023,4,20436,F9,10397,13303,ATL,MIA,42,1,0,0,41,0,24,12,1895.0,0.023809523809523808,0.0,0.5853658536585366,0.2926829268292683,46.21951219512195
2023,4,20436,F9,10397,13930,ATL,ORD,29,0,0,0,29,0,5,1,-73.0,0.0,0.0,0.1724137931034483,0.034482758620689655,-2.5172413793103448
2023,4,20436,F9,10397,14100,ATL,PHL,60,0,0,0,60,0,38,11,2180.0,0.0,0.0,0.6333333333333333,0.18333333333333332,36.333333333333336
2023,4,20436,F9,10397,14107,ATL,PHX,30,0,0,0,30,0,21,10,1400.0,0.0,0.0,0.7,0.3333333333333333,46.666666666666664
2023,4,20436,F9,10397,14771,ATL,SFO,30,1,0,0,29,0,21,8,1114.0,0.03333333333333333,0.0,0.7241379310344828,0.27586206896551724,38.41379310344828
2023,4,20436,F9,10397,15304,ATL,TPA,30,0,0,0,30,0,10,5,1267.0,0.0,0.0,0.3333333333333333,0.16666666666666666,42.233333333333334
2023,4,20436,F9,10721,13204,BOS,MCO,30,0,0,0,30,0,12,2,289.0,0.0,0.0,0.4,0.06666666666666667,9.633333333333333
2023,4,20436,F9,10721,13303,BOS,MIA,12,0,0,0,12,0,6,2,367.0,0.0,0.0,0.5,0.16666666666666666,30.583333333333332
2023,4,20436,F9,10721,14100,BOS,PHL,11,0,0,0,11,0,3,2,372.0,0.0,0.0,0.2727272727272727,0.18181818181818182,33.81818181818182
2023,4,20436,F9,10821,10397,BWI,ATL,30,0,0,0,30,0,5,3,1200.0,0.0,0.0,0.16666666666666666,0.1,40.0
2023,4,20436,F9,10821,11292,BWI,DEN,8,0,0,0,8,0,0,0,-93.0,0.0,0.0,0.0,0.0,-11.625
2023,4,20436,F9,10821,12889,BWI,LAS,30,0,0,0,30,0,13,5,606.0,0.0,0.0,0.43333333333333335,0.16666666666666666,20.2
2023,4,20436,F9,10821,13204,BWI,MCO,62,2,0,0,60,0,13,7,759.0,0.03225806451612903,0.0,0.21666666666666667,0.11666666666666667,12.65
2023,4,20436,F9,10821,13303,BWI,MIA,17,0,0,0,17,0,8,1,263.0,0.0,0.0,0.47058823529411764,0.058823529411764705,15.470588235294118
2023,4,20436,F9,10821,14107,BWI,PHX,30,0,0,0,30,0,7,1,-88.0,0.0,0.0,0.23333333333333334,0.03333333333333333,-2.933333333333333
2023,4,20436,F9,11278,11292,DCA,DEN,90,4,2,0,84,0,12,3,-573.0,0.044444444444444446,0.022222222222222223,0.14285714285714285,0.03571428571428571,-6.821428571428571
2023,4,20436,F9,11292,10397,DEN,ATL,51,1,0,0,50,0,19,6,1226.0,0.0196078431372549,0.0,0.38,0.12,24.52
2023,4,20436,F9,11292,10821,DEN,BWI,8,0,0,0,8,0,2,0,-3.0,0.0,0.0,0.25,0.0,-0.375
2023,4,20436,F9,11292,11278,DEN,DCA,90,5,0,0,85,0,20,5,186.0,0.05555555555555555,0.0,0.23529411764705882,0.058823529411764705,2.1882352941176473
2023,4,20436,F9,11292,11298,DEN,DFW,90,0,1,0,89,0,28,11,1369.0,0.0,0.011111111111111112,0.3146067415730337,0.12359550561797752,15.382022471910112
2023,4,20436,F9,11292,11433,DEN,DTW,10,0,0,0,10,0,1,0,27.0,0.0,0.0,0.1,0.0,2.7
2023,4,20436,F9,11292,12266,DEN,IAH,30,0,0,0,30,0,15,9,1309.0,0.0,0.0,0.5,0.3,43.63333333333333
2023,4,20436,F9,11292,12889,DEN,LAS,149,2,0,0,147,0,42,17,1374.0,0.013422818791946308,0.0,0.2857142857142857,0.11564625850340136,9.346938775510203
2023,4,20436,F9,11292,13204,DEN,MCO,84,1,0,0,83,0,28,7,994.0,0.011904761904761904,0.0,0.3373493975903614,0.08433734939759036,11.975903614457831
2023,4,20436,F9,11292,13232,DEN,MDW,27,0,0,0,27,0,7,1,96.0,0.0,0.0,0.25925925925925924,0.037037037037037035,3.5555555555555554
2023,4,20436,F9,11292,13303,DEN,MIA,30,0,0,0,30,0,13,3,1334.0,0.0,0.0,0.43333333333333335,0.1,44.46666666666667
2023,4,20436,F9,11292,13487,DEN,MSP,36,0,0,0,36,0,3,1,-68.0,0.0,0.0,0.08333333333333333,0.027777777777777776,-1.8888888888888888
2023,4,20436,F9,11292,13796,DEN,OAK,4,0,0,0,4,0,1,0,20.0,0.0,0.0,0.25,0.0,5.0
2023,4,20436,F9,11292,14100,DEN,PHL,26,1,0,0,25,0,15,7,984.0,0.038461538461538464,0.0,0.6,0.28,39.36
2023,4,20436,F9,11292,14107,DEN,PHX,95,0,0,0,95,0,23,8,1080.0,0.0,0.0,0.24210526315789474,0.08421052631578947,11.368421052631579
2023,4,20436,F9,11292,14635,DEN,RSW,2,0,0,0,2,0,0,0,-17.0,0.0,0.0,0.0,0.0,-8.5
2023,4,20436,F9,11292,14679,DEN,SAN,71,0,0,0,71,0,13,2,-246.0,0.0,0.0,0.18309859154929578,0.028169014084507043,-3.464788732394366
2023,4,20436,F9,11292,14747,DEN,SEA,30,0,0,0,30,0,13,5,634.0,0.0,0.0,0.43333333333333335,0.16666666666666666,21.133333333333333
2023,4,20436,F9,11292,14771,DEN,SFO,60,1,0,0,59,0,11,4,298.0,0.016666666666666666,0.0,0.1864406779661017,0.06779661016949153,5.0508474576271185
2023,4,20436,F9,11292,14869,DEN,SLC,60,1,0,0,59,0,27,11,1644.0,0.016666666666666666,0.0,0.4576271186440678,0.1864406779661017,27.864406779661017
2023,4,20436,F9,11292,15016,DEN,STL,30,0,0,0,30,0,7,3,551.0,0.0,0.0,0.23333333333333334,0.1,18.366666666666667
2023,4,20436,F9,11292,15304,DEN,TPA,77,0,0,0,77,0,15,4,151.0,0.0,0.0,0.19480519480519481,0.05194805194805195,1.9610389610389611
2023,4,20436,F9,11298,10397,DFW,ATL,60,0,0,0,60,0,23,9,1971.0,0.0,0.0,0.38333333333333336,0.15,32.85
2023,4,20436,F9,11298,11292,DFW,DEN,90,2,0,0,88,0,24,10,1227.0,0.022222222222222223,0.0,0.2727272727272727,0.11363636363636363,13.943181818181818
2023,4,20436,F9,11298,12889,DFW,LAS,59,1,0,0,58,0,23,8,1194.0,0.01694915254237288,0.0,0.39655172413793105,0.13793103448275862,20.586206896551722
2023,4,20436,F9,11298,13204,DFW,MCO,39,0,1,0,38,0,11,4,1150.0,0.0,0.02564102564102564,0.2894736842105263,0.10526315789473684,30.263157894736842
2023,4,20436,F9,11298,13232,DFW,MDW,30,4,0,0,26,0,10,6,1659.0,0.13333333333333333,0.0,0.38461538461538464,0.23076923076923078,63.80769230769231
2023,4,20436,F9,11298,14100,DFW,PHL,24,0,0,0,24,0,15,8,1357.0,0.0,0.0,0.625,0.3333333333333333,56.541666666666664
2023,4,20436,F9,11298,14107,DFW,PHX,41,0,0,0,41,0,25,5,2217.0,0.0,0.0,0.6097560975609756,0.12195121951219512,54.073170731707314
2023,4,20436,F9,11298,14679,DFW,SAN,30,1,0,0,29,0,4,1,50.0,0.03333333333333333,0.0,0.13793103448275862,0.034482758620689655,1.7241379310344827
2023,4,20436,F9,11298,14771,DFW,SFO,30,0,0,0,30,0,5,1,96.0,0.0,0.0,0.16666666666666666,0.03333333333333333,3.2
2023,4,20436,F9,11298,15304,DFW,TPA,22,2,0,0,20,0,10,5,521.0,0.09090909090909091,0.0,0.5,0.25,26.05
2023,4,20436,F9,11433,10397,DTW,ATL,17,0,0,0,17,0,5,2,179.0,0.0,0.0,0.29411764705882354,0.11764705882352941,10.529411764705882
2023,4,20436,F9,11433,11292,DTW,DEN,10,0,0,0,10,0,2,0,-53.0,0.0,0.0,0.2,0.0,-5.3
2023,4,20436,F9,11433,12889,DTW,LAS,30,1,0,0,29,0,6,0,-120.0,0.03333333333333333,0.0,0.20689655172413793,0.0,-4.137931034482759
2023,4,20436,F9,11433,13204,DTW,MCO,33,0,0,0,33,0,9,6,422.0,0.0,0.0,0.2727272727272727,0.18181818181818182,12.787878787878787
2023,4,20436,F9,11433,14107,DTW,PHX,30,0,0,0,30,0,4,0,-515.0,0.0,0.0,0.13333333333333333,0.0,-17.166666666666668
2023,4,20436,F9,11433,15304,DTW,TPA,15,0,0,0,15,0,4,2,313.0,0.0,0.0,0.26666666666666666,0.13333333333333333,20.866666666666667
2023,4,20436,F9,11697,10397,FLL,ATL,32,3,0,0,29,0,22,13,1819.0,0.09375,0.0,0.7586206896551724,0.4482758620689655,62.724137931034484
2023,4,20436,F9,11697,12889,FLL,LAS,30,3,0,0,27,0,17,8,1792.0,0.1,0.0,0.6296296296296297,0.2962962962962963,66.37037037037037
2023,4,20436,F9,11697,13232,FLL,MDW,30,3,0,0,27,0,6,2,52.0,0.1,0.0,0.2222222222222222,0.07407407407407407,1.9259259259259258
2023,4,20436,F9,11697,14100,FLL,PHL,38,7,0,0,31,0,17,9,1951.0,0.18421052631578946,0.0,0.5483870967741935,0.2903225806451613,62.935483870967744
2023,4,20436,F9,11697,14107,FLL,PHX,30,2,0,0,28,0,10,5,1131.0,0.06666666666666667,0.0,0.35714285714285715,0.17857142857142858,40.392857142857146
2023,4,20436,F9,12266,10397,IAH,ATL,21,0,0,0,21,0,15,9,2334.0,0.0,0.0,0.7142857142857143,0.42857142857142855,111.14285714285714
2023,4,20436,F9,12266,11292,IAH,DEN,30,0,0,0,30,0,14,5,788.0,0.0,0.0,0.4666666666666667,0.16666666666666666,26.266666666666666
2023,4,20436,F9,12266,12889,IAH,LAS,31,0,0,0,31,0,21,10,2017.0,0.0,0.0,0.6774193548387096,0.3225806451612903,65.06451612903226
2023,4,20436,F9,12266,13204,IAH,MCO,17,0,0,0,17,0,8,2,472.0,0.0,0.0,0.47058823529411764,0.11764705882352941,27.764705882352942
2023,4,20436,F9,12889,10397,LAS,ATL,60,0,0,0,60,0,21,4,753.0,0.0,0.0,0.35,0.06666666666666667,12.55
2023,4,20436,F9,12889,10821,LAS,BWI,30,0,0,0,30,0,14,6,736.0,0.0,0.0,0.4666666666666667,0.2,24.533333333333335
2023,4,20436,F9,12889,11292,LAS,DEN,151,3,1,0,147,0,55,18,3254.0,0.019867549668874173,0.006622516556291391,0.3741496598639456,0.12244897959183673,22.13605442176871
2023,4,20436,F9,12889,11298,LAS,DFW,59,1,0,0,58,0,18,6,833.0,0.01694915254237288,0.0,0.3103448275862069,0.10344827586206896,14.362068965517242
2023,4,20436,F9,12889,11433,LAS,DTW,30,0,0,0,30,0,16,8,1389.0,0.0,0.0,0.5333333333333333,0.26666666666666666,46.3
2023,4,20436,F9,12889,11697,LAS,FLL,30,1,1,0,28,0,8,2,354.0,0.03333333333333333,0.03333333333333333,0.2857142857142857,0.07142857142857142,12.642857142857142
2023,4,20436,F9,12889,12266,LAS,IAH,30,0,0,0,30,0,12,2,365.0,0.0,0.0,0.4,0.06666666666666667,12.166666666666666
2023,4,20436,F9,12889,13204,LAS,MCO,61,1,0,0,60,0,24,5,940.0,0.01639344262295082,0.0,0.4,0.08333333333333333,15.666666666666666
2023,4,20436,F9,12889,13232,LAS,MDW,28,0,0,0,28,0,19,2,704.0,0.0,0.0,0.6785714285714286,0.07142857142857142,25.142857142857142
2023,4,20436,F9,12889,13303,LAS,MIA,29,0,0,0,29,0,13,6,773.0,0.0,0.0,0.4482758620689655,0.20689655172413793,26.655172413793103
2023,4,20436,F9,12889,13487,LAS,MSP,5,0,0,0,5,0,0,0,-4.0,0.0,0.0,0.0,0.0,-0.8
2023,4,20436,F9,12889,13796,LAS,OAK,10,0,0,0,10,0,5,0,135.0,0.0,0.0,0.5,0.0,13.5
2023,4,20436,F9,12889,13930,LAS,ORD,8,0,0,0,8,0,1,0,50.0,0.0,0.0,0.125,0.0,6.25
2023,4,20436,F9,12889,14100,LAS,PHL,29,0,0,0,29,0,10,3,1404.0,0.0,0.0,0.3448275862068966,0.10344827586206896,48.41379310344828
2023,4,20436,F9,12889,14107,LAS,PHX,60,0,0,0,60,0,32,12,1852.0,0.0,0.0,0.5333333333333333,0.2,30.866666666666667
2023,4,20436,F9,12889,14679,LAS,SAN,49,0,0,0,49,0,18,5,739.0,0.0,0.0,0.3673469387755102,0.10204081632653061,15.081632653061224
2023,4,20436,F9,12889,14747,LAS,SEA,34,0,0,0,34,0,11,3,452.0,0.0,0.0,0.3235294117647059,0.08823529411764706,13.294117647058824
2023,4,20436,F9,12889,14771,LAS,SFO,77,1,0,0,76,0,24,6,1155.0,0.012987012987012988,0.0,0.3157894736842105,0.07894736842105263,15.197368421052632
2023,4,20436,F9,12889,14869,LAS,SLC,30,0,0,0,30,0,6,4,314.0,0.0,0.0,0.2,0.13333333333333333,10.466666666666667
2023,4,20436,F9,12889,15016,LAS,STL,23,1,0,0,22,0,9,4,541.0,0.043478260869565216,0.0,0.4090909090909091,0.18181818181818182,24.59090909090909
2023,4,20436,F9,12889,15304,LAS,TPA,30,0,0,0,30,0,10,5,564.0,0.0,0.0,0.3333333333333333,0.16666666666666666,18.8
2023,4,20436,F9,12953,10397,LGA,ATL,30,0,0,0,30,0,7,3,257.0,0.0,0.0,0.23333333333333334,0.1,8.566666666666666
2023,4,20436,F9,12953,13204,LGA,MCO,30,0,0,0,30,0,16,4,561.0,0.0,0.0,0.5333333333333333,0.13333333333333333,18.7
2023,4,20436,F9,12953,13303,LGA,MIA,30,1,0,0,29,0,16,4,2040.0,0.03333333333333333,0.0,0.5517241379310345,0.13793103448275862,70.34482758620689
2023,4,20436,F9,13204,10397,MCO,ATL,64,1,0,0,63,0,20,4,1100.0,0.015625,0.0,0.31746031746031744,0.06349206349206349,17.46031746031746
2023,4,20436,F9,13204,10721,MCO,BOS,30,0,0,0,30,0,6,3,-96.0,0.0,0.0,0.2,0.1,-3.2
2023,4,20436,F9,13204,10821,MCO,BWI,62,2,1,0,59,0,22,10,1142.0,0.03225806451612903,0.016129032258064516,0.3728813559322034,0.1694915254237288,19.35593220338983
2023,4,20436,F9,13204,11292,MCO,DEN,85,0,0,0,85,0,26,6,956.0,0.0,0.0,0.3058823529411765,0.07058823529411765,11.24705882352941
2023,4,20436,F9,13204,11298,MCO,DFW,40,0,0,0,40,0,16,4,706.0,0.0,0.0,0.4,0.1,17.65
2023,4,20436,F9,13204,11433,MCO,DTW,33,0,0,0,33,0,5,1,15.0,0.0,0.0,0.15151515151515152,0.030303030303030304,0.45454545454545453
2023,4,20436,F9,13204,12266,MCO,IAH,17,0,0,0,17,0,15,7,1222.0,0.0,0.0,0.8823529411764706,0.4117647058823529,71.88235294117646
2023,4,20436,F9,13204,12889,MCO,LAS,59,0,0,0,59,0,20,8,687.0,0.0,0.0,0.3389830508474576,0.13559322033898305,11.64406779661017
2023,4,20436,F9,13204,12953,MCO,LGA,30,0,1,0,29,0,13,3,650.0,0.0,0.03333333333333333,0.4482758620689655,0.10344827586206896,22.413793103448278
2023,4,20436,F9,13204,13232,MCO,MDW,60,0,0,0,60,0,19,9,1273.0,0.0,0.0,0.31666666666666665,0.15,21.216666666666665
2023,4,20436,F9,13204,13930,MCO,ORD,34,2,0,0,32,0,4,2,335.0,0.058823529411764705,0.0,0.125,0.0625,10.46875
2023,4,20436,F9,13204,14100,MCO,PHL,189,1,1,0,187,0,91,37,6644.0,0.005291005291005291,0.005291005291005291,0.48663101604278075,0.19786096256684493,35.529411764705884
2023,4,20436,F9,13204,14107,MCO,PHX,60,1,0,0,59,0,14,6,848.0,0.016666666666666666,0.0,0.23728813559322035,0.1016949152542373,14.372881355932204
2023,4,20436,F9,13204,14679,MCO,SAN,18,1,0,0,17,0,6,3,217.0,0.05555555555555555,0.0,0.35294117647058826,0.17647058823529413,12.764705882352942
2023,4,20436,F9,13204,15016,MCO,STL,30,0,0,0,30,0,4,1,-64.0,0.0,0.0,0.13333333333333333,0.03333333333333333,-2.1333333333333333
2023,4,20436,F9,13232,10397,MDW,ATL,29,3,0,0,26,0,6,2,283.0,0.10344827586206896,0.0,0.23076923076923078,0.07692307692307693,10.884615384615385
2023,4,20436,F9,13232,11292,MDW,DEN,27,0,0,0,27,0,9,6,433.0,0.0,0.0,0.3333333333333333,0.2222222222222222,16.037037037037038
2023,4,20436,F9,13232,11298,MDW,DFW,30,4,0,0,26,0,10,5,596.0,0.13333333333333333,0.0,0.38461538461538464,0.19230769230769232,22.923076923076923
2023,4,20436,F9,13232,11697,MDW,FLL,30,2,0,0,28,0,16,8,1012.0,0.06666666666666667,0.0,0.5714285714285714,0.2857142857142857,36.142857142857146
2023,4,20436,F9,13232,12889,MDW,LAS,28,0,0,0,28,0,17,4,902.0,0.0,0.0,0.6071428571428571,0.14285714285714285,32.214285714285715
2023,4,20436,F9,13232,13204,MDW,MCO,60,0,0,0,60,0,20,7,1612.0,0.0,0.0,0.3333333333333333,0.11666666666666667,26.866666666666667
2023,4,20436,F9,13232,13303,MDW,MIA,13,0,0,0,13,0,5,4,345.0,0.0,0.0,0.38461538461538464,0.3076923076923077,26.53846153846154
2023,4,20436,F9,13232,14100,MDW,PHL,30,0,0,0,30,0,13,8,1822.0,0.0,0.0,0.43333333333333335,0.26666666666666666,60.733333333333334
2023,4,20436,F9,13232,14107,MDW,PHX,40,2,0,0,38,0,11,5,292.0,0.05,0.0,0.2894736842105263,0.13157894736842105,7.684210526315789
2023,4,20436,F9,13232,15304,MDW,TPA,40,0,0,0,40,0,13,2,693.0,0.0,0.0,0.325,0.05,17.325
2023,4,20436,F9,13303,10397,MIA,ATL,43,2,0,0,41,0,24,13,2170.0,0.046511627906976744,0.0,0.5853658536585366,0.3170731707317073,52.926829268292686
2023,4,20436,F9,13303,10721,MIA,BOS,12,0,0,0,12,0,4,0,1.0,0.0,0.0,0.3333333333333333,0.0,0.08333333333333333
2023,4,20436,F9,13303,10821,MIA,BWI,17,0,0,0,17,0,1,1,-18.0,0.0,0.0,0.058823529411764705,0.058823529411764705,-1.0588235294117647
2023,4,20436,F9,13303,11292,MIA,DEN,30,0,0,0,30,0,13,6,610.0,0.0,0.0,0.43333333333333335,0.2,20.333333333333332
2023,4,20436,F9,13303,11697,MIA,FLL,2,1,1,0,0,0,0,0,0.0,0.5,0.5,,,
2023,4,20436,F9,13303,12889,MIA,LAS,30,0,0,0,30,0,12,6,1902.0,0.0,0.0,0.4,0.2,63.4
2023,4,20436,F9,13303,12953,MIA,LGA,30,1,0,0,29,0,7,2,388.0,0.03333333333333333,0.0,0.2413793103448276,0.06896551724137931,13.379310344827585
2023,4,20436,F9,13303,13232,MIA,MDW,13,0,0,0,13,0,2,1,12.0,0.0,0.0,0.15384615384615385,0.07692307692307693,0.9230769230769231
2023,4,20436,F9,13303,14100,MIA,PHL,42,1,0,0,41,0,12,4,444.0,0.023809523809523808,0.0,0.2926829268292683,0.0975609756097561,10.829268292682928
2023,4,20436,F9,13487,11292,MSP,DEN,36,1,1,0,34,0,5,1,-156.0,0.027777777777777776,0.027777777777777776,0.14705882352941177,0.029411764705882353,-4.588235294117647
2023,4,20436,F9,13487,12889,MSP,LAS,5,0,0,0,5,0,3,1,66.0,0.0,0.0,0.6,0.2,13.2
2023,4,20436,F9,13487,14107,MSP,PHX,25,0,0,0,25,0,7,3,144.0,0.0,0.0,0.28,0.12,5.76
2023,4,20436,F9,13796,11292,OAK,DEN,4,0,0,0,4,0,2,1,166.0,0.0,0.0,0.5,0.25,41.5
2023,4,20436,F9,13796,12889,OAK,LAS,10,1,0,0,9,0,5,0,154.0,0.1,0.0,0.5555555555555556,0.0,17.11111111111111
2023,4,20436,F9,13796,14107,OAK,PHX,12,0,0,0,12,0,5,0,213.0,0.0,0.0,0.4166666666666667,0.0,17.75
2023,4,20436,F9,13930,10397,ORD,ATL,30,1,0,0,29,0,11,4,1729.0,0.03333333333333333,0.0,0.3793103448275862,0.13793103448275862,59.62068965517241
2023,4,20436,F9,13930,12889,ORD,LAS,8,0,0,0,8,0,6,1,1247.0,0.0,0.0,0.75,0.125,155.875
2023,4,20436,F9,13930,13204,ORD,MCO,34,1,0,0,33,0,21,7,1242.0,0.029411764705882353,0.0,0.6363636363636364,0.21212121212121213,37.63636363636363
2023,4,20436,F9,14100,10397,PHL,ATL,60,0,0,0,60,0,30,6,1922.0,0.0,0.0,0.5,0.1,32.03333333333333
2023,4,20436,F9,14100,10721,PHL,BOS,11,0,0,0,11,0,3,1,264.0,0.0,0.0,0.2727272727272727,0.09090909090909091,24.0
2023,4,20436,F9,14100,11292,PHL,DEN,25,0,0,0,25,0,9,5,463.0,0.0,0.0,0.36,0.2,18.52
2023,4,20436,F9,14100,11298,PHL,DFW,25,0,0,0,25,0,14,10,1028.0,0.0,0.0,0.56,0.4,41.12
2023,4,20436,F9,14100,11697,PHL,FLL,38,3,1,0,34,0,12,6,771.0,0.07894736842105263,0.02631578947368421,0.35294117647058826,0.17647058823529413,22.676470588235293
2023,4,20436,F9,14100,12889,PHL,LAS,30,0,0,0,30,0,11,1,208.0,0.0,0.0,0.36666666666666664,0.03333333333333333,6.933333333333334
2023,4,20436,F9,14100,13204,PHL,MCO,189,3,1,0,185,0,69,28,4762.0,0.015873015873015872,0.005291005291005291,0.372972972972973,0.15135135135135136,25.74054054054054
2023,4,20436,F9,14100,13232,PHL,MDW,30,0,1,0,29,0,4,3,214.0,0.0,0.03333333333333333,0.13793103448275862,0.10344827586206896,7.379310344827586
2023,4,20436,F9,14100,13303,PHL,MIA,42,2,0,0,40,0,17,6,771.0,0.047619047619047616,0.0,0.425,0.15,19.275
2023,4,20436,F9,14100,14107,PHL,PHX,18,0,0,0,18,0,13,7,965.0,0.0,0.0,0.7222222222222222,0.3888888888888889,53.611111111111114
2023,4,20436,F9,14100,14635,PHL,RSW,60,0,0,0,60,0,18,10,1112.0,0.0,0.0,0.3,0.16666666666666666,18.533333333333335
2023,4,20436,F9,14100,15304,PHL,TPA,69,0,0,0,69,0,28,9,1406.0,0.0,0.0,0.4057971014492754,0.13043478260869565,20.3768115942029
2023,4,20436,F9,14107,10397,PHX,ATL,30,0,0,0,30,0,13,3,623.0,0.0,0.0,0.43333333333333335,0.1,20.766666666666666
2023,4,20436,F9,14107,10821,PHX,BWI,30,0,1,0,29,0,9,1,220.0,0.0,0.03333333333333333,0.3103448275862069,0.034482758620689655,7.586206896551724
2023,4,20436,F9,14107,11292,PHX,DEN,95,0,0,0,95,0,23,8,1903.0,0.0,0.0,0.24210526315789474,0.08421052631578947,20.03157894736842
2023,4,20436,F9,14107,11298,PHX,DFW,41,1,0,0,40,0,11,2,172.0,0.024390243902439025,0.0,0.275,0.05,4.3
2023,4,20436,F9,14107,11433,PHX,DTW,30,0,0,0,30,0,3,0,-406.0,0.0,0.0,0.1,0.0,-13.533333333333333
2023,4,20436,F9,14107,11697,PHX,FLL,30,2,2,0,26,0,10,2,262.0,0.06666666666666667,0.06666666666666667,0.38461538461538464,0.07692307692307693,10.076923076923077
2023,4,20436,F9,14107,12889,PHX,LAS,60,1,0,0,59,0,24,13,1963.0,0.016666666666666666,0.0,0.4067796610169492,0.22033898305084745,33.271186440677965
2023,4,20436,F9,14107,13204,PHX,MCO,60,2,0,0,58,0,14,3,346.0,0.03333333333333333,0.0,0.2413793103448276,0.05172413793103448,5.9655172413793105
2023,4,20436,F9,14107,13232,PHX,MDW,40,0,0,0,40,0,8,3,125.0,0.0,0.0,0.2,0.075,3.125
2023,4,20436,F9,14107,13487,PHX,MSP,25,0,0,0,25,0,5,3,72.0,0.0,0.0,0.2,0.12,2.88
2023,4,20436,F9,14107,13796,PHX,OAK,12,0,0,0,12,0,4,1,139.0,0.0,0.0,0.3333333333333333,0.08333333333333333,11.583333333333334
2023,4,20436,F9,14107,14100,PHX,PHL,18,0,0,0,18,0,14,5,686.0,0.0,0.0,0.7777777777777778,0.2777777777777778,38.111111111111114
2023,4,20436,F9,14107,14679,PHX,SAN,30,0,0,0,30,0,5,1,-29.0,0.0,0.0,0.16666666666666666,0.03333333333333333,-0.9666666666666667
2023,4,20436,F9,14107,14747,PHX,SEA,16,0,0,0,16,0,4,2,141.0,0.0,0.0,0.25,0.125,8.8125
2023,4,20436,F9,14107,14771,PHX,SFO,30,1,0,0,29,0,3,1,-80.0,0.03333333333333333,0.0,0.10344827586206896,0.034482758620689655,-2.7586206896551726
2023,4,20436,F9,14107,14869,PHX,SLC,30,0,0,0,30,0,4,2,321.0,0.0,0.0,0.13333333333333333,0.06666666666666667,10.7
2023,4,20436,F9,14635,11292,RSW,DEN,2,0,0,0,2,0,0,0,8.0,0.0,0.0,0.0,0.0,4.0
2023,4,20436,F9,14635,14100,RSW,PHL,60,0,1,0,59,0,13,5,399.0,0.0,0.016666666666666666,0.22033898305084745,0.0847457627118644,6.762711864406779
2023,4,20436,F9,14679,11292,SAN,DEN,71,0,1,0,70,0,11,2,423.0,0.0,0.014084507042253521,0.15714285714285714,0.02857142857142857,6.042857142857143
2023,4,20436,F9,14679,11298,SAN,DFW,30,0,0,0,30,0,9,2,1306.0,0.0,0.0,0.3,0.06666666666666667,43.53333333333333
2023,4,20436,F9,14679,12889,SAN,LAS,49,1,0,0,48,0,24,10,1144.0,0.02040816326530612,0.0,0.5,0.20833333333333334,23.833333333333332
2023,4,20436,F9,14679,13204,SAN,MCO,18,0,0,0,18,0,9,1,368.0,0.0,0.0,0.5,0.05555555555555555,20.444444444444443
2023,4,20436,F9,14679,14107,SAN,PHX,30,2,0,0,28,0,10,2,535.0,0.06666666666666667,0.0,0.35714285714285715,0.07142857142857142,19.107142857142858
2023,4,20436,F9,14747,11292,SEA,DEN,30,0,0,0,30,0,17,3,845.0,0.0,0.0,0.5666666666666667,0.1,28.166666666666668
2023,4,20436,F9,14747,12889,SEA,LAS,34,0,0,0,34,0,18,10,1197.0,0.0,0.0,0.5294117647058824,0.29411764705882354,35.205882352941174
2023,4,20436,F9,14747,14107,SEA,PHX,16,0,0,0,16,0,7,3,302.0,0.0,0.0,0.4375,0.1875,18.875
2023,4,20436,F9,14771,10397,SFO,ATL,30,1,0,0,29,0,12,5,643.0,0.03333333333333333,0.0,0.41379310344827586,0.1724137931034483,22.17241379310345
2023,4,20436,F9,14771,11292,SFO,DEN,60,1,0,0,59,0,12,3,401.0,0.016666666666666666,0.0,0.2033898305084746,0.05084745762711865,6.796610169491525
2023,4,20436,F9,14771,11298,SFO,DFW,30,0,0,0,30,0,13,4,591.0,0.0,0.0,0.43333333333333335,0.13333333333333333,19.7
2023,4,20436,F9,14771,12889,SFO,LAS,77,1,0,0,76,0,35,16,3290.0,0.012987012987012988,0.0,0.4605263157894737,0.21052631578947367,43.28947368421053
2023,4,20436,F9,14771,14107,SFO,PHX,30,1,0,0,29,0,3,1,142.0,0.03333333333333333,0.0,0.10344827586206896,0.034482758620689655,4.896551724137931
2023,4,20436,F9,14869,11292,SLC,DEN,60,1,1,0,58,0,22,6,1038.0,0.016666666666666666,0.016666666666666666,0.3793103448275862,0.10344827586206896,17.896551724137932
2023,4,20436,F9,14869,12889,SLC,LAS,30,0,0,0,30,0,14,6,2301.0,0.0,0.0,0.4666666666666667,0.2,76.7
2023,4,20436,F9,14869,14107,SLC,PHX,30,0,0,0,30,0,8,3,419.0,0.0,0.0,0.26666666666666666,0.1,13.966666666666667
2023,4,20436,F9,15016,11292,STL,DEN,30,2,0,0,28,0,8,3,1598.0,0.06666666666666667,0.0,0.2857142857142857,0.10714285714285714,57.07142857142857
2023,4,20436,F9,15016,12889,STL,LAS,23,1,0,0,22,0,12,3,560.0,0.043478260869565216,0.0,0.5454545454545454,0.13636363636363635,25.454545454545453
2023,4,20436,F9,15016,13204,STL,MCO,30,0,0,0,30,0,17,10,1985.0,0.0,0.0,0.5666666666666667,0.3333333333333333,66.16666666666667
2023,4,20436,F9,15016,15304,STL,TPA,10,0,0,0,10,0,6,2,1833.0,0.0,0.0,0.6,0.2,183.3
2023,4,20436,F9,15304,10397,TPA,ATL,30,0,0,0,30,0,14,6,1231.0,0.0,0.0,0.4666666666666667,0.2,41.03333333333333
2023,4,20436,F9,15304,11292,TPA,DEN,77,1,0,0,76,0,14,5,-84.0,0.012987012987012988,0.0,0.18421052631578946,0.06578947368421052,-1.105263157894737
2023,4,20436,F9,15304,11298,TPA,DFW,22,1,0,0,21,0,2,2,-7.0,0.045454545454545456,0.0,0.09523809523809523,0.09523809523809523,-0.3333333333333333
2023,4,20436,F9,15304,11433,TPA,DTW,15,0,0,0,15,0,3,1,68.0,0.0,0.0,0.2,0.06666666666666667,4.533333333333333
2023,4,20436,F9,15304,12889,TPA,LAS,31,0,0,0,31,0,14,7,1154.0,0.0,0.0,0.45161290322580644,0.22580645161290322,37.225806451612904
2023,4,20436,F9,15304,13232,TPA,MDW,40,0,0,0,40,0,15,3,631.0,0.0,0.0,0.375,0.075,15.775
2023,4,20436,F9,15304,14100,TPA,PHL,69,0,0,0,69,0,22,6,855.0,0.0,0.0,0.3188405797101449,0.08695652173913043,12.391304347826088
2023,4,20436,F9,15304,15016,TPA,STL,10,0,0,0,10,0,2,0,39.0,0.0,0.0,0.2,0.0,3.9
2023,4,20452,YX,10397,11278,ATL,DCA,109,1,0,0,108,0,13,5,-357.0,0.009174311926605505,0.0,0.12037037037037036,0.046296296296296294,-3.3055555555555554
2023,4,20452,YX,10397,11618,ATL,EWR,10,0,1,0,9,0,4,0,60.0,0.0,0.1,0.4444444444444444,0.0,6.666666666666667
2023,4,20452,YX,10397,12953,ATL,LGA,116,3,0,0,113,0,11,6,336.0,0.02586206896551724,0.0,0.09734513274336283,0.05309734513274336,2.9734513274336285
2023,4,20452,YX,10397,13930,ATL,ORD,30,0,0,0,30,0,8,2,239.0,0.0,0.0,0.26666666666666666,0.06666666666666667,7.966666666666667
2023,4,20452,YX,10397,14100,ATL,PHL,27,0,0,0,27,0,1,1,62.0,0.0,0.0,0.037037037037037035,0.037037037037037035,2.2962962962962963
2023,4,20452,YX,10721,10821,BOS,BWI,69,0,0,0,69,0,5,2,-874.0,0.0,0.0,0.07246376811594203,0.028985507246376812,-12.666666666666666
2023,4,20452,YX,10721,11278,BOS,DCA,297,5,0,0,292,0,37,15,589.0,0.016835016835016835,0.0,0.1267123287671233,0.05136986301369863,2.017123287671233
2023,4,20452,YX,10721,11618,BOS,EWR,49,7,0,0,42,0,14,6,468.0,0.14285714285714285,0.0,0.3333333333333333,0.14285714285714285,11.142857142857142
2023,4,20452,YX,10721,12478,BOS,JFK,247,6,1,0,240,0,51,21,1861.0,0.024291497975708502,0.004048582995951417,0.2125,0.0875,7.754166666666666
2023,4,20452,YX,10721,12953,BOS,LGA,359,5,1,0,353,0,47,17,-1726.0,0.013927576601671309,0.002785515320334262,0.13314447592067988,0.04815864022662889,-4.889518413597734
2023,4,20452,YX,10721,13930,BOS,ORD,27,0,0,0,27,0,5,1,37.0,0.0,0.0,0.18518518518518517,0.037037037037037035,1.3703703703703705
2023,4,20452,YX,10721,14100,BOS,PHL,108,0,0,0,108,0,12,6,-389.0,0.0,0.0,0.1111111111111111,0.05555555555555555,-3.6018518518518516
2023,4,20452,YX,10721,15016,BOS,STL,45,0,0,0,45,0,1,0,-592.0,0.0,0.0,0.022222222222222223,0.0,-13.155555555555555
2023,4,20452,YX,10821,10721,BWI,BOS,69,0,0,0,69,0,4,2,-811.0,0.0,0.0,0.057971014492753624,0.028985507246376812,-11.753623188405797
2023,4,20452,YX,11278,10397,DCA,ATL,110,1,0,0,109,0,15,5,-24.0,0.00909090909090909,0.0,0.13761467889908258,0.045871559633027525,-0.22018348623853212
2023,4,20452,YX,11278,10721,DCA,BOS,297,1,0,0,296,0,48,24,1283.0,0.003367003367003367,0.0,0.16216216216216217,0.08108108108108109,4.33445945945946
2023,4,20452,YX,11278,11618,DCA,EWR,124,7,0,0,117,0,26,11,259.0,0.056451612903225805,0.0,0.2222222222222222,0.09401709401709402,2.213675213675214
2023,4,20452,YX,11278,12478,DCA,JFK,240,13,0,0,227,0,46,22,1453.0,0.05416666666666667,0.0,0.2026431718061674,0.09691629955947137,6.400881057268722
2023,4,20452,YX,11278,12953,DCA,LGA,392,7,1,0,384,0,87,32,2630.0,0.017857142857142856,0.002551020408163265,0.2265625,0.08333333333333333,6.848958333333333
2023,4,20452,YX,11278,13487,DCA,MSP,5,0,0,0,5,0,0,0,-38.0,0.0,0.0,0.0,0.0,-7.6
2023,4,20452,YX,11278,13930,DCA,ORD,54,3,0,0,51,0,5,3,-502.0,0.05555555555555555,0.0,0.09803921568627451,0.058823529411764705,-9.843137254901961
2023,4,20452,YX,11278,14100,DCA,PHL,30,1,0,0,29,0,5,2,-70.0,0.03333333333333333,0.0,0.1724137931034483,0.06896551724137931,-2.413793103448276
2023,4,20452,YX,11278,15016,DCA,STL,55,3,0,0,52,0,2,1,-445.0,0.05454545454545454,0.0,0.038461538461538464,0.019230769230769232,-8.557692307692308
2023,4,20452,YX,11298,11618,DFW,EWR,10,1,0,0,9,0,5,3,700.0,0.1,0.0,0.5555555555555556,0.3333333333333333,77.77777777777777
2023,4,20452,YX,11433,11618,DTW,EWR,73,4,0,0,69,0,6,3,-818.0,0.0547945205479452,0.0,0.08695652173913043,0.043478260869565216,-11.855072463768115
2023,4,20452,YX,11433,12953,DTW,LGA,96,3,1,0,92,0,11,7,150.0,0.03125,0.010416666666666666,0.11956521739130435,0.07608695652173914,1.6304347826086956
2023,4,20452,YX,11433,13930,DTW,ORD,6,0,0,0,6,0,0,0,-55.0,0.0,0.0,0.0,0.0,-9.166666666666666
2023,4,20452,YX,11433,14100,DTW,PHL,58,0,0,0,58,0,5,2,-189.0,0.0,0.0,0.08620689655172414,0.034482758620689655,-3.2586206896551726
2023,4,20452,YX,11618,10397,EWR,ATL,10,0,0,0,10,0,3,1,75.0,0.0,0.0,0.3,0.1,7.5
2023,4,20452,YX,11618,10721,EWR,BOS,50,4,0,0,46,0,9,5,85.0,0.08,0.0,0.1956521739130435,0.10869565217391304,1.8478260869565217
2023,4,20452,YX,11618,11278,EWR,DCA,124,5,0,0,119,0,19,9,432.0,0.04032258064516129,0.0,0.15966386554621848,0.07563025210084033,3.630252100840336
2023,4,20452,YX,11618,11298,EWR,DFW,10,0,0,0,10,0,6,0,125.0,0.0,0.0,0.6,0.0,12.5
2023,4,20452,YX,11618,11433,EWR,DTW,74,4,0,0,70,0,8,5,-245.0,0.05405405405405406,0.0,0.11428571428571428,0.07142857142857142,-3.5
2023,4,20452,YX,11618,13487,EWR,MSP,5,0,0,0,5,0,1,0,-40.0,0.0,0.0,0.2,0.0,-8.0
2023,4,20452,YX,11618,13930,EWR,ORD,46,3,0,0,43,0,7,3,-92.0,0.06521739130434782,0.0,0.16279069767441862,0.06976744186046512,-2.13953488372093
2023,4,20452,YX,11618,14100,EWR,PHL,4,1,0,0,3,0,1,0,8.0,0.25,0.0,0.3333333333333333,0.0,2.6666666666666665
2023,4,20452,YX,12266,12953,IAH,LGA,54,1,1,0,52,0,9,6,313.0,0.018518518518518517,0.018518518518518517,0.17307692307692307,0.11538461538461539,6.019230769230769
2023,4,20452,YX,12266,14100,IAH,PHL,3,0,0,0,3,0,0,0,-44.0,0.0,0.0,0.0,0.0,-14.666666666666666
2023,4,20452,YX,12478,10721,JFK,BOS,248,5,0,0,243,0,44,21,527.0,0.020161290322580645,0.0,0.18106995884773663,0.08641975308641975,2.168724279835391
2023,4,20452,YX,12478,11278,JFK,DCA,240,10,1,0,229,0,54,26,3454.0,0.041666666666666664,0.004166666666666667,0.23580786026200873,0.11353711790393013,15.08296943231441
2023,4,20452,YX,12953,10397,LGA,ATL,116,3,0,0,113,0,11,5,-177.0,0.02586206896551724,0.0,0.09734513274336283,0.04424778761061947,-1.5663716814159292
2023,4,20452,YX,12953,10721,LGA,BOS,358,0,0,0,358,0,47,24,-1309.0,0.0,0.0,0.13128491620111732,0.0670391061452514,-3.6564245810055866
2023,4,20452,YX,12953,11278,LGA,DCA,392,6,0,0,386,0,54,25,-248.0,0.015306122448979591,0.0,0.13989637305699482,0.06476683937823834,-0.6424870466321243
2023,4,20452,YX,12953,11433,LGA,DTW,96,3,0,0,93,0,10,4,-845.0,0.03125,0.0,0.10752688172043011,0.043010752688172046,-9.086021505376344
2023,4,20452,YX,12953,12266,LGA,IAH,54,1,2,0,51,0,7,1,-589.0,0.018518518518518517,0.037037037037037035,0.13725490196078433,0.0196078431372549,-11.549019607843137
2023,4,20452,YX,12953,13487,LGA,MSP,52,0,0,0,52,0,7,3,-279.0,0.0,0.0,0.1346153846153846,0.057692307692307696,-5.365384615384615
2023,4,20452,YX,12953,13930,LGA,ORD,83,2,0,0,81,0,8,4,-881.0,0.024096385542168676,0.0,0.09876543209876543,0.04938271604938271,-10.876543209876543
2023,4,20452,YX,12953,15016,LGA,STL,141,1,1,0,139,0,13,5,-1620.0,0.0070921985815602835,0.0070921985815602835,0.09352517985611511,0.03597122302158273,-11.654676258992806
2023,4,20452,YX,13303,15304,MIA,TPA,1,0,0,0,1,0,0,0,-7.0,0.0,0.0,0.0,0.0,-7.0
2023,4,20452,YX,13487,11278,MSP,DCA,5,0,0,0,5,0,0,0,-62.0,0.0,0.0,0.0,0.0,-12.4
2023,4,20452,YX,13487,11618,MSP,EWR,5,0,0,0,5,0,3,1,1201.0,0.0,0.0,0.6,0.2,240.2
2023,4,20452,YX,13487,12953,MSP,LGA,52,1,1,0,50,0,10,3,181.0,0.019230769230769232,0.019230769230769232,0.2,0.06,3.62
2023,4,20452,YX,13487,13930,MSP,ORD,44,1,0,0,43,0,10,5,756.0,0.022727272727272728,0.0,0.23255813953488372,0.11627906976744186,17.58139534883721
2023,4,20452,YX,13487,14100,MSP,PHL,33,2,0,0,31,0,5,1,40.0,0.06060606060606061,0.0,0.16129032258064516,0.03225806451612903,1.2903225806451613
2023,4,20452,YX,13930,10397,ORD,ATL,30,0,0,0,30,0,9,2,249.0,0.0,0.0,0.3,0.06666666666666667,8.3
2023,4,20452,YX,13930,10721,ORD,BOS,27,1,0,0,26,0,9,3,316.0,0.037037037037037035,0.0,0.34615384615384615,0.11538461538461539,12.153846153846153
2023,4,20452,YX,13930,11278,ORD,DCA,54,1,1,0,52,0,5,2,-376.0,0.018518518518518517,0.018518518518518517,0.09615384615384616,0.038461538461538464,-7.230769230769231
2023,4,20452,YX,13930,11433,ORD,DTW,6,0,0,0,6,0,1,0,-11.0,0.0,0.0,0.16666666666666666,0.0,-1.8333333333333333
2023,4,20452,YX,13930,11618,ORD,EWR,46,2,0,0,44,0,9,1,-60.0,0.043478260869565216,0.0,0.20454545454545456,0.022727272727272728,-1.3636363636363635
2023,4,20452,YX,13930,12953,ORD,LGA,83,2,0,0,81,0,9,4,-256.0,0.024096385542168676,0.0,0.1111111111111111,0.04938271604938271,-3.1604938271604937
2023,4,20452,YX,13930,13487,ORD,MSP,43,1,0,0,42,0,9,4,387.0,0.023255813953488372,0.0,0.21428571428571427,0.09523809523809523,9.214285714285714
2023,4,20452,YX,13930,15016,ORD,STL,28,1,0,0,27,0,5,1,15.0,0.03571428571428571,0.0,0.18518518518518517,0.037037037037037035,0.5555555555555556
2023,4,20452,YX,14100,10397,PHL,ATL,27,0,0,0,27,0,2,0,-119.0,0.0,0.0,0.07407407407407407,0.0,-4.407407407407407
2023,4,20452,YX,14100,10721,PHL,BOS,108,0,0,0,108,0,13,6,-164.0,0.0,0.0,0.12037037037037036,0.05555555555555555,-1.5185185185185186
2023,4,20452,YX,14100,11278,PHL,DCA,33,0,0,0,33,0,5,1,-69.0,0.0,0.0,0.15151515151515152,0.030303030303030304,-2.090909090909091
2023,4,20452,YX,14100,11433,PHL,DTW,58,1,0,0,57,0,3,2,-277.0,0.017241379310344827,0.0,0.05263157894736842,0.03508771929824561,-4.859649122807017
2023,4,20452,YX,14100,11618,PHL,EWR,5,2,0,0,3,0,1,0,-13.0,0.4,0.0,0.3333333333333333,0.0,-4.333333333333333
2023,4,20452,YX,14100,12266,PHL,IAH,2,0,0,0,2,0,2,1,108.0,0.0,0.0,1.0,0.5,54.0
2023,4,20452,YX,14100,13487,PHL,MSP,33,1,0,0,32,0,3,1,-426.0,0.030303030303030304,0.0,0.09375,0.03125,-13.3125
2023,4,20452,YX,14100,15016,PHL,STL,3,0,0,0,3,0,1,1,52.0,0.0,0.0,0.3333333333333333,0.3333333333333333,17.333333333333332
2023,4,20452,YX,15016,10721,STL,BOS,45,1,0,0,44,0,2,1,-286.0,0.022222222222222223,0.0,0.045454545454545456,0.022727272727272728,-6.5
2023,4,20452,YX,15016,11278,STL,DCA,55,1,0,0,54,0,1,0,-521.0,0.01818181818181818,0.0,0.018518518518518517,0.0,-9.648148148148149
2023,4,20452,YX,15016,12953,STL,LGA,141,0,0,0,141,0,18,8,-233.0,0.0,0.0,0.1276595744680851,0.05673758865248227,-1.6524822695035462
2023,4,20452,YX,15016,13930,STL,ORD,27,0,0,0,27,0,5,2,252.0,0.0,0.0,0.18518518518518517,0.07407407407407407,9.333333333333334
2023,4,20452,YX,15016,14100,STL,PHL,3,0,0,0,3,0,1,0,33.0,0.0,0.0,0.3333333333333333,0.0,11.0
2023,4,20452,YX,15304,13303,TPA,MIA,1,0,0,0,1,0,0,0,-7.0,0.0,0.0,0.0,0.0,-7.0
2023,5,19393,WN,10397,10821,ATL,BWI,196,0,0,0,196,0,39,3,685.0,0.0,0.0,0.1989795918367347,0.015306122448979591,3.4948979591836733
2023,5,19393,WN,10397,11278,ATL,DCA,116,0,0,0,116,0,22,1,476.0,0.0,0.0,0.1896551724137931,0.008620689655172414,4.103448275862069
2023,5,19393,WN,10397,11292,ATL,DEN,123,1,0,0,122,0,30,8,263.0,0.008130081300813009,0.0,0.2459016393442623,0.06557377049180328,2.1557377049180326
2023,5,19393,WN,10397,11697,ATL,FLL,94,0,0,0,94,0,33,14,1972.0,0.0,0.0,0.35106382978723405,0.14893617021276595,20.97872340425532
2023,5,19393,WN,10397,12889,ATL,LAS,39,0,0,0,39,0,2,1,-421.0,0.0,0.0,0.05128205128205128,0.02564102564102564,-10.794871794871796
2023,5,19393,WN,10397,12892,ATL,LAX,4,0,0,0,4,0,1,0,-12.0,0.0,0.0,0.25,0.0,-3.0
2023,5,19393,WN,10397,12953,ATL,LGA,120,0,0,0,120,0,31,7,791.0,0.0,0.0,0.25833333333333336,0.058333333333333334,6.591666666666667
2023,5,19393,WN,10397,13204,ATL,MCO,144,1,0,0,143,0,32,11,1358.0,0.006944444444444444,0.0,0.22377622377622378,0.07692307692307693,9.496503496503497
2023,5,19393,WN,10397,13232,ATL,MDW,151,0,0,0,151,0,27,5,994.0,0.0,0.0,0.17880794701986755,0.033112582781456956,6.582781456953643
2023,5,19393,WN,10397,13303,ATL,MIA,62,0,0,0,62,0,17,1,411.0,0.0,0.0,0.27419354838709675,0.016129032258064516,6.629032258064516
2023,5,19393,WN,10397,13796,ATL,OAK,4,0,0,0,4,0,0,0,-72.0,0.0,0.0,0.0,0.0,-18.0
2023,5,19393,WN,10397,14100,ATL,PHL,35,0,0,0,35,0,19,3,653.0,0.0,0.0,0.5428571428571428,0.08571428571428572,18.65714285714286
2023,5,19393,WN,10397,14107,ATL,PHX,43,0,0,0,43,0,2,0,-417.0,0.0,0.0,0.046511627906976744,0.0,-9.69767441860465
2023,5,19393,WN,10397,14635,ATL,RSW,39,0,0,0,39,0,12,2,306.0,0.0,0.0,0.3076923076923077,0.05128205128205128,7.846153846153846
2023,5,19393,WN,10397,14679,ATL,SAN,4,0,0,0,4,0,0,0,-50.0,0.0,0.0,0.0,0.0,-12.5
2023,5,19393,WN,10397,15016,ATL,STL,89,0,0,0,89,0,23,6,711.0,0.0,0.0,0.25842696629213485,0.06741573033707865,7.98876404494382
2023,5,19393,WN,10397,15304,ATL,TPA,123,0,0,0,123,0,33,7,1189.0,0.0,0.0,0.2682926829268293,0.056910569105691054,9.666666666666666
2023,5,19393,WN,10721,10821,BOS,BWI,249,1,0,0,248,0,42,3,427.0,0.004016064257028112,0.0,0.1693548387096774,0.012096774193548387,1.721774193548387
2023,5,19393,WN,10721,11292,BOS,DEN,39,0,1,0,38,0,4,0,-285.0,0.0,0.02564102564102564,0.10526315789473684,0.0,-7.5
2023,5,19393,WN,10721,13204,BOS,MCO,4,0,0,0,4,0,0,0,-71.0,0.0,0.0,0.0,0.0,-17.75
2023,5,19393,WN,10721,13232,BOS,MDW,120,0,0,0,120,0,19,2,199.0,0.0,0.0,0.15833333333333333,0.016666666666666666,1.6583333333333334
2023,5,19393,WN,10721,15016,BOS,STL,58,0,0,0,58,0,21,2,506.0,0.0,0.0,0.3620689655172414,0.034482758620689655,8.724137931034482
2023,5,19393,WN,10821,10397,BWI,ATL,196,0,1,0,195,0,50,6,1068.0,0.0,0.00510204081632653,0.2564102564102564,0.03076923076923077,5.476923076923077
2023,5,19393,WN,10821,10721,BWI,BOS,248,0,0,0,248,0,76,8,2323.0,0.0,0.0,0.3064516129032258,0.03225806451612903,9.366935483870968
2023,5,19393,WN,10821,11292,BWI,DEN,174,2,0,0,172,0,31,5,-125.0,0.011494252873563218,0.0,0.18023255813953487,0.029069767441860465,-0.7267441860465116
2023,5,19393,WN,10821,11433,BWI,DTW,62,0,0,0,62,0,19,7,1129.0,0.0,0.0,0.3064516129032258,0.11290322580645161,18.20967741935484
2023,5,19393,WN,10821,11697,BWI,FLL,279,1,1,0,277,0,50,9,192.0,0.0035842293906810036,0.0035842293906810036,0.18050541516245489,0.032490974729241874,0.6931407942238267
2023,5,19393,WN,10821,12889,BWI,LAS,97,0,0,0,97,0,28,9,1003.0,0.0,0.0,0.28865979381443296,0.09278350515463918,10.34020618556701
2023,5,19393,WN,10821,12892,BWI,LAX,39,0,0,0,39,0,7,0,-401.0,0.0,0.0,0.1794871794871795,0.0,-10.282051282051283
2023,5,19393,WN,10821,13204,BWI,MCO,345,2,2,0,341,0,72,18,1542.0,0.005797101449275362,0.005797101449275362,0.21114369501466276,0.05278592375366569,4.521994134897361
2023,5,19393,WN,10821,13232,BWI,MDW,176,0,0,0,176,0,27,1,-220.0,0.0,0.0,0.1534090909090909,0.005681818181818182,-1.25
2023,5,19393,WN,10821,13303,BWI,MIA,124,0,1,0,123,0,23,4,256.0,0.0,0.008064516129032258,0.18699186991869918,0.032520325203252036,2.0813008130081303
2023,5,19393,WN,10821,13487,BWI,MSP,35,0,1,0,34,0,6,1,127.0,0.0,0.02857142857142857,0.17647058823529413,0.029411764705882353,3.735294117647059
2023,5,19393,WN,10821,13930,BWI,ORD,89,0,0,0,89,0,15,0,-16.0,0.0,0.0,0.16853932584269662,0.0,-0.1797752808988764
2023,5,19393,WN,10821,14107,BWI,PHX,88,0,0,0,88,0,16,0,-238.0,0.0,0.0,0.18181818181818182,0.0,-2.7045454545454546
2023,5,19393,WN,10821,14635,BWI,RSW,149,1,0,0,148,0,29,4,59.0,0.006711409395973154,0.0,0.19594594594594594,0.02702702702702703,0.39864864864864863
2023,5,19393,WN,10821,14679,BWI,SAN,39,0,2,0,37,0,2,1,-338.0,0.0,0.05128205128205128,0.05405405405405406,0.02702702702702703,-9.135135135135135
2023,5,19393,WN,10821,14869,BWI,SLC,4,0,0,0,4,0,1,1,98.0,0.0,0.0,0.25,0.25,24.5
2023,5,19393,WN,10821,15016,BWI,STL,101,0,0,0,101,0,13,2,-150.0,0.0,0.0,0.12871287128712872,0.019801980198019802,-1.4851485148514851
2023,5,19393,WN,10821,15304,BWI,TPA,245,0,1,0,244,0,45,5,-58.0,0.0,0.004081632653061225,0.18442622950819673,0.020491803278688523,-0.23770491803278687
2023,5,19393,WN,11278,10397,DCA,ATL,116,0,0,0,116,0,17,7,422.0,0.0,0.0,0.14655172413793102,0.0603448275862069,3.6379310344827585
2023,5,19393,WN,11278,11697,DCA,FLL,58,0,0,0,58,0,8,3,63.0,0.0,0.0,0.13793103448275862,0.05172413793103448,1.0862068965517242
2023,5,19393,WN,11278,13204,DCA,MCO,74,0,1,0,73,0,13,1,10.0,0.0,0.013513513513513514,0.1780821917808219,0.0136986301369863,0.136986301369863
2023,5,19393,WN,11278,13232,DCA,MDW,178,0,0,0,178,0,34,3,-158.0,0.0,0.0,0.19101123595505617,0.016853932584269662,-0.8876404494382022
2023,5,19393,WN,11278,15016,DCA,STL,116,0,0,0,116,0,16,3,165.0,0.0,0.0,0.13793103448275862,0.02586206896551724,1.4224137931034482
2023,5,19393,WN,11278,15304,DCA,TPA,66,0,0,0,66,0,9,3,-9.0,0.0,0.0,0.13636363636363635,0.045454545454545456,-0.13636363636363635
2023,5,19393,WN,11292,10397,DEN,ATL,122,1,0,0,121,0,41,9,1714.0,0.00819672131147541,0.0,0.33884297520661155,0.0743801652892562,14.165289256198347
2023,5,19393,WN,11292,10721,DEN,BOS,39,0,0,0,39,0,19,5,843.0,0.0,0.0,0.48717948717948717,0.1282051282051282,21.615384615384617
2023,5,19393,WN,11292,10821,DEN,BWI,174,4,0,0,170,0,51,19,2559.0,0.022988505747126436,0.0,0.3,0.11176470588235295,15.052941176470588
2023,5,19393,WN,11292,11433,DEN,DTW,31,0,0,0,31,0,9,0,223.0,0.0,0.0,0.2903225806451613,0.0,7.193548387096774
2023,5,19393,WN,11292,11697,DEN,FLL,8,0,0,0,8,0,0,0,-66.0,0.0,0.0,0.0,0.0,-8.25
2023,5,19393,WN,11292,12266,DEN,IAH,89,1,0,0,88,0,30,11,1306.0,0.011235955056179775,0.0,0.3409090909090909,0.125,14.840909090909092
2023,5,19393,WN,11292,12889,DEN,LAS,391,12,2,0,377,0,126,41,5868.0,0.030690537084398978,0.005115089514066497,0.33421750663129973,0.10875331564986737,15.564986737400531
2023,5,19393,WN,11292,12892,DEN,LAX,197,2,0,0,195,0,49,11,1458.0,0.01015228426395939,0.0,0.2512820512820513,0.05641025641025641,7.476923076923077
2023,5,19393,WN,11292,12953,DEN,LGA,108,0,0,0,108,0,38,8,1615.0,0.0,0.0,0.35185185185185186,0.07407407407407407,14.953703703703704
2023,5,19393,WN,11292,13204,DEN,MCO,168,1,1,0,166,0,72,30,3927.0,0.005952380952380952,0.005952380952380952,0.43373493975903615,0.18072289156626506,23.656626506024097
2023,5,19393,WN,11292,13232,DEN,MDW,280,5,0,0,275,0,76,27,4094.0,0.017857142857142856,0.0,0.27636363636363637,0.09818181818181818,14.887272727272727
2023,5,19393,WN,11292,13303,DEN,MIA,4,0,0,0,4,0,0,0,-54.0,0.0,0.0,0.0,0.0,-13.5
2023,5,19393,WN,11292,13487,DEN,MSP,213,2,0,0,211,0,65,12,2074.0,0.009389671361502348,0.0,0.3080568720379147,0.05687203791469194,9.829383886255924
2023,5,19393,WN,11292,13796,DEN,OAK,173,2,0,0,171,0,42,6,765.0,0.011560693641618497,0.0,0.24561403508771928,0.03508771929824561,4.473684210526316
2023,5,19393,WN,11292,13930,DEN,ORD,148,1,0,0,147,0,58,17,2899.0,0.006756756756756757,0.0,0.3945578231292517,0.11564625850340136,19.72108843537415
2023,5,19393,WN,11292,14100,DEN,PHL,35,0,0,0,35,0,12,1,430.0,0.0,0.0,0.34285714285714286,0.02857142857142857,12.285714285714286
2023,5,19393,WN,11292,14107,DEN,PHX,377,5,0,0,372,0,123,31,4910.0,0.013262599469496022,0.0,0.33064516129032256,0.08333333333333333,13.198924731182796
2023,5,19393,WN,11292,14635,DEN,RSW,4,0,0,0,4,0,2,0,69.0,0.0,0.0,0.5,0.0,17.25
2023,5,19393,WN,11292,14679,DEN,SAN,205,1,1,0,203,0,51,12,1783.0,0.004878048780487805,0.004878048780487805,0.2512315270935961,0.059113300492610835,8.783251231527094
2023,5,19393,WN,11292,14747,DEN,SEA,145,1,0,0,144,0,37,12,1249.0,0.006896551724137931,0.0,0.2569444444444444,0.08333333333333333,8.67361111111111
2023,5,19393,WN,11292,14771,DEN,SFO,135,2,0,0,133,0,62,16,2497.0,0.014814814814814815,0.0,0.46616541353383456,0.12030075187969924,18.774436090225564
2023,5,19393,WN,11292,14869,DEN,SLC,242,5,0,0,237,0,57,12,1474.0,0.02066115702479339,0.0,0.24050632911392406,0.05063291139240506,6.219409282700422
2023,5,19393,WN,11292,15016,DEN,STL,173,2,0,0,171,0,52,16,2525.0,0.011560693641618497,0.0,0.30409356725146197,0.0935672514619883,14.76608187134503
2023,5,19393,WN,11292,15304,DEN,TPA,93,0,0,0,93,0,39,10,1572.0,0.0,0.0,0.41935483870967744,0.10752688172043011,16.903225806451612
2023,5,19393,WN,11433,10821,DTW,BWI,61,0,0,0,61,0,11,0,117.0,0.0,0.0,0.18032786885245902,0.0,1.9180327868852458
2023,5,19393,WN,11433,11292,DTW,DEN,31,0,0,0,31,0,7,1,121.0,0.0,0.0,0.22580645161290322,0.03225806451612903,3.903225806451613
2023,5,19393,WN,11433,13204,DTW,MCO,4,0,0,0,4,0,0,0,-26.0,0.0,0.0,0.0,0.0,-6.5
2023,5,19393,WN,11433,13232,DTW,MDW,108,0,0,0,108,0,11,4,-24.0,0.0,0.0,0.10185185185185185,0.037037037037037035,-0.2222222222222222
2023,5,19393,WN,11433,14107,DTW,PHX,4,0,0,0,4,0,0,0,-14.0,0.0,0.0,0.0,0.0,-3.5
2023,5,19393,WN,11433,15016,DTW,STL,54,0,0,0,54,0,5,2,-82.0,0.0,0.0,0.09259259259259259,0.037037037037037035,-1.5185185185185186
2023,5,19393,WN,11697,10397,FLL,ATL,94,0,0,0,94,0,14,6,257.0,0.0,0.0,0.14893617021276595,0.06382978723404255,2.734042553191489
2023,5,19393,WN,11697,10821,FLL,BWI,279,1,1,0,277,0,60,18,1361.0,0.0035842293906810036,0.0035842293906810036,0.21660649819494585,0.06498194945848375,4.913357400722021
2023,5,19393,WN,11697,11278,FLL,DCA,58,0,0,0,58,0,14,2,182.0,0.0,0.0,0.2413793103448276,0.034482758620689655,3.1379310344827585
2023,5,19393,WN,11697,11292,FLL,DEN,8,0,0,0,8,0,2,0,7.0,0.0,0.0,0.25,0.0,0.875
2023,5,19393,WN,11697,12889,FLL,LAS,4,0,0,0,4,0,3,0,104.0,0.0,0.0,0.75,0.0,26.0
2023,5,19393,WN,11697,13204,FLL,MCO,61,0,0,0,61,0,14,5,529.0,0.0,0.0,0.22950819672131148,0.08196721311475409,8.672131147540984
2023,5,19393,WN,11697,13232,FLL,MDW,101,0,0,0,101,0,11,4,-249.0,0.0,0.0,0.10891089108910891,0.039603960396039604,-2.4653465346534653
2023,5,19393,WN,11697,13930,FLL,ORD,4,0,0,0,4,0,1,0,-24.0,0.0,0.0,0.25,0.0,-6.0
2023,5,19393,WN,11697,14100,FLL,PHL,4,0,0,0,4,0,1,0,-10.0,0.0,0.0,0.25,0.0,-2.5
2023,5,19393,WN,11697,14107,FLL,PHX,4,0,0,0,4,0,1,0,11.0,0.0,0.0,0.25,0.0,2.75
2023,5,19393,WN,11697,15016,FLL,STL,42,0,0,0,42,0,13,0,260.0,0.0,0.0,0.30952380952380953,0.0,6.190476190476191
2023,5,19393,WN,11697,15304,FLL,TPA,58,0,0,0,58,0,11,5,298.0,0.0,0.0,0.1896551724137931,0.08620689655172414,5.137931034482759
2023,5,19393,WN,12173,12889,HNL,LAS,62,0,0,0,62,0,12,2,224.0,0.0,0.0,0.1935483870967742,0.03225806451612903,3.6129032258064515
2023,5,19393,WN,12173,12892,HNL,LAX,31,0,1,0,30,0,11,2,465.0,0.0,0.03225806451612903,0.36666666666666664,0.06666666666666667,15.5
2023,5,19393,WN,12173,13796,HNL,OAK,62,0,0,0,62,0,12,0,-41.0,0.0,0.0,0.1935483870967742,0.0,-0.6612903225806451
2023,5,19393,WN,12173,14107,HNL,PHX,31,0,0,0,31,0,2,1,-13.0,0.0,0.0,0.06451612903225806,0.03225806451612903,-0.41935483870967744
2023,5,19393,WN,12173,14679,HNL,SAN,62,1,0,0,61,0,11,0,-106.0,0.016129032258064516,0.0,0.18032786885245902,0.0,-1.7377049180327868
2023,5,19393,WN,12266,11292,IAH,DEN,89,3,0,0,86,0,21,5,495.0,0.033707865168539325,0.0,0.2441860465116279,0.05813953488372093,5.755813953488372
2023,5,19393,WN,12266,12889,IAH,LAS,58,0,0,0,58,0,11,4,224.0,0.0,0.0,0.1896551724137931,0.06896551724137931,3.8620689655172415
2023,5,19393,WN,12266,13204,IAH,MCO,31,1,0,0,30,0,4,1,-176.0,0.03225806451612903,0.0,0.13333333333333333,0.03333333333333333,-5.866666666666666
2023,5,19393,WN,12266,13232,IAH,MDW,53,1,0,0,52,0,10,5,318.0,0.018867924528301886,0.0,0.19230769230769232,0.09615384615384616,6.115384615384615
2023,5,19393,WN,12889,10397,LAS,ATL,39,0,0,0,39,0,19,3,663.0,0.0,0.0,0.48717948717948717,0.07692307692307693,17.0
2023,5,19393,WN,12889,10821,LAS,BWI,97,1,0,0,96,0,44,15,1942.0,0.010309278350515464,0.0,0.4583333333333333,0.15625,20.229166666666668
2023,5,19393,WN,12889,11292,LAS,DEN,387,11,1,0,375,0,162,51,8017.0,0.028423772609819122,0.002583979328165375,0.432,0.136,21.378666666666668
2023,5,19393,WN,12889,11697,LAS,FLL,4,0,0,0,4,0,1,0,43.0,0.0,0.0,0.25,0.0,10.75
2023,5,19393,WN,12889,12173,LAS,HNL,62,0,0,0,62,0,11,2,-20.0,0.0,0.0,0.1774193548387097,0.03225806451612903,-0.3225806451612903
2023,5,19393,WN,12889,12266,LAS,IAH,58,0,0,0,58,0,25,8,1337.0,0.0,0.0,0.43103448275862066,0.13793103448275862,23.051724137931036
2023,5,19393,WN,12889,12892,LAS,LAX,296,4,0,0,292,0,135,34,6427.0,0.013513513513513514,0.0,0.4623287671232877,0.11643835616438356,22.01027397260274
2023,5,19393,WN,12889,13204,LAS,MCO,8,0,0,0,8,0,5,2,313.0,0.0,0.0,0.625,0.25,39.125
2023,5,19393,WN,12889,13232,LAS,MDW,285,1,1,0,283,0,113,25,4306.0,0.0035087719298245615,0.0035087719298245615,0.3992932862190813,0.08833922261484099,15.215547703180212
2023,5,19393,WN,12889,13796,LAS,OAK,368,1,0,0,367,0,122,37,5564.0,0.002717391304347826,0.0,0.33242506811989103,0.1008174386920981,15.160762942779291
2023,5,19393,WN,12889,13930,LAS,ORD,66,0,0,0,66,0,42,6,1655.0,0.0,0.0,0.6363636363636364,0.09090909090909091,25.075757575757574
2023,5,19393,WN,12889,14107,LAS,PHX,319,5,0,0,314,0,111,33,5675.0,0.01567398119122257,0.0,0.3535031847133758,0.10509554140127389,18.073248407643312
2023,5,19393,WN,12889,14679,LAS,SAN,456,12,0,0,444,0,140,30,5435.0,0.02631578947368421,0.0,0.3153153153153153,0.06756756756756757,12.24099099099099
2023,5,19393,WN,12889,14747,LAS,SEA,66,0,0,0,66,0,18,6,517.0,0.0,0.0,0.2727272727272727,0.09090909090909091,7.833333333333333
2023,5,19393,WN,12889,14771,LAS,SFO,112,0,0,0,112,0,47,11,2242.0,0.0,0.0,0.41964285714285715,0.09821428571428571,20.017857142857142
2023,5,19393,WN,12889,14869,LAS,SLC,162,0,0,0,162,0,61,19,2669.0,0.0,0.0,0.3765432098765432,0.11728395061728394,16.47530864197531
2023,5,19393,WN,12889,15016,LAS,STL,124,1,0,0,123,0,56,14,2741.0,0.008064516129032258,0.0,0.45528455284552843,0.11382113821138211,22.284552845528456
2023,5,19393,WN,12889,15304,LAS,TPA,8,0,0,0,8,0,3,0,72.0,0.0,0.0,0.375,0.0,9.0
2023,5,19393,WN,12892,10397,LAX,ATL,4,0,0,0,4,0,2,0,28.0,0.0,0.0,0.5,0.0,7.0
2023,5,19393,WN,12892,10821,LAX,BWI,39,0,0,0,39,0,5,0,-109.0,0.0,0.0,0.1282051282051282,0.0,-2.7948717948717947
2023,5,19393,WN,12892,11292,LAX,DEN,197,2,2,0,193,0,58,19,2050.0,0.01015228426395939,0.01015228426395939,0.3005181347150259,0.09844559585492228,10.621761658031089
2023,5,19393,WN,12892,12173,LAX,HNL,31,0,0,0,31,0,2,2,147.0,0.0,0.0,0.06451612903225806,0.06451612903225806,4.741935483870968
2023,5,19393,WN,12892,12889,LAX,LAS,296,3,0,0,293,0,110,28,4275.0,0.010135135135135136,0.0,0.37542662116040953,0.09556313993174062,14.590443686006825
2023,5,19393,WN,12892,13232,LAX,MDW,133,0,0,0,133,0,27,5,687.0,0.0,0.0,0.20300751879699247,0.03759398496240601,5.165413533834586
2023,5,19393,WN,12892,13796,LAX,OAK,276,1,0,0,275,0,32,5,-728.0,0.0036231884057971015,0.0,0.11636363636363636,0.01818181818181818,-2.6472727272727274
2023,5,19393,WN,12892,14107,LAX,PHX,220,0,1,0,219,0,59,15,1494.0,0.0,0.004545454545454545,0.2694063926940639,0.0684931506849315,6.821917808219178
2023,5,19393,WN,12892,14771,LAX,SFO,161,0,0,0,161,0,49,12,1735.0,0.0,0.0,0.30434782608695654,0.07453416149068323,10.77639751552795
2023,5,19393,WN,12892,14869,LAX,SLC,31,0,0,0,31,0,6,0,25.0,0.0,0.0,0.1935483870967742,0.0,0.8064516129032258
2023,5,19393,WN,12892,15016,LAX,STL,81,0,0,0,81,0,21,6,969.0,0.0,0.0,0.25925925925925924,0.07407407407407407,11.962962962962964
2023,5,19393,WN,12953,10397,LGA,ATL,120,0,0,0,120,0,18,6,199.0,0.0,0.0,0.15,0.05,1.6583333333333334
2023,5,19393,WN,12953,11292,LGA,DEN,108,0,1,0,107,0,21,3,-414.0,0.0,0.009259259259259259,0.19626168224299065,0.028037383177570093,-3.869158878504673
2023,5,19393,WN,12953,13204,LGA,MCO,4,1,0,0,3,0,1,0,56.0,0.25,0.0,0.3333333333333333,0.0,18.666666666666668
2023,5,19393,WN,12953,13232,LGA,MDW,216,0,0,0,216,0,33,6,-308.0,0.0,0.0,0.1527777777777778,0.027777777777777776,-1.4259259259259258
2023,5,19393,WN,12953,15016,LGA,STL,135,1,0,0,134,0,16,3,-729.0,0.007407407407407408,0.0,0.11940298507462686,0.022388059701492536,-5.440298507462686
2023,5,19393,WN,12953,15304,LGA,TPA,31,0,0,0,31,0,7,1,232.0,0.0,0.0,0.22580645161290322,0.03225806451612903,7.483870967741935
2023,5,19393,WN,13204,10397,MCO,ATL,145,1,0,0,144,0,30,9,989.0,0.006896551724137931,0.0,0.20833333333333334,0.0625,6.868055555555555
2023,5,19393,WN,13204,10721,MCO,BOS,4,0,0,0,4,0,1,0,64.0,0.0,0.0,0.25,0.0,16.0
2023,5,19393,WN,13204,10821,MCO,BWI,343,1,0,0,342,0,67,17,2143.0,0.0029154518950437317,0.0,0.195906432748538,0.049707602339181284,6.266081871345029
2023,5,19393,WN,13204,11278,MCO,DCA,74,0,0,0,74,0,22,5,687.0,0.0,0.0,0.2972972972972973,0.06756756756756757,9.283783783783784
2023,5,19393,WN,13204,11292,MCO,DEN,167,2,2,0,163,0,38,9,505.0,0.011976047904191617,0.011976047904191617,0.2331288343558282,0.05521472392638037,3.098159509202454
2023,5,19393,WN,13204,11433,MCO,DTW,4,0,0,0,4,0,1,0,60.0,0.0,0.0,0.25,0.0,15.0
2023,5,19393,WN,13204,11697,MCO,FLL,61,0,0,0,61,0,11,2,58.0,0.0,0.0,0.18032786885245902,0.03278688524590164,0.9508196721311475
2023,5,19393,WN,13204,12266,MCO,IAH,31,0,0,0,31,0,3,2,-267.0,0.0,0.0,0.0967741935483871,0.06451612903225806,-8.612903225806452
2023,5,19393,WN,13204,12889,MCO,LAS,8,0,0,0,8,0,0,0,-139.0,0.0,0.0,0.0,0.0,-17.375
2023,5,19393,WN,13204,12953,MCO,LGA,4,0,0,0,4,0,1,1,132.0,0.0,0.0,0.25,0.25,33.0
2023,5,19393,WN,13204,13232,MCO,MDW,235,0,1,0,234,0,54,16,1551.0,0.0,0.00425531914893617,0.23076923076923078,0.06837606837606838,6.628205128205129
2023,5,19393,WN,13204,13930,MCO,ORD,66,0,0,0,66,0,14,0,88.0,0.0,0.0,0.21212121212121213,0.0,1.3333333333333333
2023,5,19393,WN,13204,14100,MCO,PHL,20,0,0,0,20,0,1,0,-21.0,0.0,0.0,0.05,0.0,-1.05
2023,5,19393,WN,13204,14107,MCO,PHX,35,0,0,0,35,0,0,0,-345.0,0.0,0.0,0.0,0.0,-9.857142857142858
2023,5,19393,WN,13204,14635,MCO,RSW,31,0,0,0,31,0,7,6,825.0,0.0,0.0,0.22580645161290322,0.1935483870967742,26.612903225806452
2023,5,19393,WN,13204,15016,MCO,STL,159,1,0,0,158,0,49,10,1747.0,0.006289308176100629,0.0,0.310126582278481,0.06329113924050633,11.056962025316455
2023,5,19393,WN,13232,10397,MDW,ATL,151,0,0,0,151,0,29,2,487.0,0.0,0.0,0.19205298013245034,0.013245033112582781,3.225165562913907
2023,5,19393,WN,13232,10721,MDW,BOS,119,0,1,0,118,0,33,7,1556.0,0.0,0.008403361344537815,0.2796610169491525,0.059322033898305086,13.186440677966102
2023,5,19393,WN,13232,10821,MDW,BWI,176,0,0,0,176,0,45,5,1348.0,0.0,0.0,0.2556818181818182,0.028409090909090908,7.659090909090909
2023,5,19393,WN,13232,11278,MDW,DCA,178,0,0,0,178,0,33,3,556.0,0.0,0.0,0.1853932584269663,0.016853932584269662,3.1235955056179776
2023,5,19393,WN,13232,11292,MDW,DEN,280,4,2,0,274,0,52,13,331.0,0.014285714285714285,0.007142857142857143,0.1897810218978102,0.04744525547445255,1.2080291970802919
2023,5,19393,WN,13232,11433,MDW,DTW,107,0,0,0,107,0,31,3,955.0,0.0,0.0,0.2897196261682243,0.028037383177570093,8.925233644859814
2023,5,19393,WN,13232,11697,MDW,FLL,101,0,0,0,101,0,20,2,359.0,0.0,0.0,0.19801980198019803,0.019801980198019802,3.5544554455445545
2023,5,19393,WN,13232,12266,MDW,IAH,58,0,1,0,57,0,7,2,-473.0,0.0,0.017241379310344827,0.12280701754385964,0.03508771929824561,-8.298245614035087
2023,5,19393,WN,13232,12889,MDW,LAS,262,0,0,0,262,0,49,15,190.0,0.0,0.0,0.18702290076335878,0.05725190839694656,0.7251908396946565
2023,5,19393,WN,13232,12892,MDW,LAX,133,0,0,0,133,0,28,2,323.0,0.0,0.0,0.21052631578947367,0.015037593984962405,2.4285714285714284
2023,5,19393,WN,13232,12953,MDW,LGA,216,0,0,0,216,0,56,3,1096.0,0.0,0.0,0.25925925925925924,0.013888888888888888,5.074074074074074
2023,5,19393,WN,13232,13204,MDW,MCO,216,0,2,0,214,0,36,9,557.0,0.0,0.009259259259259259,0.16822429906542055,0.04205607476635514,2.602803738317757
2023,5,19393,WN,13232,13303,MDW,MIA,62,0,0,0,62,0,6,2,101.0,0.0,0.0,0.0967741935483871,0.03225806451612903,1.6290322580645162
2023,5,19393,WN,13232,13487,MDW,MSP,234,0,0,0,234,0,28,6,-648.0,0.0,0.0,0.11965811965811966,0.02564102564102564,-2.769230769230769
2023,5,19393,WN,13232,13796,MDW,OAK,58,0,0,0,58,0,10,1,-587.0,0.0,0.0,0.1724137931034483,0.017241379310344827,-10.120689655172415
2023,5,19393,WN,13232,14100,MDW,PHL,114,0,0,0,114,0,24,3,674.0,0.0,0.0,0.21052631578947367,0.02631578947368421,5.912280701754386
2023,5,19393,WN,13232,14107,MDW,PHX,255,1,2,0,252,0,50,8,274.0,0.00392156862745098,0.00784313725490196,0.1984126984126984,0.031746031746031744,1.0873015873015872
2023,5,19393,WN,13232,14635,MDW,RSW,115,0,1,0,114,0,22,3,629.0,0.0,0.008695652173913044,0.19298245614035087,0.02631578947368421,5.517543859649122
2023,5,19393,WN,13232,14679,MDW,SAN,88,0,0,0,88,0,11,4,-162.0,0.0,0.0,0.125,0.045454545454545456,-1.8409090909090908
2023,5,19393,WN,13232,14747,MDW,SEA,38,0,0,0,38,0,5,0,-191.0,0.0,0.0,0.13157894736842105,0.0,-5.026315789473684
2023,5,19393,WN,13232,14869,MDW,SLC,54,0,0,0,54,0,13,5,294.0,0.0,0.0,0.24074074074074073,0.09259259259259259,5.444444444444445
2023,5,19393,WN,13232,15016,MDW,STL,192,0,0,0,192,0,34,2,471.0,0.0,0.0,0.17708333333333334,0.010416666666666666,2.453125
2023,5,19393,WN,13232,15304,MDW,TPA,155,0,2,0,153,0,34,4,715.0,0.0,0.012903225806451613,0.2222222222222222,0.026143790849673203,4.673202614379085
2023,5,19393,WN,13303,10397,MIA,ATL,62,0,1,0,61,0,15,5,501.0,0.0,0.016129032258064516,0.2459016393442623,0.08196721311475409,8.21311475409836
2023,5,19393,WN,13303,10821,MIA,BWI,124,0,1,0,123,0,26,5,-17.0,0.0,0.008064516129032258,0.21138211382113822,0.04065040650406504,-0.13821138211382114
2023,5,19393,WN,13303,11292,MIA,DEN,4,0,1,0,3,0,0,0,-57.0,0.0,0.25,0.0,0.0,-19.0
2023,5,19393,WN,13303,13232,MIA,MDW,62,0,0,0,62,0,7,4,-84.0,0.0,0.0,0.11290322580645161,0.06451612903225806,-1.3548387096774193
2023,5,19393,WN,13303,15016,MIA,STL,31,0,0,0,31,0,13,3,648.0,0.0,0.0,0.41935483870967744,0.0967741935483871,20.903225806451612
2023,5,19393,WN,13487,10821,MSP,BWI,35,0,0,0,35,0,5,0,92.0,0.0,0.0,0.14285714285714285,0.0,2.6285714285714286
2023,5,19393,WN,13487,11292,MSP,DEN,212,2,2,0,208,0,46,13,1087.0,0.009433962264150943,0.009433962264150943,0.22115384615384615,0.0625,5.225961538461538
2023,5,19393,WN,13487,13232,MSP,MDW,234,0,0,0,234,0,21,5,-1065.0,0.0,0.0,0.08974358974358974,0.021367521367521368,-4.551282051282051
2023,5,19393,WN,13487,14107,MSP,PHX,31,0,0,0,31,0,1,1,-53.0,0.0,0.0,0.03225806451612903,0.03225806451612903,-1.7096774193548387
2023,5,19393,WN,13487,15016,MSP,STL,54,0,0,0,54,0,3,0,-261.0,0.0,0.0,0.05555555555555555,0.0,-4.833333333333333
2023,5,19393,WN,13796,10397,OAK,ATL,4,0,0,0,4,0,0,0,3.0,0.0,0.0,0.0,0.0,0.75
2023,5,19393,WN,13796,11292,OAK,DEN,173,2,1,0,170,0,47,10,1829.0,0.011560693641618497,0.005780346820809248,0.27647058823529413,0.058823529411764705,10.758823529411766
2023,5,19393,WN,13796,12173,OAK,HNL,62,0,0,0,62,0,8,2,-271.0,0.0,0.0,0.12903225806451613,0.03225806451612903,-4.370967741935484
2023,5,19393,WN,13796,12889,OAK,LAS,368,4,0,0,364,0,100,32,5209.0,0.010869565217391304,0.0,0.27472527472527475,0.08791208791208792,14.31043956043956
2023,5,19393,WN,13796,12892,OAK,LAX,276,0,0,0,276,0,38,6,60.0,0.0,0.0,0.13768115942028986,0.021739130434782608,0.21739130434782608
2023,5,19393,WN,13796,13232,OAK,MDW,58,1,0,0,57,0,14,2,463.0,0.017241379310344827,0.0,0.24561403508771928,0.03508771929824561,8.12280701754386
2023,5,19393,WN,13796,14107,OAK,PHX,168,1,0,0,167,0,45,8,1571.0,0.005952380952380952,0.0,0.2694610778443114,0.04790419161676647,9.407185628742514
2023,5,19393,WN,13796,14679,OAK,SAN,334,1,0,0,333,0,77,8,2169.0,0.0029940119760479044,0.0,0.23123123123123124,0.024024024024024024,6.513513513513513
2023,5,19393,WN,13796,14747,OAK,SEA,137,0,0,0,137,0,23,1,-255.0,0.0,0.0,0.1678832116788321,0.0072992700729927005,-1.8613138686131387
2023,5,19393,WN,13796,14869,OAK,SLC,81,0,0,0,81,0,14,0,-52.0,0.0,0.0,0.1728395061728395,0.0,-0.6419753086419753
2023,5,19393,WN,13796,15016,OAK,STL,23,0,0,0,23,0,0,0,-95.0,0.0,0.0,0.0,0.0,-4.130434782608695
2023,5,19393,WN,13930,10821,ORD,BWI,89,1,0,0,88,0,25,6,1134.0,0.011235955056179775,0.0,0.2840909090909091,0.06818181818181818,12.886363636363637
2023,5,19393,WN,13930,11292,ORD,DEN,148,1,2,0,145,0,52,17,2512.0,0.006756756756756757,0.013513513513513514,0.3586206896551724,0.11724137931034483,17.324137931034482
2023,5,19393,WN,13930,11697,ORD,FLL,4,0,0,0,4,0,2,0,62.0,0.0,0.0,0.5,0.0,15.5
2023,5,19393,WN,13930,12889,ORD,LAS,66,0,0,0,66,0,37,10,1758.0,0.0,0.0,0.5606060606060606,0.15151515151515152,26.636363636363637
2023,5,19393,WN,13930,13204,ORD,MCO,66,0,0,0,66,0,25,5,1398.0,0.0,0.0,0.3787878787878788,0.07575757575757576,21.181818181818183
2023,5,19393,WN,13930,14107,ORD,PHX,93,0,0,0,93,0,16,4,163.0,0.0,0.0,0.17204301075268819,0.043010752688172046,1.7526881720430108
2023,5,19393,WN,13930,14635,ORD,RSW,31,0,0,0,31,0,14,1,539.0,0.0,0.0,0.45161290322580644,0.03225806451612903,17.387096774193548
2023,5,19393,WN,13930,15304,ORD,TPA,35,0,0,0,35,0,20,6,932.0,0.0,0.0,0.5714285714285714,0.17142857142857143,26.62857142857143
2023,5,19393,WN,14100,10397,PHL,ATL,35,0,0,0,35,0,1,0,-278.0,0.0,0.0,0.02857142857142857,0.0,-7.942857142857143
2023,5,19393,WN,14100,11292,PHL,DEN,35,0,1,0,34,0,10,0,144.0,0.0,0.02857142857142857,0.29411764705882354,0.0,4.235294117647059
2023,5,19393,WN,14100,11697,PHL,FLL,4,0,0,0,4,0,0,0,-31.0,0.0,0.0,0.0,0.0,-7.75
2023,5,19393,WN,14100,13204,PHL,MCO,20,0,0,0,20,0,1,0,-147.0,0.0,0.0,0.05,0.0,-7.35
2023,5,19393,WN,14100,13232,PHL,MDW,114,0,0,0,114,0,16,2,-121.0,0.0,0.0,0.14035087719298245,0.017543859649122806,-1.0614035087719298
2023,5,19393,WN,14100,15016,PHL,STL,35,0,0,0,35,0,3,1,-119.0,0.0,0.0,0.08571428571428572,0.02857142857142857,-3.4
2023,5,19393,WN,14100,15304,PHL,TPA,8,0,0,0,8,0,0,0,-41.0,0.0,0.0,0.0,0.0,-5.125
2023,5,19393,WN,14107,10397,PHX,ATL,43,0,0,0,43,0,16,3,612.0,0.0,0.0,0.37209302325581395,0.06976744186046512,14.232558139534884
2023,5,19393,WN,14107,10821,PHX,BWI,88,1,0,0,87,0,22,4,757.0,0.011363636363636364,0.0,0.25287356321839083,0.04597701149425287,8.701149425287356
2023,5,19393,WN,14107,11292,PHX,DEN,400,5,0,0,395,0,119,42,5590.0,0.0125,0.0,0.3012658227848101,0.10632911392405063,14.151898734177216
2023,5,19393,WN,14107,11433,PHX,DTW,4,0,0,0,4,0,1,0,45.0,0.0,0.0,0.25,0.0,11.25
2023,5,19393,WN,14107,11697,PHX,FLL,4,0,0,0,4,0,1,1,71.0,0.0,0.0,0.25,0.25,17.75
2023,5,19393,WN,14107,12173,PHX,HNL,31,0,0,0,31,0,3,1,-155.0,0.0,0.0,0.0967741935483871,0.03225806451612903,-5.0
2023,5,19393,WN,14107,12889,PHX,LAS,340,1,1,0,338,0,90,21,3181.0,0.0029411764705882353,0.0029411764705882353,0.26627218934911245,0.0621301775147929,9.411242603550296
2023,5,19393,WN,14107,12892,PHX,LAX,223,0,0,0,223,0,35,7,645.0,0.0,0.0,0.15695067264573992,0.03139013452914798,2.89237668161435
2023,5,19393,WN,14107,13204,PHX,MCO,35,0,0,0,35,0,16,2,747.0,0.0,0.0,0.45714285714285713,0.05714285714285714,21.34285714285714
2023,5,19393,WN,14107,13232,PHX,MDW,234,0,0,0,234,0,67,8,2448.0,0.0,0.0,0.2863247863247863,0.03418803418803419,10.461538461538462
2023,5,19393,WN,14107,13487,PHX,MSP,31,0,0,0,31,0,24,9,1571.0,0.0,0.0,0.7741935483870968,0.2903225806451613,50.67741935483871
2023,5,19393,WN,14107,13796,PHX,OAK,173,1,0,0,172,0,43,4,1061.0,0.005780346820809248,0.0,0.25,0.023255813953488372,6.1686046511627906
2023,5,19393,WN,14107,13930,PHX,ORD,93,0,0,0,93,0,40,12,1977.0,0.0,0.0,0.43010752688172044,0.12903225806451613,21.258064516129032
2023,5,19393,WN,14107,14679,PHX,SAN,266,0,0,0,266,0,51,7,1072.0,0.0,0.0,0.19172932330827067,0.02631578947368421,4.030075187969925
2023,5,19393,WN,14107,14747,PHX,SEA,69,0,0,0,69,0,18,3,301.0,0.0,0.0,0.2608695652173913,0.043478260869565216,4.36231884057971
2023,5,19393,WN,14107,14771,PHX,SFO,93,0,0,0,93,0,35,8,1215.0,0.0,0.0,0.3763440860215054,0.08602150537634409,13.064516129032258
2023,5,19393,WN,14107,14869,PHX,SLC,151,0,0,0,151,0,15,1,-550.0,0.0,0.0,0.09933774834437085,0.006622516556291391,-3.642384105960265
2023,5,19393,WN,14107,15016,PHX,STL,102,0,0,0,102,0,17,2,384.0,0.0,0.0,0.16666666666666666,0.0196078431372549,3.764705882352941
2023,5,19393,WN,14107,15304,PHX,TPA,35,0,0,0,35,0,15,1,655.0,0.0,0.0,0.42857142857142855,0.02857142857142857,18.714285714285715
2023,5,19393,WN,14635,10397,RSW,ATL,39,0,0,0,39,0,2,0,-268.0,0.0,0.0,0.05128205128205128,0.0,-6.871794871794871
2023,5,19393,WN,14635,10821,RSW,BWI,150,0,0,0,150,0,24,5,369.0,0.0,0.0,0.16,0.03333333333333333,2.46
2023,5,19393,WN,14635,11292,RSW,DEN,4,0,0,0,4,0,1,0,-26.0,0.0,0.0,0.25,0.0,-6.5
2023,5,19393,WN,14635,13204,RSW,MCO,31,0,0,0,31,0,0,0,-306.0,0.0,0.0,0.0,0.0,-9.870967741935484
2023,5,19393,WN,14635,13232,RSW,MDW,114,0,0,0,114,0,19,8,33.0,0.0,0.0,0.16666666666666666,0.07017543859649122,0.2894736842105263
2023,5,19393,WN,14635,13930,RSW,ORD,31,0,1,0,30,0,6,0,-47.0,0.0,0.03225806451612903,0.2,0.0,-1.5666666666666667
2023,5,19393,WN,14635,15016,RSW,STL,70,0,0,0,70,0,13,2,182.0,0.0,0.0,0.18571428571428572,0.02857142857142857,2.6
2023,5,19393,WN,14679,10397,SAN,ATL,4,0,0,0,4,0,1,0,-19.0,0.0,0.0,0.25,0.0,-4.75
2023,5,19393,WN,14679,10821,SAN,BWI,39,0,0,0,39,0,16,2,702.0,0.0,0.0,0.41025641025641024,0.05128205128205128,18.0
2023,5,19393,WN,14679,11292,SAN,DEN,205,3,1,0,201,0,48,12,1850.0,0.014634146341463415,0.004878048780487805,0.23880597014925373,0.05970149253731343,9.203980099502488
2023,5,19393,WN,14679,12173,SAN,HNL,62,0,0,0,62,0,14,6,329.0,0.0,0.0,0.22580645161290322,0.0967741935483871,5.306451612903226
2023,5,19393,WN,14679,12889,SAN,LAS,455,14,2,0,439,0,135,29,5003.0,0.03076923076923077,0.004395604395604396,0.30751708428246016,0.06605922551252848,11.39635535307517
2023,5,19393,WN,14679,13232,SAN,MDW,88,0,0,0,88,0,17,2,227.0,0.0,0.0,0.19318181818181818,0.022727272727272728,2.5795454545454546
2023,5,19393,WN,14679,13796,SAN,OAK,334,1,0,0,333,0,51,6,306.0,0.0029940119760479044,0.0,0.15315315315315314,0.018018018018018018,0.918918918918919
2023,5,19393,WN,14679,14107,SAN,PHX,266,0,0,0,266,0,49,4,916.0,0.0,0.0,0.18421052631578946,0.015037593984962405,3.443609022556391
2023,5,19393,WN,14679,14771,SAN,SFO,146,1,0,0,145,0,58,6,2142.0,0.00684931506849315,0.0,0.4,0.041379310344827586,14.772413793103448
2023,5,19393,WN,14679,14869,SAN,SLC,31,0,0,0,31,0,4,0,57.0,0.0,0.0,0.12903225806451613,0.0,1.8387096774193548
2023,5,19393,WN,14679,15016,SAN,STL,31,0,0,0,31,0,12,1,440.0,0.0,0.0,0.3870967741935484,0.03225806451612903,14.193548387096774
2023,5,19393,WN,14747,11292,SEA,DEN,145,2,0,0,143,0,42,8,1919.0,0.013793103448275862,0.0,0.2937062937062937,0.055944055944055944,13.41958041958042
2023,5,19393,WN,14747,12889,SEA,LAS,66,0,0,0,66,0,22,6,1220.0,0.0,0.0,0.3333333333333333,0.09090909090909091,18.484848484848484
2023,5,19393,WN,14747,13232,SEA,MDW,38,0,0,0,38,0,6,1,162.0,0.0,0.0,0.15789473684210525,0.02631578947368421,4.2631578947368425
2023,5,19393,WN,14747,13796,SEA,OAK,132,1,0,0,131,0,29,7,623.0,0.007575757575757576,0.0,0.22137404580152673,0.05343511450381679,4.755725190839694
2023,5,19393,WN,14747,14107,SEA,PHX,74,0,1,0,73,0,15,0,118.0,0.0,0.013513513513513514,0.2054794520547945,0.0,1.6164383561643836
2023,5,19393,WN,14771,11292,SFO,DEN,135,2,2,0,131,0,48,11,2179.0,0.014814814814814815,0.014814814814814815,0.366412213740458,0.08396946564885496,16.633587786259543
2023,5,19393,WN,14771,12889,SFO,LAS,112,2,0,0,110,0,50,19,2704.0,0.017857142857142856,0.0,0.45454545454545453,0.17272727272727273,24.581818181818182
2023,5,19393,WN,14771,12892,SFO,LAX,161,0,0,0,161,0,63,16,2699.0,0.0,0.0,0.391304347826087,0.09937888198757763,16.763975155279503
2023,5,19393,WN,14771,14107,SFO,PHX,93,0,0,0,93,0,42,8,1700.0,0.0,0.0,0.45161290322580644,0.08602150537634409,18.27956989247312
2023,5,19393,WN,14771,14679,SFO,SAN,146,0,0,0,146,0,65,10,2711.0,0.0,0.0,0.4452054794520548,0.0684931506849315,18.568493150684933
2023,5,19393,WN,14869,10821,SLC,BWI,4,0,0,0,4,0,0,0,-13.0,0.0,0.0,0.0,0.0,-3.25
2023,5,19393,WN,14869,11292,SLC,DEN,242,5,2,0,235,0,58,13,1450.0,0.02066115702479339,0.008264462809917356,0.24680851063829787,0.05531914893617021,6.170212765957447
2023,5,19393,WN,14869,12889,SLC,LAS,162,2,0,0,160,0,43,11,1752.0,0.012345679012345678,0.0,0.26875,0.06875,10.95
2023,5,19393,WN,14869,12892,SLC,LAX,31,0,0,0,31,0,5,0,135.0,0.0,0.0,0.16129032258064516,0.0,4.354838709677419
2023,5,19393,WN,14869,13232,SLC,MDW,54,0,0,0,54,0,5,2,157.0,0.0,0.0,0.09259259259259259,0.037037037037037035,2.9074074074074074
2023,5,19393,WN,14869,13796,SLC,OAK,81,0,0,0,81,0,9,0,-488.0,0.0,0.0,0.1111111111111111,0.0,-6.0246913580246915
2023,5,19393,WN,14869,14107,SLC,PHX,151,0,0,0,151,0,34,6,1022.0,0.0,0.0,0.2251655629139073,0.039735099337748346,6.768211920529802
2023,5,19393,WN,14869,14679,SLC,SAN,31,0,0,0,31,0,1,0,-118.0,0.0,0.0,0.03225806451612903,0.0,-3.806451612903226
2023,5,19393,WN,15016,10397,STL,ATL,89,2,0,0,87,0,21,3,587.0,0.02247191011235955,0.0,0.2413793103448276,0.034482758620689655,6.747126436781609
2023,5,19393,WN,15016,10721,STL,BOS,58,0,0,0,58,0,10,1,595.0,0.0,0.0,0.1724137931034483,0.017241379310344827,10.258620689655173
2023,5,19393,WN,15016,10821,STL,BWI,101,0,0,0,101,0,14,1,8.0,0.0,0.0,0.13861386138613863,0.009900990099009901,0.07920792079207921
2023,5,19393,WN,15016,11278,STL,DCA,116,0,0,0,116,0,36,5,1121.0,0.0,0.0,0.3103448275862069,0.04310344827586207,9.663793103448276
2023,5,19393,WN,15016,11292,STL,DEN,173,3,1,0,169,0,45,20,2201.0,0.017341040462427744,0.005780346820809248,0.26627218934911245,0.11834319526627218,13.023668639053254
2023,5,19393,WN,15016,11433,STL,DTW,54,0,0,0,54,0,13,2,605.0,0.0,0.0,0.24074074074074073,0.037037037037037035,11.203703703703704
2023,5,19393,WN,15016,11697,STL,FLL,43,0,0,0,43,0,5,0,-24.0,0.0,0.0,0.11627906976744186,0.0,-0.5581395348837209
2023,5,19393,WN,15016,12889,STL,LAS,123,0,0,0,123,0,26,7,322.0,0.0,0.0,0.21138211382113822,0.056910569105691054,2.6178861788617884
2023,5,19393,WN,15016,12892,STL,LAX,81,0,0,0,81,0,13,3,-61.0,0.0,0.0,0.16049382716049382,0.037037037037037035,-0.7530864197530864
2023,5,19393,WN,15016,12953,STL,LGA,135,1,0,0,134,0,29,1,686.0,0.007407407407407408,0.0,0.21641791044776118,0.007462686567164179,5.119402985074627
2023,5,19393,WN,15016,13204,STL,MCO,159,0,1,0,158,0,18,3,-257.0,0.0,0.006289308176100629,0.11392405063291139,0.0189873417721519,-1.6265822784810127
2023,5,19393,WN,15016,13232,STL,MDW,192,0,0,0,192,0,25,6,229.0,0.0,0.0,0.13020833333333334,0.03125,1.1927083333333333
2023,5,19393,WN,15016,13303,STL,MIA,31,0,0,0,31,0,13,0,234.0,0.0,0.0,0.41935483870967744,0.0,7.548387096774194
2023,5,19393,WN,15016,13487,STL,MSP,54,0,0,0,54,0,17,1,425.0,0.0,0.0,0.3148148148148148,0.018518518518518517,7.87037037037037
2023,5,19393,WN,15016,13796,STL,OAK,23,0,0,0,23,0,11,1,409.0,0.0,0.0,0.4782608695652174,0.043478260869565216,17.782608695652176
2023,5,19393,WN,15016,14100,STL,PHL,35,0,0,0,35,0,1,0,-60.0,0.0,0.0,0.02857142857142857,0.0,-1.7142857142857142
2023,5,19393,WN,15016,14107,STL,PHX,105,0,0,0,105,0,9,2,-460.0,0.0,0.0,0.08571428571428572,0.01904761904761905,-4.380952380952381
2023,5,19393,WN,15016,14635,STL,RSW,70,0,0,0,70,0,7,2,72.0,0.0,0.0,0.1,0.02857142857142857,1.0285714285714285
2023,5,19393,WN,15016,14679,STL,SAN,31,0,0,0,31,0,2,0,-206.0,0.0,0.0,0.06451612903225806,0.0,-6.645161290322581
2023,5,19393,WN,15016,15304,STL,TPA,105,0,0,0,105,0,17,6,430.0,0.0,0.0,0.1619047619047619,0.05714285714285714,4.095238095238095
2023,5,19393,WN,15304,10397,TPA,ATL,123,0,0,0,123,0,13,4,75.0,0.0,0.0,0.10569105691056911,0.032520325203252036,0.6097560975609756
2023,5,19393,WN,15304,10821,TPA,BWI,247,0,0,0,247,0,33,5,-110.0,0.0,0.0,0.13360323886639677,0.020242914979757085,-0.44534412955465585
2023,5,19393,WN,15304,11278,TPA,DCA,66,0,0,0,66,0,10,1,-89.0,0.0,0.0,0.15151515151515152,0.015151515151515152,-1.3484848484848484
2023,5,19393,WN,15304,11292,TPA,DEN,93,0,0,0,93,0,17,4,-512.0,0.0,0.0,0.1827956989247312,0.043010752688172046,-5.505376344086022
2023,5,19393,WN,15304,11697,TPA,FLL,58,0,0,0,58,0,15,7,436.0,0.0,0.0,0.25862068965517243,0.1206896551724138,7.517241379310345
2023,5,19393,WN,15304,12889,TPA,LAS,8,0,0,0,8,0,1,0,-21.0,0.0,0.0,0.125,0.0,-2.625
2023,5,19393,WN,15304,12953,TPA,LGA,31,0,0,0,31,0,3,0,-140.0,0.0,0.0,0.0967741935483871,0.0,-4.516129032258065
2023,5,19393,WN,15304,13232,TPA,MDW,154,0,0,0,154,0,23,3,120.0,0.0,0.0,0.14935064935064934,0.01948051948051948,0.7792207792207793
2023,5,19393,WN,15304,13930,TPA,ORD,35,0,1,0,34,0,13,0,309.0,0.0,0.02857142857142857,0.38235294117647056,0.0,9.088235294117647
2023,5,19393,WN,15304,14100,TPA,PHL,8,0,0,0,8,0,0,0,-38.0,0.0,0.0,0.0,0.0,-4.75
2023,5,19393,WN,15304,14107,TPA,PHX,35,0,0,0,35,0,1,0,-589.0,0.0,0.0,0.02857142857142857,0.0,-16.82857142857143
2023,5,19393,WN,15304,15016,TPA,STL,105,0,0,0,105,0,17,3,307.0,0.0,0.0,0.1619047619047619,0.02857142857142857,2.9238095238095236
2023,5,19690,HA,10721,12173,BOS,HNL,18,0,0,0,18,0,5,2,922.0,0.0,0.0,0.2777777777777778,0.1111111111111111,51.22222222222222
2023,5,19690,HA,12173,10721,HNL,BOS,18,0,0,0,18,0,12,4,457.0,0.0,0.0,0.6666666666666666,0.2222222222222222,25.38888888888889
2023,5,19690,HA,12173,12478,HNL,JFK,31,0,0,0,31,0,22,5,1198.0,0.0,0.0,0.7096774193548387,0.16129032258064516,38.645161290322584
2023,5,19690,HA,12173,12889,HNL,LAS,81,0,0,0,81,0,32,10,2273.0,0.0,0.0,0.3950617283950617,0.12345679012345678,28.061728395061728
2023,5,19690,HA,12173,12892,HNL,LAX,93,2,0,0,91,0,32,13,1761.0,0.021505376344086023,0.0,0.3516483516483517,0.14285714285714285,19.35164835164835
2023,5,19690,HA,12173,13796,HNL,OAK,31,3,0,0,28,0,19,2,693.0,0.0967741935483871,0.0,0.6785714285714286,0.07142857142857142,24.75
2023,5,19690,HA,12173,14107,HNL,PHX,31,0,0,0,31,0,19,13,2557.0,0.0,0.0,0.6129032258064516,0.41935483870967744,82.48387096774194
2023,5,19690,HA,12173,14679,HNL,SAN,31,1,0,0,30,0,10,3,624.0,0.03225806451612903,0.0,0.3333333333333333,0.1,20.8
2023,5,19690,HA,12173,14747,HNL,SEA,31,0,0,0,31,0,19,2,684.0,0.0,0.0,0.6129032258064516,0.06451612903225806,22.06451612903226
2023,5,19690,HA,12173,14771,HNL,SFO,31,2,0,0,29,0,19,4,844.0,0.06451612903225806,0.0,0.6551724137931034,0.13793103448275862,29.103448275862068
2023,5,19690,HA,12478,12173,JFK,HNL,31,0,0,0,31,0,8,4,390.0,0.0,0.0,0.25806451612903225,0.12903225806451613,12.580645161290322
2023,5,19690,HA,12889,12173,LAS,HNL,81,0,0,0,81,0,46,18,4659.0,0.0,0.0,0.5679012345679012,0.2222222222222222,57.51851851851852
2023,5,19690,HA,12892,12173,LAX,HNL,93,3,0,0,90,0,27,5,1470.0,0.03225806451612903,0.0,0.3,0.05555555555555555,16.333333333333332
2023,5,19690,HA,13796,12173,OAK,HNL,31,3,0,0,28,0,8,2,301.0,0.0967741935483871,0.0,0.2857142857142857,0.07142857142857142,10.75
2023,5,19690,HA,14107,12173,PHX,HNL,31,0,0,0,31,0,5,0,46.0,0.0,0.0,0.16129032258064516,0.0,1.4838709677419355
2023,5,19690,HA,14679,12173,SAN,HNL,31,1,0,0,30,0,11,5,1167.0,0.03225806451612903,0.0,0.36666666666666664,0.16666666666666666,38.9
2023,5,19690,HA,14747,12173,SEA,HNL,31,0,0,0,31,0,9,2,759.0,0.0,0.0,0.2903225806451613,0.06451612903225806,24.483870967741936
2023,5,19690,HA,14771,12173,SFO,HNL,31,2,0,0,29,0,14,2,887.0,0.06451612903225806,0.0,0.4827586206896552,0.06896551724137931,30.586206896551722
2023,5,19790,DL,10397,10721,ATL,BOS,321,1,0,0,320,0,47,10,434.0,0.003115264797507788,0.0,0.146875,0.03125,1.35625
2023,5,19790,DL,10397,10821,ATL,BWI,255,1,0,0,254,0,55,11,1358.0,0.00392156862745098,0.0,0.21653543307086615,0.04330708661417323,5.346456692913386
2023,5,19790,DL,10397,11278,ATL,DCA,329,2,1,0,326,0,61,16,1486.0,0.0060790273556231,0.00303951367781155,0.18711656441717792,0.049079754601226995,4.558282208588957
2023,5,19790,DL,10397,11292,ATL,DEN,264,1,2,0,261,0,48,12,471.0,0.003787878787878788,0.007575757575757576,0.1839080459770115,0.04597701149425287,1.8045977011494252
2023,5,19790,DL,10397,11298,ATL,DFW,243,1,2,0,240,0,51,9,566.0,0.00411522633744856,0.00823045267489712,0.2125,0.0375,2.3583333333333334
2023,5,19790,DL,10397,11433,ATL,DTW,328,0,0,0,328,0,54,14,1244.0,0.0,0.0,0.16463414634146342,0.042682926829268296,3.792682926829268
2023,5,19790,DL,10397,11618,ATL,EWR,254,1,0,0,253,0,40,6,44.0,0.003937007874015748,0.0,0.15810276679841898,0.023715415019762844,0.17391304347826086
2023,5,19790,DL,10397,11697,ATL,FLL,353,3,1,0,349,0,91,20,2893.0,0.0084985835694051,0.0028328611898017,0.2607449856733524,0.05730659025787966,8.289398280802292
2023,5,19790,DL,10397,12173,ATL,HNL,31,0,0,0,31,0,4,1,-190.0,0.0,0.0,0.12903225806451613,0.03225806451612903,-6.129032258064516
2023,5,19790,DL,10397,12266,ATL,IAH,202,2,2,0,198,0,45,10,738.0,0.009900990099009901,0.009900990099009901,0.22727272727272727,0.050505050505050504,3.727272727272727
2023,5,19790,DL,10397,12478,ATL,JFK,220,0,0,0,220,0,36,8,-486.0,0.0,0.0,0.16363636363636364,0.03636363636363636,-2.209090909090909
2023,5,19790,DL,10397,12889,ATL,LAS,260,1,0,0,259,0,44,7,-270.0,0.0038461538461538464,0.0,0.16988416988416988,0.02702702702702703,-1.0424710424710424
2023,5,19790,DL,10397,12892,ATL,LAX,354,3,0,0,351,0,51,9,-940.0,0.00847457627118644,0.0,0.1452991452991453,0.02564102564102564,-2.678062678062678
2023,5,19790,DL,10397,12953,ATL,LGA,398,3,0,0,395,0,49,9,-960.0,0.007537688442211055,0.0,0.1240506329113924,0.02278481012658228,-2.430379746835443
2023,5,19790,DL,10397,13204,ATL,MCO,445,0,2,0,443,0,121,38,5287.0,0.0,0.0044943820224719105,0.27313769751693,0.08577878103837472,11.934537246049661
2023,5,19790,DL,10397,13232,ATL,MDW,119,1,0,0,118,0,16,3,95.0,0.008403361344537815,0.0,0.13559322033898305,0.025423728813559324,0.8050847457627118
2023,5,19790,DL,10397,13303,ATL,MIA,266,0,0,0,266,0,83,22,3563.0,0.0,0.0,0.31203007518796994,0.08270676691729323,13.394736842105264
2023,5,19790,DL,10397,13487,ATL,MSP,263,1,0,0,262,0,34,9,-303.0,0.0038022813688212928,0.0,0.1297709923664122,0.03435114503816794,-1.1564885496183206
2023,5,19790,DL,10397,13930,ATL,ORD,224,2,0,0,222,0,66,9,2424.0,0.008928571428571428,0.0,0.2972972972972973,0.04054054054054054,10.91891891891892
2023,5,19790,DL,10397,14100,ATL,PHL,225,1,0,0,224,0,28,8,-422.0,0.0044444444444444444,0.0,0.125,0.03571428571428571,-1.8839285714285714
2023,5,19790,DL,10397,14107,ATL,PHX,188,1,1,0,186,0,20,1,-1259.0,0.005319148936170213,0.005319148936170213,0.10752688172043011,0.005376344086021506,-6.768817204301075
2023,5,19790,DL,10397,14635,ATL,RSW,216,0,0,0,216,0,29,4,-539.0,0.0,0.0,0.13425925925925927,0.018518518518518517,-2.4953703703703702
2023,5,19790,DL,10397,14679,ATL,SAN,150,0,0,0,150,0,25,9,499.0,0.0,0.0,0.16666666666666666,0.06,3.3266666666666667
2023,5,19790,DL,10397,14747,ATL,SEA,193,0,0,0,193,0,28,8,-462.0,0.0,0.0,0.14507772020725387,0.04145077720207254,-2.393782383419689
2023,5,19790,DL,10397,14771,ATL,SFO,197,0,0,0,197,0,12,1,-3130.0,0.0,0.0,0.06091370558375635,0.005076142131979695,-15.888324873096447
2023,5,19790,DL,10397,14869,ATL,SLC,233,0,0,0,233,0,17,1,-1590.0,0.0,0.0,0.07296137339055794,0.004291845493562232,-6.824034334763948
2023,5,19790,DL,10397,15016,ATL,STL,199,0,0,0,199,0,29,5,160.0,0.0,0.0,0.1457286432160804,0.02512562814070352,0.8040201005025126
2023,5,19790,DL,10397,15304,ATL,TPA,383,0,1,0,382,0,94,24,2995.0,0.0,0.0026109660574412533,0.24607329842931938,0.06282722513089005,7.840314136125654
2023,5,19790,DL,10721,10397,BOS,ATL,321,2,0,0,319,0,30,7,-1667.0,0.006230529595015576,0.0,0.09404388714733543,0.0219435736677116,-5.225705329153605
2023,5,19790,DL,10721,11292,BOS,DEN,31,0,0,0,31,0,1,0,-741.0,0.0,0.0,0.03225806451612903,0.0,-23.903225806451612
2023,5,19790,DL,10721,11298,BOS,DFW,62,0,0,0,62,0,7,1,-403.0,0.0,0.0,0.11290322580645161,0.016129032258064516,-6.5
2023,5,19790,DL,10721,11433,BOS,DTW,150,1,0,0,149,0,16,4,-1303.0,0.006666666666666667,0.0,0.10738255033557047,0.026845637583892617,-8.74496644295302
2023,5,19790,DL,10721,11697,BOS,FLL,62,0,0,0,62,0,11,3,864.0,0.0,0.0,0.1774193548387097,0.04838709677419355,13.935483870967742
2023,5,19790,DL,10721,12478,BOS,JFK,31,0,0,0,31,0,2,1,139.0,0.0,0.0,0.06451612903225806,0.03225806451612903,4.483870967741935
2023,5,19790,DL,10721,12889,BOS,LAS,31,0,0,0,31,0,2,1,-407.0,0.0,0.0,0.06451612903225806,0.03225806451612903,-13.129032258064516
2023,5,19790,DL,10721,12892,BOS,LAX,104,3,0,0,101,0,13,4,-723.0,0.028846153846153848,0.0,0.12871287128712872,0.039603960396039604,-7.158415841584159
2023,5,19790,DL,10721,12953,BOS,LGA,96,1,0,0,95,0,10,5,-720.0,0.010416666666666666,0.0,0.10526315789473684,0.05263157894736842,-7.578947368421052
2023,5,19790,DL,10721,13204,BOS,MCO,93,0,0,0,93,0,10,4,-443.0,0.0,0.0,0.10752688172043011,0.043010752688172046,-4.763440860215054
2023,5,19790,DL,10721,13303,BOS,MIA,62,0,0,0,62,0,8,2,16.0,0.0,0.0,0.12903225806451613,0.03225806451612903,0.25806451612903225
2023,5,19790,DL,10721,13487,BOS,MSP,150,0,0,0,150,0,9,3,-1340.0,0.0,0.0,0.06,0.02,-8.933333333333334
2023,5,19790,DL,10721,13930,BOS,ORD,82,0,0,0,82,0,17,4,570.0,0.0,0.0,0.2073170731707317,0.04878048780487805,6.951219512195122
2023,5,19790,DL,10721,14107,BOS,PHX,31,0,0,0,31,0,2,1,218.0,0.0,0.0,0.06451612903225806,0.03225806451612903,7.032258064516129
2023,5,19790,DL,10721,14635,BOS,RSW,31,1,0,0,30,0,5,4,293.0,0.03225806451612903,0.0,0.16666666666666666,0.13333333333333333,9.766666666666667
2023,5,19790,DL,10721,14679,BOS,SAN,31,0,0,0,31,0,5,1,-296.0,0.0,0.0,0.16129032258064516,0.03225806451612903,-9.548387096774194
2023,5,19790,DL,10721,14747,BOS,SEA,88,1,0,0,87,0,9,3,-886.0,0.011363636363636364,0.0,0.10344827586206896,0.034482758620689655,-10.183908045977011
2023,5,19790,DL,10721,14771,BOS,SFO,61,1,0,0,60,0,3,1,-1507.0,0.01639344262295082,0.0,0.05,0.016666666666666666,-25.116666666666667
2023,5,19790,DL,10721,14869,BOS,SLC,93,0,1,0,92,0,9,2,-1228.0,0.0,0.010752688172043012,0.09782608695652174,0.021739130434782608,-13.347826086956522
2023,5,19790,DL,10721,15304,BOS,TPA,93,0,0,0,93,0,13,6,10.0,0.0,0.0,0.13978494623655913,0.06451612903225806,0.10752688172043011
2023,5,19790,DL,10821,10397,BWI,ATL,255,2,0,0,253,0,36,13,747.0,0.00784313725490196,0.0,0.1422924901185771,0.05138339920948617,2.952569169960474
2023,5,19790,DL,10821,11433,BWI,DTW,88,0,0,0,88,0,5,0,-529.0,0.0,0.0,0.056818181818181816,0.0,-6.011363636363637
2023,5,19790,DL,10821,13487,BWI,MSP,92,0,0,0,92,0,6,1,268.0,0.0,0.0,0.06521739130434782,0.010869565217391304,2.9130434782608696
2023,5,19790,DL,10821,14869,BWI,SLC,31,0,0,0,31,0,3,0,-622.0,0.0,0.0,0.0967741935483871,0.0,-20.06451612903226
2023,5,19790,DL,11278,10397,DCA,ATL,329,3,0,0,326,0,53,18,2655.0,0.00911854103343465,0.0,0.16257668711656442,0.05521472392638037,8.144171779141104
2023,5,19790,DL,11278,11433,DCA,DTW,151,2,0,0,149,0,14,8,-358.0,0.013245033112582781,0.0,0.09395973154362416,0.053691275167785234,-2.402684563758389
2023,5,19790,DL,11278,12892,DCA,LAX,31,0,0,0,31,0,1,1,-352.0,0.0,0.0,0.03225806451612903,0.03225806451612903,-11.35483870967742
2023,5,19790,DL,11278,13487,DCA,MSP,155,1,0,0,154,0,11,5,-1159.0,0.0064516129032258064,0.0,0.07142857142857142,0.032467532467532464,-7.525974025974026
2023,5,19790,DL,11278,14869,DCA,SLC,31,0,0,0,31,0,0,0,-385.0,0.0,0.0,0.0,0.0,-12.419354838709678
2023,5,19790,DL,11292,10397,DEN,ATL,265,1,0,0,264,0,43,14,1215.0,0.0037735849056603774,0.0,0.16287878787878787,0.05303030303030303,4.6022727272727275
2023,5,19790,DL,11292,10721,DEN,BOS,31,0,0,0,31,0,2,0,-249.0,0.0,0.0,0.06451612903225806,0.0,-8.03225806451613
2023,5,19790,DL,11292,11433,DEN,DTW,124,0,0,0,124,0,19,4,82.0,0.0,0.0,0.1532258064516129,0.03225806451612903,0.6612903225806451
2023,5,19790,DL,11292,12478,DEN,JFK,93,0,0,0,93,0,10,1,-595.0,0.0,0.0,0.10752688172043011,0.010752688172043012,-6.397849462365591
2023,5,19790,DL,11292,12892,DEN,LAX,93,3,0,0,90,0,27,15,2260.0,0.03225806451612903,0.0,0.3,0.16666666666666666,25.11111111111111
2023,5,19790,DL,11292,12953,DEN,LGA,61,0,0,0,61,0,11,5,-76.0,0.0,0.0,0.18032786885245902,0.08196721311475409,-1.2459016393442623
2023,5,19790,DL,11292,13487,DEN,MSP,167,0,0,0,167,0,25,8,951.0,0.0,0.0,0.1497005988023952,0.04790419161676647,5.6946107784431135
2023,5,19790,DL,11292,14747,DEN,SEA,93,1,0,0,92,0,16,7,907.0,0.010752688172043012,0.0,0.17391304347826086,0.07608695652173914,9.858695652173912
2023,5,19790,DL,11292,14869,DEN,SLC,150,1,0,0,149,0,22,9,-3.0,0.006666666666666667,0.0,0.1476510067114094,0.06040268456375839,-0.020134228187919462
2023,5,19790,DL,11298,10397,DFW,ATL,243,1,0,0,242,0,36,10,-24.0,0.00411522633744856,0.0,0.1487603305785124,0.04132231404958678,-0.09917355371900827
2023,5,19790,DL,11298,10721,DFW,BOS,62,0,0,0,62,0,12,3,713.0,0.0,0.0,0.1935483870967742,0.04838709677419355,11.5
2023,5,19790,DL,11298,11433,DFW,DTW,119,1,0,0,118,0,19,10,1212.0,0.008403361344537815,0.0,0.16101694915254236,0.0847457627118644,10.271186440677965
2023,5,19790,DL,11298,12478,DFW,JFK,62,1,0,0,61,0,5,0,-938.0,0.016129032258064516,0.0,0.08196721311475409,0.0,-15.37704918032787
2023,5,19790,DL,11298,12892,DFW,LAX,62,1,0,0,61,0,11,5,559.0,0.016129032258064516,0.0,0.18032786885245902,0.08196721311475409,9.163934426229508
2023,5,19790,DL,11298,12953,DFW,LGA,139,0,0,0,139,0,17,7,-766.0,0.0,0.0,0.1223021582733813,0.050359712230215826,-5.510791366906475
2023,5,19790,DL,11298,13487,DFW,MSP,124,0,0,0,124,0,23,7,1679.0,0.0,0.0,0.18548387096774194,0.056451612903225805,13.540322580645162
2023,5,19790,DL,11298,14869,DFW,SLC,124,0,0,0,124,0,13,5,-833.0,0.0,0.0,0.10483870967741936,0.04032258064516129,-6.717741935483871
2023,5,19790,DL,11433,10397,DTW,ATL,326,0,0,0,326,0,42,16,756.0,0.0,0.0,0.12883435582822086,0.049079754601226995,2.3190184049079754
2023,5,19790,DL,11433,10721,DTW,BOS,150,1,0,0,149,0,19,5,-458.0,0.006666666666666667,0.0,0.12751677852348994,0.03355704697986577,-3.0738255033557045
2023,5,19790,DL,11433,10821,DTW,BWI,88,0,0,0,88,0,12,2,-162.0,0.0,0.0,0.13636363636363635,0.022727272727272728,-1.8409090909090908
2023,5,19790,DL,11433,11278,DTW,DCA,151,2,0,0,149,0,20,4,-512.0,0.013245033112582781,0.0,0.1342281879194631,0.026845637583892617,-3.436241610738255
2023,5,19790,DL,11433,11292,DTW,DEN,124,0,3,0,121,0,16,3,-921.0,0.0,0.024193548387096774,0.1322314049586777,0.024793388429752067,-7.6115702479338845
2023,5,19790,DL,11433,11298,DTW,DFW,119,1,1,0,117,0,10,3,-1438.0,0.008403361344537815,0.008403361344537815,0.08547008547008547,0.02564102564102564,-12.290598290598291
2023,5,19790,DL,11433,11618,DTW,EWR,140,0,0,0,140,0,13,3,-861.0,0.0,0.0,0.09285714285714286,0.02142857142857143,-6.15
2023,5,19790,DL,11433,11697,DTW,FLL,143,0,1,0,142,0,14,0,-1267.0,0.0,0.006993006993006993,0.09859154929577464,0.0,-8.922535211267606
2023,5,19790,DL,11433,12173,DTW,HNL,21,0,0,0,21,0,4,4,89.0,0.0,0.0,0.19047619047619047,0.19047619047619047,4.238095238095238
2023,5,19790,DL,11433,12266,DTW,IAH,119,1,3,0,115,0,18,7,-117.0,0.008403361344537815,0.025210084033613446,0.1565217391304348,0.06086956521739131,-1.017391304347826
2023,5,19790,DL,11433,12478,DTW,JFK,31,0,0,0,31,0,9,0,188.0,0.0,0.0,0.2903225806451613,0.0,6.064516129032258
2023,5,19790,DL,11433,12889,DTW,LAS,171,1,0,0,170,0,29,9,-637.0,0.005847953216374269,0.0,0.17058823529411765,0.052941176470588235,-3.7470588235294118
2023,5,19790,DL,11433,12892,DTW,LAX,172,3,0,0,169,0,25,11,-556.0,0.01744186046511628,0.0,0.14792899408284024,0.0650887573964497,-3.289940828402367
2023,5,19790,DL,11433,12953,DTW,LGA,178,2,0,0,176,0,16,5,-976.0,0.011235955056179775,0.0,0.09090909090909091,0.028409090909090908,-5.545454545454546
2023,5,19790,DL,11433,13204,DTW,MCO,186,1,0,0,185,0,21,5,-1150.0,0.005376344086021506,0.0,0.11351351351351352,0.02702702702702703,-6.216216216216216
2023,5,19790,DL,11433,13303,DTW,MIA,64,0,0,0,64,0,7,1,-36.0,0.0,0.0,0.109375,0.015625,-0.5625
2023,5,19790,DL,11433,13487,DTW,MSP,155,1,0,0,154,0,11,2,-1799.0,0.0064516129032258064,0.0,0.07142857142857142,0.012987012987012988,-11.681818181818182
2023,5,19790,DL,11433,13930,DTW,ORD,176,1,1,0,174,0,14,7,-1135.0,0.005681818181818182,0.005681818181818182,0.08045977011494253,0.040229885057471264,-6.522988505747127
2023,5,19790,DL,11433,14100,DTW,PHL,119,0,0,0,119,0,7,2,-1031.0,0.0,0.0,0.058823529411764705,0.01680672268907563,-8.663865546218487
2023,5,19790,DL,11433,14107,DTW,PHX,124,0,0,0,124,0,7,2,-1723.0,0.0,0.0,0.056451612903225805,0.016129032258064516,-13.89516129032258
2023,5,19790,DL,11433,14635,DTW,RSW,100,0,0,0,100,0,10,1,-1154.0,0.0,0.0,0.1,0.01,-11.54
2023,5,19790,DL,11433,14679,DTW,SAN,109,1,0,0,108,0,10,1,-1374.0,0.009174311926605505,0.0,0.09259259259259259,0.009259259259259259,-12.722222222222221
2023,5,19790,DL,11433,14747,DTW,SEA,127,0,0,0,127,0,8,3,-1622.0,0.0,0.0,0.06299212598425197,0.023622047244094488,-12.771653543307087
2023,5,19790,DL,11433,14771,DTW,SFO,109,0,0,0,109,0,6,1,-1995.0,0.0,0.0,0.05504587155963303,0.009174311926605505,-18.30275229357798
2023,5,19790,DL,11433,14869,DTW,SLC,124,0,0,0,124,0,7,1,-1922.0,0.0,0.0,0.056451612903225805,0.008064516129032258,-15.5
2023,5,19790,DL,11433,15016,DTW,STL,113,0,0,0,113,0,6,4,-911.0,0.0,0.0,0.05309734513274336,0.035398230088495575,-8.061946902654867
2023,5,19790,DL,11433,15304,DTW,TPA,124,1,1,0,122,0,8,3,-1276.0,0.008064516129032258,0.008064516129032258,0.06557377049180328,0.02459016393442623,-10.459016393442623
2023,5,19790,DL,11618,10397,EWR,ATL,254,1,0,0,253,0,16,6,-489.0,0.003937007874015748,0.0,0.06324110671936758,0.023715415019762844,-1.9328063241106719
2023,5,19790,DL,11618,11433,EWR,DTW,140,0,0,0,140,0,7,5,-1609.0,0.0,0.0,0.05,0.03571428571428571,-11.492857142857142
2023,5,19790,DL,11618,13487,EWR,MSP,119,1,0,0,118,0,4,2,-2292.0,0.008403361344537815,0.0,0.03389830508474576,0.01694915254237288,-19.423728813559322
2023,5,19790,DL,11618,14869,EWR,SLC,31,0,0,0,31,0,3,2,-660.0,0.0,0.0,0.0967741935483871,0.06451612903225806,-21.29032258064516
2023,5,19790,DL,11697,10397,FLL,ATL,353,3,0,0,350,0,87,23,3282.0,0.0084985835694051,0.0,0.24857142857142858,0.06571428571428571,9.377142857142857
2023,5,19790,DL,11697,10721,FLL,BOS,62,0,0,0,62,0,12,7,1198.0,0.0,0.0,0.1935483870967742,0.11290322580645161,19.322580645161292
2023,5,19790,DL,11697,11433,FLL,DTW,143,0,0,0,143,0,18,5,-96.0,0.0,0.0,0.1258741258741259,0.03496503496503497,-0.6713286713286714
2023,5,19790,DL,11697,12478,FLL,JFK,124,4,1,0,119,0,32,10,1792.0,0.03225806451612903,0.008064516129032258,0.2689075630252101,0.08403361344537816,15.058823529411764
2023,5,19790,DL,11697,12892,FLL,LAX,30,0,0,0,30,0,2,0,-141.0,0.0,0.0,0.06666666666666667,0.0,-4.7
2023,5,19790,DL,11697,12953,FLL,LGA,120,2,0,0,118,0,24,9,793.0,0.016666666666666666,0.0,0.2033898305084746,0.07627118644067797,6.720338983050848
2023,5,19790,DL,11697,13487,FLL,MSP,62,0,0,0,62,0,9,2,-264.0,0.0,0.0,0.14516129032258066,0.03225806451612903,-4.258064516129032
2023,5,19790,DL,11697,14747,FLL,SEA,31,1,0,0,30,0,5,3,829.0,0.03225806451612903,0.0,0.16666666666666666,0.1,27.633333333333333
2023,5,19790,DL,11697,14869,FLL,SLC,31,1,0,0,30,0,2,1,366.0,0.03225806451612903,0.0,0.06666666666666667,0.03333333333333333,12.2
2023,5,19790,DL,12173,10397,HNL,ATL,31,0,0,0,31,0,6,2,180.0,0.0,0.0,0.1935483870967742,0.06451612903225806,5.806451612903226
2023,5,19790,DL,12173,11433,HNL,DTW,21,0,0,0,21,0,5,2,-3.0,0.0,0.0,0.23809523809523808,0.09523809523809523,-0.14285714285714285
2023,5,19790,DL,12173,12478,HNL,JFK,21,1,1,0,19,0,1,0,-330.0,0.047619047619047616,0.047619047619047616,0.05263157894736842,0.0,-17.36842105263158
2023,5,19790,DL,12173,12892,HNL,LAX,93,0,0,0,93,0,5,1,-530.0,0.0,0.0,0.053763440860215055,0.010752688172043012,-5.698924731182796
2023,5,19790,DL,12173,13487,HNL,MSP,31,0,0,0,31,0,0,0,-432.0,0.0,0.0,0.0,0.0,-13.935483870967742
2023,5,19790,DL,12173,14747,HNL,SEA,47,0,0,0,47,0,5,2,-244.0,0.0,0.0,0.10638297872340426,0.0425531914893617,-5.191489361702128
2023,5,19790,DL,12173,14869,HNL,SLC,31,0,0,0,31,0,2,1,132.0,0.0,0.0,0.06451612903225806,0.03225806451612903,4.258064516129032
2023,5,19790,DL,12266,10397,IAH,ATL,202,4,0,0,198,0,39,13,1790.0,0.019801980198019802,0.0,0.19696969696969696,0.06565656565656566,9.04040404040404
2023,5,19790,DL,12266,11433,IAH,DTW,119,1,0,0,118,0,25,12,1453.0,0.008403361344537815,0.0,0.211864406779661,0.1016949152542373,12.313559322033898
2023,5,19790,DL,12266,12892,IAH,LAX,57,0,0,0,57,0,12,6,746.0,0.0,0.0,0.21052631578947367,0.10526315789473684,13.087719298245615
2023,5,19790,DL,12266,12953,IAH,LGA,111,1,0,0,110,0,20,10,1059.0,0.009009009009009009,0.0,0.18181818181818182,0.09090909090909091,9.627272727272727
2023,5,19790,DL,12266,13487,IAH,MSP,119,0,0,0,119,0,16,8,158.0,0.0,0.0,0.13445378151260504,0.06722689075630252,1.3277310924369747
2023,5,19790,DL,12266,14869,IAH,SLC,90,0,0,0,90,0,7,3,-110.0,0.0,0.0,0.07777777777777778,0.03333333333333333,-1.2222222222222223
2023,5,19790,DL,12478,10397,JFK,ATL,218,0,0,0,218,0,18,8,-2503.0,0.0,0.0,0.08256880733944955,0.03669724770642202,-11.48165137614679
2023,5,19790,DL,12478,10721,JFK,BOS,31,0,0,0,31,0,4,0,-27.0,0.0,0.0,0.12903225806451613,0.0,-0.8709677419354839
2023,5,19790,DL,12478,11292,JFK,DEN,93,0,2,0,91,0,13,2,-1174.0,0.0,0.021505376344086023,0.14285714285714285,0.02197802197802198,-12.901098901098901
2023,5,19790,DL,12478,11298,JFK,DFW,62,0,0,0,62,0,10,6,-66.0,0.0,0.0,0.16129032258064516,0.0967741935483871,-1.064516129032258
2023,5,19790,DL,12478,11433,JFK,DTW,31,0,0,0,31,0,4,2,82.0,0.0,0.0,0.12903225806451613,0.06451612903225806,2.6451612903225805
2023,5,19790,DL,12478,11697,JFK,FLL,124,4,1,0,119,0,19,8,-462.0,0.03225806451612903,0.008064516129032258,0.15966386554621848,0.06722689075630252,-3.8823529411764706
2023,5,19790,DL,12478,12173,JFK,HNL,21,0,0,0,21,0,3,0,-660.0,0.0,0.0,0.14285714285714285,0.0,-31.428571428571427
2023,5,19790,DL,12478,12889,JFK,LAS,124,0,0,0,124,0,13,2,-2688.0,0.0,0.0,0.10483870967741936,0.016129032258064516,-21.677419354838708
2023,5,19790,DL,12478,12892,JFK,LAX,296,0,0,0,296,0,32,14,-896.0,0.0,0.0,0.10810810810810811,0.0472972972972973,-3.027027027027027
2023,5,19790,DL,12478,13204,JFK,MCO,155,1,1,0,153,0,22,11,263.0,0.0064516129032258064,0.0064516129032258064,0.1437908496732026,0.0718954248366013,1.7189542483660132
2023,5,19790,DL,12478,13303,JFK,MIA,124,1,0,0,123,0,19,4,-954.0,0.008064516129032258,0.0,0.15447154471544716,0.032520325203252036,-7.7560975609756095
2023,5,19790,DL,12478,13487,JFK,MSP,63,0,0,0,63,0,5,3,-1073.0,0.0,0.0,0.07936507936507936,0.047619047619047616,-17.03174603174603
2023,5,19790,DL,12478,14107,JFK,PHX,62,0,0,0,62,0,2,1,-1376.0,0.0,0.0,0.03225806451612903,0.016129032258064516,-22.193548387096776
2023,5,19790,DL,12478,14635,JFK,RSW,31,0,0,0,31,0,5,2,-164.0,0.0,0.0,0.16129032258064516,0.06451612903225806,-5.290322580645161
2023,5,19790,DL,12478,14679,JFK,SAN,78,0,1,0,77,0,3,1,-2309.0,0.0,0.01282051282051282,0.03896103896103896,0.012987012987012988,-29.98701298701299
2023,5,19790,DL,12478,14747,JFK,SEA,108,0,0,0,108,0,4,0,-3027.0,0.0,0.0,0.037037037037037035,0.0,-28.02777777777778
2023,5,19790,DL,12478,14771,JFK,SFO,225,1,0,0,224,0,24,9,-5018.0,0.0044444444444444444,0.0,0.10714285714285714,0.04017857142857143,-22.401785714285715
2023,5,19790,DL,12478,14869,JFK,SLC,124,0,0,0,124,0,2,1,-4032.0,0.0,0.0,0.016129032258064516,0.008064516129032258,-32.516129032258064
2023,5,19790,DL,12478,15304,JFK,TPA,93,0,0,0,93,0,6,3,-1809.0,0.0,0.0,0.06451612903225806,0.03225806451612903,-19.451612903225808
2023,5,19790,DL,12889,10397,LAS,ATL,262,1,0,0,261,0,46,14,3813.0,0.003816793893129771,0.0,0.17624521072796934,0.05363984674329502,14.60919540229885
2023,5,19790,DL,12889,10721,LAS,BOS,31,0,0,0,31,0,8,1,138.0,0.0,0.0,0.25806451612903225,0.03225806451612903,4.451612903225806
2023,5,19790,DL,12889,11433,LAS,DTW,171,1,0,0,170,0,24,3,-368.0,0.005847953216374269,0.0,0.1411764705882353,0.01764705882352941,-2.164705882352941
2023,5,19790,DL,12889,12478,LAS,JFK,124,1,0,0,123,0,17,6,-232.0,0.008064516129032258,0.0,0.13821138211382114,0.04878048780487805,-1.886178861788618
2023,5,19790,DL,12889,12892,LAS,LAX,154,1,0,0,153,0,41,20,1747.0,0.006493506493506494,0.0,0.2679738562091503,0.13071895424836602,11.418300653594772
2023,5,19790,DL,12889,13487,LAS,MSP,202,3,0,0,199,0,46,4,672.0,0.01485148514851485,0.0,0.23115577889447236,0.020100502512562814,3.3768844221105527
2023,5,19790,DL,12889,14747,LAS,SEA,154,1,0,0,153,0,33,10,557.0,0.006493506493506494,0.0,0.21568627450980393,0.06535947712418301,3.6405228758169934
2023,5,19790,DL,12889,14869,LAS,SLC,150,0,0,0,150,0,35,9,1547.0,0.0,0.0,0.23333333333333334,0.06,10.313333333333333
2023,5,19790,DL,12892,10397,LAX,ATL,353,3,0,0,350,0,70,13,4528.0,0.0084985835694051,0.0,0.2,0.037142857142857144,12.937142857142858
2023,5,19790,DL,12892,10721,LAX,BOS,105,3,0,0,102,0,15,9,445.0,0.02857142857142857,0.0,0.14705882352941177,0.08823529411764706,4.362745098039215
2023,5,19790,DL,12892,11278,LAX,DCA,31,0,0,0,31,0,0,0,-582.0,0.0,0.0,0.0,0.0,-18.774193548387096
2023,5,19790,DL,12892,11292,LAX,DEN,93,3,1,0,89,0,32,16,2175.0,0.03225806451612903,0.010752688172043012,0.3595505617977528,0.1797752808988764,24.43820224719101
2023,5,19790,DL,12892,11298,LAX,DFW,62,1,1,0,60,0,12,7,789.0,0.016129032258064516,0.016129032258064516,0.2,0.11666666666666667,13.15
2023,5,19790,DL,12892,11433,LAX,DTW,171,3,0,0,168,0,28,12,1312.0,0.017543859649122806,0.0,0.16666666666666666,0.07142857142857142,7.809523809523809
2023,5,19790,DL,12892,11697,LAX,FLL,30,0,0,0,30,0,4,1,44.0,0.0,0.0,0.13333333333333333,0.03333333333333333,1.4666666666666666
2023,5,19790,DL,12892,12173,LAX,HNL,93,0,0,0,93,0,12,1,-407.0,0.0,0.0,0.12903225806451613,0.010752688172043012,-4.376344086021505
2023,5,19790,DL,12892,12266,LAX,IAH,57,0,0,0,57,0,12,7,918.0,0.0,0.0,0.21052631578947367,0.12280701754385964,16.105263157894736
2023,5,19790,DL,12892,12478,LAX,JFK,295,0,0,0,295,0,43,12,1471.0,0.0,0.0,0.14576271186440679,0.04067796610169491,4.986440677966102
2023,5,19790,DL,12892,12889,LAX,LAS,154,1,0,0,153,0,46,19,2549.0,0.006493506493506494,0.0,0.3006535947712418,0.12418300653594772,16.66013071895425
2023,5,19790,DL,12892,13204,LAX,MCO,109,3,0,0,106,0,29,7,1320.0,0.027522935779816515,0.0,0.27358490566037735,0.0660377358490566,12.452830188679245
2023,5,19790,DL,12892,13303,LAX,MIA,33,0,1,0,32,0,5,1,102.0,0.0,0.030303030303030304,0.15625,0.03125,3.1875
2023,5,19790,DL,12892,13487,LAX,MSP,212,1,0,0,211,0,29,10,124.0,0.0047169811320754715,0.0,0.13744075829383887,0.04739336492890995,0.5876777251184834
2023,5,19790,DL,12892,14747,LAX,SEA,201,1,0,0,200,0,20,4,-854.0,0.004975124378109453,0.0,0.1,0.02,-4.27
2023,5,19790,DL,12892,14771,LAX,SFO,202,3,0,0,199,0,54,16,1496.0,0.01485148514851485,0.0,0.271356783919598,0.08040201005025126,7.517587939698492
2023,5,19790,DL,12892,14869,LAX,SLC,217,0,0,0,217,0,21,7,-39.0,0.0,0.0,0.0967741935483871,0.03225806451612903,-0.17972350230414746
2023,5,19790,DL,12892,15304,LAX,TPA,47,1,0,0,46,0,13,2,336.0,0.02127659574468085,0.0,0.2826086956521739,0.043478260869565216,7.304347826086956
2023,5,19790,DL,12953,10397,LGA,ATL,398,2,0,0,396,0,35,11,-3253.0,0.005025125628140704,0.0,0.08838383838383838,0.027777777777777776,-8.214646464646465
2023,5,19790,DL,12953,10721,LGA,BOS,95,1,0,0,94,0,19,9,628.0,0.010526315789473684,0.0,0.20212765957446807,0.09574468085106383,6.680851063829787
2023,5,19790,DL,12953,11292,LGA,DEN,61,0,2,0,59,0,5,2,-1154.0,0.0,0.03278688524590164,0.0847457627118644,0.03389830508474576,-19.559322033898304
2023,5,19790,DL,12953,11298,LGA,DFW,139,0,2,0,137,0,17,2,-1448.0,0.0,0.014388489208633094,0.12408759124087591,0.014598540145985401,-10.569343065693431
2023,5,19790,DL,12953,11433,LGA,DTW,178,3,0,0,175,0,11,2,-1673.0,0.016853932584269662,0.0,0.06285714285714286,0.011428571428571429,-9.56
2023,5,19790,DL,12953,11697,LGA,FLL,120,1,0,0,119,0,28,7,343.0,0.008333333333333333,0.0,0.23529411764705882,0.058823529411764705,2.8823529411764706
2023,5,19790,DL,12953,12266,LGA,IAH,111,1,1,0,109,0,15,6,-1167.0,0.009009009009009009,0.009009009009009009,0.13761467889908258,0.05504587155963303,-10.706422018348624
2023,5,19790,DL,12953,13204,LGA,MCO,158,0,1,0,157,0,24,8,-679.0,0.0,0.006329113924050633,0.15286624203821655,0.050955414012738856,-4.32484076433121
2023,5,19790,DL,12953,13303,LGA,MIA,121,3,2,0,116,0,24,4,-356.0,0.024793388429752067,0.01652892561983471,0.20689655172413793,0.034482758620689655,-3.0689655172413794
2023,5,19790,DL,12953,13487,LGA,MSP,147,0,0,0,147,0,16,8,-1510.0,0.0,0.0,0.10884353741496598,0.05442176870748299,-10.272108843537415
2023,5,19790,DL,12953,13930,LGA,ORD,224,1,0,0,223,0,27,14,-1997.0,0.004464285714285714,0.0,0.1210762331838565,0.06278026905829596,-8.955156950672645
2023,5,19790,DL,12953,14635,LGA,RSW,62,0,0,0,62,0,8,3,-337.0,0.0,0.0,0.12903225806451613,0.04838709677419355,-5.435483870967742
2023,5,19790,DL,12953,15304,LGA,TPA,120,0,0,0,120,0,17,3,-1135.0,0.0,0.0,0.14166666666666666,0.025,-9.458333333333334
2023,5,19790,DL,13204,10397,MCO,ATL,445,0,0,0,445,0,105,35,4372.0,0.0,0.0,0.23595505617977527,0.07865168539325842,9.824719101123595
2023,5,19790,DL,13204,10721,MCO,BOS,93,0,0,0,93,0,9,5,-598.0,0.0,0.0,0.0967741935483871,0.053763440860215055,-6.43010752688172
2023,5,19790,DL,13204,11433,MCO,DTW,186,1,0,0,185,0,27,9,780.0,0.005376344086021506,0.0,0.14594594594594595,0.04864864864864865,4.216216216216216
2023,5,19790,DL,13204,12478,MCO,JFK,155,1,0,0,154,0,28,14,445.0,0.0064516129032258064,0.0,0.18181818181818182,0.09090909090909091,2.8896103896103895
2023,5,19790,DL,13204,12892,MCO,LAX,109,3,0,0,106,0,10,6,-626.0,0.027522935779816515,0.0,0.09433962264150944,0.05660377358490566,-5.90566037735849
2023,5,19790,DL,13204,12953,MCO,LGA,158,0,0,0,158,0,25,6,797.0,0.0,0.0,0.15822784810126583,0.0379746835443038,5.044303797468355
2023,5,19790,DL,13204,13303,MCO,MIA,93,0,0,0,93,0,20,9,1276.0,0.0,0.0,0.21505376344086022,0.0967741935483871,13.720430107526882
2023,5,19790,DL,13204,13487,MCO,MSP,162,0,0,0,162,0,24,8,847.0,0.0,0.0,0.14814814814814814,0.04938271604938271,5.228395061728395
2023,5,19790,DL,13204,14747,MCO,SEA,62,0,0,0,62,0,10,3,578.0,0.0,0.0,0.16129032258064516,0.04838709677419355,9.32258064516129
2023,5,19790,DL,13204,14869,MCO,SLC,119,2,0,0,117,0,11,4,-126.0,0.01680672268907563,0.0,0.09401709401709402,0.03418803418803419,-1.0769230769230769
2023,5,19790,DL,13232,10397,MDW,ATL,119,2,0,0,117,0,13,5,-236.0,0.01680672268907563,0.0,0.1111111111111111,0.042735042735042736,-2.017094017094017
2023,5,19790,DL,13303,10397,MIA,ATL,266,0,0,0,266,0,91,27,4577.0,0.0,0.0,0.34210526315789475,0.10150375939849623,17.206766917293233
2023,5,19790,DL,13303,10721,MIA,BOS,62,0,0,0,62,0,9,6,1165.0,0.0,0.0,0.14516129032258066,0.0967741935483871,18.79032258064516
2023,5,19790,DL,13303,11433,MIA,DTW,64,0,0,0,64,0,15,6,754.0,0.0,0.0,0.234375,0.09375,11.78125
2023,5,19790,DL,13303,12478,MIA,JFK,124,1,0,0,123,0,33,11,1635.0,0.008064516129032258,0.0,0.2682926829268293,0.08943089430894309,13.292682926829269
2023,5,19790,DL,13303,12892,MIA,LAX,33,0,0,0,33,0,6,0,-229.0,0.0,0.0,0.18181818181818182,0.0,-6.9393939393939394
2023,5,19790,DL,13303,12953,MIA,LGA,121,3,0,0,118,0,17,8,1264.0,0.024793388429752067,0.0,0.1440677966101695,0.06779661016949153,10.711864406779661
2023,5,19790,DL,13303,13204,MIA,MCO,93,0,0,0,93,0,13,6,447.0,0.0,0.0,0.13978494623655913,0.06451612903225806,4.806451612903226
2023,5,19790,DL,13303,13487,MIA,MSP,52,0,0,0,52,0,6,3,-98.0,0.0,0.0,0.11538461538461539,0.057692307692307696,-1.8846153846153846
2023,5,19790,DL,13303,14869,MIA,SLC,31,0,0,0,31,0,2,1,-491.0,0.0,0.0,0.06451612903225806,0.03225806451612903,-15.838709677419354
2023,5,19790,DL,13487,10397,MSP,ATL,265,1,0,0,264,0,24,9,-890.0,0.0037735849056603774,0.0,0.09090909090909091,0.03409090909090909,-3.371212121212121
2023,5,19790,DL,13487,10721,MSP,BOS,150,0,0,0,150,0,17,4,-507.0,0.0,0.0,0.11333333333333333,0.02666666666666667,-3.38
2023,5,19790,DL,13487,10821,MSP,BWI,92,0,0,0,92,0,5,3,-572.0,0.0,0.0,0.05434782608695652,0.03260869565217391,-6.217391304347826
2023,5,19790,DL,13487,11278,MSP,DCA,155,1,1,0,153,0,9,3,-1062.0,0.0064516129032258064,0.0064516129032258064,0.058823529411764705,0.0196078431372549,-6.9411764705882355
2023,5,19790,DL,13487,11292,MSP,DEN,167,0,0,0,167,0,23,7,-732.0,0.0,0.0,0.1377245508982036,0.041916167664670656,-4.383233532934132
2023,5,19790,DL,13487,11298,MSP,DFW,124,0,0,0,124,0,12,4,-973.0,0.0,0.0,0.0967741935483871,0.03225806451612903,-7.846774193548387
2023,5,19790,DL,13487,11433,MSP,DTW,155,1,0,0,154,0,14,3,-572.0,0.0064516129032258064,0.0,0.09090909090909091,0.01948051948051948,-3.7142857142857144
2023,5,19790,DL,13487,11618,MSP,EWR,119,0,0,0,119,0,16,6,-419.0,0.0,0.0,0.13445378151260504,0.05042016806722689,-3.5210084033613445
2023,5,19790,DL,13487,11697,MSP,FLL,62,0,1,0,61,0,2,0,-713.0,0.0,0.016129032258064516,0.03278688524590164,0.0,-11.688524590163935
2023,5,19790,DL,13487,12173,MSP,HNL,31,0,0,0,31,0,3,0,-329.0,0.0,0.0,0.0967741935483871,0.0,-10.612903225806452
2023,5,19790,DL,13487,12266,MSP,IAH,119,0,2,0,117,0,9,2,-963.0,0.0,0.01680672268907563,0.07692307692307693,0.017094017094017096,-8.23076923076923
2023,5,19790,DL,13487,12478,MSP,JFK,61,0,0,0,61,0,9,0,-459.0,0.0,0.0,0.14754098360655737,0.0,-7.524590163934426
2023,5,19790,DL,13487,12889,MSP,LAS,202,3,0,0,199,0,30,4,-1519.0,0.01485148514851485,0.0,0.1507537688442211,0.020100502512562814,-7.633165829145729
2023,5,19790,DL,13487,12892,MSP,LAX,213,1,0,0,212,0,17,3,-2358.0,0.004694835680751174,0.0,0.08018867924528301,0.014150943396226415,-11.122641509433961
2023,5,19790,DL,13487,12953,MSP,LGA,147,0,0,0,147,0,15,3,-1007.0,0.0,0.0,0.10204081632653061,0.02040816326530612,-6.850340136054422
2023,5,19790,DL,13487,13204,MSP,MCO,162,0,0,0,162,0,16,7,-949.0,0.0,0.0,0.09876543209876543,0.043209876543209874,-5.8580246913580245
2023,5,19790,DL,13487,13303,MSP,MIA,52,0,0,0,52,0,8,0,-439.0,0.0,0.0,0.15384615384615385,0.0,-8.442307692307692
2023,5,19790,DL,13487,13930,MSP,ORD,180,2,0,0,178,0,18,9,-332.0,0.011111111111111112,0.0,0.10112359550561797,0.05056179775280899,-1.8651685393258426
2023,5,19790,DL,13487,14100,MSP,PHL,88,1,0,0,87,0,9,2,-571.0,0.011363636363636364,0.0,0.10344827586206896,0.022988505747126436,-6.563218390804598
2023,5,19790,DL,13487,14107,MSP,PHX,185,0,0,0,185,0,19,3,-1479.0,0.0,0.0,0.10270270270270271,0.016216216216216217,-7.994594594594594
2023,5,19790,DL,13487,14635,MSP,RSW,100,1,0,0,99,0,6,0,-1836.0,0.01,0.0,0.06060606060606061,0.0,-18.545454545454547
2023,5,19790,DL,13487,14679,MSP,SAN,114,1,0,0,113,0,6,1,-1633.0,0.008771929824561403,0.0,0.05309734513274336,0.008849557522123894,-14.451327433628318
2023,5,19790,DL,13487,14747,MSP,SEA,153,1,0,0,152,0,14,4,-1816.0,0.006535947712418301,0.0,0.09210526315789473,0.02631578947368421,-11.947368421052632
2023,5,19790,DL,13487,14771,MSP,SFO,119,0,0,0,119,0,5,0,-2056.0,0.0,0.0,0.04201680672268908,0.0,-17.277310924369747
2023,5,19790,DL,13487,14869,MSP,SLC,135,0,0,0,135,0,5,2,-1661.0,0.0,0.0,0.037037037037037035,0.014814814814814815,-12.303703703703704
2023,5,19790,DL,13487,15016,MSP,STL,119,1,0,0,118,0,8,2,-1380.0,0.008403361344537815,0.0,0.06779661016949153,0.01694915254237288,-11.694915254237289
2023,5,19790,DL,13487,15304,MSP,TPA,113,0,0,0,113,0,6,1,-1508.0,0.0,0.0,0.05309734513274336,0.008849557522123894,-13.345132743362832
2023,5,19790,DL,13796,14869,OAK,SLC,59,0,0,0,59,0,3,2,-425.0,0.0,0.0,0.05084745762711865,0.03389830508474576,-7.203389830508475
2023,5,19790,DL,13930,10397,ORD,ATL,224,2,0,0,222,0,50,15,1367.0,0.008928571428571428,0.0,0.22522522522522523,0.06756756756756757,6.157657657657658
2023,5,19790,DL,13930,10721,ORD,BOS,82,0,0,0,82,0,11,3,51.0,0.0,0.0,0.13414634146341464,0.036585365853658534,0.6219512195121951
2023,5,19790,DL,13930,11433,ORD,DTW,176,1,0,0,175,0,12,6,289.0,0.005681818181818182,0.0,0.06857142857142857,0.03428571428571429,1.6514285714285715
2023,5,19790,DL,13930,12953,ORD,LGA,224,1,0,0,223,0,21,7,-1138.0,0.004464285714285714,0.0,0.09417040358744394,0.03139013452914798,-5.103139013452915
2023,5,19790,DL,13930,13487,ORD,MSP,180,2,0,0,178,0,24,13,1588.0,0.011111111111111112,0.0,0.1348314606741573,0.07303370786516854,8.92134831460674
2023,5,19790,DL,13930,14747,ORD,SEA,93,0,0,0,93,0,9,4,-336.0,0.0,0.0,0.0967741935483871,0.043010752688172046,-3.6129032258064515
2023,5,19790,DL,13930,14869,ORD,SLC,90,2,0,0,88,0,6,1,-1275.0,0.022222222222222223,0.0,0.06818181818181818,0.011363636363636364,-14.488636363636363
2023,5,19790,DL,14100,10397,PHL,ATL,225,1,0,0,224,0,13,3,-1581.0,0.0044444444444444444,0.0,0.05803571428571429,0.013392857142857142,-7.058035714285714
2023,5,19790,DL,14100,11433,PHL,DTW,119,0,0,0,119,0,7,4,-1395.0,0.0,0.0,0.058823529411764705,0.03361344537815126,-11.722689075630251
2023,5,19790,DL,14100,13487,PHL,MSP,88,1,0,0,87,0,8,4,297.0,0.011363636363636364,0.0,0.09195402298850575,0.04597701149425287,3.413793103448276
2023,5,19790,DL,14100,14869,PHL,SLC,31,0,0,0,31,0,0,0,-1157.0,0.0,0.0,0.0,0.0,-37.32258064516129
2023,5,19790,DL,14107,10397,PHX,ATL,189,1,0,0,188,0,20,3,-184.0,0.005291005291005291,0.0,0.10638297872340426,0.015957446808510637,-0.9787234042553191
2023,5,19790,DL,14107,10721,PHX,BOS,31,1,0,0,30,0,0,0,-365.0,0.03225806451612903,0.0,0.0,0.0,-12.166666666666666
2023,5,19790,DL,14107,11433,PHX,DTW,124,0,0,0,124,0,11,1,-323.0,0.0,0.0,0.08870967741935484,0.008064516129032258,-2.6048387096774195
2023,5,19790,DL,14107,12478,PHX,JFK,62,0,0,0,62,0,3,0,-988.0,0.0,0.0,0.04838709677419355,0.0,-15.935483870967742
2023,5,19790,DL,14107,13487,PHX,MSP,185,0,0,0,185,0,16,1,-434.0,0.0,0.0,0.08648648648648649,0.005405405405405406,-2.345945945945946
2023,5,19790,DL,14107,14747,PHX,SEA,153,1,0,0,152,0,14,5,-1697.0,0.006535947712418301,0.0,0.09210526315789473,0.03289473684210526,-11.164473684210526
2023,5,19790,DL,14107,14869,PHX,SLC,150,3,1,0,146,0,11,5,-743.0,0.02,0.006666666666666667,0.07534246575342465,0.03424657534246575,-5.089041095890411
2023,5,19790,DL,14635,10397,RSW,ATL,216,0,0,0,216,0,20,6,-907.0,0.0,0.0,0.09259259259259259,0.027777777777777776,-4.199074074074074
2023,5,19790,DL,14635,10721,RSW,BOS,31,0,0,0,31,0,5,3,77.0,0.0,0.0,0.16129032258064516,0.0967741935483871,2.4838709677419355
2023,5,19790,DL,14635,11433,RSW,DTW,100,0,0,0,100,0,9,0,-255.0,0.0,0.0,0.09,0.0,-2.55
2023,5,19790,DL,14635,12478,RSW,JFK,31,1,0,0,30,0,4,3,213.0,0.03225806451612903,0.0,0.13333333333333333,0.1,7.1
2023,5,19790,DL,14635,12953,RSW,LGA,62,0,0,0,62,0,8,5,-111.0,0.0,0.0,0.12903225806451613,0.08064516129032258,-1.7903225806451613
2023,5,19790,DL,14635,13487,RSW,MSP,100,1,0,0,99,0,9,2,-406.0,0.01,0.0,0.09090909090909091,0.020202020202020204,-4.101010101010101
2023,5,19790,DL,14679,10397,SAN,ATL,151,0,0,0,151,0,23,5,914.0,0.0,0.0,0.152317880794702,0.033112582781456956,6.052980132450331
2023,5,19790,DL,14679,10721,SAN,BOS,31,0,0,0,31,0,1,1,-424.0,0.0,0.0,0.03225806451612903,0.03225806451612903,-13.67741935483871
2023,5,19790,DL,14679,11433,SAN,DTW,109,1,0,0,108,0,9,1,-113.0,0.009174311926605505,0.0,0.08333333333333333,0.009259259259259259,-1.0462962962962963
2023,5,19790,DL,14679,12478,SAN,JFK,78,0,1,0,77,0,10,2,-875.0,0.0,0.01282051282051282,0.12987012987012986,0.025974025974025976,-11.363636363636363
2023,5,19790,DL,14679,13487,SAN,MSP,114,1,0,0,113,0,17,3,28.0,0.008771929824561403,0.0,0.1504424778761062,0.02654867256637168,0.24778761061946902
2023,5,19790,DL,14679,14747,SAN,SEA,154,4,0,0,150,0,12,4,-1480.0,0.025974025974025976,0.0,0.08,0.02666666666666667,-9.866666666666667
2023,5,19790,DL,14679,14869,SAN,SLC,150,0,0,0,150,0,8,3,-454.0,0.0,0.0,0.05333333333333334,0.02,-3.026666666666667
2023,5,19790,DL,14747,10397,SEA,ATL,192,0,1,0,191,0,44,14,2651.0,0.0,0.005208333333333333,0.23036649214659685,0.07329842931937172,13.879581151832461
2023,5,19790,DL,14747,10721,SEA,BOS,88,1,0,0,87,0,14,0,-132.0,0.011363636363636364,0.0,0.16091954022988506,0.0,-1.5172413793103448
2023,5,19790,DL,14747,11292,SEA,DEN,93,1,1,0,91,0,24,10,1129.0,0.010752688172043012,0.010752688172043012,0.26373626373626374,0.10989010989010989,12.406593406593407
2023,5,19790,DL,14747,11433,SEA,DTW,127,0,0,0,127,0,9,3,569.0,0.0,0.0,0.07086614173228346,0.023622047244094488,4.480314960629921
2023,5,19790,DL,14747,11697,SEA,FLL,31,1,0,0,30,0,6,2,-159.0,0.03225806451612903,0.0,0.2,0.06666666666666667,-5.3
2023,5,19790,DL,14747,12173,SEA,HNL,47,0,0,0,47,0,10,4,713.0,0.0,0.0,0.2127659574468085,0.0851063829787234,15.170212765957446
2023,5,19790,DL,14747,12478,SEA,JFK,109,1,0,0,108,0,20,6,525.0,0.009174311926605505,0.0,0.18518518518518517,0.05555555555555555,4.861111111111111
2023,5,19790,DL,14747,12889,SEA,LAS,154,1,0,0,153,0,38,10,1373.0,0.006493506493506494,0.0,0.24836601307189543,0.06535947712418301,8.973856209150327
2023,5,19790,DL,14747,12892,SEA,LAX,201,2,0,0,199,0,53,18,1829.0,0.009950248756218905,0.0,0.2663316582914573,0.09045226130653267,9.190954773869347
2023,5,19790,DL,14747,13204,SEA,MCO,62,0,1,0,61,0,15,4,1209.0,0.0,0.016129032258064516,0.2459016393442623,0.06557377049180328,19.81967213114754
2023,5,19790,DL,14747,13487,SEA,MSP,153,1,0,0,152,0,17,2,15.0,0.006535947712418301,0.0,0.1118421052631579,0.013157894736842105,0.09868421052631579
2023,5,19790,DL,14747,13930,SEA,ORD,93,0,0,0,93,0,12,4,270.0,0.0,0.0,0.12903225806451613,0.043010752688172046,2.903225806451613
2023,5,19790,DL,14747,14107,SEA,PHX,153,0,1,0,152,0,34,2,574.0,0.0,0.006535947712418301,0.2236842105263158,0.013157894736842105,3.776315789473684
2023,5,19790,DL,14747,14679,SEA,SAN,154,4,0,0,150,0,21,6,-119.0,0.025974025974025976,0.0,0.14,0.04,-0.7933333333333333
2023,5,19790,DL,14747,14771,SEA,SFO,62,0,0,0,62,0,26,5,1124.0,0.0,0.0,0.41935483870967744,0.08064516129032258,18.129032258064516
2023,5,19790,DL,14747,14869,SEA,SLC,205,0,0,0,205,0,31,6,666.0,0.0,0.0,0.15121951219512195,0.02926829268292683,3.2487804878048783
2023,5,19790,DL,14747,15304,SEA,TPA,31,0,1,0,30,0,7,2,340.0,0.0,0.03225806451612903,0.23333333333333334,0.06666666666666667,11.333333333333334
2023,5,19790,DL,14771,10397,SFO,ATL,198,1,0,0,197,0,17,6,-574.0,0.005050505050505051,0.0,0.08629441624365482,0.030456852791878174,-2.9137055837563453
2023,5,19790,DL,14771,10721,SFO,BOS,61,1,0,0,60,0,15,1,221.0,0.01639344262295082,0.0,0.25,0.016666666666666666,3.683333333333333
2023,5,19790,DL,14771,11433,SFO,DTW,109,0,0,0,109,0,10,4,256.0,0.0,0.0,0.09174311926605505,0.03669724770642202,2.3486238532110093
2023,5,19790,DL,14771,12478,SFO,JFK,225,1,0,0,224,0,44,10,-387.0,0.0044444444444444444,0.0,0.19642857142857142,0.044642857142857144,-1.7276785714285714
2023,5,19790,DL,14771,12892,SFO,LAX,202,3,0,0,199,0,31,10,-288.0,0.01485148514851485,0.0,0.15577889447236182,0.05025125628140704,-1.4472361809045227
2023,5,19790,DL,14771,13487,SFO,MSP,119,0,0,0,119,0,6,0,-1140.0,0.0,0.0,0.05042016806722689,0.0,-9.579831932773109
2023,5,19790,DL,14771,14747,SFO,SEA,63,0,0,0,63,0,7,1,-462.0,0.0,0.0,0.1111111111111111,0.015873015873015872,-7.333333333333333
2023,5,19790,DL,14771,14869,SFO,SLC,150,0,0,0,150,0,30,6,467.0,0.0,0.0,0.2,0.04,3.1133333333333333
2023,5,19790,DL,14869,10397,SLC,ATL,233,0,0,0,233,0,25,7,590.0,0.0,0.0,0.1072961373390558,0.030042918454935622,2.532188841201717
2023,5,19790,DL,14869,10721,SLC,BOS,93,0,0,0,93,0,13,1,133.0,0.0,0.0,0.13978494623655913,0.010752688172043012,1.4301075268817205
2023,5,19790,DL,14869,10821,SLC,BWI,31,0,0,0,31,0,2,0,-133.0,0.0,0.0,0.06451612903225806,0.0,-4.290322580645161
2023,5,19790,DL,14869,11278,SLC,DCA,31,0,0,0,31,0,5,0,-46.0,0.0,0.0,0.16129032258064516,0.0,-1.4838709677419355
2023,5,19790,DL,14869,11292,SLC,DEN,150,1,1,0,148,0,38,14,1807.0,0.006666666666666667,0.006666666666666667,0.25675675675675674,0.0945945945945946,12.20945945945946
2023,5,19790,DL,14869,11298,SLC,DFW,124,0,1,0,123,0,27,3,785.0,0.0,0.008064516129032258,0.21951219512195122,0.024390243902439025,6.382113821138211
2023,5,19790,DL,14869,11433,SLC,DTW,124,0,0,0,124,0,15,5,-298.0,0.0,0.0,0.12096774193548387,0.04032258064516129,-2.403225806451613
2023,5,19790,DL,14869,11618,SLC,EWR,31,0,0,0,31,0,3,2,-170.0,0.0,0.0,0.0967741935483871,0.06451612903225806,-5.483870967741935
2023,5,19790,DL,14869,11697,SLC,FLL,31,1,1,0,29,0,1,0,-215.0,0.03225806451612903,0.03225806451612903,0.034482758620689655,0.0,-7.413793103448276
2023,5,19790,DL,14869,12173,SLC,HNL,31,0,0,0,31,0,7,5,965.0,0.0,0.0,0.22580645161290322,0.16129032258064516,31.129032258064516
2023,5,19790,DL,14869,12266,SLC,IAH,90,0,0,0,90,0,36,11,1946.0,0.0,0.0,0.4,0.12222222222222222,21.622222222222224
2023,5,19790,DL,14869,12478,SLC,JFK,125,0,1,0,124,0,18,1,281.0,0.0,0.008,0.14516129032258066,0.008064516129032258,2.2661290322580645
2023,5,19790,DL,14869,12889,SLC,LAS,150,0,1,0,149,0,35,8,1087.0,0.0,0.006666666666666667,0.2348993288590604,0.053691275167785234,7.295302013422819
2023,5,19790,DL,14869,12892,SLC,LAX,216,0,0,0,216,0,24,5,-416.0,0.0,0.0,0.1111111111111111,0.023148148148148147,-1.9259259259259258
2023,5,19790,DL,14869,13204,SLC,MCO,119,2,0,0,117,0,19,5,518.0,0.01680672268907563,0.0,0.1623931623931624,0.042735042735042736,4.427350427350428
2023,5,19790,DL,14869,13303,SLC,MIA,31,0,0,0,31,0,7,1,296.0,0.0,0.0,0.22580645161290322,0.03225806451612903,9.548387096774194
2023,5,19790,DL,14869,13487,SLC,MSP,135,0,0,0,135,0,8,1,-207.0,0.0,0.0,0.05925925925925926,0.007407407407407408,-1.5333333333333334
2023,5,19790,DL,14869,13796,SLC,OAK,59,0,0,0,59,0,7,3,-161.0,0.0,0.0,0.11864406779661017,0.05084745762711865,-2.7288135593220337
2023,5,19790,DL,14869,13930,SLC,ORD,90,2,0,0,88,0,14,4,627.0,0.022222222222222223,0.0,0.1590909090909091,0.045454545454545456,7.125
2023,5,19790,DL,14869,14100,SLC,PHL,31,0,0,0,31,0,0,0,-233.0,0.0,0.0,0.0,0.0,-7.516129032258065
2023,5,19790,DL,14869,14107,SLC,PHX,150,2,0,0,148,0,16,5,-71.0,0.013333333333333334,0.0,0.10810810810810811,0.033783783783783786,-0.4797297297297297
2023,5,19790,DL,14869,14679,SLC,SAN,150,0,0,0,150,0,9,1,-676.0,0.0,0.0,0.06,0.006666666666666667,-4.506666666666667
2023,5,19790,DL,14869,14747,SLC,SEA,204,0,0,0,204,0,24,7,-543.0,0.0,0.0,0.11764705882352941,0.03431372549019608,-2.661764705882353
2023,5,19790,DL,14869,14771,SLC,SFO,150,0,0,0,150,0,30,5,815.0,0.0,0.0,0.2,0.03333333333333333,5.433333333333334
2023,5,19790,DL,14869,15016,SLC,STL,88,0,0,0,88,0,17,8,558.0,0.0,0.0,0.19318181818181818,0.09090909090909091,6.340909090909091
2023,5,19790,DL,14869,15304,SLC,TPA,31,2,0,0,29,0,1,1,-207.0,0.06451612903225806,0.0,0.034482758620689655,0.034482758620689655,-7.137931034482759
2023,5,19790,DL,15016,10397,STL,ATL,199,0,0,0,199,0,17,6,-330.0,0.0,0.0,0.08542713567839195,0.03015075376884422,-1.6582914572864322
2023,5,19790,DL,15016,11433,STL,DTW,113,0,0,0,113,0,5,3,-1149.0,0.0,0.0,0.04424778761061947,0.02654867256637168,-10.168141592920353
2023,5,19790,DL,15016,13487,STL,MSP,119,1,0,0,118,0,10,4,238.0,0.008403361344537815,0.0,0.0847457627118644,0.03389830508474576,2.016949152542373
2023,5,19790,DL,15016,14869,STL,SLC,88,0,0,0,88,0,8,3,-18.0,0.0,0.0,0.09090909090909091,0.03409090909090909,-0.20454545454545456
2023,5,19790,DL,15304,10397,TPA,ATL,383,0,0,0,383,0,51,14,663.0,0.0,0.0,0.13315926892950392,0.03655352480417755,1.731070496083551
2023,5,19790,DL,15304,10721,TPA,BOS,93,0,0,0,93,0,7,4,-400.0,0.0,0.0,0.07526881720430108,0.043010752688172046,-4.301075268817204
2023,5,19790,DL,15304,11433,TPA,DTW,124,1,0,0,123,0,12,4,-228.0,0.008064516129032258,0.0,0.0975609756097561,0.032520325203252036,-1.853658536585366
2023,5,19790,DL,15304,12478,TPA,JFK,93,0,0,0,93,0,9,4,-377.0,0.0,0.0,0.0967741935483871,0.043010752688172046,-4.053763440860215
2023,5,19790,DL,15304,12892,TPA,LAX,47,1,0,0,46,0,8,1,-82.0,0.02127659574468085,0.0,0.17391304347826086,0.021739130434782608,-1.7826086956521738
2023,5,19790,DL,15304,12953,TPA,LGA,120,0,0,0,120,0,11,2,-987.0,0.0,0.0,0.09166666666666666,0.016666666666666666,-8.225
2023,5,19790,DL,15304,13487,TPA,MSP,113,0,0,0,113,0,4,2,-909.0,0.0,0.0,0.035398230088495575,0.017699115044247787,-8.044247787610619
2023,5,19790,DL,15304,14747,TPA,SEA,31,0,0,0,31,0,6,4,282.0,0.0,0.0,0.1935483870967742,0.12903225806451613,9.096774193548388
2023,5,19790,DL,15304,14869,TPA,SLC,31,2,0,0,29,0,2,0,-514.0,0.06451612903225806,0.0,0.06896551724137931,0.0,-17.724137931034484
2023,5,19805,AA,10397,11278,ATL,DCA,34,0,0,0,34,0,8,4,565.0,0.0,0.0,0.23529411764705882,0.11764705882352941,16.61764705882353
2023,5,19805,AA,10397,11298,ATL,DFW,211,2,2,0,207,0,30,11,292.0,0.009478672985781991,0.009478672985781991,0.14492753623188406,0.05314009661835749,1.4106280193236715
2023,5,19805,AA,10397,12892,ATL,LAX,32,0,0,0,32,0,8,0,31.0,0.0,0.0,0.25,0.0,0.96875
2023,5,19805,AA,10397,13303,ATL,MIA,155,0,1,0,154,0,42,17,6822.0,0.0,0.0064516129032258064,0.2727272727272727,0.11038961038961038,44.298701298701296
2023,5,19805,AA,10397,13930,ATL,ORD,89,0,0,0,89,0,12,3,4.0,0.0,0.0,0.1348314606741573,0.033707865168539325,0.0449438202247191
2023,5,19805,AA,10397,14100,ATL,PHL,31,0,0,0,31,0,2,2,-146.0,0.0,0.0,0.06451612903225806,0.06451612903225806,-4.709677419354839
2023,5,19805,AA,10397,14107,ATL,PHX,62,0,0,0,62,0,15,7,2065.0,0.0,0.0,0.24193548387096775,0.11290322580645161,33.306451612903224
2023,5,19805,AA,10721,11278,BOS,DCA,200,2,0,0,198,0,31,14,1150.0,0.01,0.0,0.15656565656565657,0.0707070707070707,5.808080808080808
2023,5,19805,AA,10721,11298,BOS,DFW,173,2,3,0,168,0,26,12,-424.0,0.011560693641618497,0.017341040462427744,0.15476190476190477,0.07142857142857142,-2.5238095238095237
2023,5,19805,AA,10721,12892,BOS,LAX,81,0,1,0,80,0,11,4,1660.0,0.0,0.012345679012345678,0.1375,0.05,20.75
2023,5,19805,AA,10721,13303,BOS,MIA,213,0,1,0,212,0,37,16,-376.0,0.0,0.004694835680751174,0.17452830188679244,0.07547169811320754,-1.7735849056603774
2023,5,19805,AA,10721,13930,BOS,ORD,117,0,1,0,116,0,12,7,-1243.0,0.0,0.008547008547008548,0.10344827586206896,0.0603448275862069,-10.71551724137931
2023,5,19805,AA,10721,14100,BOS,PHL,180,0,0,0,180,0,23,10,97.0,0.0,0.0,0.12777777777777777,0.05555555555555555,0.5388888888888889
2023,5,19805,AA,10721,14107,BOS,PHX,93,0,1,0,92,0,6,3,-1245.0,0.0,0.010752688172043012,0.06521739130434782,0.03260869565217391,-13.532608695652174
2023,5,19805,AA,10821,11298,BWI,DFW,90,1,0,0,89,0,19,7,1642.0,0.011111111111111112,0.0,0.21348314606741572,0.07865168539325842,18.44943820224719
2023,5,19805,AA,10821,13303,BWI,MIA,31,0,0,0,31,0,2,1,-208.0,0.0,0.0,0.06451612903225806,0.03225806451612903,-6.709677419354839
2023,5,19805,AA,10821,13930,BWI,ORD,31,0,0,0,31,0,3,0,-396.0,0.0,0.0,0.0967741935483871,0.0,-12.774193548387096
2023,5,19805,AA,11278,10397,DCA,ATL,34,0,0,0,34,0,5,2,-20.0,0.0,0.0,0.14705882352941177,0.058823529411764705,-0.5882352941176471
2023,5,19805,AA,11278,10721,DCA,BOS,199,2,0,0,197,0,32,17,1593.0,0.010050251256281407,0.0,0.16243654822335024,0.08629441624365482,8.086294416243655
2023,5,19805,AA,11278,11298,DCA,DFW,279,1,2,0,276,0,47,14,-326.0,0.0035842293906810036,0.007168458781362007,0.17028985507246377,0.050724637681159424,-1.181159420289855
2023,5,19805,AA,11278,12889,DCA,LAS,31,0,0,0,31,0,1,1,-536.0,0.0,0.0,0.03225806451612903,0.03225806451612903,-17.29032258064516
2023,5,19805,AA,11278,12892,DCA,LAX,62,0,0,0,62,0,6,0,-885.0,0.0,0.0,0.0967741935483871,0.0,-14.274193548387096
2023,5,19805,AA,11278,12953,DCA,LGA,222,1,0,0,221,0,46,14,935.0,0.0045045045045045045,0.0,0.2081447963800905,0.06334841628959276,4.230769230769231
2023,5,19805,AA,11278,13204,DCA,MCO,155,1,1,0,153,0,21,6,-752.0,0.0064516129032258064,0.0064516129032258064,0.13725490196078433,0.0392156862745098,-4.915032679738562
2023,5,19805,AA,11278,13303,DCA,MIA,236,1,1,0,234,0,59,22,4554.0,0.00423728813559322,0.00423728813559322,0.25213675213675213,0.09401709401709402,19.46153846153846
2023,5,19805,AA,11278,13930,DCA,ORD,275,0,0,0,275,0,40,11,-236.0,0.0,0.0,0.14545454545454545,0.04,-0.8581818181818182
2023,5,19805,AA,11278,14100,DCA,PHL,4,0,0,0,4,0,0,0,-80.0,0.0,0.0,0.0,0.0,-20.0
2023,5,19805,AA,11278,14107,DCA,PHX,93,0,0,0,93,0,5,2,-1282.0,0.0,0.0,0.053763440860215055,0.021505376344086023,-13.78494623655914
2023,5,19805,AA,11278,14635,DCA,RSW,62,0,0,0,62,0,11,2,-194.0,0.0,0.0,0.1774193548387097,0.03225806451612903,-3.129032258064516
2023,5,19805,AA,11278,15016,DCA,STL,27,0,0,0,27,0,5,0,-83.0,0.0,0.0,0.18518518518518517,0.0,-3.074074074074074
2023,5,19805,AA,11278,15304,DCA,TPA,123,0,0,0,123,0,20,6,174.0,0.0,0.0,0.16260162601626016,0.04878048780487805,1.4146341463414633
2023,5,19805,AA,11292,11298,DEN,DFW,241,4,1,0,236,0,80,29,3930.0,0.016597510373443983,0.004149377593360996,0.3389830508474576,0.1228813559322034,16.652542372881356
2023,5,19805,AA,11292,13303,DEN,MIA,62,0,0,0,62,0,10,4,108.0,0.0,0.0,0.16129032258064516,0.06451612903225806,1.7419354838709677
2023,5,19805,AA,11292,13930,DEN,ORD,66,0,0,0,66,0,10,4,1218.0,0.0,0.0,0.15151515151515152,0.06060606060606061,18.454545454545453
2023,5,19805,AA,11292,14100,DEN,PHL,62,0,0,0,62,0,4,1,-535.0,0.0,0.0,0.06451612903225806,0.016129032258064516,-8.629032258064516
2023,5,19805,AA,11292,14107,DEN,PHX,84,0,0,0,84,0,20,11,1186.0,0.0,0.0,0.23809523809523808,0.13095238095238096,14.119047619047619
2023,5,19805,AA,11298,10397,DFW,ATL,210,2,0,0,208,0,65,31,4291.0,0.009523809523809525,0.0,0.3125,0.14903846153846154,20.629807692307693
2023,5,19805,AA,11298,10721,DFW,BOS,173,1,1,0,171,0,50,21,2965.0,0.005780346820809248,0.005780346820809248,0.29239766081871343,0.12280701754385964,17.339181286549707
2023,5,19805,AA,11298,10821,DFW,BWI,89,1,0,0,88,0,20,5,726.0,0.011235955056179775,0.0,0.22727272727272727,0.056818181818181816,8.25
2023,5,19805,AA,11298,11278,DFW,DCA,278,1,0,0,277,0,73,32,4435.0,0.0035971223021582736,0.0,0.26353790613718414,0.11552346570397112,16.010830324909747
2023,5,19805,AA,11298,11292,DFW,DEN,241,4,0,0,237,0,112,46,6353.0,0.016597510373443983,0.0,0.47257383966244726,0.1940928270042194,26.80590717299578
2023,5,19805,AA,11298,11433,DFW,DTW,135,2,0,0,133,0,36,11,1416.0,0.014814814814814815,0.0,0.2706766917293233,0.08270676691729323,10.646616541353383
2023,5,19805,AA,11298,11618,DFW,EWR,145,2,0,0,143,0,34,13,1152.0,0.013793103448275862,0.0,0.23776223776223776,0.09090909090909091,8.055944055944057
2023,5,19805,AA,11298,11697,DFW,FLL,152,0,2,0,150,0,51,19,2797.0,0.0,0.013157894736842105,0.34,0.12666666666666668,18.64666666666667
2023,5,19805,AA,11298,12173,DFW,HNL,31,0,0,0,31,0,1,0,-591.0,0.0,0.0,0.03225806451612903,0.0,-19.06451612903226
2023,5,19805,AA,11298,12266,DFW,IAH,203,4,0,0,199,0,66,19,4685.0,0.019704433497536946,0.0,0.3316582914572864,0.09547738693467336,23.542713567839197
2023,5,19805,AA,11298,12478,DFW,JFK,92,1,0,0,91,0,25,10,904.0,0.010869565217391304,0.0,0.27472527472527475,0.10989010989010989,9.934065934065934
2023,5,19805,AA,11298,12889,DFW,LAS,288,5,0,0,283,0,90,33,4572.0,0.017361111111111112,0.0,0.31802120141342755,0.1166077738515901,16.15547703180212
2023,5,19805,AA,11298,12892,DFW,LAX,409,4,1,0,404,0,108,36,4254.0,0.009779951100244499,0.0024449877750611247,0.26732673267326734,0.0891089108910891,10.529702970297029
2023,5,19805,AA,11298,12953,DFW,LGA,333,4,1,0,328,0,58,20,1466.0,0.012012012012012012,0.003003003003003003,0.17682926829268292,0.06097560975609756,4.469512195121951
2023,5,19805,AA,11298,13204,DFW,MCO,276,3,2,0,271,0,111,48,7307.0,0.010869565217391304,0.007246376811594203,0.4095940959409594,0.17712177121771217,26.96309963099631
2023,5,19805,AA,11298,13303,DFW,MIA,276,2,1,0,273,0,77,30,3579.0,0.007246376811594203,0.0036231884057971015,0.28205128205128205,0.10989010989010989,13.10989010989011
2023,5,19805,AA,11298,13487,DFW,MSP,136,2,0,0,134,0,33,12,1154.0,0.014705882352941176,0.0,0.2462686567164179,0.08955223880597014,8.611940298507463
2023,5,19805,AA,11298,13930,DFW,ORD,291,3,0,0,288,0,79,28,3653.0,0.010309278350515464,0.0,0.2743055555555556,0.09722222222222222,12.684027777777779
2023,5,19805,AA,11298,14100,DFW,PHL,232,3,0,0,229,0,53,19,1636.0,0.01293103448275862,0.0,0.2314410480349345,0.08296943231441048,7.14410480349345
2023,5,19805,AA,11298,14107,DFW,PHX,325,4,3,0,318,0,91,33,6166.0,0.012307692307692308,0.009230769230769232,0.2861635220125786,0.10377358490566038,19.38993710691824
2023,5,19805,AA,11298,14635,DFW,RSW,89,0,1,0,88,0,29,14,3252.0,0.0,0.011235955056179775,0.32954545454545453,0.1590909090909091,36.95454545454545
2023,5,19805,AA,11298,14679,DFW,SAN,270,1,0,0,269,0,95,29,6138.0,0.003703703703703704,0.0,0.35315985130111527,0.10780669144981413,22.817843866171003
2023,5,19805,AA,11298,14747,DFW,SEA,170,3,0,0,167,0,43,15,2517.0,0.01764705882352941,0.0,0.25748502994011974,0.08982035928143713,15.071856287425149
2023,5,19805,AA,11298,14771,DFW,SFO,227,3,0,0,224,0,76,32,7339.0,0.013215859030837005,0.0,0.3392857142857143,0.14285714285714285,32.763392857142854
2023,5,19805,AA,11298,14869,DFW,SLC,153,0,0,0,153,0,59,22,3155.0,0.0,0.0,0.38562091503267976,0.1437908496732026,20.62091503267974
2023,5,19805,AA,11298,15016,DFW,STL,141,1,1,0,139,0,35,7,1972.0,0.0070921985815602835,0.0070921985815602835,0.2517985611510791,0.050359712230215826,14.18705035971223
2023,5,19805,AA,11298,15304,DFW,TPA,183,2,2,0,179,0,52,22,3507.0,0.01092896174863388,0.01092896174863388,0.2905027932960894,0.12290502793296089,19.592178770949722
2023,5,19805,AA,11433,11298,DTW,DFW,135,3,1,0,131,0,16,4,-1233.0,0.022222222222222223,0.007407407407407408,0.12213740458015267,0.030534351145038167,-9.412213740458014
2023,5,19805,AA,11433,13303,DTW,MIA,31,0,0,0,31,0,2,0,-293.0,0.0,0.0,0.06451612903225806,0.0,-9.451612903225806
2023,5,19805,AA,11433,14107,DTW,PHX,35,1,0,0,34,0,0,0,-695.0,0.02857142857142857,0.0,0.0,0.0,-20.441176470588236
2023,5,19805,AA,11618,11298,EWR,DFW,145,3,2,0,140,0,30,10,430.0,0.020689655172413793,0.013793103448275862,0.21428571428571427,0.07142857142857142,3.0714285714285716
2023,5,19805,AA,11618,13303,EWR,MIA,124,0,1,0,123,0,35,13,1218.0,0.0,0.008064516129032258,0.2845528455284553,0.10569105691056911,9.902439024390244
2023,5,19805,AA,11618,13930,EWR,ORD,94,0,0,0,94,0,19,6,1675.0,0.0,0.0,0.20212765957446807,0.06382978723404255,17.819148936170212
2023,5,19805,AA,11618,14107,EWR,PHX,93,0,0,0,93,0,8,0,-935.0,0.0,0.0,0.08602150537634409,0.0,-10.053763440860216
2023,5,19805,AA,11697,11298,FLL,DFW,152,0,1,0,151,0,28,15,2834.0,0.0,0.006578947368421052,0.18543046357615894,0.09933774834437085,18.7682119205298
2023,5,19805,AA,11697,12892,FLL,LAX,21,0,1,0,20,0,7,6,673.0,0.0,0.047619047619047616,0.35,0.3,33.65
2023,5,19805,AA,11697,13930,FLL,ORD,26,0,1,0,25,0,7,2,207.0,0.0,0.038461538461538464,0.28,0.08,8.28
2023,5,19805,AA,11697,14100,FLL,PHL,93,0,0,0,93,0,14,3,536.0,0.0,0.0,0.15053763440860216,0.03225806451612903,5.763440860215054
2023,5,19805,AA,12173,11298,HNL,DFW,31,0,0,0,31,0,1,1,-323.0,0.0,0.0,0.03225806451612903,0.03225806451612903,-10.419354838709678
2023,5,19805,AA,12173,12892,HNL,LAX,85,0,0,0,85,0,3,1,-954.0,0.0,0.0,0.03529411764705882,0.011764705882352941,-11.223529411764705
2023,5,19805,AA,12173,14107,HNL,PHX,62,0,0,0,62,0,2,0,-472.0,0.0,0.0,0.03225806451612903,0.0,-7.612903225806452
2023,5,19805,AA,12266,11298,IAH,DFW,203,4,0,0,199,0,44,19,4765.0,0.019704433497536946,0.0,0.22110552763819097,0.09547738693467336,23.944723618090453
2023,5,19805,AA,12266,13303,IAH,MIA,79,2,2,0,75,0,16,7,796.0,0.02531645569620253,0.02531645569620253,0.21333333333333335,0.09333333333333334,10.613333333333333
2023,5,19805,AA,12266,13930,IAH,ORD,59,1,0,0,58,0,8,2,302.0,0.01694915254237288,0.0,0.13793103448275862,0.034482758620689655,5.206896551724138
2023,5,19805,AA,12266,14100,IAH,PHL,31,0,0,0,31,0,8,5,1748.0,0.0,0.0,0.25806451612903225,0.16129032258064516,56.38709677419355
2023,5,19805,AA,12266,14107,IAH,PHX,62,2,0,0,60,0,10,6,389.0,0.03225806451612903,0.0,0.16666666666666666,0.1,6.483333333333333
2023,5,19805,AA,12478,11298,JFK,DFW,93,1,1,0,91,0,12,6,-929.0,0.010752688172043012,0.010752688172043012,0.13186813186813187,0.06593406593406594,-10.208791208791208
2023,5,19805,AA,12478,12892,JFK,LAX,279,1,0,0,278,0,24,7,-6376.0,0.0035842293906810036,0.0,0.08633093525179857,0.025179856115107913,-22.93525179856115
2023,5,19805,AA,12478,13303,JFK,MIA,309,1,3,0,305,0,36,15,-2428.0,0.003236245954692557,0.009708737864077669,0.1180327868852459,0.04918032786885246,-7.960655737704918
2023,5,19805,AA,12478,13930,JFK,ORD,62,0,1,0,61,0,7,2,-938.0,0.0,0.016129032258064516,0.11475409836065574,0.03278688524590164,-15.37704918032787
2023,5,19805,AA,12478,14107,JFK,PHX,93,0,0,0,93,0,9,3,-1769.0,0.0,0.0,0.0967741935483871,0.03225806451612903,-19.021505376344088
2023,5,19805,AA,12478,14771,JFK,SFO,120,0,0,0,120,0,9,3,-3441.0,0.0,0.0,0.075,0.025,-28.675
2023,5,19805,AA,12889,11278,LAS,DCA,31,0,0,0,31,0,9,4,1246.0,0.0,0.0,0.2903225806451613,0.12903225806451613,40.193548387096776
2023,5,19805,AA,12889,11298,LAS,DFW,290,5,1,0,284,0,73,23,5119.0,0.017241379310344827,0.0034482758620689655,0.25704225352112675,0.08098591549295775,18.024647887323944
2023,5,19805,AA,12889,12892,LAS,LAX,114,0,0,0,114,0,23,9,1118.0,0.0,0.0,0.20175438596491227,0.07894736842105263,9.807017543859649
2023,5,19805,AA,12889,13303,LAS,MIA,62,0,1,0,61,0,9,1,-242.0,0.0,0.016129032258064516,0.14754098360655737,0.01639344262295082,-3.9672131147540983
2023,5,19805,AA,12889,13930,LAS,ORD,140,0,0,0,140,0,22,4,-345.0,0.0,0.0,0.15714285714285714,0.02857142857142857,-2.4642857142857144
2023,5,19805,AA,12889,14100,LAS,PHL,62,0,0,0,62,0,15,4,556.0,0.0,0.0,0.24193548387096775,0.06451612903225806,8.96774193548387
2023,5,19805,AA,12889,14107,LAS,PHX,119,0,0,0,119,0,12,4,-60.0,0.0,0.0,0.10084033613445378,0.03361344537815126,-0.5042016806722689
2023,5,19805,AA,12892,10397,LAX,ATL,31,0,0,0,31,0,7,3,113.0,0.0,0.0,0.22580645161290322,0.0967741935483871,3.6451612903225805
2023,5,19805,AA,12892,10721,LAX,BOS,81,0,0,0,81,0,11,4,404.0,0.0,0.0,0.13580246913580246,0.04938271604938271,4.987654320987654
2023,5,19805,AA,12892,11278,LAX,DCA,62,0,1,0,61,0,12,1,18.0,0.0,0.016129032258064516,0.19672131147540983,0.01639344262295082,0.29508196721311475
2023,5,19805,AA,12892,11298,LAX,DFW,409,6,4,0,399,0,82,37,2936.0,0.014669926650366748,0.009779951100244499,0.20551378446115287,0.09273182957393483,7.358395989974937
2023,5,19805,AA,12892,11697,LAX,FLL,21,0,0,0,21,0,2,2,113.0,0.0,0.0,0.09523809523809523,0.09523809523809523,5.380952380952381
2023,5,19805,AA,12892,12173,LAX,HNL,85,0,0,0,85,0,4,2,-1348.0,0.0,0.0,0.047058823529411764,0.023529411764705882,-15.858823529411765
2023,5,19805,AA,12892,12478,LAX,JFK,279,1,0,0,278,0,37,16,-849.0,0.0035842293906810036,0.0,0.13309352517985612,0.05755395683453238,-3.053956834532374
2023,5,19805,AA,12892,12889,LAX,LAS,116,0,0,0,116,0,32,12,2043.0,0.0,0.0,0.27586206896551724,0.10344827586206896,17.612068965517242
2023,5,19805,AA,12892,13204,LAX,MCO,56,0,1,0,55,0,4,1,115.0,0.0,0.017857142857142856,0.07272727272727272,0.01818181818181818,2.090909090909091
2023,5,19805,AA,12892,13303,LAX,MIA,244,0,3,0,241,0,41,12,546.0,0.0,0.012295081967213115,0.17012448132780084,0.04979253112033195,2.2655601659751037
2023,5,19805,AA,12892,13930,LAX,ORD,235,1,0,0,234,0,35,15,1640.0,0.00425531914893617,0.0,0.14957264957264957,0.0641025641025641,7.0085470085470085
2023,5,19805,AA,12892,14100,LAX,PHL,164,1,1,0,162,0,19,5,-558.0,0.006097560975609756,0.006097560975609756,0.11728395061728394,0.030864197530864196,-3.4444444444444446
2023,5,19805,AA,12892,14107,LAX,PHX,151,0,0,0,151,0,28,10,2829.0,0.0,0.0,0.18543046357615894,0.06622516556291391,18.735099337748345
2023,5,19805,AA,12892,14771,LAX,SFO,50,0,0,0,50,0,23,7,1129.0,0.0,0.0,0.46,0.14,22.58
2023,5,19805,AA,12892,15016,LAX,STL,31,0,0,0,31,0,8,5,1166.0,0.0,0.0,0.25806451612903225,0.16129032258064516,37.61290322580645
2023,5,19805,AA,12892,15304,LAX,TPA,26,0,0,0,26,0,6,2,766.0,0.0,0.0,0.23076923076923078,0.07692307692307693,29.46153846153846
2023,5,19805,AA,12953,11278,LGA,DCA,221,2,0,0,219,0,34,15,1363.0,0.00904977375565611,0.0,0.1552511415525114,0.0684931506849315,6.223744292237443
2023,5,19805,AA,12953,11298,LGA,DFW,335,3,2,0,330,0,34,13,-3105.0,0.008955223880597015,0.005970149253731343,0.10303030303030303,0.03939393939393939,-9.409090909090908
2023,5,19805,AA,12953,13303,LGA,MIA,279,1,2,0,276,0,42,13,-1100.0,0.0035842293906810036,0.007168458781362007,0.15217391304347827,0.04710144927536232,-3.9855072463768115
2023,5,19805,AA,12953,13930,LGA,ORD,316,1,0,0,315,0,41,15,-1751.0,0.0031645569620253164,0.0,0.13015873015873017,0.047619047619047616,-5.5587301587301585
2023,5,19805,AA,12953,15016,LGA,STL,57,0,1,0,56,0,11,1,-517.0,0.0,0.017543859649122806,0.19642857142857142,0.017857142857142856,-9.232142857142858
2023,5,19805,AA,13204,11278,MCO,DCA,154,0,0,0,154,0,28,6,-59.0,0.0,0.0,0.18181818181818182,0.03896103896103896,-0.38311688311688313
2023,5,19805,AA,13204,11298,MCO,DFW,276,3,1,0,272,0,66,27,3755.0,0.010869565217391304,0.0036231884057971015,0.2426470588235294,0.09926470588235294,13.805147058823529
2023,5,19805,AA,13204,12892,MCO,LAX,56,0,0,0,56,0,7,2,-187.0,0.0,0.0,0.125,0.03571428571428571,-3.3392857142857144
2023,5,19805,AA,13204,13303,MCO,MIA,216,2,0,0,214,0,39,20,1991.0,0.009259259259259259,0.0,0.1822429906542056,0.09345794392523364,9.30373831775701
2023,5,19805,AA,13204,13930,MCO,ORD,110,0,0,0,110,0,19,7,329.0,0.0,0.0,0.17272727272727273,0.06363636363636363,2.9909090909090907
2023,5,19805,AA,13204,14100,MCO,PHL,186,0,0,0,186,0,47,22,4454.0,0.0,0.0,0.25268817204301075,0.11827956989247312,23.946236559139784
2023,5,19805,AA,13204,14107,MCO,PHX,62,0,1,0,61,0,14,3,239.0,0.0,0.016129032258064516,0.22950819672131148,0.04918032786885246,3.918032786885246
2023,5,19805,AA,13303,10397,MIA,ATL,155,0,0,0,155,0,47,23,5929.0,0.0,0.0,0.3032258064516129,0.14838709677419354,38.251612903225805
2023,5,19805,AA,13303,10721,MIA,BOS,213,0,0,0,213,0,36,16,751.0,0.0,0.0,0.16901408450704225,0.07511737089201878,3.5258215962441315
2023,5,19805,AA,13303,10821,MIA,BWI,31,0,0,0,31,0,6,1,156.0,0.0,0.0,0.1935483870967742,0.03225806451612903,5.032258064516129
2023,5,19805,AA,13303,11278,MIA,DCA,236,1,2,0,233,0,69,25,6344.0,0.00423728813559322,0.00847457627118644,0.296137339055794,0.1072961373390558,27.2274678111588
2023,5,19805,AA,13303,11292,MIA,DEN,62,0,0,0,62,0,18,7,412.0,0.0,0.0,0.2903225806451613,0.11290322580645161,6.645161290322581
2023,5,19805,AA,13303,11298,MIA,DFW,274,1,2,0,271,0,63,27,1595.0,0.0036496350364963502,0.0072992700729927005,0.23247232472324722,0.0996309963099631,5.885608856088561
2023,5,19805,AA,13303,11433,MIA,DTW,31,0,0,0,31,0,11,3,658.0,0.0,0.0,0.3548387096774194,0.0967741935483871,21.225806451612904
2023,5,19805,AA,13303,11618,MIA,EWR,124,0,0,0,124,0,25,9,1412.0,0.0,0.0,0.20161290322580644,0.07258064516129033,11.387096774193548
2023,5,19805,AA,13303,12266,MIA,IAH,79,2,1,0,76,0,8,3,-268.0,0.02531645569620253,0.012658227848101266,0.10526315789473684,0.039473684210526314,-3.526315789473684
2023,5,19805,AA,13303,12478,MIA,JFK,310,2,0,0,308,0,57,20,476.0,0.0064516129032258064,0.0,0.18506493506493507,0.06493506493506493,1.5454545454545454
2023,5,19805,AA,13303,12889,MIA,LAS,62,0,0,0,62,0,13,5,227.0,0.0,0.0,0.20967741935483872,0.08064516129032258,3.661290322580645
2023,5,19805,AA,13303,12892,MIA,LAX,244,0,0,0,244,0,55,29,3772.0,0.0,0.0,0.22540983606557377,0.11885245901639344,15.459016393442623
2023,5,19805,AA,13303,12953,MIA,LGA,278,0,1,0,277,0,54,23,1503.0,0.0,0.0035971223021582736,0.19494584837545126,0.08303249097472924,5.425992779783393
2023,5,19805,AA,13303,13204,MIA,MCO,216,1,0,0,215,0,49,25,1954.0,0.004629629629629629,0.0,0.22790697674418606,0.11627906976744186,9.088372093023256
2023,5,19805,AA,13303,13487,MIA,MSP,31,0,0,0,31,0,6,3,180.0,0.0,0.0,0.1935483870967742,0.0967741935483871,5.806451612903226
2023,5,19805,AA,13303,13930,MIA,ORD,220,0,1,0,219,0,51,23,1722.0,0.0,0.004545454545454545,0.2328767123287671,0.1050228310502283,7.863013698630137
2023,5,19805,AA,13303,14100,MIA,PHL,186,0,0,0,186,0,36,13,2835.0,0.0,0.0,0.1935483870967742,0.06989247311827956,15.241935483870968
2023,5,19805,AA,13303,14107,MIA,PHX,92,0,0,0,92,0,18,5,724.0,0.0,0.0,0.1956521739130435,0.05434782608695652,7.869565217391305
2023,5,19805,AA,13303,14679,MIA,SAN,31,0,0,0,31,0,9,6,1935.0,0.0,0.0,0.2903225806451613,0.1935483870967742,62.41935483870968
2023,5,19805,AA,13303,14747,MIA,SEA,31,0,0,0,31,0,13,6,555.0,0.0,0.0,0.41935483870967744,0.1935483870967742,17.903225806451612
2023,5,19805,AA,13303,14771,MIA,SFO,89,0,1,0,88,0,25,9,2165.0,0.0,0.011235955056179775,0.2840909090909091,0.10227272727272728,24.602272727272727
2023,5,19805,AA,13303,15016,MIA,STL,31,0,0,0,31,0,10,3,452.0,0.0,0.0,0.3225806451612903,0.0967741935483871,14.580645161290322
2023,5,19805,AA,13303,15304,MIA,TPA,169,0,0,0,169,0,53,20,3298.0,0.0,0.0,0.3136094674556213,0.11834319526627218,19.514792899408285
2023,5,19805,AA,13487,11298,MSP,DFW,137,3,0,0,134,0,10,4,-978.0,0.021897810218978103,0.0,0.07462686567164178,0.029850746268656716,-7.298507462686567
2023,5,19805,AA,13487,13303,MSP,MIA,31,0,0,0,31,0,0,0,-617.0,0.0,0.0,0.0,0.0,-19.903225806451612
2023,5,19805,AA,13487,13930,MSP,ORD,30,0,0,0,30,0,3,1,180.0,0.0,0.0,0.1,0.03333333333333333,6.0
2023,5,19805,AA,13487,14107,MSP,PHX,36,0,0,0,36,0,4,1,-378.0,0.0,0.0,0.1111111111111111,0.027777777777777776,-10.5
2023,5,19805,AA,13930,10397,ORD,ATL,89,0,0,0,89,0,16,4,172.0,0.0,0.0,0.1797752808988764,0.0449438202247191,1.9325842696629214
2023,5,19805,AA,13930,10721,ORD,BOS,117,0,0,0,117,0,18,7,661.0,0.0,0.0,0.15384615384615385,0.05982905982905983,5.64957264957265
2023,5,19805,AA,13930,10821,ORD,BWI,31,0,0,0,31,0,6,1,175.0,0.0,0.0,0.1935483870967742,0.03225806451612903,5.645161290322581
2023,5,19805,AA,13930,11278,ORD,DCA,275,0,0,0,275,0,46,16,641.0,0.0,0.0,0.16727272727272727,0.05818181818181818,2.330909090909091
2023,5,19805,AA,13930,11292,ORD,DEN,66,0,0,0,66,0,15,7,371.0,0.0,0.0,0.22727272727272727,0.10606060606060606,5.621212121212121
2023,5,19805,AA,13930,11298,ORD,DFW,292,3,2,0,287,0,36,14,-1564.0,0.010273972602739725,0.00684931506849315,0.1254355400696864,0.04878048780487805,-5.449477351916376
2023,5,19805,AA,13930,11618,ORD,EWR,94,0,0,0,94,0,21,9,1128.0,0.0,0.0,0.22340425531914893,0.09574468085106383,12.0
2023,5,19805,AA,13930,11697,ORD,FLL,25,0,0,0,25,0,11,3,502.0,0.0,0.0,0.44,0.12,20.08
2023,5,19805,AA,13930,12266,ORD,IAH,59,1,0,0,58,0,9,2,-590.0,0.01694915254237288,0.0,0.15517241379310345,0.034482758620689655,-10.172413793103448
2023,5,19805,AA,13930,12478,ORD,JFK,62,0,0,0,62,0,15,5,780.0,0.0,0.0,0.24193548387096775,0.08064516129032258,12.580645161290322
2023,5,19805,AA,13930,12889,ORD,LAS,140,0,0,0,140,0,29,10,-407.0,0.0,0.0,0.20714285714285716,0.07142857142857142,-2.907142857142857
2023,5,19805,AA,13930,12892,ORD,LAX,236,1,0,0,235,0,48,21,1810.0,0.00423728813559322,0.0,0.20425531914893616,0.08936170212765958,7.702127659574468
2023,5,19805,AA,13930,12953,ORD,LGA,316,1,0,0,315,0,47,12,29.0,0.0031645569620253164,0.0,0.1492063492063492,0.0380952380952381,0.09206349206349207
2023,5,19805,AA,13930,13204,ORD,MCO,110,0,0,0,110,0,17,6,-65.0,0.0,0.0,0.15454545454545454,0.05454545454545454,-0.5909090909090909
2023,5,19805,AA,13930,13303,ORD,MIA,220,0,0,0,220,0,33,10,288.0,0.0,0.0,0.15,0.045454545454545456,1.309090909090909
2023,5,19805,AA,13930,13487,ORD,MSP,30,0,0,0,30,0,6,3,246.0,0.0,0.0,0.2,0.1,8.2
2023,5,19805,AA,13930,14100,ORD,PHL,202,2,0,0,200,0,24,11,502.0,0.009900990099009901,0.0,0.12,0.055,2.51
2023,5,19805,AA,13930,14107,ORD,PHX,206,1,1,0,204,0,42,19,1577.0,0.0048543689320388345,0.0048543689320388345,0.20588235294117646,0.09313725490196079,7.730392156862745
2023,5,19805,AA,13930,14635,ORD,RSW,79,0,0,0,79,0,14,5,-242.0,0.0,0.0,0.17721518987341772,0.06329113924050633,-3.0632911392405062
2023,5,19805,AA,13930,14679,ORD,SAN,78,1,0,0,77,0,23,12,2078.0,0.01282051282051282,0.0,0.2987012987012987,0.15584415584415584,26.98701298701299
2023,5,19805,AA,13930,14747,ORD,SEA,46,0,0,0,46,0,7,2,-129.0,0.0,0.0,0.15217391304347827,0.043478260869565216,-2.8043478260869565
2023,5,19805,AA,13930,14771,ORD,SFO,76,0,1,0,75,0,20,8,499.0,0.0,0.013157894736842105,0.26666666666666666,0.10666666666666667,6.653333333333333
2023,5,19805,AA,13930,14869,ORD,SLC,31,0,0,0,31,0,0,0,-463.0,0.0,0.0,0.0,0.0,-14.935483870967742
2023,5,19805,AA,13930,15016,ORD,STL,81,0,0,0,81,0,14,4,224.0,0.0,0.0,0.1728395061728395,0.04938271604938271,2.765432098765432
2023,5,19805,AA,13930,15304,ORD,TPA,78,0,0,0,78,0,10,2,-326.0,0.0,0.0,0.1282051282051282,0.02564102564102564,-4.17948717948718
2023,5,19805,AA,14100,10397,PHL,ATL,31,0,0,0,31,0,6,3,360.0,0.0,0.0,0.1935483870967742,0.0967741935483871,11.612903225806452
2023,5,19805,AA,14100,10721,PHL,BOS,180,0,0,0,180,0,20,9,327.0,0.0,0.0,0.1111111111111111,0.05,1.8166666666666667
2023,5,19805,AA,14100,11278,PHL,DCA,4,0,0,0,4,0,0,0,-48.0,0.0,0.0,0.0,0.0,-12.0
2023,5,19805,AA,14100,11292,PHL,DEN,62,0,1,0,61,0,7,3,-446.0,0.0,0.016129032258064516,0.11475409836065574,0.04918032786885246,-7.311475409836065
2023,5,19805,AA,14100,11298,PHL,DFW,233,3,1,0,229,0,33,12,-159.0,0.012875536480686695,0.004291845493562232,0.14410480349344978,0.05240174672489083,-0.6943231441048034
2023,5,19805,AA,14100,11697,PHL,FLL,93,0,1,0,92,0,18,9,70.0,0.0,0.010752688172043012,0.1956521739130435,0.09782608695652174,0.7608695652173914
2023,5,19805,AA,14100,12266,PHL,IAH,31,0,1,0,30,0,3,3,-355.0,0.0,0.03225806451612903,0.1,0.1,-11.833333333333334
2023,5,19805,AA,14100,12889,PHL,LAS,62,0,0,0,62,0,7,3,-507.0,0.0,0.0,0.11290322580645161,0.04838709677419355,-8.17741935483871
2023,5,19805,AA,14100,12892,PHL,LAX,163,1,0,0,162,0,18,6,-2094.0,0.006134969325153374,0.0,0.1111111111111111,0.037037037037037035,-12.925925925925926
2023,5,19805,AA,14100,13204,PHL,MCO,186,0,2,0,184,0,35,20,1724.0,0.0,0.010752688172043012,0.19021739130434784,0.10869565217391304,9.369565217391305
2023,5,19805,AA,14100,13303,PHL,MIA,186,0,0,0,186,0,39,18,860.0,0.0,0.0,0.20967741935483872,0.0967741935483871,4.623655913978495
2023,5,19805,AA,14100,13930,PHL,ORD,202,1,0,0,201,0,20,6,-1136.0,0.0049504950495049506,0.0,0.09950248756218906,0.029850746268656716,-5.651741293532338
2023,5,19805,AA,14100,14107,PHL,PHX,178,1,0,0,177,0,17,7,-2395.0,0.0056179775280898875,0.0,0.096045197740113,0.03954802259887006,-13.531073446327683
2023,5,19805,AA,14100,14635,PHL,RSW,60,0,0,0,60,0,6,0,-713.0,0.0,0.0,0.1,0.0,-11.883333333333333
2023,5,19805,AA,14100,14679,PHL,SAN,62,0,0,0,62,0,5,0,-973.0,0.0,0.0,0.08064516129032258,0.0,-15.693548387096774
2023,5,19805,AA,14100,14747,PHL,SEA,27,0,0,0,27,0,0,0,-648.0,0.0,0.0,0.0,0.0,-24.0
2023,5,19805,AA,14100,14771,PHL,SFO,62,1,0,0,61,0,11,3,-534.0,0.016129032258064516,0.0,0.18032786885245902,0.04918032786885246,-8.754098360655737
2023,5,19805,AA,14100,15016,PHL,STL,31,0,0,0,31,0,4,2,-149.0,0.0,0.0,0.12903225806451613,0.06451612903225806,-4.806451612903226
2023,5,19805,AA,14100,15304,PHL,TPA,153,0,1,0,152,0,18,6,-637.0,0.0,0.006535947712418301,0.11842105263157894,0.039473684210526314,-4.190789473684211
2023,5,19805,AA,14107,10397,PHX,ATL,61,0,1,0,60,0,17,6,1610.0,0.0,0.01639344262295082,0.2833333333333333,0.1,26.833333333333332
2023,5,19805,AA,14107,10721,PHX,BOS,93,0,0,0,93,0,13,3,-106.0,0.0,0.0,0.13978494623655913,0.03225806451612903,-1.1397849462365592
2023,5,19805,AA,14107,11278,PHX,DCA,93,0,1,0,92,0,10,4,15.0,0.0,0.010752688172043012,0.10869565217391304,0.043478260869565216,0.16304347826086957
2023,5,19805,AA,14107,11292,PHX,DEN,84,0,0,0,84,0,26,9,1871.0,0.0,0.0,0.30952380952380953,0.10714285714285714,22.273809523809526
2023,5,19805,AA,14107,11298,PHX,DFW,326,3,2,0,321,0,65,21,2334.0,0.009202453987730062,0.006134969325153374,0.20249221183800623,0.06542056074766354,7.271028037383178
2023,5,19805,AA,14107,11433,PHX,DTW,34,0,0,0,34,0,6,1,-47.0,0.0,0.0,0.17647058823529413,0.029411764705882353,-1.3823529411764706
2023,5,19805,AA,14107,11618,PHX,EWR,93,0,0,0,93,0,21,5,784.0,0.0,0.0,0.22580645161290322,0.053763440860215055,8.43010752688172
2023,5,19805,AA,14107,12173,PHX,HNL,61,0,0,0,61,0,9,6,-190.0,0.0,0.0,0.14754098360655737,0.09836065573770492,-3.1147540983606556
2023,5,19805,AA,14107,12266,PHX,IAH,62,1,0,0,61,0,13,5,1314.0,0.016129032258064516,0.0,0.21311475409836064,0.08196721311475409,21.540983606557376
2023,5,19805,AA,14107,12478,PHX,JFK,93,0,1,0,92,0,25,8,965.0,0.0,0.010752688172043012,0.2717391304347826,0.08695652173913043,10.48913043478261
2023,5,19805,AA,14107,12889,PHX,LAS,119,0,0,0,119,0,29,15,1785.0,0.0,0.0,0.24369747899159663,0.12605042016806722,15.0
2023,5,19805,AA,14107,12892,PHX,LAX,152,0,0,0,152,0,27,8,1116.0,0.0,0.0,0.17763157894736842,0.05263157894736842,7.342105263157895
2023,5,19805,AA,14107,13204,PHX,MCO,62,0,0,0,62,0,15,5,1781.0,0.0,0.0,0.24193548387096775,0.08064516129032258,28.725806451612904
2023,5,19805,AA,14107,13303,PHX,MIA,94,0,1,0,93,0,18,3,-177.0,0.0,0.010638297872340425,0.1935483870967742,0.03225806451612903,-1.903225806451613
2023,5,19805,AA,14107,13487,PHX,MSP,35,0,0,0,35,0,4,1,-251.0,0.0,0.0,0.11428571428571428,0.02857142857142857,-7.171428571428572
2023,5,19805,AA,14107,13930,PHX,ORD,205,1,0,0,204,0,37,14,635.0,0.004878048780487805,0.0,0.18137254901960784,0.06862745098039216,3.1127450980392157
2023,5,19805,AA,14107,14100,PHX,PHL,179,1,1,0,177,0,25,4,236.0,0.00558659217877095,0.00558659217877095,0.14124293785310735,0.022598870056497175,1.3333333333333333
2023,5,19805,AA,14107,14679,PHX,SAN,123,0,0,0,123,0,28,9,1267.0,0.0,0.0,0.22764227642276422,0.07317073170731707,10.300813008130081
2023,5,19805,AA,14107,14747,PHX,SEA,93,0,0,0,93,0,10,5,-253.0,0.0,0.0,0.10752688172043011,0.053763440860215055,-2.7204301075268815
2023,5,19805,AA,14107,14771,PHX,SFO,119,0,0,0,119,0,26,5,818.0,0.0,0.0,0.2184873949579832,0.04201680672268908,6.873949579831932
2023,5,19805,AA,14107,14869,PHX,SLC,57,0,1,0,56,0,10,3,163.0,0.0,0.017543859649122806,0.17857142857142858,0.05357142857142857,2.9107142857142856
2023,5,19805,AA,14107,15016,PHX,STL,35,0,0,0,35,0,9,4,463.0,0.0,0.0,0.2571428571428571,0.11428571428571428,13.228571428571428
2023,5,19805,AA,14107,15304,PHX,TPA,35,0,2,0,33,0,4,1,347.0,0.0,0.05714285714285714,0.12121212121212122,0.030303030303030304,10.515151515151516
2023,5,19805,AA,14635,11278,RSW,DCA,62,0,0,0,62,0,9,3,986.0,0.0,0.0,0.14516129032258066,0.04838709677419355,15.903225806451612
2023,5,19805,AA,14635,11298,RSW,DFW,89,1,0,0,88,0,21,10,2534.0,0.011235955056179775,0.0,0.23863636363636365,0.11363636363636363,28.795454545454547
2023,5,19805,AA,14635,13930,RSW,ORD,79,0,1,0,78,0,10,2,115.0,0.0,0.012658227848101266,0.1282051282051282,0.02564102564102564,1.4743589743589745
2023,5,19805,AA,14635,14100,RSW,PHL,60,0,0,0,60,0,9,3,931.0,0.0,0.0,0.15,0.05,15.516666666666667
2023,5,19805,AA,14679,11298,SAN,DFW,273,2,1,0,270,0,56,21,3284.0,0.007326007326007326,0.003663003663003663,0.2074074074074074,0.07777777777777778,12.162962962962963
2023,5,19805,AA,14679,13303,SAN,MIA,31,0,1,0,30,0,1,0,-291.0,0.0,0.03225806451612903,0.03333333333333333,0.0,-9.7
2023,5,19805,AA,14679,13930,SAN,ORD,78,1,0,0,77,0,12,6,605.0,0.01282051282051282,0.0,0.15584415584415584,0.07792207792207792,7.857142857142857
2023,5,19805,AA,14679,14100,SAN,PHL,62,0,0,0,62,0,5,2,-293.0,0.0,0.0,0.08064516129032258,0.03225806451612903,-4.725806451612903
2023,5,19805,AA,14679,14107,SAN,PHX,124,0,0,0,124,0,11,4,-613.0,0.0,0.0,0.08870967741935484,0.03225806451612903,-4.943548387096774
2023,5,19805,AA,14747,11298,SEA,DFW,171,3,0,0,168,0,53,15,5298.0,0.017543859649122806,0.0,0.31547619047619047,0.08928571428571429,31.535714285714285
2023,5,19805,AA,14747,13303,SEA,MIA,31,0,0,0,31,0,8,2,1085.0,0.0,0.0,0.25806451612903225,0.06451612903225806,35.0
2023,5,19805,AA,14747,13930,SEA,ORD,45,0,0,0,45,0,6,1,1450.0,0.0,0.0,0.13333333333333333,0.022222222222222223,32.22222222222222
2023,5,19805,AA,14747,14100,SEA,PHL,27,0,0,0,27,0,7,2,161.0,0.0,0.0,0.25925925925925924,0.07407407407407407,5.962962962962963
2023,5,19805,AA,14747,14107,SEA,PHX,93,1,0,0,92,0,16,4,-233.0,0.010752688172043012,0.0,0.17391304347826086,0.043478260869565216,-2.532608695652174
2023,5,19805,AA,14771,11298,SFO,DFW,227,5,1,0,221,0,62,25,6297.0,0.022026431718061675,0.004405286343612335,0.28054298642533937,0.11312217194570136,28.493212669683256
2023,5,19805,AA,14771,12478,SFO,JFK,120,0,0,0,120,0,21,5,313.0,0.0,0.0,0.175,0.041666666666666664,2.6083333333333334
2023,5,19805,AA,14771,12892,SFO,LAX,50,0,0,0,50,0,8,2,200.0,0.0,0.0,0.16,0.04,4.0
2023,5,19805,AA,14771,13303,SFO,MIA,89,0,0,0,89,0,15,8,421.0,0.0,0.0,0.16853932584269662,0.0898876404494382,4.730337078651686
2023,5,19805,AA,14771,13930,SFO,ORD,76,0,0,0,76,0,23,8,1985.0,0.0,0.0,0.3026315789473684,0.10526315789473684,26.11842105263158
2023,5,19805,AA,14771,14100,SFO,PHL,62,1,0,0,61,0,24,4,1272.0,0.016129032258064516,0.0,0.39344262295081966,0.06557377049180328,20.852459016393443
2023,5,19805,AA,14771,14107,SFO,PHX,118,0,0,0,118,0,23,6,1330.0,0.0,0.0,0.19491525423728814,0.05084745762711865,11.271186440677965
2023,5,19805,AA,14869,11298,SLC,DFW,153,0,1,0,152,0,54,20,5469.0,0.0,0.006535947712418301,0.35526315789473684,0.13157894736842105,35.98026315789474
2023,5,19805,AA,14869,13930,SLC,ORD,31,0,0,0,31,0,6,1,5.0,0.0,0.0,0.1935483870967742,0.03225806451612903,0.16129032258064516
2023,5,19805,AA,14869,14107,SLC,PHX,57,1,0,0,56,0,10,5,392.0,0.017543859649122806,0.0,0.17857142857142858,0.08928571428571429,7.0
2023,5,19805,AA,15016,11278,STL,DCA,27,0,0,0,27,0,4,0,-57.0,0.0,0.0,0.14814814814814814,0.0,-2.111111111111111
2023,5,19805,AA,15016,11298,STL,DFW,141,1,0,0,140,0,30,11,5486.0,0.0070921985815602835,0.0,0.21428571428571427,0.07857142857142857,39.18571428571428
2023,5,19805,AA,15016,12892,STL,LAX,31,0,0,0,31,0,6,1,24.0,0.0,0.0,0.1935483870967742,0.03225806451612903,0.7741935483870968
2023,5,19805,AA,15016,12953,STL,LGA,57,0,0,0,57,0,10,7,742.0,0.0,0.0,0.17543859649122806,0.12280701754385964,13.017543859649123
2023,5,19805,AA,15016,13303,STL,MIA,31,0,0,0,31,0,1,1,-266.0,0.0,0.0,0.03225806451612903,0.03225806451612903,-8.580645161290322
2023,5,19805,AA,15016,13930,STL,ORD,81,0,0,0,81,0,16,5,277.0,0.0,0.0,0.19753086419753085,0.06172839506172839,3.419753086419753
2023,5,19805,AA,15016,14100,STL,PHL,31,0,0,0,31,0,2,1,-25.0,0.0,0.0,0.06451612903225806,0.03225806451612903,-0.8064516129032258
2023,5,19805,AA,15016,14107,STL,PHX,35,0,0,0,35,0,4,2,557.0,0.0,0.0,0.11428571428571428,0.05714285714285714,15.914285714285715
2023,5,19805,AA,15304,11278,TPA,DCA,124,0,0,0,124,0,17,6,-185.0,0.0,0.0,0.13709677419354838,0.04838709677419355,-1.4919354838709677
2023,5,19805,AA,15304,11298,TPA,DFW,183,2,0,0,181,0,44,19,4826.0,0.01092896174863388,0.0,0.2430939226519337,0.10497237569060773,26.662983425414364
2023,5,19805,AA,15304,12892,TPA,LAX,26,0,0,0,26,0,6,3,692.0,0.0,0.0,0.23076923076923078,0.11538461538461539,26.615384615384617
2023,5,19805,AA,15304,13303,TPA,MIA,169,1,1,0,167,0,40,16,1536.0,0.005917159763313609,0.005917159763313609,0.23952095808383234,0.09580838323353294,9.197604790419161
2023,5,19805,AA,15304,13930,TPA,ORD,78,0,0,0,78,0,11,3,-289.0,0.0,0.0,0.14102564102564102,0.038461538461538464,-3.7051282051282053
2023,5,19805,AA,15304,14100,TPA,PHL,153,0,0,0,153,0,13,7,-584.0,0.0,0.0,0.08496732026143791,0.0457516339869281,-3.816993464052288
2023,5,19805,AA,15304,14107,TPA,PHX,35,0,0,0,35,0,9,6,757.0,0.0,0.0,0.2571428571428571,0.17142857142857143,21.62857142857143
2023,5,19930,AS,10397,14747,ATL,SEA,107,1,1,0,105,0,18,4,-328.0,0.009345794392523364,0.009345794392523364,0.17142857142857143,0.0380952380952381,-3.123809523809524
2023,5,19930,AS,10721,14679,BOS,SAN,31,0,0,0,31,0,8,0,-83.0,0.0,0.0,0.25806451612903225,0.0,-2.6774193548387095
2023,5,19930,AS,10721,14747,BOS,SEA,110,0,0,0,110,0,13,1,-1341.0,0.0,0.0,0.11818181818181818,0.00909090909090909,-12.190909090909091
2023,5,19930,AS,10721,14771,BOS,SFO,62,0,0,0,62,0,9,2,-868.0,0.0,0.0,0.14516129032258066,0.03225806451612903,-14.0
2023,5,19930,AS,10821,14747,BWI,SEA,31,0,0,0,31,0,4,0,-342.0,0.0,0.0,0.12903225806451613,0.0,-11.03225806451613
2023,5,19930,AS,11278,12892,DCA,LAX,31,0,0,0,31,0,3,0,-37.0,0.0,0.0,0.0967741935483871,0.0,-1.1935483870967742
2023,5,19930,AS,11278,14747,DCA,SEA,62,0,0,0,62,0,7,4,-561.0,0.0,0.0,0.11290322580645161,0.06451612903225806,-9.048387096774194
2023,5,19930,AS,11278,14771,DCA,SFO,31,0,0,0,31,0,3,0,-448.0,0.0,0.0,0.0967741935483871,0.0,-14.451612903225806
2023,5,19930,AS,11292,14747,DEN,SEA,134,1,0,0,133,0,27,7,285.0,0.007462686567164179,0.0,0.20300751879699247,0.05263157894736842,2.142857142857143
2023,5,19930,AS,11298,14747,DFW,SEA,136,2,0,0,134,0,30,5,477.0,0.014705882352941176,0.0,0.22388059701492538,0.03731343283582089,3.5597014925373136
2023,5,19930,AS,11433,14747,DTW,SEA,44,0,0,0,44,0,6,1,-250.0,0.0,0.0,0.13636363636363635,0.022727272727272728,-5.681818181818182
2023,5,19930,AS,11618,12892,EWR,LAX,84,4,0,0,80,0,10,4,-223.0,0.047619047619047616,0.0,0.125,0.05,-2.7875
2023,5,19930,AS,11618,14679,EWR,SAN,31,0,0,0,31,0,7,3,174.0,0.0,0.0,0.22580645161290322,0.0967741935483871,5.612903225806452
2023,5,19930,AS,11618,14747,EWR,SEA,87,0,0,0,87,0,10,2,-1152.0,0.0,0.0,0.11494252873563218,0.022988505747126436,-13.241379310344827
2023,5,19930,AS,11618,14771,EWR,SFO,88,0,0,0,88,0,17,5,-742.0,0.0,0.0,0.19318181818181818,0.056818181818181816,-8.431818181818182
2023,5,19930,AS,11697,14747,FLL,SEA,48,0,0,0,48,0,8,2,8.0,0.0,0.0,0.16666666666666666,0.041666666666666664,0.16666666666666666
2023,5,19930,AS,12173,12892,HNL,LAX,31,0,0,0,31,0,5,1,27.0,0.0,0.0,0.16129032258064516,0.03225806451612903,0.8709677419354839
2023,5,19930,AS,12173,14679,HNL,SAN,31,0,0,0,31,0,7,2,151.0,0.0,0.0,0.22580645161290322,0.06451612903225806,4.870967741935484
2023,5,19930,AS,12173,14747,HNL,SEA,124,0,0,0,124,0,37,5,498.0,0.0,0.0,0.29838709677419356,0.04032258064516129,4.016129032258065
2023,5,19930,AS,12173,14771,HNL,SFO,31,1,0,0,30,0,9,1,390.0,0.03225806451612903,0.0,0.3,0.03333333333333333,13.0
2023,5,19930,AS,12266,14747,IAH,SEA,62,0,0,0,62,0,12,4,175.0,0.0,0.0,0.1935483870967742,0.06451612903225806,2.8225806451612905
2023,5,19930,AS,12478,14679,JFK,SAN,62,1,0,0,61,0,9,4,442.0,0.016129032258064516,0.0,0.14754098360655737,0.06557377049180328,7.245901639344262
2023,5,19930,AS,12478,14747,JFK,SEA,124,0,0,0,124,0,4,1,-3092.0,0.0,0.0,0.03225806451612903,0.008064516129032258,-24.93548387096774
2023,5,19930,AS,12478,14771,JFK,SFO,155,1,0,0,154,0,15,5,-3149.0,0.0064516129032258064,0.0,0.09740259740259741,0.032467532467532464,-20.448051948051948
2023,5,19930,AS,12889,12892,LAS,LAX,29,0,0,0,29,0,10,3,241.0,0.0,0.0,0.3448275862068966,0.10344827586206896,8.310344827586206
2023,5,19930,AS,12889,14747,LAS,SEA,216,2,1,0,213,0,56,13,2049.0,0.009259259259259259,0.004629629629629629,0.26291079812206575,0.06103286384976526,9.619718309859154
2023,5,19930,AS,12889,14771,LAS,SFO,110,0,0,0,110,0,36,9,1731.0,0.0,0.0,0.32727272727272727,0.08181818181818182,15.736363636363636
2023,5,19930,AS,12892,11278,LAX,DCA,31,0,0,0,31,0,3,0,-50.0,0.0,0.0,0.0967741935483871,0.0,-1.6129032258064515
2023,5,19930,AS,12892,11618,LAX,EWR,84,2,0,0,82,0,7,3,-101.0,0.023809523809523808,0.0,0.08536585365853659,0.036585365853658534,-1.2317073170731707
2023,5,19930,AS,12892,12173,LAX,HNL,31,0,0,0,31,0,1,1,-464.0,0.0,0.0,0.03225806451612903,0.03225806451612903,-14.96774193548387
2023,5,19930,AS,12892,12889,LAX,LAS,29,0,0,0,29,0,8,3,318.0,0.0,0.0,0.27586206896551724,0.10344827586206896,10.96551724137931
2023,5,19930,AS,12892,14747,LAX,SEA,273,1,0,0,272,0,29,10,-1528.0,0.003663003663003663,0.0,0.10661764705882353,0.03676470588235294,-5.617647058823529
2023,5,19930,AS,12892,14771,LAX,SFO,49,0,0,0,49,0,5,1,-89.0,0.0,0.0,0.10204081632653061,0.02040816326530612,-1.816326530612245
2023,5,19930,AS,13204,14679,MCO,SAN,31,1,0,0,30,0,9,3,321.0,0.03225806451612903,0.0,0.3,0.1,10.7
2023,5,19930,AS,13204,14747,MCO,SEA,93,1,0,0,92,0,14,5,-270.0,0.010752688172043012,0.0,0.15217391304347827,0.05434782608695652,-2.9347826086956523
2023,5,19930,AS,13204,14771,MCO,SFO,31,0,0,0,31,0,7,6,485.0,0.0,0.0,0.22580645161290322,0.1935483870967742,15.64516129032258
2023,5,19930,AS,13303,14747,MIA,SEA,33,0,0,0,33,0,7,2,-49.0,0.0,0.0,0.21212121212121213,0.06060606060606061,-1.4848484848484849
2023,5,19930,AS,13487,14747,MSP,SEA,62,0,0,0,62,0,7,1,-292.0,0.0,0.0,0.11290322580645161,0.016129032258064516,-4.709677419354839
2023,5,19930,AS,13796,14747,OAK,SEA,62,0,0,0,62,0,2,0,-607.0,0.0,0.0,0.03225806451612903,0.0,-9.790322580645162
2023,5,19930,AS,13930,14747,ORD,SEA,170,1,0,0,169,0,37,4,239.0,0.0058823529411764705,0.0,0.21893491124260356,0.023668639053254437,1.4142011834319526
2023,5,19930,AS,13930,14771,ORD,SFO,54,0,0,0,54,0,16,1,144.0,0.0,0.0,0.2962962962962963,0.018518518518518517,2.6666666666666665
2023,5,19930,AS,14100,14747,PHL,SEA,62,0,0,0,62,0,3,0,-1282.0,0.0,0.0,0.04838709677419355,0.0,-20.677419354838708
2023,5,19930,AS,14107,14747,PHX,SEA,248,0,0,0,248,0,21,6,-900.0,0.0,0.0,0.0846774193548387,0.024193548387096774,-3.629032258064516
2023,5,19930,AS,14635,14747,RSW,SEA,8,0,0,0,8,0,1,0,-123.0,0.0,0.0,0.125,0.0,-15.375
2023,5,19930,AS,14679,10721,SAN,BOS,31,0,0,0,31,0,8,0,172.0,0.0,0.0,0.25806451612903225,0.0,5.548387096774194
2023,5,19930,AS,14679,11618,SAN,EWR,31,0,1,0,30,0,3,0,24.0,0.0,0.03225806451612903,0.1,0.0,0.8
2023,5,19930,AS,14679,12173,SAN,HNL,31,0,1,0,30,0,3,1,-108.0,0.0,0.03225806451612903,0.1,0.03333333333333333,-3.6
2023,5,19930,AS,14679,12478,SAN,JFK,62,0,0,0,62,0,8,2,298.0,0.0,0.0,0.12903225806451613,0.03225806451612903,4.806451612903226
2023,5,19930,AS,14679,13204,SAN,MCO,31,0,0,0,31,0,11,6,497.0,0.0,0.0,0.3548387096774194,0.1935483870967742,16.032258064516128
2023,5,19930,AS,14679,14747,SAN,SEA,239,1,0,0,238,0,33,8,308.0,0.0041841004184100415,0.0,0.13865546218487396,0.03361344537815126,1.2941176470588236
2023,5,19930,AS,14747,10397,SEA,ATL,107,0,1,0,106,0,33,5,987.0,0.0,0.009345794392523364,0.3113207547169811,0.04716981132075472,9.31132075471698
2023,5,19930,AS,14747,10721,SEA,BOS,110,0,0,0,110,0,45,7,1800.0,0.0,0.0,0.4090909090909091,0.06363636363636363,16.363636363636363
2023,5,19930,AS,14747,10821,SEA,BWI,31,0,0,0,31,0,7,0,208.0,0.0,0.0,0.22580645161290322,0.0,6.709677419354839
2023,5,19930,AS,14747,11278,SEA,DCA,62,0,1,0,61,0,16,5,782.0,0.0,0.016129032258064516,0.26229508196721313,0.08196721311475409,12.819672131147541
2023,5,19930,AS,14747,11292,SEA,DEN,134,0,2,0,132,0,36,7,1688.0,0.0,0.014925373134328358,0.2727272727272727,0.05303030303030303,12.787878787878787
2023,5,19930,AS,14747,11298,SEA,DFW,136,0,1,0,135,0,39,3,1676.0,0.0,0.007352941176470588,0.28888888888888886,0.022222222222222223,12.414814814814815
2023,5,19930,AS,14747,11433,SEA,DTW,45,0,0,0,45,0,13,1,373.0,0.0,0.0,0.28888888888888886,0.022222222222222223,8.28888888888889
2023,5,19930,AS,14747,11618,SEA,EWR,87,0,0,0,87,0,18,0,299.0,0.0,0.0,0.20689655172413793,0.0,3.4367816091954024
2023,5,19930,AS,14747,11697,SEA,FLL,47,0,1,0,46,0,10,2,190.0,0.0,0.02127659574468085,0.21739130434782608,0.043478260869565216,4.130434782608695
2023,5,19930,AS,14747,12173,SEA,HNL,124,0,0,0,124,0,23,3,-51.0,0.0,0.0,0.18548387096774194,0.024193548387096774,-0.4112903225806452
2023,5,19930,AS,14747,12266,SEA,IAH,62,0,0,0,62,0,30,4,1094.0,0.0,0.0,0.4838709677419355,0.06451612903225806,17.64516129032258
2023,5,19930,AS,14747,12478,SEA,JFK,124,0,0,0,124,0,35,3,780.0,0.0,0.0,0.28225806451612906,0.024193548387096774,6.290322580645161
2023,5,19930,AS,14747,12889,SEA,LAS,214,2,0,0,212,0,59,18,2261.0,0.009345794392523364,0.0,0.2783018867924528,0.08490566037735849,10.665094339622641
2023,5,19930,AS,14747,12892,SEA,LAX,272,0,0,0,272,0,51,8,908.0,0.0,0.0,0.1875,0.029411764705882353,3.338235294117647
2023,5,19930,AS,14747,13204,SEA,MCO,93,1,1,0,91,0,25,1,303.0,0.010752688172043012,0.010752688172043012,0.27472527472527475,0.01098901098901099,3.32967032967033
2023,5,19930,AS,14747,13303,SEA,MIA,33,0,1,0,32,0,10,0,229.0,0.0,0.030303030303030304,0.3125,0.0,7.15625
2023,5,19930,AS,14747,13487,SEA,MSP,62,0,0,0,62,0,16,5,871.0,0.0,0.0,0.25806451612903225,0.08064516129032258,14.048387096774194
2023,5,19930,AS,14747,13796,SEA,OAK,62,0,0,0,62,0,10,1,54.0,0.0,0.0,0.16129032258064516,0.016129032258064516,0.8709677419354839
2023,5,19930,AS,14747,13930,SEA,ORD,170,0,0,0,170,0,40,2,1121.0,0.0,0.0,0.23529411764705882,0.011764705882352941,6.594117647058823
2023,5,19930,AS,14747,14100,SEA,PHL,62,0,0,0,62,0,14,0,238.0,0.0,0.0,0.22580645161290322,0.0,3.838709677419355
2023,5,19930,AS,14747,14107,SEA,PHX,247,0,1,0,246,0,73,8,1788.0,0.0,0.004048582995951417,0.2967479674796748,0.032520325203252036,7.2682926829268295
2023,5,19930,AS,14747,14635,SEA,RSW,8,0,0,0,8,0,4,1,147.0,0.0,0.0,0.5,0.125,18.375
2023,5,19930,AS,14747,14679,SEA,SAN,239,0,0,0,239,0,48,7,994.0,0.0,0.0,0.200836820083682,0.029288702928870293,4.158995815899582
2023,5,19930,AS,14747,14771,SEA,SFO,300,0,0,0,300,0,83,10,1781.0,0.0,0.0,0.27666666666666667,0.03333333333333333,5.9366666666666665
2023,5,19930,AS,14747,14869,SEA,SLC,93,0,0,0,93,0,9,2,-78.0,0.0,0.0,0.0967741935483871,0.021505376344086023,-0.8387096774193549
2023,5,19930,AS,14747,15016,SEA,STL,74,0,0,0,74,0,11,1,352.0,0.0,0.0,0.14864864864864866,0.013513513513513514,4.756756756756757
2023,5,19930,AS,14747,15304,SEA,TPA,62,0,0,0,62,0,16,3,477.0,0.0,0.0,0.25806451612903225,0.04838709677419355,7.693548387096774
2023,5,19930,AS,14771,10721,SFO,BOS,62,0,0,0,62,0,14,1,282.0,0.0,0.0,0.22580645161290322,0.016129032258064516,4.548387096774194
2023,5,19930,AS,14771,11278,SFO,DCA,31,0,0,0,31,0,5,0,-18.0,0.0,0.0,0.16129032258064516,0.0,-0.5806451612903226
2023,5,19930,AS,14771,11618,SFO,EWR,88,0,1,0,87,0,19,3,547.0,0.0,0.011363636363636364,0.21839080459770116,0.034482758620689655,6.287356321839081
2023,5,19930,AS,14771,12173,SFO,HNL,31,0,0,0,31,0,16,2,731.0,0.0,0.0,0.5161290322580645,0.06451612903225806,23.580645161290324
2023,5,19930,AS,14771,12478,SFO,JFK,155,0,0,0,155,0,50,12,2174.0,0.0,0.0,0.3225806451612903,0.07741935483870968,14.025806451612903
2023,5,19930,AS,14771,12889,SFO,LAS,110,0,0,0,110,0,37,9,1686.0,0.0,0.0,0.33636363636363636,0.08181818181818182,15.327272727272728
2023,5,19930,AS,14771,12892,SFO,LAX,48,0,0,0,48,0,7,3,-137.0,0.0,0.0,0.14583333333333334,0.0625,-2.8541666666666665
2023,5,19930,AS,14771,13204,SFO,MCO,31,0,0,0,31,0,10,3,352.0,0.0,0.0,0.3225806451612903,0.0967741935483871,11.35483870967742
2023,5,19930,AS,14771,13930,SFO,ORD,54,0,0,0,54,0,20,2,600.0,0.0,0.0,0.37037037037037035,0.037037037037037035,11.11111111111111
2023,5,19930,AS,14771,14747,SFO,SEA,300,0,0,0,300,0,54,13,494.0,0.0,0.0,0.18,0.043333333333333335,1.6466666666666667
2023,5,19930,AS,14869,14747,SLC,SEA,93,0,0,0,93,0,11,2,-278.0,0.0,0.0,0.11827956989247312,0.021505376344086023,-2.989247311827957
2023,5,19930,AS,15016,14747,STL,SEA,73,0,0,0,73,0,6,2,-116.0,0.0,0.0,0.0821917808219178,0.0273972602739726,-1.5890410958904109
2023,5,19930,AS,15304,14747,TPA,SEA,62,0,0,0,62,0,13,3,106.0,0.0,0.0,0.20967741935483872,0.04838709677419355,1.7096774193548387
2023,5,19977,UA,10397,11292,ATL,DEN,84,2,3,0,79,0,24,9,1283.0,0.023809523809523808,0.03571428571428571,0.3037974683544304,0.11392405063291139,16.240506329113924
2023,5,19977,UA,10397,11618,ATL,EWR,204,2,1,0,201,0,38,12,1007.0,0.00980392156862745,0.004901960784313725,0.1890547263681592,0.05970149253731343,5.009950248756219
2023,5,19977,UA,10397,12266,ATL,IAH,176,7,1,0,168,0,47,17,2274.0,0.03977272727272727,0.005681818181818182,0.27976190476190477,0.10119047619047619,13.535714285714286
2023,5,19977,UA,10397,13930,ATL,ORD,143,0,0,0,143,0,29,7,874.0,0.0,0.0,0.20279720279720279,0.04895104895104895,6.111888111888112
2023,5,19977,UA,10397,14771,ATL,SFO,62,0,0,0,62,0,16,1,639.0,0.0,0.0,0.25806451612903225,0.016129032258064516,10.306451612903226
2023,5,19977,UA,10721,11292,BOS,DEN,155,0,1,0,154,0,18,5,-1356.0,0.0,0.0064516129032258064,0.11688311688311688,0.032467532467532464,-8.805194805194805
2023,5,19977,UA,10721,11618,BOS,EWR,290,5,0,0,285,0,51,9,-786.0,0.017241379310344827,0.0,0.17894736842105263,0.031578947368421054,-2.7578947368421054
2023,5,19977,UA,10721,12266,BOS,IAH,120,2,2,0,116,0,23,10,200.0,0.016666666666666666,0.016666666666666666,0.19827586206896552,0.08620689655172414,1.7241379310344827
2023,5,19977,UA,10721,12892,BOS,LAX,62,0,0,0,62,0,4,1,-1214.0,0.0,0.0,0.06451612903225806,0.016129032258064516,-19.580645161290324
2023,5,19977,UA,10721,13930,BOS,ORD,172,0,0,0,172,0,8,2,-1598.0,0.0,0.0,0.046511627906976744,0.011627906976744186,-9.290697674418604
2023,5,19977,UA,10721,14771,BOS,SFO,155,2,0,0,153,0,21,5,-1657.0,0.012903225806451613,0.0,0.13725490196078433,0.032679738562091505,-10.830065359477125
2023,5,19977,UA,10821,11292,BWI,DEN,62,0,1,0,61,0,14,4,409.0,0.0,0.016129032258064516,0.22950819672131148,0.06557377049180328,6.704918032786885
2023,5,19977,UA,10821,12266,BWI,IAH,58,1,0,0,57,0,8,5,-94.0,0.017241379310344827,0.0,0.14035087719298245,0.08771929824561403,-1.6491228070175439
2023,5,19977,UA,10821,12892,BWI,LAX,31,0,0,0,31,0,3,1,-33.0,0.0,0.0,0.0967741935483871,0.03225806451612903,-1.064516129032258
2023,5,19977,UA,10821,13930,BWI,ORD,94,0,0,0,94,0,16,3,165.0,0.0,0.0,0.1702127659574468,0.031914893617021274,1.7553191489361701
2023,5,19977,UA,10821,14771,BWI,SFO,55,1,0,0,54,0,5,2,-727.0,0.01818181818181818,0.0,0.09259259259259259,0.037037037037037035,-13.462962962962964
2023,5,19977,UA,11278,11292,DCA,DEN,31,1,1,0,29,0,11,3,708.0,0.03225806451612903,0.03225806451612903,0.3793103448275862,0.10344827586206896,24.413793103448278
2023,5,19977,UA,11278,12266,DCA,IAH,135,1,3,0,131,0,15,7,-590.0,0.007407407407407408,0.022222222222222223,0.11450381679389313,0.05343511450381679,-4.5038167938931295
2023,5,19977,UA,11278,13930,DCA,ORD,181,2,0,0,179,0,19,9,189.0,0.011049723756906077,0.0,0.10614525139664804,0.05027932960893855,1.0558659217877095
2023,5,19977,UA,11278,14771,DCA,SFO,31,0,0,0,31,0,6,3,-232.0,0.0,0.0,0.1935483870967742,0.0967741935483871,-7.483870967741935
2023,5,19977,UA,11292,10397,DEN,ATL,85,2,0,0,83,0,24,8,818.0,0.023529411764705882,0.0,0.2891566265060241,0.0963855421686747,9.855421686746988
2023,5,19977,UA,11292,10721,DEN,BOS,155,0,1,0,154,0,35,15,1314.0,0.0,0.0064516129032258064,0.22727272727272727,0.09740259740259741,8.532467532467532
2023,5,19977,UA,11292,10821,DEN,BWI,62,1,0,0,61,0,16,9,704.0,0.016129032258064516,0.0,0.26229508196721313,0.14754098360655737,11.540983606557377
2023,5,19977,UA,11292,11278,DEN,DCA,31,1,1,0,29,0,3,1,108.0,0.03225806451612903,0.03225806451612903,0.10344827586206896,0.034482758620689655,3.7241379310344827
2023,5,19977,UA,11292,11298,DEN,DFW,145,0,2,0,143,0,43,19,2387.0,0.0,0.013793103448275862,0.3006993006993007,0.13286713286713286,16.692307692307693
2023,5,19977,UA,11292,11433,DEN,DTW,62,0,0,0,62,0,21,9,1354.0,0.0,0.0,0.3387096774193548,0.14516129032258066,21.838709677419356
2023,5,19977,UA,11292,11618,DEN,EWR,279,0,0,0,279,0,85,29,3970.0,0.0,0.0,0.3046594982078853,0.1039426523297491,14.229390681003585
2023,5,19977,UA,11292,11697,DEN,FLL,93,1,1,0,91,0,32,9,1288.0,0.010752688172043012,0.010752688172043012,0.3516483516483517,0.0989010989010989,14.153846153846153
2023,5,19977,UA,11292,12173,DEN,HNL,38,0,0,0,38,0,6,3,-8.0,0.0,0.0,0.15789473684210525,0.07894736842105263,-0.21052631578947367
2023,5,19977,UA,11292,12266,DEN,IAH,306,5,2,0,299,0,95,38,5260.0,0.016339869281045753,0.006535947712418301,0.3177257525083612,0.12709030100334448,17.59197324414716
2023,5,19977,UA,11292,12889,DEN,LAS,212,2,1,0,209,0,73,34,4003.0,0.009433962264150943,0.0047169811320754715,0.3492822966507177,0.16267942583732056,19.15311004784689
2023,5,19977,UA,11292,12892,DEN,LAX,244,2,0,0,242,0,62,28,3582.0,0.00819672131147541,0.0,0.256198347107438,0.11570247933884298,14.801652892561984
2023,5,19977,UA,11292,12953,DEN,LGA,205,2,0,0,203,0,53,17,1095.0,0.00975609756097561,0.0,0.26108374384236455,0.08374384236453201,5.394088669950739
2023,5,19977,UA,11292,13204,DEN,MCO,155,1,1,0,153,0,36,17,1480.0,0.0064516129032258064,0.0064516129032258064,0.23529411764705882,0.1111111111111111,9.673202614379084
2023,5,19977,UA,11292,13303,DEN,MIA,61,1,0,0,60,0,18,6,936.0,0.01639344262295082,0.0,0.3,0.1,15.6
2023,5,19977,UA,11292,13487,DEN,MSP,124,1,0,0,123,0,38,16,2151.0,0.008064516129032258,0.0,0.3089430894308943,0.13008130081300814,17.48780487804878
2023,5,19977,UA,11292,13930,DEN,ORD,294,2,0,0,292,0,81,38,6473.0,0.006802721088435374,0.0,0.2773972602739726,0.13013698630136986,22.16780821917808
2023,5,19977,UA,11292,14100,DEN,PHL,85,0,0,0,85,0,15,8,716.0,0.0,0.0,0.17647058823529413,0.09411764705882353,8.423529411764706
2023,5,19977,UA,11292,14107,DEN,PHX,215,2,0,0,213,0,48,20,1737.0,0.009302325581395349,0.0,0.22535211267605634,0.09389671361502347,8.154929577464788
2023,5,19977,UA,11292,14635,DEN,RSW,35,0,0,0,35,0,6,1,168.0,0.0,0.0,0.17142857142857143,0.02857142857142857,4.8
2023,5,19977,UA,11292,14679,DEN,SAN,186,1,0,0,185,0,50,18,2200.0,0.005376344086021506,0.0,0.2702702702702703,0.0972972972972973,11.891891891891891
2023,5,19977,UA,11292,14747,DEN,SEA,174,1,0,0,173,0,46,20,1760.0,0.005747126436781609,0.0,0.2658959537572254,0.11560693641618497,10.173410404624278
2023,5,19977,UA,11292,14771,DEN,SFO,275,1,0,0,274,0,72,26,3740.0,0.0036363636363636364,0.0,0.26277372262773724,0.0948905109489051,13.64963503649635
2023,5,19977,UA,11292,14869,DEN,SLC,61,0,0,0,61,0,26,13,1944.0,0.0,0.0,0.4262295081967213,0.21311475409836064,31.868852459016395
2023,5,19977,UA,11292,15016,DEN,STL,27,0,0,0,27,0,8,3,512.0,0.0,0.0,0.2962962962962963,0.1111111111111111,18.962962962962962
2023,5,19977,UA,11292,15304,DEN,TPA,97,0,0,0,97,0,39,15,2697.0,0.0,0.0,0.4020618556701031,0.15463917525773196,27.804123711340207
2023,5,19977,UA,11298,11292,DFW,DEN,145,1,0,0,144,0,48,23,3756.0,0.006896551724137931,0.0,0.3333333333333333,0.1597222222222222,26.083333333333332
2023,5,19977,UA,11298,11618,DFW,EWR,177,3,1,0,173,0,41,15,1358.0,0.01694915254237288,0.005649717514124294,0.23699421965317918,0.08670520231213873,7.8497109826589595
2023,5,19977,UA,11298,12266,DFW,IAH,186,6,0,0,180,0,44,22,2872.0,0.03225806451612903,0.0,0.24444444444444444,0.12222222222222222,15.955555555555556
2023,5,19977,UA,11298,13930,DFW,ORD,151,2,0,0,149,0,22,14,1853.0,0.013245033112582781,0.0,0.1476510067114094,0.09395973154362416,12.436241610738255
2023,5,19977,UA,11298,14771,DFW,SFO,62,0,1,0,61,0,14,9,1612.0,0.0,0.016129032258064516,0.22950819672131148,0.14754098360655737,26.42622950819672
2023,5,19977,UA,11433,11292,DTW,DEN,62,1,0,0,61,0,11,4,146.0,0.016129032258064516,0.0,0.18032786885245902,0.06557377049180328,2.3934426229508197
2023,5,19977,UA,11433,11618,DTW,EWR,35,0,0,0,35,0,3,1,-117.0,0.0,0.0,0.08571428571428572,0.02857142857142857,-3.342857142857143
2023,5,19977,UA,11433,12266,DTW,IAH,32,2,0,0,30,0,9,3,327.0,0.0625,0.0,0.3,0.1,10.9
2023,5,19977,UA,11433,13930,DTW,ORD,60,0,0,0,60,0,17,3,201.0,0.0,0.0,0.2833333333333333,0.05,3.35
2023,5,19977,UA,11618,10397,EWR,ATL,204,1,0,0,203,0,41,12,932.0,0.004901960784313725,0.0,0.2019704433497537,0.059113300492610835,4.5911330049261085
2023,5,19977,UA,11618,10721,EWR,BOS,290,5,0,0,285,0,74,27,2118.0,0.017241379310344827,0.0,0.2596491228070175,0.09473684210526316,7.431578947368421
2023,5,19977,UA,11618,11292,EWR,DEN,281,0,2,0,279,0,70,18,642.0,0.0,0.0071174377224199285,0.25089605734767023,0.06451612903225806,2.3010752688172045
2023,5,19977,UA,11618,11298,EWR,DFW,177,1,3,0,173,0,26,9,-67.0,0.005649717514124294,0.01694915254237288,0.15028901734104047,0.05202312138728324,-0.3872832369942196
2023,5,19977,UA,11618,11433,EWR,DTW,35,0,0,0,35,0,18,5,1281.0,0.0,0.0,0.5142857142857142,0.14285714285714285,36.6
2023,5,19977,UA,11618,11697,EWR,FLL,283,0,4,0,279,0,67,14,463.0,0.0,0.014134275618374558,0.24014336917562723,0.05017921146953405,1.6594982078853047
2023,5,19977,UA,11618,12173,EWR,HNL,31,0,0,0,31,0,7,0,-397.0,0.0,0.0,0.22580645161290322,0.0,-12.806451612903226
2023,5,19977,UA,11618,12266,EWR,IAH,248,2,3,0,243,0,40,15,-745.0,0.008064516129032258,0.012096774193548387,0.1646090534979424,0.06172839506172839,-3.065843621399177
2023,5,19977,UA,11618,12889,EWR,LAS,217,0,0,0,217,0,46,21,-142.0,0.0,0.0,0.2119815668202765,0.0967741935483871,-0.6543778801843319
2023,5,19977,UA,11618,12892,EWR,LAX,269,0,2,0,267,0,55,20,550.0,0.0,0.007434944237918215,0.20599250936329588,0.0749063670411985,2.059925093632959
2023,5,19977,UA,11618,13204,EWR,MCO,372,1,3,0,368,0,74,17,1721.0,0.002688172043010753,0.008064516129032258,0.20108695652173914,0.04619565217391304,4.676630434782608
2023,5,19977,UA,11618,13303,EWR,MIA,221,1,0,0,220,0,65,18,1697.0,0.004524886877828055,0.0,0.29545454545454547,0.08181818181818182,7.713636363636364
2023,5,19977,UA,11618,13487,EWR,MSP,64,0,0,0,64,0,16,5,286.0,0.0,0.0,0.25,0.078125,4.46875
2023,5,19977,UA,11618,13930,EWR,ORD,332,0,0,0,332,0,88,27,2137.0,0.0,0.0,0.26506024096385544,0.08132530120481928,6.436746987951807
2023,5,19977,UA,11618,14107,EWR,PHX,124,0,0,0,124,0,12,5,-1760.0,0.0,0.0,0.0967741935483871,0.04032258064516129,-14.193548387096774
2023,5,19977,UA,11618,14635,EWR,RSW,155,0,3,0,152,0,24,6,-359.0,0.0,0.01935483870967742,0.15789473684210525,0.039473684210526314,-2.361842105263158
2023,5,19977,UA,11618,14679,EWR,SAN,124,0,1,0,123,0,16,2,-1716.0,0.0,0.008064516129032258,0.13008130081300814,0.016260162601626018,-13.951219512195122
2023,5,19977,UA,11618,14747,EWR,SEA,93,0,0,0,93,0,16,6,-1047.0,0.0,0.0,0.17204301075268819,0.06451612903225806,-11.258064516129032
2023,5,19977,UA,11618,14771,EWR,SFO,279,4,0,0,275,0,46,18,-1083.0,0.014336917562724014,0.0,0.16727272727272727,0.06545454545454546,-3.938181818181818
2023,5,19977,UA,11618,14869,EWR,SLC,31,1,0,0,30,0,6,3,42.0,0.03225806451612903,0.0,0.2,0.1,1.4
2023,5,19977,UA,11618,15016,EWR,STL,13,0,0,0,13,0,2,1,-11.0,0.0,0.0,0.15384615384615385,0.07692307692307693,-0.8461538461538461
2023,5,19977,UA,11618,15304,EWR,TPA,252,2,0,0,250,0,41,16,29.0,0.007936507936507936,0.0,0.164,0.064,0.116
2023,5,19977,UA,11697,11292,FLL,DEN,93,1,1,0,91,0,15,8,670.0,0.010752688172043012,0.010752688172043012,0.16483516483516483,0.08791208791208792,7.362637362637362
2023,5,19977,UA,11697,11618,FLL,EWR,283,0,0,0,283,0,71,25,3794.0,0.0,0.0,0.2508833922261484,0.08833922261484099,13.406360424028268
2023,5,19977,UA,11697,12266,FLL,IAH,124,1,2,0,121,0,20,12,327.0,0.008064516129032258,0.016129032258064516,0.1652892561983471,0.09917355371900827,2.7024793388429753
2023,5,19977,UA,11697,13930,FLL,ORD,97,0,0,0,97,0,19,7,374.0,0.0,0.0,0.1958762886597938,0.07216494845360824,3.8556701030927836
2023,5,19977,UA,11697,14771,FLL,SFO,31,0,0,0,31,0,2,0,-710.0,0.0,0.0,0.06451612903225806,0.0,-22.903225806451612
2023,5,19977,UA,12173,11292,HNL,DEN,38,0,0,0,38,0,3,1,-215.0,0.0,0.0,0.07894736842105263,0.02631578947368421,-5.657894736842105
2023,5,19977,UA,12173,11618,HNL,EWR,31,0,0,0,31,0,4,1,-103.0,0.0,0.0,0.12903225806451613,0.03225806451612903,-3.3225806451612905
2023,5,19977,UA,12173,12266,HNL,IAH,31,0,1,0,30,0,3,0,-269.0,0.0,0.03225806451612903,0.1,0.0,-8.966666666666667
2023,5,19977,UA,12173,12892,HNL,LAX,97,0,0,0,97,0,23,7,1705.0,0.0,0.0,0.23711340206185566,0.07216494845360824,17.577319587628867
2023,5,19977,UA,12173,13930,HNL,ORD,31,0,1,0,30,0,3,0,-122.0,0.0,0.03225806451612903,0.1,0.0,-4.066666666666666
2023,5,19977,UA,12173,14771,HNL,SFO,155,2,1,0,152,0,15,5,248.0,0.012903225806451613,0.0064516129032258064,0.09868421052631579,0.03289473684210526,1.631578947368421
2023,5,19977,UA,12266,10397,IAH,ATL,175,7,0,0,168,0,58,15,2633.0,0.04,0.0,0.34523809523809523,0.08928571428571429,15.672619047619047
2023,5,19977,UA,12266,10721,IAH,BOS,120,2,0,0,118,0,30,12,1152.0,0.016666666666666666,0.0,0.2542372881355932,0.1016949152542373,9.76271186440678
2023,5,19977,UA,12266,10821,IAH,BWI,58,1,0,0,57,0,18,9,990.0,0.017241379310344827,0.0,0.3157894736842105,0.15789473684210525,17.36842105263158
2023,5,19977,UA,12266,11278,IAH,DCA,135,2,1,0,132,0,29,10,906.0,0.014814814814814815,0.007407407407407408,0.2196969696969697,0.07575757575757576,6.863636363636363
2023,5,19977,UA,12266,11292,IAH,DEN,306,3,2,0,301,0,100,39,6252.0,0.00980392156862745,0.006535947712418301,0.33222591362126247,0.12956810631229235,20.770764119601328
2023,5,19977,UA,12266,11298,IAH,DFW,187,6,0,0,181,0,70,27,5520.0,0.03208556149732621,0.0,0.3867403314917127,0.14917127071823205,30.497237569060772
2023,5,19977,UA,12266,11433,IAH,DTW,31,2,0,0,29,0,7,2,212.0,0.06451612903225806,0.0,0.2413793103448276,0.06896551724137931,7.310344827586207
2023,5,19977,UA,12266,11618,IAH,EWR,248,1,0,0,247,0,74,27,4468.0,0.004032258064516129,0.0,0.29959514170040485,0.10931174089068826,18.089068825910932
2023,5,19977,UA,12266,11697,IAH,FLL,124,1,1,0,122,0,33,14,1302.0,0.008064516129032258,0.008064516129032258,0.27049180327868855,0.11475409836065574,10.672131147540984
2023,5,19977,UA,12266,12173,IAH,HNL,31,0,0,0,31,0,8,5,561.0,0.0,0.0,0.25806451612903225,0.16129032258064516,18.096774193548388
2023,5,19977,UA,12266,12889,IAH,LAS,186,2,0,0,184,0,52,23,2637.0,0.010752688172043012,0.0,0.2826086956521739,0.125,14.331521739130435
2023,5,19977,UA,12266,12892,IAH,LAX,275,5,0,0,270,0,69,33,2701.0,0.01818181818181818,0.0,0.25555555555555554,0.12222222222222222,10.003703703703703
2023,5,19977,UA,12266,12953,IAH,LGA,104,1,1,0,102,0,28,13,1053.0,0.009615384615384616,0.009615384615384616,0.27450980392156865,0.12745098039215685,10.323529411764707
2023,5,19977,UA,12266,13204,IAH,MCO,186,3,0,0,183,0,58,19,2139.0,0.016129032258064516,0.0,0.31693989071038253,0.10382513661202186,11.688524590163935
2023,5,19977,UA,12266,13303,IAH,MIA,93,2,1,0,90,0,38,16,1984.0,0.021505376344086023,0.010752688172043012,0.4222222222222222,0.17777777777777778,22.044444444444444
2023,5,19977,UA,12266,13487,IAH,MSP,77,1,0,0,76,0,24,9,1250.0,0.012987012987012988,0.0,0.3157894736842105,0.11842105263157894,16.44736842105263
2023,5,19977,UA,12266,13930,IAH,ORD,306,3,1,0,302,0,80,32,4165.0,0.00980392156862745,0.0032679738562091504,0.26490066225165565,0.10596026490066225,13.791390728476822
2023,5,19977,UA,12266,14100,IAH,PHL,90,0,0,0,90,0,19,11,855.0,0.0,0.0,0.2111111111111111,0.12222222222222222,9.5
2023,5,19977,UA,12266,14107,IAH,PHX,155,3,0,0,152,0,32,16,1673.0,0.01935483870967742,0.0,0.21052631578947367,0.10526315789473684,11.006578947368421
2023,5,19977,UA,12266,14635,IAH,RSW,62,0,0,0,62,0,10,4,172.0,0.0,0.0,0.16129032258064516,0.06451612903225806,2.774193548387097
2023,5,19977,UA,12266,14679,IAH,SAN,155,1,0,0,154,0,36,21,1833.0,0.0064516129032258064,0.0,0.23376623376623376,0.13636363636363635,11.902597402597403
2023,5,19977,UA,12266,14747,IAH,SEA,93,1,0,0,92,0,23,9,911.0,0.010752688172043012,0.0,0.25,0.09782608695652174,9.902173913043478
2023,5,19977,UA,12266,14771,IAH,SFO,248,5,0,0,243,0,63,27,4106.0,0.020161290322580645,0.0,0.25925925925925924,0.1111111111111111,16.897119341563787
2023,5,19977,UA,12266,15016,IAH,STL,27,1,0,0,26,0,17,7,1391.0,0.037037037037037035,0.0,0.6538461538461539,0.2692307692307692,53.5
2023,5,19977,UA,12266,15304,IAH,TPA,93,1,0,0,92,0,25,11,1245.0,0.010752688172043012,0.0,0.2717391304347826,0.11956521739130435,13.532608695652174
2023,5,19977,UA,12889,11292,LAS,DEN,214,1,0,0,213,0,71,24,3118.0,0.004672897196261682,0.0,0.3333333333333333,0.11267605633802817,14.63849765258216
2023,5,19977,UA,12889,11618,LAS,EWR,217,0,1,0,216,0,60,22,1572.0,0.0,0.004608294930875576,0.2777777777777778,0.10185185185185185,7.277777777777778
2023,5,19977,UA,12889,12266,LAS,IAH,184,2,3,0,179,0,51,18,2296.0,0.010869565217391304,0.016304347826086956,0.2849162011173184,0.1005586592178771,12.8268156424581
2023,5,19977,UA,12889,12892,LAS,LAX,120,1,0,0,119,0,27,4,475.0,0.008333333333333333,0.0,0.226890756302521,0.03361344537815126,3.991596638655462
2023,5,19977,UA,12889,13930,LAS,ORD,174,0,0,0,174,0,42,13,1666.0,0.0,0.0,0.2413793103448276,0.07471264367816093,9.574712643678161
2023,5,19977,UA,12889,14771,LAS,SFO,187,0,1,0,186,0,50,16,1957.0,0.0,0.0053475935828877,0.26881720430107525,0.08602150537634409,10.521505376344086
2023,5,19977,UA,12892,10721,LAX,BOS,62,0,0,0,62,0,3,1,-657.0,0.0,0.0,0.04838709677419355,0.016129032258064516,-10.596774193548388
2023,5,19977,UA,12892,10821,LAX,BWI,31,0,0,0,31,0,2,1,-217.0,0.0,0.0,0.06451612903225806,0.03225806451612903,-7.0
2023,5,19977,UA,12892,11292,LAX,DEN,244,4,1,0,239,0,43,20,1331.0,0.01639344262295082,0.004098360655737705,0.1799163179916318,0.08368200836820083,5.569037656903766
2023,5,19977,UA,12892,11618,LAX,EWR,269,0,0,0,269,0,69,18,2239.0,0.0,0.0,0.25650557620817843,0.06691449814126393,8.323420074349443
2023,5,19977,UA,12892,12173,LAX,HNL,97,0,0,0,97,0,13,4,-261.0,0.0,0.0,0.13402061855670103,0.041237113402061855,-2.6907216494845363
2023,5,19977,UA,12892,12266,LAX,IAH,275,2,3,0,270,0,66,26,3650.0,0.007272727272727273,0.01090909090909091,0.24444444444444444,0.0962962962962963,13.518518518518519
2023,5,19977,UA,12892,12889,LAX,LAS,119,1,0,0,118,0,25,9,604.0,0.008403361344537815,0.0,0.211864406779661,0.07627118644067797,5.11864406779661
2023,5,19977,UA,12892,13204,LAX,MCO,62,0,1,0,61,0,5,2,194.0,0.0,0.016129032258064516,0.08196721311475409,0.03278688524590164,3.180327868852459
2023,5,19977,UA,12892,13930,LAX,ORD,273,1,0,0,272,0,41,14,-998.0,0.003663003663003663,0.0,0.15073529411764705,0.051470588235294115,-3.6691176470588234
2023,5,19977,UA,12892,14107,LAX,PHX,31,0,0,0,31,0,2,0,-313.0,0.0,0.0,0.06451612903225806,0.0,-10.096774193548388
2023,5,19977,UA,12892,14747,LAX,SEA,62,0,0,0,62,0,6,2,-278.0,0.0,0.0,0.0967741935483871,0.03225806451612903,-4.483870967741935
2023,5,19977,UA,12892,14771,LAX,SFO,211,2,0,0,209,0,44,11,874.0,0.009478672985781991,0.0,0.21052631578947367,0.05263157894736842,4.181818181818182
2023,5,19977,UA,12892,15304,LAX,TPA,31,0,0,0,31,0,2,0,-135.0,0.0,0.0,0.06451612903225806,0.0,-4.354838709677419
2023,5,19977,UA,12953,11292,LGA,DEN,205,4,4,0,197,0,13,3,-3637.0,0.01951219512195122,0.01951219512195122,0.06598984771573604,0.015228426395939087,-18.461928934010153
2023,5,19977,UA,12953,12266,LGA,IAH,104,2,0,0,102,0,7,4,-1197.0,0.019230769230769232,0.0,0.06862745098039216,0.0392156862745098,-11.735294117647058
2023,5,19977,UA,12953,13930,LGA,ORD,266,2,0,0,264,0,25,7,-1782.0,0.007518796992481203,0.0,0.0946969696969697,0.026515151515151516,-6.75
2023,5,19977,UA,13204,11292,MCO,DEN,155,1,2,0,152,0,38,15,1380.0,0.0064516129032258064,0.012903225806451613,0.25,0.09868421052631579,9.078947368421053
2023,5,19977,UA,13204,11618,MCO,EWR,372,1,0,0,371,0,76,22,1910.0,0.002688172043010753,0.0,0.20485175202156333,0.05929919137466307,5.1482479784366575
2023,5,19977,UA,13204,12266,MCO,IAH,186,3,3,0,180,0,40,14,1223.0,0.016129032258064516,0.016129032258064516,0.2222222222222222,0.07777777777777778,6.794444444444444
2023,5,19977,UA,13204,12892,MCO,LAX,62,0,0,0,62,0,4,3,-491.0,0.0,0.0,0.06451612903225806,0.04838709677419355,-7.919354838709677
2023,5,19977,UA,13204,13930,MCO,ORD,157,2,0,0,155,0,39,15,1532.0,0.012738853503184714,0.0,0.25161290322580643,0.0967741935483871,9.883870967741936
2023,5,19977,UA,13204,14771,MCO,SFO,62,0,0,0,62,0,8,2,-162.0,0.0,0.0,0.12903225806451613,0.03225806451612903,-2.6129032258064515
2023,5,19977,UA,13303,11292,MIA,DEN,62,1,2,0,59,0,16,10,1292.0,0.016129032258064516,0.03225806451612903,0.2711864406779661,0.1694915254237288,21.89830508474576
2023,5,19977,UA,13303,11618,MIA,EWR,221,2,0,0,219,0,34,16,309.0,0.00904977375565611,0.0,0.1552511415525114,0.0730593607305936,1.4109589041095891
2023,5,19977,UA,13303,12266,MIA,IAH,93,2,2,0,89,0,17,10,-24.0,0.021505376344086023,0.021505376344086023,0.19101123595505617,0.11235955056179775,-0.2696629213483146
2023,5,19977,UA,13303,13930,MIA,ORD,90,2,0,0,88,0,11,5,927.0,0.022222222222222223,0.0,0.125,0.056818181818181816,10.534090909090908
2023,5,19977,UA,13303,14771,MIA,SFO,31,0,0,0,31,0,8,4,172.0,0.0,0.0,0.25806451612903225,0.12903225806451613,5.548387096774194
2023,5,19977,UA,13487,11292,MSP,DEN,124,1,1,0,122,0,25,8,263.0,0.008064516129032258,0.008064516129032258,0.20491803278688525,0.06557377049180328,2.1557377049180326
2023,5,19977,UA,13487,11618,MSP,EWR,69,0,1,0,68,0,6,3,-479.0,0.0,0.014492753623188406,0.08823529411764706,0.04411764705882353,-7.044117647058823
2023,5,19977,UA,13487,12266,MSP,IAH,73,1,2,0,70,0,12,5,-4.0,0.0136986301369863,0.0273972602739726,0.17142857142857143,0.07142857142857142,-0.05714285714285714
2023,5,19977,UA,13487,13930,MSP,ORD,178,1,0,0,177,0,17,4,-1320.0,0.0056179775280898875,0.0,0.096045197740113,0.022598870056497175,-7.4576271186440675
2023,5,19977,UA,13487,14771,MSP,SFO,31,0,0,0,31,0,2,0,-592.0,0.0,0.0,0.06451612903225806,0.0,-19.096774193548388
2023,5,19977,UA,13930,10397,ORD,ATL,143,0,0,0,143,0,27,13,907.0,0.0,0.0,0.1888111888111888,0.09090909090909091,6.3426573426573425
2023,5,19977,UA,13930,10721,ORD,BOS,172,0,0,0,172,0,16,5,-314.0,0.0,0.0,0.09302325581395349,0.029069767441860465,-1.8255813953488371
2023,5,19977,UA,13930,10821,ORD,BWI,94,0,0,0,94,0,18,7,495.0,0.0,0.0,0.19148936170212766,0.07446808510638298,5.26595744680851
2023,5,19977,UA,13930,11278,ORD,DCA,181,1,1,0,179,0,26,6,-245.0,0.0055248618784530384,0.0055248618784530384,0.1452513966480447,0.0335195530726257,-1.3687150837988826
2023,5,19977,UA,13930,11292,ORD,DEN,294,1,3,0,290,0,53,18,369.0,0.003401360544217687,0.01020408163265306,0.18275862068965518,0.06206896551724138,1.2724137931034483
2023,5,19977,UA,13930,11298,ORD,DFW,151,1,0,0,150,0,30,12,282.0,0.006622516556291391,0.0,0.2,0.08,1.88
2023,5,19977,UA,13930,11433,ORD,DTW,60,0,0,0,60,0,10,4,28.0,0.0,0.0,0.16666666666666666,0.06666666666666667,0.4666666666666667
2023,5,19977,UA,13930,11618,ORD,EWR,330,1,1,0,328,0,69,21,2018.0,0.0030303030303030303,0.0030303030303030303,0.21036585365853658,0.06402439024390244,6.152439024390244
2023,5,19977,UA,13930,11697,ORD,FLL,97,0,1,0,96,0,17,7,-124.0,0.0,0.010309278350515464,0.17708333333333334,0.07291666666666667,-1.2916666666666667
2023,5,19977,UA,13930,12173,ORD,HNL,31,0,0,0,31,0,2,2,-587.0,0.0,0.0,0.06451612903225806,0.06451612903225806,-18.93548387096774
2023,5,19977,UA,13930,12266,ORD,IAH,306,3,1,0,302,0,54,20,-161.0,0.00980392156862745,0.0032679738562091504,0.17880794701986755,0.06622516556291391,-0.5331125827814569
2023,5,19977,UA,13930,12889,ORD,LAS,174,0,0,0,174,0,32,18,346.0,0.0,0.0,0.1839080459770115,0.10344827586206896,1.9885057471264367
2023,5,19977,UA,13930,12892,ORD,LAX,273,0,0,0,273,0,39,15,-1054.0,0.0,0.0,0.14285714285714285,0.054945054945054944,-3.860805860805861
2023,5,19977,UA,13930,12953,ORD,LGA,266,1,1,0,264,0,36,10,-61.0,0.0037593984962406013,0.0037593984962406013,0.13636363636363635,0.03787878787878788,-0.23106060606060605
2023,5,19977,UA,13930,13204,ORD,MCO,157,0,1,0,156,0,22,10,140.0,0.0,0.006369426751592357,0.14102564102564102,0.0641025641025641,0.8974358974358975
2023,5,19977,UA,13930,13303,ORD,MIA,91,1,1,0,89,0,16,7,241.0,0.01098901098901099,0.01098901098901099,0.1797752808988764,0.07865168539325842,2.707865168539326
2023,5,19977,UA,13930,13487,ORD,MSP,179,1,0,0,178,0,29,8,-64.0,0.00558659217877095,0.0,0.16292134831460675,0.0449438202247191,-0.3595505617977528
2023,5,19977,UA,13930,14100,ORD,PHL,137,0,0,0,137,0,17,7,-313.0,0.0,0.0,0.12408759124087591,0.051094890510948905,-2.2846715328467155
2023,5,19977,UA,13930,14107,ORD,PHX,174,0,0,0,174,0,12,7,-1746.0,0.0,0.0,0.06896551724137931,0.040229885057471264,-10.03448275862069
2023,5,19977,UA,13930,14635,ORD,RSW,98,0,0,0,98,0,16,3,-289.0,0.0,0.0,0.16326530612244897,0.030612244897959183,-2.9489795918367347
2023,5,19977,UA,13930,14679,ORD,SAN,155,0,0,0,155,0,18,7,-747.0,0.0,0.0,0.11612903225806452,0.04516129032258064,-4.819354838709677
2023,5,19977,UA,13930,14747,ORD,SEA,124,0,0,0,124,0,18,6,-697.0,0.0,0.0,0.14516129032258066,0.04838709677419355,-5.620967741935484
2023,5,19977,UA,13930,14771,ORD,SFO,306,0,0,0,306,0,40,16,-1113.0,0.0,0.0,0.13071895424836602,0.05228758169934641,-3.6372549019607843
2023,5,19977,UA,13930,14869,ORD,SLC,75,0,0,0,75,0,12,5,-408.0,0.0,0.0,0.16,0.06666666666666667,-5.44
2023,5,19977,UA,13930,15016,ORD,STL,27,0,0,0,27,0,2,2,-46.0,0.0,0.0,0.07407407407407407,0.07407407407407407,-1.7037037037037037
2023,5,19977,UA,13930,15304,ORD,TPA,95,0,1,0,94,0,16,3,-315.0,0.0,0.010526315789473684,0.1702127659574468,0.031914893617021274,-3.351063829787234
2023,5,19977,UA,14100,11292,PHL,DEN,85,0,0,0,85,0,8,1,-895.0,0.0,0.0,0.09411764705882353,0.011764705882352941,-10.529411764705882
2023,5,19977,UA,14100,12266,PHL,IAH,89,0,2,0,87,0,7,2,-1290.0,0.0,0.02247191011235955,0.08045977011494253,0.022988505747126436,-14.827586206896552
2023,5,19977,UA,14100,13930,PHL,ORD,136,0,0,0,136,0,7,1,-1477.0,0.0,0.0,0.051470588235294115,0.007352941176470588,-10.860294117647058
2023,5,19977,UA,14100,14771,PHL,SFO,31,0,0,0,31,0,5,0,-145.0,0.0,0.0,0.16129032258064516,0.0,-4.67741935483871
2023,5,19977,UA,14107,11292,PHX,DEN,216,2,1,0,213,0,45,19,1873.0,0.009259259259259259,0.004629629629629629,0.2112676056338028,0.0892018779342723,8.793427230046948
2023,5,19977,UA,14107,11618,PHX,EWR,124,0,0,0,124,0,26,5,1127.0,0.0,0.0,0.20967741935483872,0.04032258064516129,9.088709677419354
2023,5,19977,UA,14107,12266,PHX,IAH,155,3,3,0,149,0,33,10,2585.0,0.01935483870967742,0.01935483870967742,0.2214765100671141,0.06711409395973154,17.348993288590606
2023,5,19977,UA,14107,12892,PHX,LAX,31,0,0,0,31,0,6,0,-28.0,0.0,0.0,0.1935483870967742,0.0,-0.9032258064516129
2023,5,19977,UA,14107,13930,PHX,ORD,173,0,0,0,173,0,14,3,-379.0,0.0,0.0,0.08092485549132948,0.017341040462427744,-2.1907514450867054
2023,5,19977,UA,14107,14771,PHX,SFO,87,0,0,0,87,0,12,3,-12.0,0.0,0.0,0.13793103448275862,0.034482758620689655,-0.13793103448275862
2023,5,19977,UA,14635,11292,RSW,DEN,36,0,1,0,35,0,11,4,596.0,0.0,0.027777777777777776,0.3142857142857143,0.11428571428571428,17.02857142857143
2023,5,19977,UA,14635,11618,RSW,EWR,155,0,0,0,155,0,19,9,-470.0,0.0,0.0,0.12258064516129032,0.05806451612903226,-3.032258064516129
2023,5,19977,UA,14635,12266,RSW,IAH,62,0,2,0,60,0,16,9,495.0,0.0,0.03225806451612903,0.26666666666666666,0.15,8.25
2023,5,19977,UA,14635,13930,RSW,ORD,99,0,0,0,99,0,13,4,-428.0,0.0,0.0,0.13131313131313133,0.04040404040404041,-4.3232323232323235
2023,5,19977,UA,14679,11292,SAN,DEN,161,1,0,0,160,0,37,14,1276.0,0.006211180124223602,0.0,0.23125,0.0875,7.975
2023,5,19977,UA,14679,11618,SAN,EWR,124,0,1,0,123,0,21,5,485.0,0.0,0.008064516129032258,0.17073170731707318,0.04065040650406504,3.9430894308943087
2023,5,19977,UA,14679,12266,SAN,IAH,155,2,1,0,152,0,37,16,2015.0,0.012903225806451613,0.0064516129032258064,0.24342105263157895,0.10526315789473684,13.256578947368421
2023,5,19977,UA,14679,13930,SAN,ORD,155,0,0,0,155,0,4,2,-1452.0,0.0,0.0,0.025806451612903226,0.012903225806451613,-9.36774193548387
2023,5,19977,UA,14679,14771,SAN,SFO,198,0,0,0,198,0,52,11,1044.0,0.0,0.0,0.26262626262626265,0.05555555555555555,5.2727272727272725
2023,5,19977,UA,14747,11292,SEA,DEN,174,1,1,0,172,0,35,10,1105.0,0.005747126436781609,0.005747126436781609,0.20348837209302326,0.05813953488372093,6.424418604651163
2023,5,19977,UA,14747,11618,SEA,EWR,96,0,0,0,96,0,26,4,100.0,0.0,0.0,0.2708333333333333,0.041666666666666664,1.0416666666666667
2023,5,19977,UA,14747,12266,SEA,IAH,93,1,1,0,91,0,13,6,155.0,0.010752688172043012,0.010752688172043012,0.14285714285714285,0.06593406593406594,1.7032967032967032
2023,5,19977,UA,14747,12892,SEA,LAX,61,0,0,0,61,0,6,2,427.0,0.0,0.0,0.09836065573770492,0.03278688524590164,7.0
2023,5,19977,UA,14747,13930,SEA,ORD,124,1,0,0,123,0,19,9,885.0,0.008064516129032258,0.0,0.15447154471544716,0.07317073170731707,7.195121951219512
2023,5,19977,UA,14747,14771,SEA,SFO,123,0,0,0,123,0,42,11,873.0,0.0,0.0,0.34146341463414637,0.08943089430894309,7.097560975609756
2023,5,19977,UA,14771,10397,SFO,ATL,62,0,0,0,62,0,19,2,1483.0,0.0,0.0,0.3064516129032258,0.03225806451612903,23.919354838709676
2023,5,19977,UA,14771,10721,SFO,BOS,155,2,0,0,153,0,37,10,1178.0,0.012903225806451613,0.0,0.24183006535947713,0.06535947712418301,7.699346405228758
2023,5,19977,UA,14771,10821,SFO,BWI,55,0,0,0,55,0,13,1,116.0,0.0,0.0,0.23636363636363636,0.01818181818181818,2.109090909090909
2023,5,19977,UA,14771,11278,SFO,DCA,31,0,0,0,31,0,5,2,36.0,0.0,0.0,0.16129032258064516,0.06451612903225806,1.1612903225806452
2023,5,19977,UA,14771,11292,SFO,DEN,276,1,0,0,275,0,84,22,3357.0,0.0036231884057971015,0.0,0.3054545454545455,0.08,12.207272727272727
2023,5,19977,UA,14771,11298,SFO,DFW,62,0,2,0,60,0,27,8,1183.0,0.0,0.03225806451612903,0.45,0.13333333333333333,19.716666666666665
2023,5,19977,UA,14771,11618,SFO,EWR,279,3,0,0,276,0,92,28,5074.0,0.010752688172043012,0.0,0.3333333333333333,0.10144927536231885,18.384057971014492
2023,5,19977,UA,14771,11697,SFO,FLL,31,0,0,0,31,0,7,0,111.0,0.0,0.0,0.22580645161290322,0.0,3.5806451612903225
2023,5,19977,UA,14771,12173,SFO,HNL,155,0,1,0,154,0,38,8,1064.0,0.0,0.0064516129032258064,0.24675324675324675,0.05194805194805195,6.909090909090909
2023,5,19977,UA,14771,12266,SFO,IAH,248,4,2,0,242,0,76,20,3658.0,0.016129032258064516,0.008064516129032258,0.3140495867768595,0.08264462809917356,15.115702479338843
2023,5,19977,UA,14771,12889,SFO,LAS,187,0,0,0,187,0,54,17,2800.0,0.0,0.0,0.2887700534759358,0.09090909090909091,14.973262032085561
2023,5,19977,UA,14771,12892,SFO,LAX,211,2,0,0,209,0,29,8,-188.0,0.009478672985781991,0.0,0.13875598086124402,0.03827751196172249,-0.8995215311004785
2023,5,19977,UA,14771,13204,SFO,MCO,62,0,0,0,62,0,18,1,414.0,0.0,0.0,0.2903225806451613,0.016129032258064516,6.67741935483871
2023,5,19977,UA,14771,13303,SFO,MIA,31,0,1,0,30,0,15,1,574.0,0.0,0.03225806451612903,0.5,0.03333333333333333,19.133333333333333
2023,5,19977,UA,14771,13487,SFO,MSP,31,0,0,0,31,0,2,0,-309.0,0.0,0.0,0.06451612903225806,0.0,-9.96774193548387
2023,5,19977,UA,14771,13930,SFO,ORD,308,0,2,0,306,0,63,20,2936.0,0.0,0.006493506493506494,0.20588235294117646,0.06535947712418301,9.594771241830065
2023,5,19977,UA,14771,14100,SFO,PHL,31,0,0,0,31,0,6,1,1.0,0.0,0.0,0.1935483870967742,0.03225806451612903,0.03225806451612903
2023,5,19977,UA,14771,14107,SFO,PHX,87,0,0,0,87,0,20,6,734.0,0.0,0.0,0.22988505747126436,0.06896551724137931,8.436781609195402
2023,5,19977,UA,14771,14679,SFO,SAN,196,0,0,0,196,0,42,9,1073.0,0.0,0.0,0.21428571428571427,0.04591836734693878,5.474489795918367
2023,5,19977,UA,14771,14747,SFO,SEA,123,0,0,0,123,0,28,13,743.0,0.0,0.0,0.22764227642276422,0.10569105691056911,6.040650406504065
2023,5,19977,UA,14771,15304,SFO,TPA,35,0,0,0,35,0,14,4,363.0,0.0,0.0,0.4,0.11428571428571428,10.371428571428572
2023,5,19977,UA,14869,11292,SLC,DEN,61,0,2,0,59,0,16,7,1033.0,0.0,0.03278688524590164,0.2711864406779661,0.11864406779661017,17.508474576271187
2023,5,19977,UA,14869,11618,SLC,EWR,31,1,0,0,30,0,4,2,57.0,0.03225806451612903,0.0,0.13333333333333333,0.06666666666666667,1.9
2023,5,19977,UA,14869,13930,SLC,ORD,74,1,0,0,73,0,7,2,-197.0,0.013513513513513514,0.0,0.0958904109589041,0.0273972602739726,-2.6986301369863015
2023,5,19977,UA,15016,11292,STL,DEN,27,0,0,0,27,0,12,7,1076.0,0.0,0.0,0.4444444444444444,0.25925925925925924,39.851851851851855
2023,5,19977,UA,15016,11618,STL,EWR,14,0,0,0,14,0,0,0,-117.0,0.0,0.0,0.0,0.0,-8.357142857142858
2023,5,19977,UA,15016,12266,STL,IAH,26,1,0,0,25,0,4,1,199.0,0.038461538461538464,0.0,0.16,0.04,7.96
2023,5,19977,UA,15016,13930,STL,ORD,27,0,0,0,27,0,12,4,721.0,0.0,0.0,0.4444444444444444,0.14814814814814814,26.703703703703702
2023,5,19977,UA,15304,11292,TPA,DEN,97,1,0,0,96,0,19,6,478.0,0.010309278350515464,0.0,0.19791666666666666,0.0625,4.979166666666667
2023,5,19977,UA,15304,11618,TPA,EWR,252,1,0,0,251,0,45,13,156.0,0.003968253968253968,0.0,0.17928286852589642,0.05179282868525897,0.6215139442231076
2023,5,19977,UA,15304,12266,TPA,IAH,93,1,2,0,90,0,14,7,140.0,0.010752688172043012,0.021505376344086023,0.15555555555555556,0.07777777777777778,1.5555555555555556
2023,5,19977,UA,15304,12892,TPA,LAX,31,0,0,0,31,0,2,0,-464.0,0.0,0.0,0.06451612903225806,0.0,-14.96774193548387
2023,5,19977,UA,15304,13930,TPA,ORD,95,1,0,0,94,0,14,5,75.0,0.010526315789473684,0.0,0.14893617021276595,0.05319148936170213,0.7978723404255319
2023,5,19977,UA,15304,14771,TPA,SFO,35,0,0,0,35,0,3,2,113.0,0.0,0.0,0.08571428571428572,0.05714285714285714,3.2285714285714286
2023,5,20304,OO,10397,11292,ATL,DEN,1,0,0,0,1,0,0,0,-4.0,0.0,0.0,0.0,0.0,-4.0
2023,5,20304,OO,10721,10821,BOS,BWI,20,1,0,0,19,0,3,2,99.0,0.05,0.0,0.15789473684210525,0.10526315789473684,5.2105263157894735
2023,5,20304,OO,10721,11618,BOS,EWR,32,0,0,0,32,0,4,1,-134.0,0.0,0.0,0.125,0.03125,-4.1875
2023,5,20304,OO,10721,12478,BOS,JFK,26,0,0,0,26,0,6,3,297.0,0.0,0.0,0.23076923076923078,0.11538461538461539,11.423076923076923
2023,5,20304,OO,10721,13930,BOS,ORD,60,0,0,0,60,0,10,2,59.0,0.0,0.0,0.16666666666666666,0.03333333333333333,0.9833333333333333
2023,5,20304,OO,10821,10721,BWI,BOS,20,1,1,0,18,0,3,2,979.0,0.05,0.05,0.16666666666666666,0.1111111111111111,54.388888888888886
2023,5,20304,OO,11278,12266,DCA,IAH,27,1,0,0,26,0,4,1,-333.0,0.037037037037037035,0.0,0.15384615384615385,0.038461538461538464,-12.807692307692308
2023,5,20304,OO,11278,13930,DCA,ORD,82,0,0,0,82,0,7,4,-30.0,0.0,0.0,0.08536585365853659,0.04878048780487805,-0.36585365853658536
2023,5,20304,OO,11292,11298,DEN,DFW,9,0,0,0,9,0,1,0,-77.0,0.0,0.0,0.1111111111111111,0.0,-8.555555555555555
2023,5,20304,OO,11292,12892,DEN,LAX,60,0,0,0,60,0,6,2,-372.0,0.0,0.0,0.1,0.03333333333333333,-6.2
2023,5,20304,OO,11292,14107,DEN,PHX,31,0,0,0,31,0,8,0,-4.0,0.0,0.0,0.25806451612903225,0.0,-0.12903225806451613
2023,5,20304,OO,11292,14869,DEN,SLC,156,7,0,0,149,0,31,8,1170.0,0.04487179487179487,0.0,0.2080536912751678,0.053691275167785234,7.852348993288591
2023,5,20304,OO,11292,15016,DEN,STL,97,4,0,0,93,0,32,9,1488.0,0.041237113402061855,0.0,0.34408602150537637,0.0967741935483871,16.0
2023,5,20304,OO,11298,11292,DFW,DEN,10,0,0,0,10,0,1,0,-43.0,0.0,0.0,0.1,0.0,-4.3
2023,5,20304,OO,11298,12266,DFW,IAH,4,0,0,0,4,0,0,0,-21.0,0.0,0.0,0.0,0.0,-5.25
2023,5,20304,OO,11298,15016,DFW,STL,21,1,0,0,20,0,5,2,237.0,0.047619047619047616,0.0,0.25,0.1,11.85
2023,5,20304,OO,11433,11618,DTW,EWR,10,0,0,0,10,0,1,0,-121.0,0.0,0.0,0.1,0.0,-12.1
2023,5,20304,OO,11433,12266,DTW,IAH,26,1,0,0,25,0,2,2,-145.0,0.038461538461538464,0.0,0.08,0.08,-5.8
2023,5,20304,OO,11433,13232,DTW,MDW,88,0,0,0,88,0,4,1,-871.0,0.0,0.0,0.045454545454545456,0.011363636363636364,-9.897727272727273
2023,5,20304,OO,11433,13930,DTW,ORD,148,0,0,0,148,0,4,0,-1867.0,0.0,0.0,0.02702702702702703,0.0,-12.614864864864865
2023,5,20304,OO,11433,15016,DTW,STL,6,0,0,0,6,0,2,2,139.0,0.0,0.0,0.3333333333333333,0.3333333333333333,23.166666666666668
2023,5,20304,OO,11618,10721,EWR,BOS,33,1,0,0,32,0,4,1,81.0,0.030303030303030304,0.0,0.125,0.03125,2.53125
2023,5,20304,OO,11618,11433,EWR,DTW,10,0,0,0,10,0,0,0,-259.0,0.0,0.0,0.0,0.0,-25.9
2023,5,20304,OO,12266,10397,IAH,ATL,1,0,0,0,1,0,0,0,-19.0,0.0,0.0,0.0,0.0,-19.0
2023,5,20304,OO,12266,11278,IAH,DCA,27,2,0,0,25,0,8,0,205.0,0.07407407407407407,0.0,0.32,0.0,8.2
2023,5,20304,OO,12266,11298,IAH,DFW,4,0,0,0,4,0,0,0,-44.0,0.0,0.0,0.0,0.0,-11.0
2023,5,20304,OO,12266,11433,IAH,DTW,26,0,0,0,26,0,5,2,211.0,0.0,0.0,0.19230769230769232,0.07692307692307693,8.115384615384615
2023,5,20304,OO,12266,12892,IAH,LAX,31,0,0,0,31,0,1,1,-670.0,0.0,0.0,0.03225806451612903,0.03225806451612903,-21.612903225806452
2023,5,20304,OO,12266,14869,IAH,SLC,66,3,1,0,62,0,16,6,314.0,0.045454545454545456,0.015151515151515152,0.25806451612903225,0.0967741935483871,5.064516129032258
2023,5,20304,OO,12478,10721,JFK,BOS,26,0,0,0,26,0,6,2,163.0,0.0,0.0,0.23076923076923078,0.07692307692307693,6.269230769230769
2023,5,20304,OO,12478,13930,JFK,ORD,124,0,0,0,124,0,14,6,-515.0,0.0,0.0,0.11290322580645161,0.04838709677419355,-4.153225806451613
2023,5,20304,OO,12889,12892,LAS,LAX,21,0,0,0,21,0,4,0,-49.0,0.0,0.0,0.19047619047619047,0.0,-2.3333333333333335
2023,5,20304,OO,12892,11292,LAX,DEN,60,0,0,0,60,0,17,3,277.0,0.0,0.0,0.2833333333333333,0.05,4.616666666666666
2023,5,20304,OO,12892,12266,LAX,IAH,31,0,1,0,30,0,3,0,-190.0,0.0,0.03225806451612903,0.1,0.0,-6.333333333333333
2023,5,20304,OO,12892,12889,LAX,LAS,21,0,0,0,21,0,2,0,-80.0,0.0,0.0,0.09523809523809523,0.0,-3.8095238095238093
2023,5,20304,OO,12892,13796,LAX,OAK,88,0,0,0,88,0,2,0,-837.0,0.0,0.0,0.022727272727272728,0.0,-9.511363636363637
2023,5,20304,OO,12892,14107,LAX,PHX,184,0,0,0,184,0,17,3,-404.0,0.0,0.0,0.09239130434782608,0.016304347826086956,-2.1956521739130435
2023,5,20304,OO,12892,14679,LAX,SAN,182,0,0,0,182,0,12,4,-743.0,0.0,0.0,0.06593406593406594,0.02197802197802198,-4.082417582417582
2023,5,20304,OO,12892,14747,LAX,SEA,78,0,0,0,78,0,4,2,-824.0,0.0,0.0,0.05128205128205128,0.02564102564102564,-10.564102564102564
2023,5,20304,OO,12892,14771,LAX,SFO,383,0,2,0,381,0,115,15,3739.0,0.0,0.005221932114882507,0.30183727034120733,0.03937007874015748,9.813648293963254
2023,5,20304,OO,12892,14869,LAX,SLC,31,0,0,0,31,0,4,3,-7.0,0.0,0.0,0.12903225806451613,0.0967741935483871,-0.22580645161290322
2023,5,20304,OO,12953,13930,LGA,ORD,82,0,0,0,82,0,5,2,-1398.0,0.0,0.0,0.06097560975609756,0.024390243902439025,-17.048780487804876
2023,5,20304,OO,13232,11433,MDW,DTW,88,0,0,0,88,0,3,1,-1001.0,0.0,0.0,0.03409090909090909,0.011363636363636364,-11.375
2023,5,20304,OO,13232,13487,MDW,MSP,88,0,0,0,88,0,5,1,-949.0,0.0,0.0,0.056818181818181816,0.011363636363636364,-10.784090909090908
2023,5,20304,OO,13487,13232,MSP,MDW,88,0,0,0,88,0,5,1,-613.0,0.0,0.0,0.056818181818181816,0.011363636363636364,-6.965909090909091
2023,5,20304,OO,13487,13930,MSP,ORD,2,0,0,0,2,0,0,0,-32.0,0.0,0.0,0.0,0.0,-16.0
2023,5,20304,OO,13796,12892,OAK,LAX,88,0,0,0,88,0,2,0,-988.0,0.0,0.0,0.022727272727272728,0.0,-11.227272727272727
2023,5,20304,OO,13796,14747,OAK,SEA,8,0,0,0,8,0,2,0,94.0,0.0,0.0,0.25,0.0,11.75
2023,5,20304,OO,13796,14869,OAK,SLC,32,0,0,0,32,0,0,0,-322.0,0.0,0.0,0.0,0.0,-10.0625
2023,5,20304,OO,13930,10721,ORD,BOS,60,0,0,0,60,0,10,3,127.0,0.0,0.0,0.16666666666666666,0.05,2.1166666666666667
2023,5,20304,OO,13930,11278,ORD,DCA,82,0,0,0,82,0,6,3,-396.0,0.0,0.0,0.07317073170731707,0.036585365853658534,-4.829268292682927
2023,5,20304,OO,13930,11433,ORD,DTW,148,0,0,0,148,0,16,2,-225.0,0.0,0.0,0.10810810810810811,0.013513513513513514,-1.5202702702702702
2023,5,20304,OO,13930,12478,ORD,JFK,124,0,0,0,124,0,21,7,593.0,0.0,0.0,0.1693548387096774,0.056451612903225805,4.782258064516129
2023,5,20304,OO,13930,12953,ORD,LGA,82,0,0,0,82,0,8,3,-341.0,0.0,0.0,0.0975609756097561,0.036585365853658534,-4.158536585365853
2023,5,20304,OO,13930,13487,ORD,MSP,2,0,0,0,2,0,0,0,-17.0,0.0,0.0,0.0,0.0,-8.5
2023,5,20304,OO,13930,14869,ORD,SLC,36,0,0,0,36,0,6,1,-150.0,0.0,0.0,0.16666666666666666,0.027777777777777776,-4.166666666666667
2023,5,20304,OO,13930,15016,ORD,STL,8,0,0,0,8,0,1,0,-50.0,0.0,0.0,0.125,0.0,-6.25
2023,5,20304,OO,14107,11292,PHX,DEN,31,0,1,0,30,0,4,2,15.0,0.0,0.03225806451612903,0.13333333333333333,0.06666666666666667,0.5
2023,5,20304,OO,14107,12892,PHX,LAX,185,0,0,0,185,0,11,3,-1061.0,0.0,0.0,0.05945945945945946,0.016216216216216217,-5.735135135135135
2023,5,20304,OO,14107,14771,PHX,SFO,63,0,1,0,62,0,16,1,102.0,0.0,0.015873015873015872,0.25806451612903225,0.016129032258064516,1.6451612903225807
2023,5,20304,OO,14107,14869,PHX,SLC,5,0,0,0,5,0,0,0,-20.0,0.0,0.0,0.0,0.0,-4.0
2023,5,20304,OO,14107,15016,PHX,STL,27,0,0,0,27,0,4,1,164.0,0.0,0.0,0.14814814814814814,0.037037037037037035,6.074074074074074
2023,5,20304,OO,14679,11292,SAN,DEN,1,0,0,0,1,0,0,0,-10.0,0.0,0.0,0.0,0.0,-10.0
2023,5,20304,OO,14679,12892,SAN,LAX,182,0,0,0,182,0,10,4,-717.0,0.0,0.0,0.054945054945054944,0.02197802197802198,-3.9395604395604398
2023,5,20304,OO,14679,14747,SAN,SEA,2,0,0,0,2,0,1,0,41.0,0.0,0.0,0.5,0.0,20.5
2023,5,20304,OO,14679,14771,SAN,SFO,258,1,0,0,257,0,76,15,2799.0,0.003875968992248062,0.0,0.29571984435797666,0.058365758754863814,10.891050583657588
2023,5,20304,OO,14679,14869,SAN,SLC,21,0,0,0,21,0,3,1,35.0,0.0,0.0,0.14285714285714285,0.047619047619047616,1.6666666666666667
2023,5,20304,OO,14747,12892,SEA,LAX,78,0,0,0,78,0,9,2,-403.0,0.0,0.0,0.11538461538461539,0.02564102564102564,-5.166666666666667
2023,5,20304,OO,14747,13796,SEA,OAK,8,0,0,0,8,0,1,1,50.0,0.0,0.0,0.125,0.125,6.25
2023,5,20304,OO,14747,14679,SEA,SAN,2,0,0,0,2,0,0,0,-12.0,0.0,0.0,0.0,0.0,-6.0
2023,5,20304,OO,14747,14771,SEA,SFO,99,0,0,0,99,0,11,1,-464.0,0.0,0.0,0.1111111111111111,0.010101010101010102,-4.686868686868687
2023,5,20304,OO,14747,14869,SEA,SLC,31,0,0,0,31,0,8,1,302.0,0.0,0.0,0.25806451612903225,0.03225806451612903,9.741935483870968
2023,5,20304,OO,14771,12892,SFO,LAX,383,0,0,0,383,0,91,12,2667.0,0.0,0.0,0.23759791122715404,0.031331592689295036,6.9634464751958225
2023,5,20304,OO,14771,14107,SFO,PHX,63,0,0,0,63,0,15,4,497.0,0.0,0.0,0.23809523809523808,0.06349206349206349,7.888888888888889
2023,5,20304,OO,14771,14679,SFO,SAN,258,1,0,0,257,0,59,14,2159.0,0.003875968992248062,0.0,0.22957198443579765,0.054474708171206226,8.400778210116732
2023,5,20304,OO,14771,14747,SFO,SEA,98,0,0,0,98,0,8,0,-712.0,0.0,0.0,0.08163265306122448,0.0,-7.26530612244898
2023,5,20304,OO,14771,14869,SFO,SLC,140,0,0,0,140,0,32,8,904.0,0.0,0.0,0.22857142857142856,0.05714285714285714,6.457142857142857
2023,5,20304,OO,14869,11292,SLC,DEN,155,4,1,0,150,0,22,4,-28.0,0.025806451612903226,0.0064516129032258064,0.14666666666666667,0.02666666666666667,-0.18666666666666668
2023,5,20304,OO,14869,12266,SLC,IAH,66,1,1,0,64,0,11,2,173.0,0.015151515151515152,0.015151515151515152,0.171875,0.03125,2.703125
2023,5,20304,OO,14869,12892,SLC,LAX,31,0,0,0,31,0,1,0,-306.0,0.0,0.0,0.03225806451612903,0.0,-9.870967741935484
2023,5,20304,OO,14869,13796,SLC,OAK,32,0,0,0,32,0,2,0,-311.0,0.0,0.0,0.0625,0.0,-9.71875
2023,5,20304,OO,14869,13930,SLC,ORD,37,0,0,0,37,0,3,1,-225.0,0.0,0.0,0.08108108108108109,0.02702702702702703,-6.081081081081081
2023,5,20304,OO,14869,14107,SLC,PHX,5,0,0,0,5,0,0,0,23.0,0.0,0.0,0.0,0.0,4.6
2023,5,20304,OO,14869,14679,SLC,SAN,21,0,0,0,21,0,3,2,155.0,0.0,0.0,0.14285714285714285,0.09523809523809523,7.380952380952381
2023,5,20304,OO,14869,14747,SLC,SEA,31,0,0,0,31,0,1,0,-310.0,0.0,0.0,0.03225806451612903,0.0,-10.0
2023,5,20304,OO,14869,14771,SLC,SFO,141,0,0,0,141,0,37,4,626.0,0.0,0.0,0.2624113475177305,0.028368794326241134,4.439716312056738
2023,5,20304,OO,15016,11292,STL,DEN,97,2,2,0,93,0,14,4,204.0,0.020618556701030927,0.020618556701030927,0.15053763440860216,0.043010752688172046,2.193548387096774
2023,5,20304,OO,15016,11298,STL,DFW,21,1,0,0,20,0,5,4,247.0,0.047619047619047616,0.0,0.25,0.2,12.35
2023,5,20304,OO,15016,11433,STL,DTW,6,0,0,0,6,0,2,1,100.0,0.0,0.0,0.3333333333333333,0.16666666666666666,16.666666666666668
2023,5,20304,OO,15016,13930,STL,ORD,8,0,0,0,8,0,1,0,28.0,0.0,0.0,0.125,0.0,3.5
2023,5,20304,OO,15016,14107,STL,PHX,27,0,0,0,27,0,16,1,648.0,0.0,0.0,0.5925925925925926,0.037037037037037035,24.0
2023,5,20363,9E,10821,12478,BWI,JFK,93,0,0,0,93,0,7,1,-940.0,0.0,0.0,0.07526881720430108,0.010752688172043012,-10.10752688172043
2023,5,20363,9E,11433,12478,DTW,JFK,93,0,0,0,93,0,8,0,-293.0,0.0,0.0,0.08602150537634409,0.0,-3.150537634408602
2023,5,20363,9E,12478,10821,JFK,BWI,93,0,0,0,93,0,5,1,-2058.0,0.0,0.0,0.053763440860215055,0.010752688172043012,-22.129032258064516
2023,5,20363,9E,12478,11433,JFK,DTW,94,0,1,0,93,0,10,4,-488.0,0.0,0.010638297872340425,0.10752688172043011,0.043010752688172046,-5.247311827956989
2023,5,20363,9E,12478,13487,JFK,MSP,38,0,0,0,38,0,4,2,-742.0,0.0,0.0,0.10526315789473684,0.05263157894736842,-19.526315789473685
2023,5,20363,9E,12953,15016,LGA,STL,69,0,1,0,68,0,4,1,-1047.0,0.0,0.014492753623188406,0.058823529411764705,0.014705882352941176,-15.397058823529411
2023,5,20363,9E,13487,12478,MSP,JFK,38,0,0,0,38,0,4,0,-339.0,0.0,0.0,0.10526315789473684,0.0,-8.921052631578947
2023,5,20363,9E,15016,12953,STL,LGA,68,0,0,0,68,0,4,2,-667.0,0.0,0.0,0.058823529411764705,0.029411764705882353,-9.808823529411764
2023,5,20368,G4,12889,14679,LAS,SAN,8,1,0,0,7,0,3,2,308.0,0.125,0.0,0.42857142857142855,0.2857142857142857,44.0
2023,5,20368,G4,14679,12889,SAN,LAS,8,1,0,0,7,0,3,2,252.0,0.125,0.0,0.42857142857142855,0.2857142857142857,36.0
2023,5,20397,OH,10397,11278,ATL,DCA,4,0,0,0,4,0,0,0,-95.0,0.0,0.0,0.0,0.0,-23.75
2023,5,20397,OH,10397,14100,ATL,PHL,31,0,0,0,31,0,3,2,-324.0,0.0,0.0,0.0967741935483871,0.06451612903225806,-10.451612903225806
2023,5,20397,OH,11278,10397,DCA,ATL,4,0,0,0,4,0,0,0,-94.0,0.0,0.0,0.0,0.0,-23.5
2023,5,20397,OH,11278,11433,DCA,DTW,62,0,0,0,62,0,10,2,-125.0,0.0,0.0,0.16129032258064516,0.03225806451612903,-2.0161290322580645
2023,5,20397,OH,11278,13487,DCA,MSP,4,0,0,0,4,0,0,0,-103.0,0.0,0.0,0.0,0.0,-25.75
2023,5,20397,OH,11278,14100,DCA,PHL,85,0,0,0,85,0,9,4,-204.0,0.0,0.0,0.10588235294117647,0.047058823529411764,-2.4
2023,5,20397,OH,11433,11278,DTW,DCA,62,0,0,0,62,0,4,1,-17.0,0.0,0.0,0.06451612903225806,0.016129032258064516,-0.27419354838709675
2023,5,20397,OH,11433,14100,DTW,PHL,31,0,0,0,31,0,2,1,-123.0,0.0,0.0,0.06451612903225806,0.03225806451612903,-3.967741935483871
2023,5,20397,OH,13487,11278,MSP,DCA,4,0,0,0,4,0,0,0,-70.0,0.0,0.0,0.0,0.0,-17.5
2023,5,20397,OH,14100,10397,PHL,ATL,31,0,0,0,31,0,2,2,-113.0,0.0,0.0,0.06451612903225806,0.06451612903225806,-3.6451612903225805
2023,5,20397,OH,14100,11278,PHL,DCA,86,0,0,0,86,0,12,2,-620.0,0.0,0.0,0.13953488372093023,0.023255813953488372,-7.209302325581396
2023,5,20397,OH,14100,11433,PHL,DTW,31,0,0,0,31,0,3,1,-92.0,0.0,0.0,0.0967741935483871,0.03225806451612903,-2.967741935483871
2023,5,20397,OH,14100,15016,PHL,STL,4,0,0,0,4,0,1,0,-11.0,0.0,0.0,0.25,0.0,-2.75
2023,5,20397,OH,15016,14100,STL,PHL,4,0,0,0,4,0,0,0,-55.0,0.0,0.0,0.0,0.0,-13.75
2023,5,20398,MQ,10721,13930,BOS,ORD,58,0,0,0,58,0,12,0,-1.0,0.0,0.0,0.20689655172413793,0.0,-0.017241379310344827
2023,5,20398,MQ,10821,13930,BWI,ORD,31,0,0,0,31,0,3,0,-266.0,0.0,0.0,0.0967741935483871,0.0,-8.580645161290322
2023,5,20398,MQ,11278,13487,DCA,MSP,58,0,0,0,58,0,8,1,-118.0,0.0,0.0,0.13793103448275862,0.017241379310344827,-2.0344827586206895
2023,5,20398,MQ,11278,13930,DCA,ORD,2,0,0,0,2,0,1,1,217.0,0.0,0.0,0.5,0.5,108.5
2023,5,20398,MQ,11298,12266,DFW,IAH,2,0,0,0,2,0,0,0,-36.0,0.0,0.0,0.0,0.0,-18.0
2023,5,20398,MQ,11298,15016,DFW,STL,14,0,0,0,14,0,2,1,141.0,0.0,0.0,0.14285714285714285,0.07142857142857142,10.071428571428571
2023,5,20398,MQ,11433,13930,DTW,ORD,30,0,0,0,30,0,0,0,-447.0,0.0,0.0,0.0,0.0,-14.9
2023,5,20398,MQ,11618,13930,EWR,ORD,25,0,0,0,25,0,4,2,142.0,0.0,0.0,0.16,0.08,5.68
2023,5,20398,MQ,12266,11298,IAH,DFW,2,0,0,0,2,0,0,0,-59.0,0.0,0.0,0.0,0.0,-29.5
2023,5,20398,MQ,12266,13303,IAH,MIA,20,0,0,0,20,0,9,6,737.0,0.0,0.0,0.45,0.3,36.85
2023,5,20398,MQ,13303,10821,MIA,BWI,1,0,0,0,1,0,1,1,94.0,0.0,0.0,1.0,1.0,94.0
2023,5,20398,MQ,13303,12266,MIA,IAH,20,0,1,0,19,0,8,3,332.0,0.0,0.05,0.42105263157894735,0.15789473684210525,17.473684210526315
2023,5,20398,MQ,13303,15016,MIA,STL,3,0,0,0,3,0,0,0,9.0,0.0,0.0,0.0,0.0,3.0
2023,5,20398,MQ,13303,15304,MIA,TPA,31,0,0,0,31,0,0,0,-415.0,0.0,0.0,0.0,0.0,-13.387096774193548
2023,5,20398,MQ,13487,11278,MSP,DCA,58,0,1,0,57,0,13,4,662.0,0.0,0.017241379310344827,0.22807017543859648,0.07017543859649122,11.614035087719298
2023,5,20398,MQ,13487,13930,MSP,ORD,43,0,0,0,43,0,12,4,945.0,0.0,0.0,0.27906976744186046,0.09302325581395349,21.976744186046513
2023,5,20398,MQ,13930,10721,ORD,BOS,58,0,0,0,58,0,3,0,-301.0,0.0,0.0,0.05172413793103448,0.0,-5.189655172413793
2023,5,20398,MQ,13930,10821,ORD,BWI,31,0,0,0,31,0,3,0,-70.0,0.0,0.0,0.0967741935483871,0.0,-2.2580645161290325
2023,5,20398,MQ,13930,11278,ORD,DCA,2,0,0,0,2,0,1,0,33.0,0.0,0.0,0.5,0.0,16.5
2023,5,20398,MQ,13930,11433,ORD,DTW,30,0,0,0,30,0,5,0,-155.0,0.0,0.0,0.16666666666666666,0.0,-5.166666666666667
2023,5,20398,MQ,13930,11618,ORD,EWR,25,0,0,0,25,0,8,1,180.0,0.0,0.0,0.32,0.04,7.2
2023,5,20398,MQ,13930,13487,ORD,MSP,43,0,0,0,43,0,5,1,-153.0,0.0,0.0,0.11627906976744186,0.023255813953488372,-3.558139534883721
2023,5,20398,MQ,13930,15016,ORD,STL,27,0,0,0,27,0,10,3,445.0,0.0,0.0,0.37037037037037035,0.1111111111111111,16.48148148148148
2023,5,20398,MQ,14107,14869,PHX,SLC,27,0,0,0,27,0,1,0,-274.0,0.0,0.0,0.037037037037037035,0.0,-10.148148148148149
2023,5,20398,MQ,14869,14107,SLC,PHX,27,0,0,0,27,0,2,0,-316.0,0.0,0.0,0.07407407407407407,0.0,-11.703703703703704
2023,5,20398,MQ,15016,11298,STL,DFW,13,0,0,0,13,0,3,1,42.0,0.0,0.0,0.23076923076923078,0.07692307692307693,3.230769230769231
2023,5,20398,MQ,15016,13303,STL,MIA,3,0,0,0,3,0,0,0,14.0,0.0,0.0,0.0,0.0,4.666666666666667
2023,5,20398,MQ,15016,13930,STL,ORD,27,0,0,0,27,0,4,2,439.0,0.0,0.0,0.14814814814814814,0.07407407407407407,16.25925925925926
2023,5,20398,MQ,15304,13303,TPA,MIA,31,0,0,0,31,0,4,0,-266.0,0.0,0.0,0.12903225806451613,0.0,-8.580645161290322
2023,5,20409,B6,10397,10721,ATL,BOS,91,1,0,0,90,0,9,4,-146.0,0.01098901098901099,0.0,0.1,0.044444444444444446,-1.6222222222222222
2023,5,20409,B6,10397,11697,ATL,FLL,31,1,0,0,30,0,1,0,-88.0,0.03225806451612903,0.0,0.03333333333333333,0.0,-2.933333333333333
2023,5,20409,B6,10397,12478,ATL,JFK,125,1,0,0,124,0,43,27,3538.0,0.008,0.0,0.3467741935483871,0.21774193548387097,28.532258064516128
2023,5,20409,B6,10397,12953,ATL,LGA,103,0,2,0,101,0,16,7,307.0,0.0,0.019417475728155338,0.15841584158415842,0.06930693069306931,3.0396039603960396
2023,5,20409,B6,10721,10397,BOS,ATL,91,0,0,0,91,0,12,4,-557.0,0.0,0.0,0.13186813186813187,0.04395604395604396,-6.1208791208791204
2023,5,20409,B6,10721,10821,BOS,BWI,84,0,0,0,84,0,19,7,702.0,0.0,0.0,0.2261904761904762,0.08333333333333333,8.357142857142858
2023,5,20409,B6,10721,11278,BOS,DCA,413,1,0,0,412,0,58,20,-1304.0,0.002421307506053269,0.0,0.1407766990291262,0.04854368932038835,-3.1650485436893203
2023,5,20409,B6,10721,11292,BOS,DEN,56,1,0,0,55,0,13,3,12.0,0.017857142857142856,0.0,0.23636363636363636,0.05454545454545454,0.21818181818181817
2023,5,20409,B6,10721,11298,BOS,DFW,31,0,0,0,31,0,5,0,-597.0,0.0,0.0,0.16129032258064516,0.0,-19.258064516129032
2023,5,20409,B6,10721,11433,BOS,DTW,91,0,0,0,91,0,22,12,1034.0,0.0,0.0,0.24175824175824176,0.13186813186813187,11.362637362637363
2023,5,20409,B6,10721,11618,BOS,EWR,88,3,0,0,85,0,15,8,421.0,0.03409090909090909,0.0,0.17647058823529413,0.09411764705882353,4.952941176470588
2023,5,20409,B6,10721,11697,BOS,FLL,103,0,2,0,101,0,31,7,1047.0,0.0,0.019417475728155338,0.3069306930693069,0.06930693069306931,10.366336633663366
2023,5,20409,B6,10721,12266,BOS,IAH,54,0,2,0,52,0,10,3,-24.0,0.0,0.037037037037037035,0.19230769230769232,0.057692307692307696,-0.46153846153846156
2023,5,20409,B6,10721,12478,BOS,JFK,232,0,0,0,232,0,54,16,1537.0,0.0,0.0,0.23275862068965517,0.06896551724137931,6.625
2023,5,20409,B6,10721,12889,BOS,LAS,87,0,0,0,87,0,13,6,-822.0,0.0,0.0,0.14942528735632185,0.06896551724137931,-9.448275862068966
2023,5,20409,B6,10721,12892,BOS,LAX,143,0,0,0,143,0,14,7,-2160.0,0.0,0.0,0.0979020979020979,0.04895104895104895,-15.104895104895105
2023,5,20409,B6,10721,12953,BOS,LGA,311,3,0,0,308,0,47,18,-1193.0,0.00964630225080386,0.0,0.1525974025974026,0.05844155844155844,-3.8733766233766236
2023,5,20409,B6,10721,13204,BOS,MCO,165,2,1,0,162,0,50,24,2167.0,0.012121212121212121,0.006060606060606061,0.30864197530864196,0.14814814814814814,13.376543209876543
2023,5,20409,B6,10721,13303,BOS,MIA,58,0,1,0,57,0,15,5,558.0,0.0,0.017241379310344827,0.2631578947368421,0.08771929824561403,9.789473684210526
2023,5,20409,B6,10721,13487,BOS,MSP,56,0,1,0,55,0,6,3,-417.0,0.0,0.017857142857142856,0.10909090909090909,0.05454545454545454,-7.581818181818182
2023,5,20409,B6,10721,13930,BOS,ORD,31,0,0,0,31,0,6,4,-33.0,0.0,0.0,0.1935483870967742,0.12903225806451613,-1.064516129032258
2023,5,20409,B6,10721,14100,BOS,PHL,102,1,0,0,101,0,23,12,619.0,0.00980392156862745,0.0,0.22772277227722773,0.1188118811881188,6.128712871287129
2023,5,20409,B6,10721,14107,BOS,PHX,31,0,0,0,31,0,11,4,418.0,0.0,0.0,0.3548387096774194,0.12903225806451613,13.483870967741936
2023,5,20409,B6,10721,14635,BOS,RSW,93,1,2,0,90,0,26,15,1566.0,0.010752688172043012,0.021505376344086023,0.28888888888888886,0.16666666666666666,17.4
2023,5,20409,B6,10721,14679,BOS,SAN,89,1,0,0,88,0,10,2,-1981.0,0.011235955056179775,0.0,0.11363636363636363,0.022727272727272728,-22.511363636363637
2023,5,20409,B6,10721,14747,BOS,SEA,31,0,0,0,31,0,5,0,-203.0,0.0,0.0,0.16129032258064516,0.0,-6.548387096774194
2023,5,20409,B6,10721,14771,BOS,SFO,138,0,1,0,137,0,10,1,-4059.0,0.0,0.007246376811594203,0.072992700729927,0.0072992700729927005,-29.62773722627737
2023,5,20409,B6,10721,14869,BOS,SLC,31,0,0,0,31,0,9,3,200.0,0.0,0.0,0.2903225806451613,0.0967741935483871,6.451612903225806
2023,5,20409,B6,10721,15304,BOS,TPA,132,2,1,0,129,0,40,19,2175.0,0.015151515151515152,0.007575757575757576,0.31007751937984496,0.14728682170542637,16.86046511627907
2023,5,20409,B6,10821,10721,BWI,BOS,85,1,0,0,84,0,20,6,621.0,0.011764705882352941,0.0,0.23809523809523808,0.07142857142857142,7.392857142857143
2023,5,20409,B6,11278,10721,DCA,BOS,413,1,0,0,412,0,84,27,2006.0,0.002421307506053269,0.0,0.20388349514563106,0.06553398058252427,4.868932038834951
2023,5,20409,B6,11278,11697,DCA,FLL,150,2,2,0,146,0,42,23,2339.0,0.013333333333333334,0.013333333333333334,0.2876712328767123,0.15753424657534246,16.02054794520548
2023,5,20409,B6,11278,13204,DCA,MCO,124,3,2,0,119,0,28,15,2044.0,0.024193548387096774,0.016129032258064516,0.23529411764705882,0.12605042016806722,17.176470588235293
2023,5,20409,B6,11278,14635,DCA,RSW,31,0,0,0,31,0,1,0,-612.0,0.0,0.0,0.03225806451612903,0.0,-19.741935483870968
2023,5,20409,B6,11292,10721,DEN,BOS,56,1,0,0,55,0,21,7,1697.0,0.017857142857142856,0.0,0.38181818181818183,0.12727272727272726,30.854545454545455
2023,5,20409,B6,11292,12478,DEN,JFK,31,0,0,0,31,0,8,4,168.0,0.0,0.0,0.25806451612903225,0.12903225806451613,5.419354838709677
2023,5,20409,B6,11292,12953,DEN,LGA,81,1,0,0,80,0,18,7,488.0,0.012345679012345678,0.0,0.225,0.0875,6.1
2023,5,20409,B6,11298,10721,DFW,BOS,31,0,0,0,31,0,8,1,73.0,0.0,0.0,0.25806451612903225,0.03225806451612903,2.3548387096774195
2023,5,20409,B6,11433,10721,DTW,BOS,91,0,0,0,91,0,15,6,-113.0,0.0,0.0,0.16483516483516483,0.06593406593406594,-1.2417582417582418
2023,5,20409,B6,11433,12478,DTW,JFK,93,0,0,0,93,0,17,5,239.0,0.0,0.0,0.1827956989247312,0.053763440860215055,2.5698924731182795
2023,5,20409,B6,11618,10721,EWR,BOS,87,3,0,0,84,0,15,10,1133.0,0.034482758620689655,0.0,0.17857142857142858,0.11904761904761904,13.488095238095237
2023,5,20409,B6,11618,11697,EWR,FLL,93,0,0,0,93,0,26,14,1860.0,0.0,0.0,0.27956989247311825,0.15053763440860216,20.0
2023,5,20409,B6,11618,12892,EWR,LAX,125,0,0,0,125,0,12,9,-1499.0,0.0,0.0,0.096,0.072,-11.992
2023,5,20409,B6,11618,13204,EWR,MCO,124,0,0,0,124,0,24,11,707.0,0.0,0.0,0.1935483870967742,0.08870967741935484,5.701612903225806
2023,5,20409,B6,11618,13303,EWR,MIA,31,0,0,0,31,0,1,0,-219.0,0.0,0.0,0.03225806451612903,0.0,-7.064516129032258
2023,5,20409,B6,11618,14635,EWR,RSW,31,0,0,0,31,0,2,1,-268.0,0.0,0.0,0.06451612903225806,0.03225806451612903,-8.64516129032258
2023,5,20409,B6,11618,15304,EWR,TPA,31,1,0,0,30,0,13,4,856.0,0.03225806451612903,0.0,0.43333333333333335,0.13333333333333333,28.533333333333335
2023,5,20409,B6,11697,10397,FLL,ATL,31,0,0,0,31,0,13,7,1208.0,0.0,0.0,0.41935483870967744,0.22580645161290322,38.96774193548387
2023,5,20409,B6,11697,10721,FLL,BOS,103,0,1,0,102,0,32,15,2079.0,0.0,0.009708737864077669,0.3137254901960784,0.14705882352941177,20.38235294117647
2023,5,20409,B6,11697,11278,FLL,DCA,151,1,0,0,150,0,44,20,2396.0,0.006622516556291391,0.0,0.29333333333333333,0.13333333333333333,15.973333333333333
2023,5,20409,B6,11697,11618,FLL,EWR,93,0,0,0,93,0,28,17,1967.0,0.0,0.0,0.3010752688172043,0.1827956989247312,21.150537634408604
2023,5,20409,B6,11697,12478,FLL,JFK,226,4,1,0,221,0,77,42,5480.0,0.017699115044247787,0.004424778761061947,0.34841628959276016,0.19004524886877827,24.79638009049774
2023,5,20409,B6,11697,12889,FLL,LAS,31,0,0,0,31,0,13,7,628.0,0.0,0.0,0.41935483870967744,0.22580645161290322,20.258064516129032
2023,5,20409,B6,11697,12892,FLL,LAX,93,0,2,0,91,0,23,9,517.0,0.0,0.021505376344086023,0.25274725274725274,0.0989010989010989,5.681318681318682
2023,5,20409,B6,11697,12953,FLL,LGA,151,1,0,0,150,0,39,16,1693.0,0.006622516556291391,0.0,0.26,0.10666666666666667,11.286666666666667
2023,5,20409,B6,11697,14679,FLL,SAN,31,0,0,0,31,0,9,5,147.0,0.0,0.0,0.2903225806451613,0.16129032258064516,4.741935483870968
2023,5,20409,B6,11697,14771,FLL,SFO,62,0,0,0,62,0,7,3,-1102.0,0.0,0.0,0.11290322580645161,0.04838709677419355,-17.774193548387096
2023,5,20409,B6,11697,14869,FLL,SLC,21,0,0,0,21,0,7,1,-54.0,0.0,0.0,0.3333333333333333,0.047619047619047616,-2.5714285714285716
2023,5,20409,B6,12266,10721,IAH,BOS,54,0,0,0,54,0,19,10,3348.0,0.0,0.0,0.35185185185185186,0.18518518518518517,62.0
2023,5,20409,B6,12266,12478,IAH,JFK,31,1,0,0,30,0,9,3,432.0,0.03225806451612903,0.0,0.3,0.1,14.4
2023,5,20409,B6,12478,10397,JFK,ATL,124,1,0,0,123,0,43,20,1834.0,0.008064516129032258,0.0,0.34959349593495936,0.16260162601626016,14.910569105691057
2023,5,20409,B6,12478,10721,JFK,BOS,234,0,0,0,234,0,55,25,1934.0,0.0,0.0,0.23504273504273504,0.10683760683760683,8.264957264957266
2023,5,20409,B6,12478,11292,JFK,DEN,31,0,0,0,31,0,5,2,-388.0,0.0,0.0,0.16129032258064516,0.06451612903225806,-12.516129032258064
2023,5,20409,B6,12478,11433,JFK,DTW,93,0,0,0,93,0,18,6,107.0,0.0,0.0,0.1935483870967742,0.06451612903225806,1.1505376344086022
2023,5,20409,B6,12478,11697,JFK,FLL,224,2,3,0,219,0,46,23,492.0,0.008928571428571428,0.013392857142857142,0.2100456621004566,0.1050228310502283,2.2465753424657535
2023,5,20409,B6,12478,12266,JFK,IAH,31,0,0,0,31,0,5,1,-401.0,0.0,0.0,0.16129032258064516,0.03225806451612903,-12.935483870967742
2023,5,20409,B6,12478,12889,JFK,LAS,145,2,0,0,143,0,23,11,-739.0,0.013793103448275862,0.0,0.16083916083916083,0.07692307692307693,-5.1678321678321675
2023,5,20409,B6,12478,12892,JFK,LAX,309,2,0,0,307,0,45,13,-4914.0,0.006472491909385114,0.0,0.1465798045602606,0.04234527687296417,-16.006514657980457
2023,5,20409,B6,12478,13204,JFK,MCO,287,2,3,0,282,0,94,42,5666.0,0.006968641114982578,0.010452961672473868,0.3333333333333333,0.14893617021276595,20.092198581560282
2023,5,20409,B6,12478,13303,JFK,MIA,128,2,1,0,125,0,37,19,2106.0,0.015625,0.0078125,0.296,0.152,16.848
2023,5,20409,B6,12478,13930,JFK,ORD,58,0,0,0,58,0,8,2,-206.0,0.0,0.0,0.13793103448275862,0.034482758620689655,-3.5517241379310347
2023,5,20409,B6,12478,14107,JFK,PHX,35,0,0,0,35,0,5,3,-247.0,0.0,0.0,0.14285714285714285,0.08571428571428572,-7.057142857142857
2023,5,20409,B6,12478,14635,JFK,RSW,62,0,0,0,62,0,18,6,328.0,0.0,0.0,0.2903225806451613,0.0967741935483871,5.290322580645161
2023,5,20409,B6,12478,14679,JFK,SAN,62,0,1,0,61,0,4,3,-1542.0,0.0,0.016129032258064516,0.06557377049180328,0.04918032786885246,-25.278688524590162
2023,5,20409,B6,12478,14747,JFK,SEA,31,2,0,0,29,0,1,0,-1158.0,0.06451612903225806,0.0,0.034482758620689655,0.0,-39.93103448275862
2023,5,20409,B6,12478,14771,JFK,SFO,178,0,0,0,178,0,14,7,-4634.0,0.0,0.0,0.07865168539325842,0.03932584269662921,-26.03370786516854
2023,5,20409,B6,12478,14869,JFK,SLC,62,0,0,0,62,0,10,3,-728.0,0.0,0.0,0.16129032258064516,0.04838709677419355,-11.741935483870968
2023,5,20409,B6,12478,15304,JFK,TPA,124,0,1,0,123,0,39,13,1456.0,0.0,0.008064516129032258,0.3170731707317073,0.10569105691056911,11.83739837398374
2023,5,20409,B6,12889,10721,LAS,BOS,87,1,1,0,85,0,25,6,951.0,0.011494252873563218,0.011494252873563218,0.29411764705882354,0.07058823529411765,11.188235294117646
2023,5,20409,B6,12889,11697,LAS,FLL,31,0,0,0,31,0,13,4,699.0,0.0,0.0,0.41935483870967744,0.12903225806451613,22.548387096774192
2023,5,20409,B6,12889,12478,LAS,JFK,145,2,0,0,143,0,38,19,4447.0,0.013793103448275862,0.0,0.26573426573426573,0.13286713286713286,31.097902097902097
2023,5,20409,B6,12889,12892,LAS,LAX,62,3,0,0,59,0,31,13,2942.0,0.04838709677419355,0.0,0.5254237288135594,0.22033898305084745,49.86440677966102
2023,5,20409,B6,12892,10721,LAX,BOS,144,0,0,0,144,0,35,16,1962.0,0.0,0.0,0.24305555555555555,0.1111111111111111,13.625
2023,5,20409,B6,12892,11618,LAX,EWR,124,0,1,0,123,0,19,9,549.0,0.0,0.008064516129032258,0.15447154471544716,0.07317073170731707,4.463414634146342
2023,5,20409,B6,12892,11697,LAX,FLL,93,0,1,0,92,0,27,9,1338.0,0.0,0.010752688172043012,0.29347826086956524,0.09782608695652174,14.543478260869565
2023,5,20409,B6,12892,12478,LAX,JFK,308,1,0,0,307,0,73,36,3337.0,0.003246753246753247,0.0,0.23778501628664495,0.11726384364820847,10.86970684039088
2023,5,20409,B6,12892,12889,LAX,LAS,62,2,1,0,59,0,23,9,1275.0,0.03225806451612903,0.016129032258064516,0.3898305084745763,0.15254237288135594,21.610169491525422
2023,5,20409,B6,12892,13204,LAX,MCO,29,0,0,0,29,0,21,7,1326.0,0.0,0.0,0.7241379310344828,0.2413793103448276,45.724137931034484
2023,5,20409,B6,12892,13303,LAX,MIA,62,1,0,0,61,0,18,10,1025.0,0.016129032258064516,0.0,0.29508196721311475,0.16393442622950818,16.80327868852459
2023,5,20409,B6,12892,14747,LAX,SEA,54,0,0,0,54,0,9,3,-32.0,0.0,0.0,0.16666666666666666,0.05555555555555555,-0.5925925925925926
2023,5,20409,B6,12892,14771,LAX,SFO,89,3,0,0,86,0,26,16,2935.0,0.033707865168539325,0.0,0.3023255813953488,0.18604651162790697,34.127906976744185
2023,5,20409,B6,12892,14869,LAX,SLC,61,1,0,0,60,0,18,7,1348.0,0.01639344262295082,0.0,0.3,0.11666666666666667,22.466666666666665
2023,5,20409,B6,12953,10397,LGA,ATL,104,0,0,0,104,0,27,13,1239.0,0.0,0.0,0.25961538461538464,0.125,11.913461538461538
2023,5,20409,B6,12953,10721,LGA,BOS,311,3,0,0,308,0,57,20,181.0,0.00964630225080386,0.0,0.18506493506493507,0.06493506493506493,0.5876623376623377
2023,5,20409,B6,12953,11292,LGA,DEN,81,0,2,0,79,0,9,0,-1214.0,0.0,0.024691358024691357,0.11392405063291139,0.0,-15.367088607594937
2023,5,20409,B6,12953,11697,LGA,FLL,151,2,0,0,149,0,37,13,1021.0,0.013245033112582781,0.0,0.2483221476510067,0.087248322147651,6.852348993288591
2023,5,20409,B6,12953,13204,LGA,MCO,158,0,1,0,157,0,38,15,1396.0,0.0,0.006329113924050633,0.24203821656050956,0.09554140127388536,8.89171974522293
2023,5,20409,B6,12953,14635,LGA,RSW,58,1,0,0,57,0,11,6,-467.0,0.017241379310344827,0.0,0.19298245614035087,0.10526315789473684,-8.192982456140351
2023,5,20409,B6,12953,15304,LGA,TPA,89,1,2,0,86,0,14,4,-310.0,0.011235955056179775,0.02247191011235955,0.16279069767441862,0.046511627906976744,-3.604651162790698
2023,5,20409,B6,13204,10721,MCO,BOS,165,4,1,0,160,0,60,28,4057.0,0.024242424242424242,0.006060606060606061,0.375,0.175,25.35625
2023,5,20409,B6,13204,11278,MCO,DCA,124,3,0,0,121,0,31,18,3273.0,0.024193548387096774,0.0,0.256198347107438,0.1487603305785124,27.049586776859503
2023,5,20409,B6,13204,11618,MCO,EWR,124,1,0,0,123,0,34,15,2008.0,0.008064516129032258,0.0,0.2764227642276423,0.12195121951219512,16.32520325203252
2023,5,20409,B6,13204,12478,MCO,JFK,287,2,0,0,285,0,84,39,5158.0,0.006968641114982578,0.0,0.29473684210526313,0.1368421052631579,18.098245614035086
2023,5,20409,B6,13204,12892,MCO,LAX,31,0,0,0,31,0,10,5,642.0,0.0,0.0,0.3225806451612903,0.16129032258064516,20.70967741935484
2023,5,20409,B6,13204,12953,MCO,LGA,158,2,1,0,155,0,28,10,651.0,0.012658227848101266,0.006329113924050633,0.18064516129032257,0.06451612903225806,4.2
2023,5,20409,B6,13204,14869,MCO,SLC,21,0,0,0,21,0,2,1,-236.0,0.0,0.0,0.09523809523809523,0.047619047619047616,-11.238095238095237
2023,5,20409,B6,13303,10721,MIA,BOS,59,1,0,0,58,0,14,9,1949.0,0.01694915254237288,0.0,0.2413793103448276,0.15517241379310345,33.60344827586207
2023,5,20409,B6,13303,11618,MIA,EWR,31,0,0,0,31,0,2,0,-297.0,0.0,0.0,0.06451612903225806,0.0,-9.580645161290322
2023,5,20409,B6,13303,12478,MIA,JFK,127,3,0,0,124,0,33,15,1891.0,0.023622047244094488,0.0,0.2661290322580645,0.12096774193548387,15.25
2023,5,20409,B6,13303,12892,MIA,LAX,62,1,0,0,61,0,12,7,13.0,0.016129032258064516,0.0,0.19672131147540983,0.11475409836065574,0.21311475409836064
2023,5,20409,B6,13487,10721,MSP,BOS,56,0,0,0,56,0,8,4,1423.0,0.0,0.0,0.14285714285714285,0.07142857142857142,25.410714285714285
2023,5,20409,B6,13930,10721,ORD,BOS,31,0,0,0,31,0,7,2,153.0,0.0,0.0,0.22580645161290322,0.06451612903225806,4.935483870967742
2023,5,20409,B6,13930,12478,ORD,JFK,58,0,0,0,58,0,9,3,56.0,0.0,0.0,0.15517241379310345,0.05172413793103448,0.9655172413793104
2023,5,20409,B6,14100,10721,PHL,BOS,103,2,0,0,101,0,19,11,467.0,0.019417475728155338,0.0,0.18811881188118812,0.10891089108910891,4.623762376237623
2023,5,20409,B6,14107,10721,PHX,BOS,31,0,0,0,31,0,12,4,682.0,0.0,0.0,0.3870967741935484,0.12903225806451613,22.0
2023,5,20409,B6,14107,12478,PHX,JFK,35,0,0,0,35,0,7,3,354.0,0.0,0.0,0.2,0.08571428571428572,10.114285714285714
2023,5,20409,B6,14635,10721,RSW,BOS,95,3,0,0,92,0,27,16,2451.0,0.031578947368421054,0.0,0.29347826086956524,0.17391304347826086,26.641304347826086
2023,5,20409,B6,14635,11278,RSW,DCA,31,0,0,0,31,0,2,1,-42.0,0.0,0.0,0.06451612903225806,0.03225806451612903,-1.3548387096774193
2023,5,20409,B6,14635,11618,RSW,EWR,31,0,0,0,31,0,2,2,-327.0,0.0,0.0,0.06451612903225806,0.06451612903225806,-10.548387096774194
2023,5,20409,B6,14635,12478,RSW,JFK,62,0,0,0,62,0,19,6,428.0,0.0,0.0,0.3064516129032258,0.0967741935483871,6.903225806451613
2023,5,20409,B6,14635,12953,RSW,LGA,58,1,0,0,57,0,8,4,-87.0,0.017241379310344827,0.0,0.14035087719298245,0.07017543859649122,-1.5263157894736843
2023,5,20409,B6,14679,10721,SAN,BOS,89,1,1,0,87,0,21,5,797.0,0.011235955056179775,0.011235955056179775,0.2413793103448276,0.05747126436781609,9.160919540229886
2023,5,20409,B6,14679,11697,SAN,FLL,31,0,0,0,31,0,13,5,1586.0,0.0,0.0,0.41935483870967744,0.16129032258064516,51.16129032258065
2023,5,20409,B6,14679,12478,SAN,JFK,62,2,0,0,60,0,11,3,860.0,0.03225806451612903,0.0,0.18333333333333332,0.05,14.333333333333334
2023,5,20409,B6,14747,10721,SEA,BOS,31,1,0,0,30,0,16,1,572.0,0.03225806451612903,0.0,0.5333333333333333,0.03333333333333333,19.066666666666666
2023,5,20409,B6,14747,12478,SEA,JFK,31,1,0,0,30,0,11,2,362.0,0.03225806451612903,0.0,0.36666666666666664,0.06666666666666667,12.066666666666666
2023,5,20409,B6,14747,12892,SEA,LAX,54,3,0,0,51,0,19,4,599.0,0.05555555555555555,0.0,0.37254901960784315,0.0784313725490196,11.745098039215685
2023,5,20409,B6,14771,10721,SFO,BOS,138,0,0,0,138,0,26,2,895.0,0.0,0.0,0.18840579710144928,0.014492753623188406,6.4855072463768115
2023,5,20409,B6,14771,11697,SFO,FLL,62,0,0,0,62,0,24,5,884.0,0.0,0.0,0.3870967741935484,0.08064516129032258,14.258064516129032
2023,5,20409,B6,14771,12478,SFO,JFK,178,0,0,0,178,0,34,2,220.0,0.0,0.0,0.19101123595505617,0.011235955056179775,1.2359550561797752
2023,5,20409,B6,14771,12892,SFO,LAX,88,3,0,0,85,0,26,11,2255.0,0.03409090909090909,0.0,0.3058823529411765,0.12941176470588237,26.529411764705884
2023,5,20409,B6,14869,10721,SLC,BOS,31,1,0,0,30,0,17,6,1003.0,0.03225806451612903,0.0,0.5666666666666667,0.2,33.43333333333333
2023,5,20409,B6,14869,11697,SLC,FLL,21,0,0,0,21,0,5,1,844.0,0.0,0.0,0.23809523809523808,0.047619047619047616,40.19047619047619
2023,5,20409,B6,14869,12478,SLC,JFK,62,0,0,0,62,0,19,8,789.0,0.0,0.0,0.3064516129032258,0.12903225806451613,12.725806451612904
2023,5,20409,B6,14869,12892,SLC,LAX,60,2,0,0,58,0,21,8,1430.0,0.03333333333333333,0.0,0.3620689655172414,0.13793103448275862,24.655172413793103
2023,5,20409,B6,14869,13204,SLC,MCO,22,0,0,0,22,0,5,2,9.0,0.0,0.0,0.22727272727272727,0.09090909090909091,0.4090909090909091
2023,5,20409,B6,15304,10721,TPA,BOS,131,1,0,0,130,0,27,13,775.0,0.007633587786259542,0.0,0.2076923076923077,0.1,5.961538461538462
2023,5,20409,B6,15304,11618,TPA,EWR,31,0,0,0,31,0,4,1,51.0,0.0,0.0,0.12903225806451613,0.03225806451612903,1.6451612903225807
2023,5,20409,B6,15304,12478,TPA,JFK,125,1,0,0,124,0,43,20,2790.0,0.008,0.0,0.3467741935483871,0.16129032258064516,22.5
2023,5,20409,B6,15304,12953,TPA,LGA,90,0,0,0,90,0,7,4,-718.0,0.0,0.0,0.07777777777777778,0.044444444444444446,-7.977777777777778
2023,5,20416,NK,10397,10721,ATL,BOS,29,1,0,0,28,0,8,2,373.0,0.034482758620689655,0.0,0.2857142857142857,0.07142857142857142,13.321428571428571
2023,5,20416,NK,10397,10821,ATL,BWI,66,0,0,0,66,0,20,1,663.0,0.0,0.0,0.30303030303030304,0.015151515151515152,10.045454545454545
2023,5,20416,NK,10397,11298,ATL,DFW,62,1,2,0,59,0,11,2,623.0,0.016129032258064516,0.03225806451612903,0.1864406779661017,0.03389830508474576,10.559322033898304
2023,5,20416,NK,10397,11433,ATL,DTW,124,0,0,0,124,0,22,8,673.0,0.0,0.0,0.1774193548387097,0.06451612903225806,5.42741935483871
2023,5,20416,NK,10397,11618,ATL,EWR,61,0,0,0,61,0,16,2,713.0,0.0,0.0,0.26229508196721313,0.03278688524590164,11.688524590163935
2023,5,20416,NK,10397,11697,ATL,FLL,160,1,1,0,158,0,33,9,1546.0,0.00625,0.00625,0.2088607594936709,0.056962025316455694,9.784810126582279
2023,5,20416,NK,10397,12266,ATL,IAH,62,0,1,0,61,0,24,10,1523.0,0.0,0.016129032258064516,0.39344262295081966,0.16393442622950818,24.9672131147541
2023,5,20416,NK,10397,12889,ATL,LAS,89,0,0,0,89,0,37,12,2226.0,0.0,0.0,0.4157303370786517,0.1348314606741573,25.01123595505618
2023,5,20416,NK,10397,12892,ATL,LAX,89,0,0,0,89,0,11,3,-105.0,0.0,0.0,0.12359550561797752,0.033707865168539325,-1.1797752808988764
2023,5,20416,NK,10397,13204,ATL,MCO,93,0,0,0,93,0,20,6,649.0,0.0,0.0,0.21505376344086022,0.06451612903225806,6.978494623655914
2023,5,20416,NK,10397,13303,ATL,MIA,61,0,0,0,61,0,17,8,840.0,0.0,0.0,0.2786885245901639,0.13114754098360656,13.770491803278688
2023,5,20416,NK,10397,13487,ATL,MSP,62,0,0,0,62,0,8,1,-3.0,0.0,0.0,0.12903225806451613,0.016129032258064516,-0.04838709677419355
2023,5,20416,NK,10397,13930,ATL,ORD,93,0,1,0,92,0,33,10,1740.0,0.0,0.010752688172043012,0.358695652173913,0.10869565217391304,18.91304347826087
2023,5,20416,NK,10397,14100,ATL,PHL,35,0,0,0,35,0,10,4,701.0,0.0,0.0,0.2857142857142857,0.11428571428571428,20.02857142857143
2023,5,20416,NK,10397,15304,ATL,TPA,35,0,0,0,35,0,5,2,347.0,0.0,0.0,0.14285714285714285,0.05714285714285714,9.914285714285715
2023,5,20416,NK,10721,10397,BOS,ATL,29,1,0,0,28,0,6,0,-63.0,0.034482758620689655,0.0,0.21428571428571427,0.0,-2.25
2023,5,20416,NK,10721,11697,BOS,FLL,62,0,0,0,62,0,21,3,1453.0,0.0,0.0,0.3387096774193548,0.04838709677419355,23.43548387096774
2023,5,20416,NK,10721,12889,BOS,LAS,27,0,0,0,27,0,6,3,38.0,0.0,0.0,0.2222222222222222,0.1111111111111111,1.4074074074074074
2023,5,20416,NK,10721,13204,BOS,MCO,71,2,0,0,69,0,30,7,1453.0,0.028169014084507043,0.0,0.43478260869565216,0.10144927536231885,21.057971014492754
2023,5,20416,NK,10721,13303,BOS,MIA,35,0,0,0,35,0,6,1,-373.0,0.0,0.0,0.17142857142857143,0.02857142857142857,-10.657142857142857
2023,5,20416,NK,10721,14635,BOS,RSW,7,0,0,0,7,0,2,1,131.0,0.0,0.0,0.2857142857142857,0.14285714285714285,18.714285714285715
2023,5,20416,NK,10721,15304,BOS,TPA,12,0,0,0,12,0,2,1,23.0,0.0,0.0,0.16666666666666666,0.08333333333333333,1.9166666666666667
2023,5,20416,NK,10821,10397,BWI,ATL,66,1,0,0,65,0,9,4,-167.0,0.015151515151515152,0.0,0.13846153846153847,0.06153846153846154,-2.5692307692307694
2023,5,20416,NK,10821,11298,BWI,DFW,31,0,0,0,31,0,4,1,18.0,0.0,0.0,0.12903225806451613,0.03225806451612903,0.5806451612903226
2023,5,20416,NK,10821,11697,BWI,FLL,67,0,0,0,67,0,16,5,347.0,0.0,0.0,0.23880597014925373,0.07462686567164178,5.17910447761194
2023,5,20416,NK,10821,12266,BWI,IAH,31,1,0,0,30,0,5,2,485.0,0.03225806451612903,0.0,0.16666666666666666,0.06666666666666667,16.166666666666668
2023,5,20416,NK,10821,12889,BWI,LAS,62,1,0,0,61,0,12,6,199.0,0.016129032258064516,0.0,0.19672131147540983,0.09836065573770492,3.262295081967213
2023,5,20416,NK,10821,12892,BWI,LAX,58,0,0,0,58,0,12,4,-377.0,0.0,0.0,0.20689655172413793,0.06896551724137931,-6.5
2023,5,20416,NK,10821,13204,BWI,MCO,93,0,1,0,92,0,23,6,780.0,0.0,0.010752688172043012,0.25,0.06521739130434782,8.478260869565217
2023,5,20416,NK,10821,13303,BWI,MIA,31,0,1,0,30,0,12,7,785.0,0.0,0.03225806451612903,0.4,0.23333333333333334,26.166666666666668
2023,5,20416,NK,10821,15304,BWI,TPA,31,0,0,0,31,0,4,0,-185.0,0.0,0.0,0.12903225806451613,0.0,-5.967741935483871
2023,5,20416,NK,11292,11697,DEN,FLL,30,0,0,0,30,0,4,0,-17.0,0.0,0.0,0.13333333333333333,0.0,-0.5666666666666667
2023,5,20416,NK,11292,12889,DEN,LAS,39,0,0,0,39,0,17,7,942.0,0.0,0.0,0.4358974358974359,0.1794871794871795,24.153846153846153
2023,5,20416,NK,11292,12892,DEN,LAX,4,0,0,0,4,0,2,0,43.0,0.0,0.0,0.5,0.0,10.75
2023,5,20416,NK,11292,13303,DEN,MIA,31,0,1,0,30,0,6,2,8.0,0.0,0.03225806451612903,0.2,0.06666666666666667,0.26666666666666666
2023,5,20416,NK,11298,10397,DFW,ATL,61,1,0,0,60,0,20,6,1082.0,0.01639344262295082,0.0,0.3333333333333333,0.1,18.033333333333335
2023,5,20416,NK,11298,10821,DFW,BWI,31,0,0,0,31,0,6,4,397.0,0.0,0.0,0.1935483870967742,0.12903225806451613,12.806451612903226
2023,5,20416,NK,11298,11433,DFW,DTW,31,0,0,0,31,0,3,1,194.0,0.0,0.0,0.0967741935483871,0.03225806451612903,6.258064516129032
2023,5,20416,NK,11298,11618,DFW,EWR,27,0,0,0,27,0,1,0,-270.0,0.0,0.0,0.037037037037037035,0.0,-10.0
2023,5,20416,NK,11298,11697,DFW,FLL,97,1,0,0,96,0,24,9,1262.0,0.010309278350515464,0.0,0.25,0.09375,13.145833333333334
2023,5,20416,NK,11298,12889,DFW,LAS,123,1,0,0,122,0,28,10,1254.0,0.008130081300813009,0.0,0.22950819672131148,0.08196721311475409,10.278688524590164
2023,5,20416,NK,11298,12892,DFW,LAX,120,0,0,0,120,0,26,7,841.0,0.0,0.0,0.21666666666666667,0.058333333333333334,7.008333333333334
2023,5,20416,NK,11298,12953,DFW,LGA,31,0,0,0,31,0,5,2,73.0,0.0,0.0,0.16129032258064516,0.06451612903225806,2.3548387096774195
2023,5,20416,NK,11298,13204,DFW,MCO,112,1,1,0,110,0,37,12,2200.0,0.008928571428571428,0.008928571428571428,0.33636363636363636,0.10909090909090909,20.0
2023,5,20416,NK,11298,13303,DFW,MIA,31,0,0,0,31,0,11,6,849.0,0.0,0.0,0.3548387096774194,0.1935483870967742,27.387096774193548
2023,5,20416,NK,11298,13796,DFW,OAK,27,1,0,0,26,0,4,3,774.0,0.037037037037037035,0.0,0.15384615384615385,0.11538461538461539,29.76923076923077
2023,5,20416,NK,11298,13930,DFW,ORD,61,0,0,0,61,0,27,8,1150.0,0.0,0.0,0.4426229508196721,0.13114754098360656,18.852459016393443
2023,5,20416,NK,11298,14100,DFW,PHL,31,0,0,0,31,0,4,1,-145.0,0.0,0.0,0.12903225806451613,0.03225806451612903,-4.67741935483871
2023,5,20416,NK,11298,14107,DFW,PHX,30,0,0,0,30,0,9,3,409.0,0.0,0.0,0.3,0.1,13.633333333333333
2023,5,20416,NK,11298,15304,DFW,TPA,29,0,0,0,29,0,7,2,325.0,0.0,0.0,0.2413793103448276,0.06896551724137931,11.206896551724139
2023,5,20416,NK,11433,10397,DTW,ATL,124,0,0,0,124,0,16,8,-23.0,0.0,0.0,0.12903225806451613,0.06451612903225806,-0.18548387096774194
2023,5,20416,NK,11433,11298,DTW,DFW,31,0,0,0,31,0,4,1,-214.0,0.0,0.0,0.12903225806451613,0.03225806451612903,-6.903225806451613
2023,5,20416,NK,11433,11697,DTW,FLL,63,1,0,0,62,0,10,3,-17.0,0.015873015873015872,0.0,0.16129032258064516,0.04838709677419355,-0.27419354838709675
2023,5,20416,NK,11433,12266,DTW,IAH,31,0,0,0,31,0,2,0,-442.0,0.0,0.0,0.06451612903225806,0.0,-14.258064516129032
2023,5,20416,NK,11433,12889,DTW,LAS,94,0,0,0,94,0,15,5,-214.0,0.0,0.0,0.1595744680851064,0.05319148936170213,-2.276595744680851
2023,5,20416,NK,11433,12892,DTW,LAX,63,0,0,0,63,0,4,4,-482.0,0.0,0.0,0.06349206349206349,0.06349206349206349,-7.650793650793651
2023,5,20416,NK,11433,12953,DTW,LGA,93,0,0,0,93,0,11,4,-111.0,0.0,0.0,0.11827956989247312,0.043010752688172046,-1.1935483870967742
2023,5,20416,NK,11433,13204,DTW,MCO,154,1,0,0,153,0,17,7,-618.0,0.006493506493506494,0.0,0.1111111111111111,0.0457516339869281,-4.03921568627451
2023,5,20416,NK,11433,13303,DTW,MIA,31,0,0,0,31,0,5,1,35.0,0.0,0.0,0.16129032258064516,0.03225806451612903,1.1290322580645162
2023,5,20416,NK,11433,13487,DTW,MSP,31,0,0,0,31,0,3,2,-220.0,0.0,0.0,0.0967741935483871,0.06451612903225806,-7.096774193548387
2023,5,20416,NK,11433,14100,DTW,PHL,31,0,0,0,31,0,5,2,80.0,0.0,0.0,0.16129032258064516,0.06451612903225806,2.5806451612903225
2023,5,20416,NK,11433,14635,DTW,RSW,31,0,0,0,31,0,1,1,-127.0,0.0,0.0,0.03225806451612903,0.03225806451612903,-4.096774193548387
2023,5,20416,NK,11433,15304,DTW,TPA,34,0,0,0,34,0,6,2,293.0,0.0,0.0,0.17647058823529413,0.058823529411764705,8.617647058823529
2023,5,20416,NK,11618,10397,EWR,ATL,61,0,0,0,61,0,13,5,433.0,0.0,0.0,0.21311475409836064,0.08196721311475409,7.098360655737705
2023,5,20416,NK,11618,11298,EWR,DFW,27,0,1,0,26,0,0,0,-748.0,0.0,0.037037037037037035,0.0,0.0,-28.76923076923077
2023,5,20416,NK,11618,11697,EWR,FLL,97,2,2,0,93,0,21,8,642.0,0.020618556701030927,0.020618556701030927,0.22580645161290322,0.08602150537634409,6.903225806451613
2023,5,20416,NK,11618,12266,EWR,IAH,30,0,0,0,30,0,7,1,-114.0,0.0,0.0,0.23333333333333334,0.03333333333333333,-3.8
2023,5,20416,NK,11618,12889,EWR,LAS,57,0,0,0,57,0,16,5,156.0,0.0,0.0,0.2807017543859649,0.08771929824561403,2.736842105263158
2023,5,20416,NK,11618,12892,EWR,LAX,58,0,0,0,58,0,19,10,1042.0,0.0,0.0,0.3275862068965517,0.1724137931034483,17.96551724137931
2023,5,20416,NK,11618,13204,EWR,MCO,128,0,2,0,126,0,20,6,327.0,0.0,0.015625,0.15873015873015872,0.047619047619047616,2.5952380952380953
2023,5,20416,NK,11618,13303,EWR,MIA,62,0,0,0,62,0,12,3,781.0,0.0,0.0,0.1935483870967742,0.04838709677419355,12.596774193548388
2023,5,20416,NK,11618,13796,EWR,OAK,26,0,0,0,26,0,2,1,-446.0,0.0,0.0,0.07692307692307693,0.038461538461538464,-17.153846153846153
2023,5,20416,NK,11697,10397,FLL,ATL,162,0,0,0,162,0,70,25,4141.0,0.0,0.0,0.43209876543209874,0.15432098765432098,25.561728395061728
2023,5,20416,NK,11697,10721,FLL,BOS,62,0,0,0,62,0,14,5,780.0,0.0,0.0,0.22580645161290322,0.08064516129032258,12.580645161290322
2023,5,20416,NK,11697,10821,FLL,BWI,68,0,0,0,68,0,15,6,579.0,0.0,0.0,0.22058823529411764,0.08823529411764706,8.514705882352942
2023,5,20416,NK,11697,11292,FLL,DEN,30,0,0,0,30,0,9,2,272.0,0.0,0.0,0.3,0.06666666666666667,9.066666666666666
2023,5,20416,NK,11697,11298,FLL,DFW,97,1,0,0,96,0,27,11,1520.0,0.010309278350515464,0.0,0.28125,0.11458333333333333,15.833333333333334
2023,5,20416,NK,11697,11433,FLL,DTW,62,0,0,0,62,0,9,0,-133.0,0.0,0.0,0.14516129032258066,0.0,-2.1451612903225805
2023,5,20416,NK,11697,11618,FLL,EWR,97,2,0,0,95,0,25,6,1031.0,0.020618556701030927,0.0,0.2631578947368421,0.06315789473684211,10.852631578947369
2023,5,20416,NK,11697,12266,FLL,IAH,66,0,0,0,66,0,19,9,682.0,0.0,0.0,0.2878787878787879,0.13636363636363635,10.333333333333334
2023,5,20416,NK,11697,12889,FLL,LAS,58,0,0,0,58,0,17,9,863.0,0.0,0.0,0.29310344827586204,0.15517241379310345,14.879310344827585
2023,5,20416,NK,11697,12892,FLL,LAX,31,1,0,0,30,0,9,4,759.0,0.03225806451612903,0.0,0.3,0.13333333333333333,25.3
2023,5,20416,NK,11697,12953,FLL,LGA,97,2,0,0,95,0,11,6,97.0,0.020618556701030927,0.0,0.11578947368421053,0.06315789473684211,1.0210526315789474
2023,5,20416,NK,11697,13204,FLL,MCO,63,1,0,0,62,0,22,9,1402.0,0.015873015873015872,0.0,0.3548387096774194,0.14516129032258066,22.612903225806452
2023,5,20416,NK,11697,13930,FLL,ORD,65,1,0,0,64,0,18,6,955.0,0.015384615384615385,0.0,0.28125,0.09375,14.921875
2023,5,20416,NK,11697,14100,FLL,PHL,66,0,0,0,66,0,16,4,762.0,0.0,0.0,0.24242424242424243,0.06060606060606061,11.545454545454545
2023,5,20416,NK,11697,14107,FLL,PHX,2,0,0,0,2,0,1,0,24.0,0.0,0.0,0.5,0.0,12.0
2023,5,20416,NK,11697,15304,FLL,TPA,62,0,0,0,62,0,12,3,521.0,0.0,0.0,0.1935483870967742,0.04838709677419355,8.403225806451612
2023,5,20416,NK,12266,10397,IAH,ATL,62,0,0,0,62,0,27,8,1513.0,0.0,0.0,0.43548387096774194,0.12903225806451613,24.403225806451612
2023,5,20416,NK,12266,10821,IAH,BWI,31,1,0,0,30,0,5,2,446.0,0.03225806451612903,0.0,0.16666666666666666,0.06666666666666667,14.866666666666667
2023,5,20416,NK,12266,11433,IAH,DTW,31,0,0,0,31,0,13,6,1269.0,0.0,0.0,0.41935483870967744,0.1935483870967742,40.935483870967744
2023,5,20416,NK,12266,11618,IAH,EWR,30,1,0,0,29,0,8,2,369.0,0.03333333333333333,0.0,0.27586206896551724,0.06896551724137931,12.724137931034482
2023,5,20416,NK,12266,11697,IAH,FLL,66,0,0,0,66,0,20,7,1438.0,0.0,0.0,0.30303030303030304,0.10606060606060606,21.78787878787879
2023,5,20416,NK,12266,12889,IAH,LAS,109,1,0,0,108,0,30,11,1248.0,0.009174311926605505,0.0,0.2777777777777778,0.10185185185185185,11.555555555555555
2023,5,20416,NK,12266,12892,IAH,LAX,93,0,0,0,93,0,24,15,1871.0,0.0,0.0,0.25806451612903225,0.16129032258064516,20.118279569892472
2023,5,20416,NK,12266,12953,IAH,LGA,23,0,0,0,23,0,5,1,86.0,0.0,0.0,0.21739130434782608,0.043478260869565216,3.739130434782609
2023,5,20416,NK,12266,13204,IAH,MCO,119,0,1,0,118,0,39,20,2696.0,0.0,0.008403361344537815,0.3305084745762712,0.1694915254237288,22.847457627118644
2023,5,20416,NK,12266,13303,IAH,MIA,31,0,0,0,31,0,3,1,-213.0,0.0,0.0,0.0967741935483871,0.03225806451612903,-6.870967741935484
2023,5,20416,NK,12266,13930,IAH,ORD,31,0,0,0,31,0,10,5,571.0,0.0,0.0,0.3225806451612903,0.16129032258064516,18.419354838709676
2023,5,20416,NK,12266,14100,IAH,PHL,27,0,0,0,27,0,4,3,269.0,0.0,0.0,0.14814814814814814,0.1111111111111111,9.962962962962964
2023,5,20416,NK,12266,15304,IAH,TPA,4,0,0,0,4,0,0,0,-48.0,0.0,0.0,0.0,0.0,-12.0
2023,5,20416,NK,12889,10397,LAS,ATL,89,0,0,0,89,0,32,8,1385.0,0.0,0.0,0.3595505617977528,0.0898876404494382,15.561797752808989
2023,5,20416,NK,12889,10721,LAS,BOS,27,0,0,0,27,0,7,1,122.0,0.0,0.0,0.25925925925925924,0.037037037037037035,4.518518518518518
2023,5,20416,NK,12889,10821,LAS,BWI,62,0,0,0,62,0,13,3,402.0,0.0,0.0,0.20967741935483872,0.04838709677419355,6.483870967741935
2023,5,20416,NK,12889,11292,LAS,DEN,39,0,0,0,39,0,8,2,406.0,0.0,0.0,0.20512820512820512,0.05128205128205128,10.41025641025641
2023,5,20416,NK,12889,11298,LAS,DFW,123,1,0,0,122,0,35,14,1503.0,0.008130081300813009,0.0,0.28688524590163933,0.11475409836065574,12.319672131147541
2023,5,20416,NK,12889,11433,LAS,DTW,93,0,0,0,93,0,20,5,932.0,0.0,0.0,0.21505376344086022,0.053763440860215055,10.021505376344086
2023,5,20416,NK,12889,11618,LAS,EWR,58,0,0,0,58,0,21,6,800.0,0.0,0.0,0.3620689655172414,0.10344827586206896,13.793103448275861
2023,5,20416,NK,12889,11697,LAS,FLL,58,0,0,0,58,0,27,9,1664.0,0.0,0.0,0.46551724137931033,0.15517241379310345,28.689655172413794
2023,5,20416,NK,12889,12266,LAS,IAH,108,0,2,0,106,0,48,19,3050.0,0.0,0.018518518518518517,0.4528301886792453,0.1792452830188679,28.77358490566038
2023,5,20416,NK,12889,12892,LAS,LAX,105,1,0,0,104,0,25,4,503.0,0.009523809523809525,0.0,0.2403846153846154,0.038461538461538464,4.836538461538462
2023,5,20416,NK,12889,13204,LAS,MCO,58,1,0,0,57,0,23,6,1225.0,0.017241379310344827,0.0,0.40350877192982454,0.10526315789473684,21.49122807017544
2023,5,20416,NK,12889,13303,LAS,MIA,58,0,2,0,56,0,22,3,739.0,0.0,0.034482758620689655,0.39285714285714285,0.05357142857142857,13.196428571428571
2023,5,20416,NK,12889,13487,LAS,MSP,31,0,0,0,31,0,11,2,427.0,0.0,0.0,0.3548387096774194,0.06451612903225806,13.774193548387096
2023,5,20416,NK,12889,13796,LAS,OAK,101,2,0,0,99,0,31,8,1594.0,0.019801980198019802,0.0,0.31313131313131315,0.08080808080808081,16.1010101010101
2023,5,20416,NK,12889,13930,LAS,ORD,92,0,0,0,92,0,37,11,1983.0,0.0,0.0,0.40217391304347827,0.11956521739130435,21.554347826086957
2023,5,20416,NK,12889,14100,LAS,PHL,31,1,0,0,30,0,14,3,497.0,0.03225806451612903,0.0,0.4666666666666667,0.1,16.566666666666666
2023,5,20416,NK,12889,14107,LAS,PHX,66,5,0,0,61,0,13,5,569.0,0.07575757575757576,0.0,0.21311475409836064,0.08196721311475409,9.327868852459016
2023,5,20416,NK,12889,14679,LAS,SAN,101,2,0,0,99,0,30,8,1379.0,0.019801980198019802,0.0,0.30303030303030304,0.08080808080808081,13.929292929292929
2023,5,20416,NK,12889,14747,LAS,SEA,96,0,0,0,96,0,21,6,685.0,0.0,0.0,0.21875,0.0625,7.135416666666667
2023,5,20416,NK,12889,14869,LAS,SLC,62,1,1,0,60,0,16,4,636.0,0.016129032258064516,0.016129032258064516,0.26666666666666666,0.06666666666666667,10.6
2023,5,20416,NK,12889,15016,LAS,STL,29,1,0,0,28,0,18,9,1360.0,0.034482758620689655,0.0,0.6428571428571429,0.32142857142857145,48.57142857142857
2023,5,20416,NK,12889,15304,LAS,TPA,58,1,0,0,57,0,26,8,1462.0,0.017241379310344827,0.0,0.45614035087719296,0.14035087719298245,25.649122807017545
2023,5,20416,NK,12892,10397,LAX,ATL,89,0,0,0,89,0,24,5,729.0,0.0,0.0,0.2696629213483146,0.056179775280898875,8.191011235955056
2023,5,20416,NK,12892,10821,LAX,BWI,58,0,0,0,58,0,18,4,829.0,0.0,0.0,0.3103448275862069,0.06896551724137931,14.293103448275861
2023,5,20416,NK,12892,11292,LAX,DEN,4,0,0,0,4,0,2,0,74.0,0.0,0.0,0.5,0.0,18.5
2023,5,20416,NK,12892,11298,LAX,DFW,120,1,0,0,119,0,25,7,514.0,0.008333333333333333,0.0,0.21008403361344538,0.058823529411764705,4.319327731092437
2023,5,20416,NK,12892,11433,LAX,DTW,62,0,0,0,62,0,12,6,564.0,0.0,0.0,0.1935483870967742,0.0967741935483871,9.096774193548388
2023,5,20416,NK,12892,11618,LAX,EWR,58,0,0,0,58,0,10,1,-112.0,0.0,0.0,0.1724137931034483,0.017241379310344827,-1.9310344827586208
2023,5,20416,NK,12892,11697,LAX,FLL,31,1,0,0,30,0,9,0,258.0,0.03225806451612903,0.0,0.3,0.0,8.6
2023,5,20416,NK,12892,12266,LAX,IAH,92,0,1,0,91,0,26,10,2212.0,0.0,0.010869565217391304,0.2857142857142857,0.10989010989010989,24.307692307692307
2023,5,20416,NK,12892,12889,LAX,LAS,105,0,0,0,105,0,36,14,1696.0,0.0,0.0,0.34285714285714286,0.13333333333333333,16.152380952380952
2023,5,20416,NK,12892,13204,LAX,MCO,27,0,0,0,27,0,7,1,176.0,0.0,0.0,0.25925925925925924,0.037037037037037035,6.518518518518518
2023,5,20416,NK,12892,13796,LAX,OAK,31,1,0,0,30,0,8,4,442.0,0.03225806451612903,0.0,0.26666666666666666,0.13333333333333333,14.733333333333333
2023,5,20416,NK,12892,13930,LAX,ORD,89,0,1,0,88,0,21,6,468.0,0.0,0.011235955056179775,0.23863636363636365,0.06818181818181818,5.318181818181818
2023,5,20416,NK,12892,14100,LAX,PHL,31,0,0,0,31,0,5,1,-100.0,0.0,0.0,0.16129032258064516,0.03225806451612903,-3.225806451612903
2023,5,20416,NK,12892,14869,LAX,SLC,31,0,0,0,31,0,7,4,537.0,0.0,0.0,0.22580645161290322,0.12903225806451613,17.322580645161292
2023,5,20416,NK,12953,11298,LGA,DFW,31,0,1,0,30,0,4,2,-339.0,0.0,0.03225806451612903,0.13333333333333333,0.06666666666666667,-11.3
2023,5,20416,NK,12953,11433,LGA,DTW,93,0,0,0,93,0,6,1,-1651.0,0.0,0.0,0.06451612903225806,0.010752688172043012,-17.752688172043012
2023,5,20416,NK,12953,11697,LGA,FLL,97,2,0,0,95,0,19,9,424.0,0.020618556701030927,0.0,0.2,0.09473684210526316,4.463157894736842
2023,5,20416,NK,12953,12266,LGA,IAH,23,0,0,0,23,0,6,3,158.0,0.0,0.0,0.2608695652173913,0.13043478260869565,6.869565217391305
2023,5,20416,NK,12953,13204,LGA,MCO,93,1,0,0,92,0,17,8,427.0,0.010752688172043012,0.0,0.18478260869565216,0.08695652173913043,4.641304347826087
2023,5,20416,NK,12953,13303,LGA,MIA,31,0,0,0,31,0,7,2,-68.0,0.0,0.0,0.22580645161290322,0.06451612903225806,-2.193548387096774
2023,5,20416,NK,13204,10397,MCO,ATL,93,0,0,0,93,0,31,12,1598.0,0.0,0.0,0.3333333333333333,0.12903225806451613,17.182795698924732
2023,5,20416,NK,13204,10721,MCO,BOS,70,1,0,0,69,0,22,6,1128.0,0.014285714285714285,0.0,0.3188405797101449,0.08695652173913043,16.347826086956523
2023,5,20416,NK,13204,10821,MCO,BWI,92,0,0,0,92,0,29,10,1771.0,0.0,0.0,0.31521739130434784,0.10869565217391304,19.25
2023,5,20416,NK,13204,11298,MCO,DFW,111,1,0,0,110,0,54,15,3098.0,0.009009009009009009,0.0,0.4909090909090909,0.13636363636363635,28.163636363636364
2023,5,20416,NK,13204,11433,MCO,DTW,155,0,0,0,155,0,57,25,3434.0,0.0,0.0,0.36774193548387096,0.16129032258064516,22.15483870967742
2023,5,20416,NK,13204,11618,MCO,EWR,128,0,0,0,128,0,32,8,1424.0,0.0,0.0,0.25,0.0625,11.125
2023,5,20416,NK,13204,11697,MCO,FLL,62,2,0,0,60,0,24,8,1168.0,0.03225806451612903,0.0,0.4,0.13333333333333333,19.466666666666665
2023,5,20416,NK,13204,12266,MCO,IAH,120,0,1,0,119,0,40,22,2414.0,0.0,0.008333333333333333,0.33613445378151263,0.18487394957983194,20.285714285714285
2023,5,20416,NK,13204,12889,MCO,LAS,58,1,0,0,57,0,31,16,2042.0,0.017241379310344827,0.0,0.543859649122807,0.2807017543859649,35.824561403508774
2023,5,20416,NK,13204,12892,MCO,LAX,27,0,0,0,27,0,10,3,419.0,0.0,0.0,0.37037037037037035,0.1111111111111111,15.518518518518519
2023,5,20416,NK,13204,12953,MCO,LGA,93,1,0,0,92,0,16,1,-657.0,0.010752688172043012,0.0,0.17391304347826086,0.010869565217391304,-7.141304347826087
2023,5,20416,NK,13204,13930,MCO,ORD,93,0,0,0,93,0,37,13,1834.0,0.0,0.0,0.3978494623655914,0.13978494623655913,19.72043010752688
2023,5,20416,NK,13204,14100,MCO,PHL,96,2,0,0,94,0,37,14,2751.0,0.020833333333333332,0.0,0.39361702127659576,0.14893617021276595,29.26595744680851
2023,5,20416,NK,13204,14107,MCO,PHX,27,0,0,0,27,0,11,5,712.0,0.0,0.0,0.4074074074074074,0.18518518518518517,26.37037037037037
2023,5,20416,NK,13204,14869,MCO,SLC,31,0,0,0,31,0,7,1,203.0,0.0,0.0,0.22580645161290322,0.03225806451612903,6.548387096774194
2023,5,20416,NK,13204,15016,MCO,STL,31,0,0,0,31,0,7,4,693.0,0.0,0.0,0.22580645161290322,0.12903225806451613,22.35483870967742
2023,5,20416,NK,13303,10397,MIA,ATL,62,0,0,0,62,0,16,5,673.0,0.0,0.0,0.25806451612903225,0.08064516129032258,10.85483870967742
2023,5,20416,NK,13303,10721,MIA,BOS,35,0,0,0,35,0,4,2,-339.0,0.0,0.0,0.11428571428571428,0.05714285714285714,-9.685714285714285
2023,5,20416,NK,13303,10821,MIA,BWI,31,0,0,0,31,0,1,1,-188.0,0.0,0.0,0.03225806451612903,0.03225806451612903,-6.064516129032258
2023,5,20416,NK,13303,11292,MIA,DEN,31,0,0,0,31,0,3,0,-354.0,0.0,0.0,0.0967741935483871,0.0,-11.419354838709678
2023,5,20416,NK,13303,11298,MIA,DFW,31,0,0,0,31,0,10,5,267.0,0.0,0.0,0.3225806451612903,0.16129032258064516,8.612903225806452
2023,5,20416,NK,13303,11433,MIA,DTW,31,1,0,0,30,0,7,3,184.0,0.03225806451612903,0.0,0.23333333333333334,0.1,6.133333333333334
2023,5,20416,NK,13303,11618,MIA,EWR,62,0,0,0,62,0,20,10,1138.0,0.0,0.0,0.3225806451612903,0.16129032258064516,18.35483870967742
2023,5,20416,NK,13303,12266,MIA,IAH,31,0,0,0,31,0,10,6,722.0,0.0,0.0,0.3225806451612903,0.1935483870967742,23.29032258064516
2023,5,20416,NK,13303,12889,MIA,LAS,58,0,0,0,58,0,20,10,1201.0,0.0,0.0,0.3448275862068966,0.1724137931034483,20.70689655172414
2023,5,20416,NK,13303,12953,MIA,LGA,31,0,0,0,31,0,9,4,438.0,0.0,0.0,0.2903225806451613,0.12903225806451613,14.129032258064516
2023,5,20416,NK,13303,13930,MIA,ORD,58,0,0,0,58,0,14,8,756.0,0.0,0.0,0.2413793103448276,0.13793103448275862,13.03448275862069
2023,5,20416,NK,13303,14100,MIA,PHL,31,0,0,0,31,0,9,6,679.0,0.0,0.0,0.2903225806451613,0.1935483870967742,21.903225806451612
2023,5,20416,NK,13487,10397,MSP,ATL,62,1,0,0,61,0,8,1,-502.0,0.016129032258064516,0.0,0.13114754098360656,0.01639344262295082,-8.229508196721312
2023,5,20416,NK,13487,11433,MSP,DTW,31,0,0,0,31,0,4,3,-99.0,0.0,0.0,0.12903225806451613,0.0967741935483871,-3.193548387096774
2023,5,20416,NK,13487,12889,MSP,LAS,31,0,0,0,31,0,8,5,411.0,0.0,0.0,0.25806451612903225,0.16129032258064516,13.258064516129032
2023,5,20416,NK,13796,11298,OAK,DFW,27,1,0,0,26,0,9,2,1118.0,0.037037037037037035,0.0,0.34615384615384615,0.07692307692307693,43.0
2023,5,20416,NK,13796,11618,OAK,EWR,27,0,0,0,27,0,10,4,701.0,0.0,0.0,0.37037037037037035,0.14814814814814814,25.962962962962962
2023,5,20416,NK,13796,12889,OAK,LAS,101,3,0,0,98,0,40,13,2333.0,0.0297029702970297,0.0,0.40816326530612246,0.1326530612244898,23.806122448979593
2023,5,20416,NK,13796,12892,OAK,LAX,31,0,0,0,31,0,0,0,-318.0,0.0,0.0,0.0,0.0,-10.258064516129032
2023,5,20416,NK,13796,14100,OAK,PHL,27,0,0,0,27,0,5,1,112.0,0.0,0.0,0.18518518518518517,0.037037037037037035,4.148148148148148
2023,5,20416,NK,13796,14679,OAK,SAN,29,0,0,0,29,0,5,1,-77.0,0.0,0.0,0.1724137931034483,0.034482758620689655,-2.6551724137931036
2023,5,20416,NK,13930,10397,ORD,ATL,93,0,0,0,93,0,22,7,810.0,0.0,0.0,0.23655913978494625,0.07526881720430108,8.709677419354838
2023,5,20416,NK,13930,11298,ORD,DFW,62,0,0,0,62,0,21,10,1416.0,0.0,0.0,0.3387096774193548,0.16129032258064516,22.838709677419356
2023,5,20416,NK,13930,11697,ORD,FLL,66,1,1,0,64,0,12,4,-13.0,0.015151515151515152,0.015151515151515152,0.1875,0.0625,-0.203125
2023,5,20416,NK,13930,12266,ORD,IAH,31,0,0,0,31,0,3,2,-452.0,0.0,0.0,0.0967741935483871,0.06451612903225806,-14.580645161290322
2023,5,20416,NK,13930,12889,ORD,LAS,93,1,0,0,92,0,29,9,1010.0,0.010752688172043012,0.0,0.31521739130434784,0.09782608695652174,10.978260869565217
2023,5,20416,NK,13930,12892,ORD,LAX,89,0,0,0,89,0,28,12,973.0,0.0,0.0,0.3146067415730337,0.1348314606741573,10.932584269662922
2023,5,20416,NK,13930,13204,ORD,MCO,92,0,0,0,92,0,31,19,1742.0,0.0,0.0,0.33695652173913043,0.20652173913043478,18.934782608695652
2023,5,20416,NK,13930,13303,ORD,MIA,58,0,1,0,57,0,15,7,622.0,0.0,0.017241379310344827,0.2631578947368421,0.12280701754385964,10.912280701754385
2023,5,20416,NK,13930,14107,ORD,PHX,4,0,0,0,4,0,0,0,-22.0,0.0,0.0,0.0,0.0,-5.5
2023,5,20416,NK,13930,14635,ORD,RSW,31,0,0,0,31,0,12,7,1386.0,0.0,0.0,0.3870967741935484,0.22580645161290322,44.70967741935484
2023,5,20416,NK,13930,15304,ORD,TPA,31,0,0,0,31,0,15,7,910.0,0.0,0.0,0.4838709677419355,0.22580645161290322,29.35483870967742
2023,5,20416,NK,14100,10397,PHL,ATL,35,0,0,0,35,0,4,3,-34.0,0.0,0.0,0.11428571428571428,0.08571428571428572,-0.9714285714285714
2023,5,20416,NK,14100,11298,PHL,DFW,31,0,0,0,31,0,4,0,-538.0,0.0,0.0,0.12903225806451613,0.0,-17.35483870967742
2023,5,20416,NK,14100,11433,PHL,DTW,31,0,0,0,31,0,11,3,377.0,0.0,0.0,0.3548387096774194,0.0967741935483871,12.161290322580646
2023,5,20416,NK,14100,11697,PHL,FLL,66,0,0,0,66,0,10,2,-171.0,0.0,0.0,0.15151515151515152,0.030303030303030304,-2.590909090909091
2023,5,20416,NK,14100,12266,PHL,IAH,27,0,0,0,27,0,7,4,405.0,0.0,0.0,0.25925925925925924,0.14814814814814814,15.0
2023,5,20416,NK,14100,12889,PHL,LAS,31,1,0,0,30,0,10,3,180.0,0.03225806451612903,0.0,0.3333333333333333,0.1,6.0
2023,5,20416,NK,14100,12892,PHL,LAX,31,0,0,0,31,0,1,1,-424.0,0.0,0.0,0.03225806451612903,0.03225806451612903,-13.67741935483871
2023,5,20416,NK,14100,13204,PHL,MCO,97,2,0,0,95,0,30,10,1313.0,0.020618556701030927,0.0,0.3157894736842105,0.10526315789473684,13.821052631578947
2023,5,20416,NK,14100,13303,PHL,MIA,31,0,0,0,31,0,5,2,-91.0,0.0,0.0,0.16129032258064516,0.06451612903225806,-2.935483870967742
2023,5,20416,NK,14100,13796,PHL,OAK,27,0,0,0,27,0,4,2,38.0,0.0,0.0,0.14814814814814814,0.07407407407407407,1.4074074074074074
2023,5,20416,NK,14107,11298,PHX,DFW,30,0,0,0,30,0,16,4,750.0,0.0,0.0,0.5333333333333333,0.13333333333333333,25.0
2023,5,20416,NK,14107,11697,PHX,FLL,2,0,0,0,2,0,1,0,12.0,0.0,0.0,0.5,0.0,6.0
2023,5,20416,NK,14107,12889,PHX,LAS,66,5,0,0,61,0,12,6,538.0,0.07575757575757576,0.0,0.19672131147540983,0.09836065573770492,8.819672131147541
2023,5,20416,NK,14107,13204,PHX,MCO,27,0,0,0,27,0,10,4,648.0,0.0,0.0,0.37037037037037035,0.14814814814814814,24.0
2023,5,20416,NK,14107,13930,PHX,ORD,4,0,0,0,4,0,0,0,-43.0,0.0,0.0,0.0,0.0,-10.75
2023,5,20416,NK,14635,10721,RSW,BOS,8,0,0,0,8,0,1,0,1.0,0.0,0.0,0.125,0.0,0.125
2023,5,20416,NK,14635,11433,RSW,DTW,31,0,0,0,31,0,3,3,-20.0,0.0,0.0,0.0967741935483871,0.0967741935483871,-0.6451612903225806
2023,5,20416,NK,14635,13930,RSW,ORD,31,0,0,0,31,0,12,6,1148.0,0.0,0.0,0.3870967741935484,0.1935483870967742,37.03225806451613
2023,5,20416,NK,14679,12889,SAN,LAS,101,2,0,0,99,0,32,10,2148.0,0.019801980198019802,0.0,0.32323232323232326,0.10101010101010101,21.696969696969695
2023,5,20416,NK,14679,13796,SAN,OAK,29,0,0,0,29,0,5,0,-115.0,0.0,0.0,0.1724137931034483,0.0,-3.9655172413793105
2023,5,20416,NK,14747,12889,SEA,LAS,97,0,0,0,97,0,33,14,2113.0,0.0,0.0,0.3402061855670103,0.14432989690721648,21.783505154639176
2023,5,20416,NK,14869,12889,SLC,LAS,61,1,0,0,60,0,24,10,1528.0,0.01639344262295082,0.0,0.4,0.16666666666666666,25.466666666666665
2023,5,20416,NK,14869,12892,SLC,LAX,31,0,0,0,31,0,8,2,211.0,0.0,0.0,0.25806451612903225,0.06451612903225806,6.806451612903226
2023,5,20416,NK,14869,13204,SLC,MCO,31,0,0,0,31,0,4,0,-250.0,0.0,0.0,0.12903225806451613,0.0,-8.064516129032258
2023,5,20416,NK,15016,12889,STL,LAS,28,1,0,0,27,0,2,2,59.0,0.03571428571428571,0.0,0.07407407407407407,0.07407407407407407,2.185185185185185
2023,5,20416,NK,15016,13204,STL,MCO,31,0,0,0,31,0,11,3,608.0,0.0,0.0,0.3548387096774194,0.0967741935483871,19.612903225806452
2023,5,20416,NK,15304,10397,TPA,ATL,35,0,0,0,35,0,6,1,206.0,0.0,0.0,0.17142857142857143,0.02857142857142857,5.885714285714286
2023,5,20416,NK,15304,10721,TPA,BOS,12,0,0,0,12,0,2,1,45.0,0.0,0.0,0.16666666666666666,0.08333333333333333,3.75
2023,5,20416,NK,15304,10821,TPA,BWI,31,0,0,0,31,0,7,1,166.0,0.0,0.0,0.22580645161290322,0.03225806451612903,5.354838709677419
2023,5,20416,NK,15304,11298,TPA,DFW,30,0,0,0,30,0,3,0,-115.0,0.0,0.0,0.1,0.0,-3.8333333333333335
2023,5,20416,NK,15304,11433,TPA,DTW,34,0,0,0,34,0,2,2,183.0,0.0,0.0,0.058823529411764705,0.058823529411764705,5.382352941176471
2023,5,20416,NK,15304,11697,TPA,FLL,62,0,0,0,62,0,12,3,335.0,0.0,0.0,0.1935483870967742,0.04838709677419355,5.403225806451613
2023,5,20416,NK,15304,12266,TPA,IAH,4,0,0,0,4,0,1,0,28.0,0.0,0.0,0.25,0.0,7.0
2023,5,20416,NK,15304,12889,TPA,LAS,60,1,0,0,59,0,9,2,342.0,0.016666666666666666,0.0,0.15254237288135594,0.03389830508474576,5.796610169491525
2023,5,20416,NK,15304,13930,TPA,ORD,31,0,0,0,31,0,6,3,219.0,0.0,0.0,0.1935483870967742,0.0967741935483871,7.064516129032258
2023,5,20436,F9,10397,10821,ATL,BWI,52,0,0,0,52,0,26,16,2703.0,0.0,0.0,0.5,0.3076923076923077,51.98076923076923
2023,5,20436,F9,10397,11292,ATL,DEN,62,2,0,0,60,0,37,18,3084.0,0.03225806451612903,0.0,0.6166666666666667,0.3,51.4
2023,5,20436,F9,10397,11298,ATL,DFW,48,0,0,0,48,0,17,8,998.0,0.0,0.0,0.3541666666666667,0.16666666666666666,20.791666666666668
2023,5,20436,F9,10397,11433,ATL,DTW,18,0,0,0,18,0,8,4,573.0,0.0,0.0,0.4444444444444444,0.2222222222222222,31.833333333333332
2023,5,20436,F9,10397,11697,ATL,FLL,40,0,0,0,40,0,23,10,1400.0,0.0,0.0,0.575,0.25,35.0
2023,5,20436,F9,10397,12266,ATL,IAH,31,0,0,0,31,0,20,11,1778.0,0.0,0.0,0.6451612903225806,0.3548387096774194,57.354838709677416
2023,5,20436,F9,10397,12889,ATL,LAS,44,1,0,0,43,0,25,13,2369.0,0.022727272727272728,0.0,0.5813953488372093,0.3023255813953488,55.093023255813954
2023,5,20436,F9,10397,12953,ATL,LGA,52,3,0,0,49,0,12,3,295.0,0.057692307692307696,0.0,0.24489795918367346,0.061224489795918366,6.020408163265306
2023,5,20436,F9,10397,13204,ATL,MCO,70,0,0,0,70,0,28,14,1923.0,0.0,0.0,0.4,0.2,27.47142857142857
2023,5,20436,F9,10397,13232,ATL,MDW,35,0,0,0,35,0,22,9,1404.0,0.0,0.0,0.6285714285714286,0.2571428571428571,40.114285714285714
2023,5,20436,F9,10397,13303,ATL,MIA,37,0,0,0,37,0,18,5,1094.0,0.0,0.0,0.4864864864864865,0.13513513513513514,29.56756756756757
2023,5,20436,F9,10397,13930,ATL,ORD,31,0,0,0,31,0,4,2,-100.0,0.0,0.0,0.12903225806451613,0.06451612903225806,-3.225806451612903
2023,5,20436,F9,10397,14100,ATL,PHL,70,1,0,0,69,0,39,11,2184.0,0.014285714285714285,0.0,0.5652173913043478,0.15942028985507245,31.652173913043477
2023,5,20436,F9,10397,14107,ATL,PHX,22,1,0,0,21,0,12,6,725.0,0.045454545454545456,0.0,0.5714285714285714,0.2857142857142857,34.523809523809526
2023,5,20436,F9,10397,14679,ATL,SAN,21,0,0,0,21,0,7,0,210.0,0.0,0.0,0.3333333333333333,0.0,10.0
2023,5,20436,F9,10397,14771,ATL,SFO,31,0,0,0,31,0,19,11,2139.0,0.0,0.0,0.6129032258064516,0.3548387096774194,69.0
2023,5,20436,F9,10397,14869,ATL,SLC,9,0,0,0,9,0,3,2,261.0,0.0,0.0,0.3333333333333333,0.2222222222222222,29.0
2023,5,20436,F9,10397,15304,ATL,TPA,35,1,0,0,34,0,16,10,1721.0,0.02857142857142857,0.0,0.47058823529411764,0.29411764705882354,50.61764705882353
2023,5,20436,F9,10721,13204,BOS,MCO,19,0,0,0,19,0,3,0,-4.0,0.0,0.0,0.15789473684210525,0.0,-0.21052631578947367
2023,5,20436,F9,10721,14100,BOS,PHL,16,1,0,0,15,0,4,1,774.0,0.0625,0.0,0.26666666666666666,0.06666666666666667,51.6
2023,5,20436,F9,10821,10397,BWI,ATL,52,1,0,0,51,0,17,8,1609.0,0.019230769230769232,0.0,0.3333333333333333,0.1568627450980392,31.54901960784314
2023,5,20436,F9,10821,11292,BWI,DEN,10,0,0,0,10,0,0,0,-183.0,0.0,0.0,0.0,0.0,-18.3
2023,5,20436,F9,10821,11298,BWI,DFW,11,0,0,0,11,0,6,3,306.0,0.0,0.0,0.5454545454545454,0.2727272727272727,27.818181818181817
2023,5,20436,F9,10821,12889,BWI,LAS,10,0,0,0,10,0,2,1,32.0,0.0,0.0,0.2,0.1,3.2
2023,5,20436,F9,10821,13204,BWI,MCO,42,0,1,0,41,0,10,4,1234.0,0.0,0.023809523809523808,0.24390243902439024,0.0975609756097561,30.097560975609756
2023,5,20436,F9,10821,13303,BWI,MIA,18,1,0,0,17,0,6,4,459.0,0.05555555555555555,0.0,0.35294117647058826,0.23529411764705882,27.0
2023,5,20436,F9,10821,14107,BWI,PHX,31,1,1,0,29,0,3,1,-316.0,0.03225806451612903,0.03225806451612903,0.10344827586206896,0.034482758620689655,-10.89655172413793
2023,5,20436,F9,11278,11292,DCA,DEN,93,0,0,0,93,0,11,3,-891.0,0.0,0.0,0.11827956989247312,0.03225806451612903,-9.580645161290322
2023,5,20436,F9,11292,10397,DEN,ATL,63,1,0,0,62,0,25,9,1184.0,0.015873015873015872,0.0,0.4032258064516129,0.14516129032258066,19.096774193548388
2023,5,20436,F9,11292,10821,DEN,BWI,10,0,0,0,10,0,2,0,-11.0,0.0,0.0,0.2,0.0,-1.1
2023,5,20436,F9,11292,11278,DEN,DCA,93,0,0,0,93,0,14,5,193.0,0.0,0.0,0.15053763440860216,0.053763440860215055,2.075268817204301
2023,5,20436,F9,11292,11298,DEN,DFW,84,1,0,0,83,0,40,22,4076.0,0.011904761904761904,0.0,0.4819277108433735,0.26506024096385544,49.10843373493976
2023,5,20436,F9,11292,11433,DEN,DTW,46,0,0,0,46,0,16,7,1158.0,0.0,0.0,0.34782608695652173,0.15217391304347827,25.17391304347826
2023,5,20436,F9,11292,12266,DEN,IAH,31,0,0,0,31,0,13,4,846.0,0.0,0.0,0.41935483870967744,0.12903225806451613,27.29032258064516
2023,5,20436,F9,11292,12889,DEN,LAS,144,1,0,0,143,0,33,14,1622.0,0.006944444444444444,0.0,0.23076923076923078,0.0979020979020979,11.342657342657343
2023,5,20436,F9,11292,13204,DEN,MCO,69,0,0,0,69,0,17,12,2214.0,0.0,0.0,0.2463768115942029,0.17391304347826086,32.08695652173913
2023,5,20436,F9,11292,13232,DEN,MDW,30,0,0,0,30,0,1,0,-192.0,0.0,0.0,0.03333333333333333,0.0,-6.4
2023,5,20436,F9,11292,13303,DEN,MIA,31,0,0,0,31,0,9,3,850.0,0.0,0.0,0.2903225806451613,0.0967741935483871,27.419354838709676
2023,5,20436,F9,11292,13487,DEN,MSP,54,0,0,0,54,0,20,7,993.0,0.0,0.0,0.37037037037037035,0.12962962962962962,18.38888888888889
2023,5,20436,F9,11292,14100,DEN,PHL,27,0,0,0,27,0,14,6,649.0,0.0,0.0,0.5185185185185185,0.2222222222222222,24.037037037037038
2023,5,20436,F9,11292,14107,DEN,PHX,83,0,0,0,83,0,15,7,695.0,0.0,0.0,0.18072289156626506,0.08433734939759036,8.373493975903614
2023,5,20436,F9,11292,14635,DEN,RSW,9,0,0,0,9,0,1,1,42.0,0.0,0.0,0.1111111111111111,0.1111111111111111,4.666666666666667
2023,5,20436,F9,11292,14679,DEN,SAN,72,1,0,0,71,0,23,6,1219.0,0.013888888888888888,0.0,0.323943661971831,0.08450704225352113,17.169014084507044
2023,5,20436,F9,11292,14747,DEN,SEA,31,0,0,0,31,0,10,2,381.0,0.0,0.0,0.3225806451612903,0.06451612903225806,12.290322580645162
2023,5,20436,F9,11292,14771,DEN,SFO,62,0,0,0,62,0,19,6,610.0,0.0,0.0,0.3064516129032258,0.0967741935483871,9.838709677419354
2023,5,20436,F9,11292,14869,DEN,SLC,62,0,0,0,62,0,33,11,1631.0,0.0,0.0,0.532258064516129,0.1774193548387097,26.306451612903224
2023,5,20436,F9,11292,15016,DEN,STL,31,0,0,0,31,0,4,1,-95.0,0.0,0.0,0.12903225806451613,0.03225806451612903,-3.064516129032258
2023,5,20436,F9,11292,15304,DEN,TPA,66,1,0,0,65,0,22,6,740.0,0.015151515151515152,0.0,0.3384615384615385,0.09230769230769231,11.384615384615385
2023,5,20436,F9,11298,10397,DFW,ATL,48,0,0,0,48,0,24,12,1881.0,0.0,0.0,0.5,0.25,39.1875
2023,5,20436,F9,11298,10821,DFW,BWI,11,0,0,0,11,0,7,3,405.0,0.0,0.0,0.6363636363636364,0.2727272727272727,36.81818181818182
2023,5,20436,F9,11298,11292,DFW,DEN,84,1,0,0,83,0,34,18,4561.0,0.011904761904761904,0.0,0.40963855421686746,0.21686746987951808,54.95180722891566
2023,5,20436,F9,11298,12889,DFW,LAS,87,0,0,0,87,0,42,22,5141.0,0.0,0.0,0.4827586206896552,0.25287356321839083,59.0919540229885
2023,5,20436,F9,11298,12953,DFW,LGA,21,2,0,0,19,0,6,2,262.0,0.09523809523809523,0.0,0.3157894736842105,0.10526315789473684,13.789473684210526
2023,5,20436,F9,11298,13204,DFW,MCO,61,1,1,0,59,0,17,6,849.0,0.01639344262295082,0.01639344262295082,0.288135593220339,0.1016949152542373,14.389830508474576
2023,5,20436,F9,11298,13232,DFW,MDW,35,2,0,0,33,0,11,7,1420.0,0.05714285714285714,0.0,0.3333333333333333,0.21212121212121213,43.03030303030303
2023,5,20436,F9,11298,13303,DFW,MIA,14,0,0,0,14,0,6,5,898.0,0.0,0.0,0.42857142857142855,0.35714285714285715,64.14285714285714
2023,5,20436,F9,11298,14100,DFW,PHL,27,0,0,0,27,0,8,4,469.0,0.0,0.0,0.2962962962962963,0.14814814814814814,17.37037037037037
2023,5,20436,F9,11298,14107,DFW,PHX,47,0,0,0,47,0,26,6,1603.0,0.0,0.0,0.5531914893617021,0.1276595744680851,34.1063829787234
2023,5,20436,F9,11298,14679,DFW,SAN,31,0,0,0,31,0,4,2,119.0,0.0,0.0,0.12903225806451613,0.06451612903225806,3.838709677419355
2023,5,20436,F9,11298,14771,DFW,SFO,31,0,0,0,31,0,7,3,265.0,0.0,0.0,0.22580645161290322,0.0967741935483871,8.548387096774194
2023,5,20436,F9,11298,15304,DFW,TPA,29,0,0,0,29,0,18,7,1087.0,0.0,0.0,0.6206896551724138,0.2413793103448276,37.48275862068966
2023,5,20436,F9,11433,10397,DTW,ATL,18,0,0,0,18,0,5,3,226.0,0.0,0.0,0.2777777777777778,0.16666666666666666,12.555555555555555
2023,5,20436,F9,11433,11292,DTW,DEN,46,0,0,0,46,0,8,3,298.0,0.0,0.0,0.17391304347826086,0.06521739130434782,6.478260869565218
2023,5,20436,F9,11433,12889,DTW,LAS,31,0,0,0,31,0,7,2,185.0,0.0,0.0,0.22580645161290322,0.06451612903225806,5.967741935483871
2023,5,20436,F9,11433,13204,DTW,MCO,24,0,0,0,24,0,7,5,690.0,0.0,0.0,0.2916666666666667,0.20833333333333334,28.75
2023,5,20436,F9,11433,14107,DTW,PHX,31,1,0,0,30,0,3,0,-504.0,0.03225806451612903,0.0,0.1,0.0,-16.8
2023,5,20436,F9,11433,15304,DTW,TPA,5,0,0,0,5,0,0,0,-34.0,0.0,0.0,0.0,0.0,-6.8
2023,5,20436,F9,11697,10397,FLL,ATL,40,0,0,0,40,0,13,4,474.0,0.0,0.0,0.325,0.1,11.85
2023,5,20436,F9,11697,12889,FLL,LAS,10,0,0,0,10,0,4,2,248.0,0.0,0.0,0.4,0.2,24.8
2023,5,20436,F9,11697,13232,FLL,MDW,10,0,0,0,10,0,1,0,-27.0,0.0,0.0,0.1,0.0,-2.7
2023,5,20436,F9,11697,14100,FLL,PHL,49,0,0,0,49,0,10,3,434.0,0.0,0.0,0.20408163265306123,0.061224489795918366,8.857142857142858
2023,5,20436,F9,11697,14107,FLL,PHX,10,0,0,0,10,0,0,0,-165.0,0.0,0.0,0.0,0.0,-16.5
2023,5,20436,F9,12266,10397,IAH,ATL,31,1,0,0,30,0,23,11,2360.0,0.03225806451612903,0.0,0.7666666666666667,0.36666666666666664,78.66666666666667
2023,5,20436,F9,12266,11292,IAH,DEN,31,1,0,0,30,0,19,11,2161.0,0.03225806451612903,0.0,0.6333333333333333,0.36666666666666664,72.03333333333333
2023,5,20436,F9,12266,12889,IAH,LAS,31,0,0,0,31,0,20,10,1835.0,0.0,0.0,0.6451612903225806,0.3225806451612903,59.193548387096776
2023,5,20436,F9,12266,13204,IAH,MCO,18,1,0,0,17,0,12,4,843.0,0.05555555555555555,0.0,0.7058823529411765,0.23529411764705882,49.588235294117645
2023,5,20436,F9,12889,10397,LAS,ATL,45,0,0,0,45,0,22,3,725.0,0.0,0.0,0.4888888888888889,0.06666666666666667,16.11111111111111
2023,5,20436,F9,12889,10821,LAS,BWI,10,0,0,0,10,0,4,1,140.0,0.0,0.0,0.4,0.1,14.0
2023,5,20436,F9,12889,11292,LAS,DEN,146,1,0,0,145,0,59,21,4135.0,0.00684931506849315,0.0,0.4068965517241379,0.14482758620689656,28.517241379310345
2023,5,20436,F9,12889,11298,LAS,DFW,88,0,0,0,88,0,33,15,3486.0,0.0,0.0,0.375,0.17045454545454544,39.61363636363637
2023,5,20436,F9,12889,11433,LAS,DTW,31,0,0,0,31,0,15,6,830.0,0.0,0.0,0.4838709677419355,0.1935483870967742,26.774193548387096
2023,5,20436,F9,12889,11697,LAS,FLL,10,0,0,0,10,0,3,2,163.0,0.0,0.0,0.3,0.2,16.3
2023,5,20436,F9,12889,12266,LAS,IAH,31,0,0,0,31,0,8,3,456.0,0.0,0.0,0.25806451612903225,0.0967741935483871,14.709677419354838
2023,5,20436,F9,12889,13204,LAS,MCO,62,0,0,0,62,0,33,14,2252.0,0.0,0.0,0.532258064516129,0.22580645161290322,36.32258064516129
2023,5,20436,F9,12889,13232,LAS,MDW,27,0,0,0,27,0,7,3,469.0,0.0,0.0,0.25925925925925924,0.1111111111111111,17.37037037037037
2023,5,20436,F9,12889,13303,LAS,MIA,30,0,0,0,30,0,11,1,344.0,0.0,0.0,0.36666666666666664,0.03333333333333333,11.466666666666667
2023,5,20436,F9,12889,13796,LAS,OAK,3,0,0,0,3,0,1,1,119.0,0.0,0.0,0.3333333333333333,0.3333333333333333,39.666666666666664
2023,5,20436,F9,12889,14100,LAS,PHL,32,0,0,0,32,0,16,5,777.0,0.0,0.0,0.5,0.15625,24.28125
2023,5,20436,F9,12889,14107,LAS,PHX,58,0,0,0,58,0,23,10,1698.0,0.0,0.0,0.39655172413793105,0.1724137931034483,29.275862068965516
2023,5,20436,F9,12889,14679,LAS,SAN,39,0,0,0,39,0,22,7,1520.0,0.0,0.0,0.5641025641025641,0.1794871794871795,38.97435897435897
2023,5,20436,F9,12889,14747,LAS,SEA,27,0,0,0,27,0,10,4,613.0,0.0,0.0,0.37037037037037035,0.14814814814814814,22.703703703703702
2023,5,20436,F9,12889,14771,LAS,SFO,72,3,0,0,69,0,29,10,1944.0,0.041666666666666664,0.0,0.42028985507246375,0.14492753623188406,28.17391304347826
2023,5,20436,F9,12889,14869,LAS,SLC,31,0,0,0,31,0,14,4,626.0,0.0,0.0,0.45161290322580644,0.12903225806451613,20.193548387096776
2023,5,20436,F9,12889,15016,LAS,STL,29,0,0,0,29,0,12,4,581.0,0.0,0.0,0.41379310344827586,0.13793103448275862,20.03448275862069
2023,5,20436,F9,12889,15304,LAS,TPA,31,0,0,0,31,0,10,5,1000.0,0.0,0.0,0.3225806451612903,0.16129032258064516,32.25806451612903
2023,5,20436,F9,12953,10397,LGA,ATL,52,3,0,0,49,0,14,5,610.0,0.057692307692307696,0.0,0.2857142857142857,0.10204081632653061,12.448979591836734
2023,5,20436,F9,12953,11298,LGA,DFW,21,2,0,0,19,0,5,2,607.0,0.09523809523809523,0.0,0.2631578947368421,0.10526315789473684,31.94736842105263
2023,5,20436,F9,12953,13204,LGA,MCO,31,0,0,0,31,0,9,2,260.0,0.0,0.0,0.2903225806451613,0.06451612903225806,8.387096774193548
2023,5,20436,F9,12953,13303,LGA,MIA,10,0,0,0,10,0,3,0,5.0,0.0,0.0,0.3,0.0,0.5
2023,5,20436,F9,13204,10397,MCO,ATL,69,0,0,0,69,0,30,12,2289.0,0.0,0.0,0.43478260869565216,0.17391304347826086,33.17391304347826
2023,5,20436,F9,13204,10721,MCO,BOS,19,0,0,0,19,0,3,0,-55.0,0.0,0.0,0.15789473684210525,0.0,-2.8947368421052633
2023,5,20436,F9,13204,10821,MCO,BWI,42,0,0,0,42,0,15,4,711.0,0.0,0.0,0.35714285714285715,0.09523809523809523,16.928571428571427
2023,5,20436,F9,13204,11292,MCO,DEN,68,0,0,0,68,0,23,12,2272.0,0.0,0.0,0.3382352941176471,0.17647058823529413,33.411764705882355
2023,5,20436,F9,13204,11298,MCO,DFW,62,0,0,0,62,0,15,5,363.0,0.0,0.0,0.24193548387096775,0.08064516129032258,5.854838709677419
2023,5,20436,F9,13204,11433,MCO,DTW,24,0,0,0,24,0,4,3,448.0,0.0,0.0,0.16666666666666666,0.125,18.666666666666668
2023,5,20436,F9,13204,12266,MCO,IAH,18,1,0,0,17,0,7,3,548.0,0.05555555555555555,0.0,0.4117647058823529,0.17647058823529413,32.23529411764706
2023,5,20436,F9,13204,12889,MCO,LAS,61,0,0,0,61,0,17,10,1000.0,0.0,0.0,0.2786885245901639,0.16393442622950818,16.39344262295082
2023,5,20436,F9,13204,12953,MCO,LGA,31,0,0,0,31,0,8,1,233.0,0.0,0.0,0.25806451612903225,0.03225806451612903,7.516129032258065
2023,5,20436,F9,13204,13232,MCO,MDW,32,0,0,0,32,0,7,3,278.0,0.0,0.0,0.21875,0.09375,8.6875
2023,5,20436,F9,13204,13930,MCO,ORD,32,0,0,0,32,0,10,4,541.0,0.0,0.0,0.3125,0.125,16.90625
2023,5,20436,F9,13204,14100,MCO,PHL,184,1,0,0,183,0,56,25,3441.0,0.005434782608695652,0.0,0.30601092896174864,0.1366120218579235,18.80327868852459
2023,5,20436,F9,13204,14107,MCO,PHX,41,0,0,0,41,0,13,7,561.0,0.0,0.0,0.3170731707317073,0.17073170731707318,13.682926829268293
2023,5,20436,F9,13204,14679,MCO,SAN,21,0,0,0,21,0,9,4,584.0,0.0,0.0,0.42857142857142855,0.19047619047619047,27.80952380952381
2023,5,20436,F9,13204,14771,MCO,SFO,22,0,0,0,22,0,10,5,927.0,0.0,0.0,0.45454545454545453,0.22727272727272727,42.13636363636363
2023,5,20436,F9,13204,15016,MCO,STL,31,0,0,0,31,0,15,10,1479.0,0.0,0.0,0.4838709677419355,0.3225806451612903,47.70967741935484
2023,5,20436,F9,13232,10397,MDW,ATL,35,0,0,0,35,0,10,3,342.0,0.0,0.0,0.2857142857142857,0.08571428571428572,9.771428571428572
2023,5,20436,F9,13232,11292,MDW,DEN,30,0,0,0,30,0,13,5,1504.0,0.0,0.0,0.43333333333333335,0.16666666666666666,50.13333333333333
2023,5,20436,F9,13232,11298,MDW,DFW,36,2,0,0,34,0,12,8,1393.0,0.05555555555555555,0.0,0.35294117647058826,0.23529411764705882,40.970588235294116
2023,5,20436,F9,13232,11697,MDW,FLL,10,0,0,0,10,0,2,0,-20.0,0.0,0.0,0.2,0.0,-2.0
2023,5,20436,F9,13232,12889,MDW,LAS,27,0,0,0,27,0,9,6,1267.0,0.0,0.0,0.3333333333333333,0.2222222222222222,46.925925925925924
2023,5,20436,F9,13232,13204,MDW,MCO,32,0,0,0,32,0,3,1,725.0,0.0,0.0,0.09375,0.03125,22.65625
2023,5,20436,F9,13232,13303,MDW,MIA,19,0,0,0,19,0,6,3,381.0,0.0,0.0,0.3157894736842105,0.15789473684210525,20.05263157894737
2023,5,20436,F9,13232,14100,MDW,PHL,22,0,0,0,22,0,8,4,552.0,0.0,0.0,0.36363636363636365,0.18181818181818182,25.09090909090909
2023,5,20436,F9,13232,14107,MDW,PHX,37,1,0,0,36,0,3,0,-451.0,0.02702702702702703,0.0,0.08333333333333333,0.0,-12.527777777777779
2023,5,20436,F9,13232,14771,MDW,SFO,11,0,0,0,11,0,7,5,1428.0,0.0,0.0,0.6363636363636364,0.45454545454545453,129.8181818181818
2023,5,20436,F9,13232,15304,MDW,TPA,33,0,1,0,32,0,8,3,231.0,0.0,0.030303030303030304,0.25,0.09375,7.21875
2023,5,20436,F9,13303,10397,MIA,ATL,37,0,0,0,37,0,19,9,1406.0,0.0,0.0,0.5135135135135135,0.24324324324324326,38.0
2023,5,20436,F9,13303,10821,MIA,BWI,18,0,0,0,18,0,6,4,586.0,0.0,0.0,0.3333333333333333,0.2222222222222222,32.55555555555556
2023,5,20436,F9,13303,11292,MIA,DEN,31,0,0,0,31,0,6,4,234.0,0.0,0.0,0.1935483870967742,0.12903225806451613,7.548387096774194
2023,5,20436,F9,13303,11298,MIA,DFW,14,0,0,0,14,0,7,4,733.0,0.0,0.0,0.5,0.2857142857142857,52.357142857142854
2023,5,20436,F9,13303,12889,MIA,LAS,31,0,0,0,31,0,14,5,603.0,0.0,0.0,0.45161290322580644,0.16129032258064516,19.451612903225808
2023,5,20436,F9,13303,12953,MIA,LGA,10,0,0,0,10,0,0,0,-149.0,0.0,0.0,0.0,0.0,-14.9
2023,5,20436,F9,13303,13232,MIA,MDW,19,0,0,0,19,0,4,1,-80.0,0.0,0.0,0.21052631578947367,0.05263157894736842,-4.2105263157894735
2023,5,20436,F9,13303,14100,MIA,PHL,38,0,0,0,38,0,8,6,685.0,0.0,0.0,0.21052631578947367,0.15789473684210525,18.026315789473685
2023,5,20436,F9,13487,11292,MSP,DEN,53,0,0,0,53,0,14,6,1086.0,0.0,0.0,0.2641509433962264,0.11320754716981132,20.49056603773585
2023,5,20436,F9,13487,14107,MSP,PHX,5,0,0,0,5,0,0,0,-77.0,0.0,0.0,0.0,0.0,-15.4
2023,5,20436,F9,13796,12889,OAK,LAS,3,0,0,0,3,0,1,1,88.0,0.0,0.0,0.3333333333333333,0.3333333333333333,29.333333333333332
2023,5,20436,F9,13796,14107,OAK,PHX,2,0,0,0,2,0,1,0,18.0,0.0,0.0,0.5,0.0,9.0
2023,5,20436,F9,13930,10397,ORD,ATL,31,0,0,0,31,0,13,1,272.0,0.0,0.0,0.41935483870967744,0.03225806451612903,8.774193548387096
2023,5,20436,F9,13930,13204,ORD,MCO,32,0,0,0,32,0,20,7,1082.0,0.0,0.0,0.625,0.21875,33.8125
2023,5,20436,F9,14100,10397,PHL,ATL,70,1,0,0,69,0,37,11,2300.0,0.014285714285714285,0.0,0.5362318840579711,0.15942028985507245,33.333333333333336
2023,5,20436,F9,14100,10721,PHL,BOS,16,1,0,0,15,0,3,1,736.0,0.0625,0.0,0.2,0.06666666666666667,49.06666666666667
2023,5,20436,F9,14100,11292,PHL,DEN,27,0,0,0,27,0,8,3,207.0,0.0,0.0,0.2962962962962963,0.1111111111111111,7.666666666666667
2023,5,20436,F9,14100,11298,PHL,DFW,27,0,1,0,26,0,13,6,875.0,0.0,0.037037037037037035,0.5,0.23076923076923078,33.65384615384615
2023,5,20436,F9,14100,11697,PHL,FLL,50,0,0,0,50,0,23,9,1349.0,0.0,0.0,0.46,0.18,26.98
2023,5,20436,F9,14100,12889,PHL,LAS,32,0,0,0,32,0,6,4,-21.0,0.0,0.0,0.1875,0.125,-0.65625
2023,5,20436,F9,14100,13204,PHL,MCO,184,0,0,0,184,0,48,26,4622.0,0.0,0.0,0.2608695652173913,0.14130434782608695,25.119565217391305
2023,5,20436,F9,14100,13232,PHL,MDW,22,0,0,0,22,0,5,4,296.0,0.0,0.0,0.22727272727272727,0.18181818181818182,13.454545454545455
2023,5,20436,F9,14100,13303,PHL,MIA,39,0,0,0,39,0,10,5,405.0,0.0,0.0,0.2564102564102564,0.1282051282051282,10.384615384615385
2023,5,20436,F9,14100,14635,PHL,RSW,41,0,0,0,41,0,10,5,335.0,0.0,0.0,0.24390243902439024,0.12195121951219512,8.170731707317072
2023,5,20436,F9,14100,15304,PHL,TPA,61,1,1,0,59,0,10,4,130.0,0.01639344262295082,0.01639344262295082,0.1694915254237288,0.06779661016949153,2.2033898305084745
2023,5,20436,F9,14107,10397,PHX,ATL,22,1,0,0,21,0,11,6,829.0,0.045454545454545456,0.0,0.5238095238095238,0.2857142857142857,39.476190476190474
2023,5,20436,F9,14107,10821,PHX,BWI,31,0,0,0,31,0,14,7,863.0,0.0,0.0,0.45161290322580644,0.22580645161290322,27.838709677419356
2023,5,20436,F9,14107,11292,PHX,DEN,83,0,0,0,83,0,19,8,857.0,0.0,0.0,0.2289156626506024,0.0963855421686747,10.325301204819278
2023,5,20436,F9,14107,11298,PHX,DFW,47,0,0,0,47,0,12,5,654.0,0.0,0.0,0.2553191489361702,0.10638297872340426,13.914893617021276
2023,5,20436,F9,14107,11433,PHX,DTW,31,1,0,0,30,0,2,1,-110.0,0.03225806451612903,0.0,0.06666666666666667,0.03333333333333333,-3.6666666666666665
2023,5,20436,F9,14107,11697,PHX,FLL,10,0,0,0,10,0,4,1,224.0,0.0,0.0,0.4,0.1,22.4
2023,5,20436,F9,14107,12889,PHX,LAS,57,0,0,0,57,0,14,7,656.0,0.0,0.0,0.24561403508771928,0.12280701754385964,11.508771929824562
2023,5,20436,F9,14107,13204,PHX,MCO,42,0,0,0,42,0,12,4,484.0,0.0,0.0,0.2857142857142857,0.09523809523809523,11.523809523809524
2023,5,20436,F9,14107,13232,PHX,MDW,37,1,0,0,36,0,1,0,-217.0,0.02702702702702703,0.0,0.027777777777777776,0.0,-6.027777777777778
2023,5,20436,F9,14107,13487,PHX,MSP,5,0,0,0,5,0,1,0,-56.0,0.0,0.0,0.2,0.0,-11.2
2023,5,20436,F9,14107,13796,PHX,OAK,2,0,0,0,2,0,1,0,42.0,0.0,0.0,0.5,0.0,21.0
2023,5,20436,F9,14107,14679,PHX,SAN,31,0,0,0,31,0,10,4,455.0,0.0,0.0,0.3225806451612903,0.12903225806451613,14.67741935483871
2023,5,20436,F9,14107,14747,PHX,SEA,19,0,0,0,19,0,4,2,714.0,0.0,0.0,0.21052631578947367,0.10526315789473684,37.578947368421055
2023,5,20436,F9,14107,14771,PHX,SFO,30,2,0,0,28,0,3,2,260.0,0.06666666666666667,0.0,0.10714285714285714,0.07142857142857142,9.285714285714286
2023,5,20436,F9,14107,14869,PHX,SLC,23,0,0,0,23,0,2,0,-148.0,0.0,0.0,0.08695652173913043,0.0,-6.434782608695652
2023,5,20436,F9,14107,15304,PHX,TPA,21,0,0,0,21,0,1,0,-321.0,0.0,0.0,0.047619047619047616,0.0,-15.285714285714286
2023,5,20436,F9,14635,11292,RSW,DEN,9,0,0,0,9,0,1,1,-9.0,0.0,0.0,0.1111111111111111,0.1111111111111111,-1.0
2023,5,20436,F9,14635,14100,RSW,PHL,41,1,0,0,40,0,13,6,503.0,0.024390243902439025,0.0,0.325,0.15,12.575
2023,5,20436,F9,14679,10397,SAN,ATL,21,1,0,0,20,0,11,1,381.0,0.047619047619047616,0.0,0.55,0.05,19.05
2023,5,20436,F9,14679,11292,SAN,DEN,72,1,0,0,71,0,22,10,1361.0,0.013888888888888888,0.0,0.30985915492957744,0.14084507042253522,19.169014084507044
2023,5,20436,F9,14679,11298,SAN,DFW,31,0,0,0,31,0,13,3,612.0,0.0,0.0,0.41935483870967744,0.0967741935483871,19.741935483870968
2023,5,20436,F9,14679,12889,SAN,LAS,39,0,0,0,39,0,21,9,1287.0,0.0,0.0,0.5384615384615384,0.23076923076923078,33.0
2023,5,20436,F9,14679,13204,SAN,MCO,21,0,0,0,21,0,8,4,1380.0,0.0,0.0,0.38095238095238093,0.19047619047619047,65.71428571428571
2023,5,20436,F9,14679,14107,SAN,PHX,31,0,0,0,31,0,11,4,511.0,0.0,0.0,0.3548387096774194,0.12903225806451613,16.483870967741936
2023,5,20436,F9,14747,11292,SEA,DEN,31,0,0,0,31,0,16,4,894.0,0.0,0.0,0.5161290322580645,0.12903225806451613,28.838709677419356
2023,5,20436,F9,14747,12889,SEA,LAS,27,0,0,0,27,0,18,6,1374.0,0.0,0.0,0.6666666666666666,0.2222222222222222,50.888888888888886
2023,5,20436,F9,14747,14107,SEA,PHX,19,0,0,0,19,0,7,2,918.0,0.0,0.0,0.3684210526315789,0.10526315789473684,48.31578947368421
2023,5,20436,F9,14771,10397,SFO,ATL,30,0,0,0,30,0,16,9,2367.0,0.0,0.0,0.5333333333333333,0.3,78.9
2023,5,20436,F9,14771,11292,SFO,DEN,62,1,0,0,61,0,18,7,1241.0,0.016129032258064516,0.0,0.29508196721311475,0.11475409836065574,20.34426229508197
2023,5,20436,F9,14771,11298,SFO,DFW,31,0,0,0,31,0,16,9,2796.0,0.0,0.0,0.5161290322580645,0.2903225806451613,90.19354838709677
2023,5,20436,F9,14771,12889,SFO,LAS,72,4,0,0,68,0,29,10,1803.0,0.05555555555555555,0.0,0.4264705882352941,0.14705882352941177,26.514705882352942
2023,5,20436,F9,14771,13204,SFO,MCO,21,0,0,0,21,0,14,6,1779.0,0.0,0.0,0.6666666666666666,0.2857142857142857,84.71428571428571
2023,5,20436,F9,14771,13232,SFO,MDW,11,0,0,0,11,0,8,3,593.0,0.0,0.0,0.7272727272727273,0.2727272727272727,53.90909090909091
2023,5,20436,F9,14771,14107,SFO,PHX,30,1,0,0,29,0,11,5,1253.0,0.03333333333333333,0.0,0.3793103448275862,0.1724137931034483,43.206896551724135
2023,5,20436,F9,14869,10397,SLC,ATL,9,0,0,0,9,0,4,2,326.0,0.0,0.0,0.4444444444444444,0.2222222222222222,36.22222222222222
2023,5,20436,F9,14869,11292,SLC,DEN,62,2,0,0,60,0,21,12,1287.0,0.03225806451612903,0.0,0.35,0.2,21.45
2023,5,20436,F9,14869,12889,SLC,LAS,31,0,0,0,31,0,16,5,906.0,0.0,0.0,0.5161290322580645,0.16129032258064516,29.225806451612904
2023,5,20436,F9,14869,14107,SLC,PHX,23,0,0,0,23,0,5,0,107.0,0.0,0.0,0.21739130434782608,0.0,4.6521739130434785
2023,5,20436,F9,15016,11292,STL,DEN,31,0,0,0,31,0,13,3,1529.0,0.0,0.0,0.41935483870967744,0.0967741935483871,49.32258064516129
2023,5,20436,F9,15016,12889,STL,LAS,28,0,0,0,28,0,18,8,1082.0,0.0,0.0,0.6428571428571429,0.2857142857142857,38.642857142857146
2023,5,20436,F9,15016,13204,STL,MCO,31,2,1,0,28,0,16,3,879.0,0.06451612903225806,0.03225806451612903,0.5714285714285714,0.10714285714285714,31.392857142857142
2023,5,20436,F9,15304,10397,TPA,ATL,35,2,0,0,33,0,16,7,1121.0,0.05714285714285714,0.0,0.48484848484848486,0.21212121212121213,33.96969696969697
2023,5,20436,F9,15304,11292,TPA,DEN,66,2,0,0,64,0,16,8,72.0,0.030303030303030304,0.0,0.25,0.125,1.125
2023,5,20436,F9,15304,11298,TPA,DFW,29,0,0,0,29,0,1,0,-106.0,0.0,0.0,0.034482758620689655,0.0,-3.6551724137931036
2023,5,20436,F9,15304,11433,TPA,DTW,6,0,0,0,6,0,0,0,1.0,0.0,0.0,0.0,0.0,0.16666666666666666
2023,5,20436,F9,15304,12889,TPA,LAS,31,0,0,0,31,0,14,5,715.0,0.0,0.0,0.45161290322580644,0.16129032258064516,23.06451612903226
2023,5,20436,F9,15304,13232,TPA,MDW,33,0,0,0,33,0,10,2,299.0,0.0,0.0,0.30303030303030304,0.06060606060606061,9.06060606060606
2023,5,20436,F9,15304,14100,TPA,PHL,61,1,0,0,60,0,14,7,849.0,0.01639344262295082,0.0,0.23333333333333334,0.11666666666666667,14.15
2023,5,20436,F9,15304,14107,TPA,PHX,21,0,1,0,20,0,5,3,-80.0,0.0,0.047619047619047616,0.25,0.15,-4.0
2023,5,20452,YX,10397,11278,ATL,DCA,136,0,0,0,136,0,6,2,-1385.0,0.0,0.0,0.04411764705882353,0.014705882352941176,-10.183823529411764
2023,5,20452,YX,10397,11618,ATL,EWR,12,0,0,0,12,0,5,1,107.0,0.0,0.0,0.4166666666666667,0.08333333333333333,8.916666666666666
2023,5,20452,YX,10397,12953,ATL,LGA,14,0,0,0,14,0,1,0,-216.0,0.0,0.0,0.07142857142857142,0.0,-15.428571428571429
2023,5,20452,YX,10397,13930,ATL,ORD,4,0,0,0,4,0,1,0,-1.0,0.0,0.0,0.25,0.0,-0.25
2023,5,20452,YX,10397,14100,ATL,PHL,58,0,0,0,58,0,4,3,-375.0,0.0,0.0,0.06896551724137931,0.05172413793103448,-6.4655172413793105
2023,5,20452,YX,10721,10821,BOS,BWI,58,0,0,0,58,0,1,1,-733.0,0.0,0.0,0.017241379310344827,0.017241379310344827,-12.637931034482758
2023,5,20452,YX,10721,11278,BOS,DCA,290,0,1,0,289,0,9,3,-3276.0,0.0,0.0034482758620689655,0.031141868512110725,0.010380622837370242,-11.335640138408305
2023,5,20452,YX,10721,11618,BOS,EWR,84,0,0,0,84,0,7,2,-619.0,0.0,0.0,0.08333333333333333,0.023809523809523808,-7.369047619047619
2023,5,20452,YX,10721,12478,BOS,JFK,253,0,0,0,253,0,24,2,-1345.0,0.0,0.0,0.09486166007905138,0.007905138339920948,-5.316205533596838
2023,5,20452,YX,10721,12953,BOS,LGA,356,1,0,0,355,0,15,3,-4953.0,0.0028089887640449437,0.0,0.04225352112676056,0.008450704225352112,-13.952112676056338
2023,5,20452,YX,10721,13930,BOS,ORD,31,0,0,0,31,0,1,1,-451.0,0.0,0.0,0.03225806451612903,0.03225806451612903,-14.548387096774194
2023,5,20452,YX,10721,14100,BOS,PHL,83,0,0,0,83,0,5,2,-971.0,0.0,0.0,0.060240963855421686,0.024096385542168676,-11.698795180722891
2023,5,20452,YX,10721,15016,BOS,STL,52,0,0,0,52,0,4,1,-650.0,0.0,0.0,0.07692307692307693,0.019230769230769232,-12.5
2023,5,20452,YX,10821,10721,BWI,BOS,58,0,0,0,58,0,2,1,-749.0,0.0,0.0,0.034482758620689655,0.017241379310344827,-12.913793103448276
2023,5,20452,YX,11278,10397,DCA,ATL,136,0,0,0,136,0,9,3,-1239.0,0.0,0.0,0.0661764705882353,0.022058823529411766,-9.110294117647058
2023,5,20452,YX,11278,10721,DCA,BOS,291,0,0,0,291,0,15,2,-3596.0,0.0,0.0,0.05154639175257732,0.006872852233676976,-12.357388316151203
2023,5,20452,YX,11278,11433,DCA,DTW,27,0,0,0,27,0,4,1,-26.0,0.0,0.0,0.14814814814814814,0.037037037037037035,-0.9629629629629629
2023,5,20452,YX,11278,11618,DCA,EWR,146,0,0,0,146,0,19,3,-1605.0,0.0,0.0,0.13013698630136986,0.02054794520547945,-10.993150684931507
2023,5,20452,YX,11278,12478,DCA,JFK,248,0,0,0,248,0,31,9,-1022.0,0.0,0.0,0.125,0.036290322580645164,-4.120967741935484
2023,5,20452,YX,11278,12953,DCA,LGA,346,0,0,0,346,0,17,3,-4597.0,0.0,0.0,0.049132947976878616,0.008670520231213872,-13.286127167630058
2023,5,20452,YX,11278,13930,DCA,ORD,37,0,0,0,37,0,0,0,-729.0,0.0,0.0,0.0,0.0,-19.7027027027027
2023,5,20452,YX,11278,14100,DCA,PHL,31,0,0,0,31,0,1,1,-405.0,0.0,0.0,0.03225806451612903,0.03225806451612903,-13.064516129032258
2023,5,20452,YX,11278,15016,DCA,STL,62,0,0,0,62,0,2,0,-714.0,0.0,0.0,0.03225806451612903,0.0,-11.516129032258064
2023,5,20452,YX,11298,11618,DFW,EWR,5,0,0,0,5,0,1,0,-56.0,0.0,0.0,0.2,0.0,-11.2
2023,5,20452,YX,11433,11278,DTW,DCA,27,0,0,0,27,0,4,2,-145.0,0.0,0.0,0.14814814814814814,0.07407407407407407,-5.37037037037037
2023,5,20452,YX,11433,11618,DTW,EWR,117,0,0,0,117,0,19,3,-551.0,0.0,0.0,0.1623931623931624,0.02564102564102564,-4.7094017094017095
2023,5,20452,YX,11433,12953,DTW,LGA,108,0,0,0,108,0,4,1,-1131.0,0.0,0.0,0.037037037037037035,0.009259259259259259,-10.472222222222221
2023,5,20452,YX,11433,13930,DTW,ORD,5,0,0,0,5,0,0,0,-76.0,0.0,0.0,0.0,0.0,-15.2
2023,5,20452,YX,11433,14100,DTW,PHL,35,0,0,0,35,0,1,1,-195.0,0.0,0.0,0.02857142857142857,0.02857142857142857,-5.571428571428571
2023,5,20452,YX,11618,10397,EWR,ATL,12,0,0,0,12,0,2,1,-56.0,0.0,0.0,0.16666666666666666,0.08333333333333333,-4.666666666666667
2023,5,20452,YX,11618,10721,EWR,BOS,83,0,0,0,83,0,5,1,-844.0,0.0,0.0,0.060240963855421686,0.012048192771084338,-10.168674698795181
2023,5,20452,YX,11618,11278,EWR,DCA,147,0,0,0,147,0,6,2,-1451.0,0.0,0.0,0.04081632653061224,0.013605442176870748,-9.870748299319727
2023,5,20452,YX,11618,11298,EWR,DFW,5,0,0,0,5,0,0,0,-120.0,0.0,0.0,0.0,0.0,-24.0
2023,5,20452,YX,11618,11433,EWR,DTW,116,0,0,0,116,0,11,1,-1624.0,0.0,0.0,0.09482758620689655,0.008620689655172414,-14.0
2023,5,20452,YX,11618,13487,EWR,MSP,26,0,0,0,26,0,3,0,-403.0,0.0,0.0,0.11538461538461539,0.0,-15.5
2023,5,20452,YX,11618,13930,EWR,ORD,7,0,0,0,7,0,2,0,-71.0,0.0,0.0,0.2857142857142857,0.0,-10.142857142857142
2023,5,20452,YX,11618,14100,EWR,PHL,1,0,0,0,1,0,0,0,-4.0,0.0,0.0,0.0,0.0,-4.0
2023,5,20452,YX,11618,14635,EWR,RSW,4,0,0,0,4,0,0,0,-36.0,0.0,0.0,0.0,0.0,-9.0
2023,5,20452,YX,11618,15016,EWR,STL,37,0,0,0,37,0,1,0,-529.0,0.0,0.0,0.02702702702702703,0.0,-14.297297297297296
2023,5,20452,YX,12266,12953,IAH,LGA,48,0,2,0,46,0,5,4,-126.0,0.0,0.041666666666666664,0.10869565217391304,0.08695652173913043,-2.739130434782609
2023,5,20452,YX,12478,10721,JFK,BOS,251,0,0,0,251,0,13,2,-4570.0,0.0,0.0,0.05179282868525897,0.00796812749003984,-18.207171314741036
2023,5,20452,YX,12478,11278,JFK,DCA,248,1,1,0,246,0,13,4,-3840.0,0.004032258064516129,0.004032258064516129,0.052845528455284556,0.016260162601626018,-15.609756097560975
2023,5,20452,YX,12953,10397,LGA,ATL,13,0,0,0,13,0,0,0,-267.0,0.0,0.0,0.0,0.0,-20.53846153846154
2023,5,20452,YX,12953,10721,LGA,BOS,357,2,0,0,355,0,14,5,-5410.0,0.0056022408963585435,0.0,0.03943661971830986,0.014084507042253521,-15.23943661971831
2023,5,20452,YX,12953,11278,LGA,DCA,345,1,0,0,344,0,10,1,-5581.0,0.002898550724637681,0.0,0.029069767441860465,0.0029069767441860465,-16.223837209302324
2023,5,20452,YX,12953,11433,LGA,DTW,108,0,0,0,108,0,4,1,-1868.0,0.0,0.0,0.037037037037037035,0.009259259259259259,-17.296296296296298
2023,5,20452,YX,12953,12266,LGA,IAH,48,0,2,0,46,0,5,1,-383.0,0.0,0.041666666666666664,0.10869565217391304,0.021739130434782608,-8.326086956521738
2023,5,20452,YX,12953,13487,LGA,MSP,55,0,0,0,55,0,5,1,-1021.0,0.0,0.0,0.09090909090909091,0.01818181818181818,-18.563636363636363
2023,5,20452,YX,12953,13930,LGA,ORD,13,0,0,0,13,0,0,0,-509.0,0.0,0.0,0.0,0.0,-39.15384615384615
2023,5,20452,YX,12953,15016,LGA,STL,109,0,0,0,109,0,4,0,-2516.0,0.0,0.0,0.03669724770642202,0.0,-23.08256880733945
2023,5,20452,YX,13487,11618,MSP,EWR,26,0,1,0,25,0,3,0,-111.0,0.0,0.038461538461538464,0.12,0.0,-4.44
2023,5,20452,YX,13487,12953,MSP,LGA,55,0,0,0,55,0,2,0,-652.0,0.0,0.0,0.03636363636363636,0.0,-11.854545454545455
2023,5,20452,YX,13487,13930,MSP,ORD,36,0,0,0,36,0,2,0,-389.0,0.0,0.0,0.05555555555555555,0.0,-10.805555555555555
2023,5,20452,YX,13487,14100,MSP,PHL,31,0,0,0,31,0,2,1,-89.0,0.0,0.0,0.06451612903225806,0.03225806451612903,-2.870967741935484
2023,5,20452,YX,13930,10397,ORD,ATL,4,0,0,0,4,0,0,0,-72.0,0.0,0.0,0.0,0.0,-18.0
2023,5,20452,YX,13930,10721,ORD,BOS,31,0,0,0,31,0,4,4,152.0,0.0,0.0,0.12903225806451613,0.12903225806451613,4.903225806451613
2023,5,20452,YX,13930,11278,ORD,DCA,37,0,0,0,37,0,1,0,-545.0,0.0,0.0,0.02702702702702703,0.0,-14.72972972972973
2023,5,20452,YX,13930,11433,ORD,DTW,5,0,0,0,5,0,1,0,22.0,0.0,0.0,0.2,0.0,4.4
2023,5,20452,YX,13930,11618,ORD,EWR,7,0,0,0,7,0,2,1,42.0,0.0,0.0,0.2857142857142857,0.14285714285714285,6.0
2023,5,20452,YX,13930,12953,ORD,LGA,13,0,0,0,13,0,0,0,-148.0,0.0,0.0,0.0,0.0,-11.384615384615385
2023,5,20452,YX,13930,13487,ORD,MSP,36,0,0,0,36,0,5,0,-71.0,0.0,0.0,0.1388888888888889,0.0,-1.9722222222222223
2023,5,20452,YX,13930,15016,ORD,STL,4,0,0,0,4,0,0,0,-25.0,0.0,0.0,0.0,0.0,-6.25
2023,5,20452,YX,14100,10397,PHL,ATL,58,0,0,0,58,0,0,0,-813.0,0.0,0.0,0.0,0.0,-14.017241379310345
2023,5,20452,YX,14100,10721,PHL,BOS,83,0,0,0,83,0,3,1,-474.0,0.0,0.0,0.03614457831325301,0.012048192771084338,-5.710843373493976
2023,5,20452,YX,14100,11278,PHL,DCA,31,0,0,0,31,0,1,0,-262.0,0.0,0.0,0.03225806451612903,0.0,-8.451612903225806
2023,5,20452,YX,14100,11433,PHL,DTW,35,0,0,0,35,0,2,1,79.0,0.0,0.0,0.05714285714285714,0.02857142857142857,2.257142857142857
2023,5,20452,YX,14100,11618,PHL,EWR,1,0,0,0,1,0,0,0,-25.0,0.0,0.0,0.0,0.0,-25.0
2023,5,20452,YX,14100,13487,PHL,MSP,31,0,0,0,31,0,1,0,-640.0,0.0,0.0,0.03225806451612903,0.0,-20.64516129032258
2023,5,20452,YX,14100,15016,PHL,STL,23,0,0,0,23,0,0,0,-371.0,0.0,0.0,0.0,0.0,-16.130434782608695
2023,5,20452,YX,14635,11618,RSW,EWR,4,0,0,0,4,0,0,0,-47.0,0.0,0.0,0.0,0.0,-11.75
2023,5,20452,YX,15016,10721,STL,BOS,53,0,0,0,53,0,6,2,61.0,0.0,0.0,0.11320754716981132,0.03773584905660377,1.150943396226415
2023,5,20452,YX,15016,11278,STL,DCA,62,0,0,0,62,0,4,1,-271.0,0.0,0.0,0.06451612903225806,0.016129032258064516,-4.370967741935484
2023,5,20452,YX,15016,11618,STL,EWR,36,0,0,0,36,0,3,1,-226.0,0.0,0.0,0.08333333333333333,0.027777777777777776,-6.277777777777778
2023,5,20452,YX,15016,12953,STL,LGA,110,0,0,0,110,0,3,0,-1238.0,0.0,0.0,0.02727272727272727,0.0,-11.254545454545454
2023,5,20452,YX,15016,13930,STL,ORD,4,0,0,0,4,0,0,0,6.0,0.0,0.0,0.0,0.0,1.5
2023,5,20452,YX,15016,14100,STL,PHL,23,0,0,0,23,0,0,0,-194.0,0.0,0.0,0.0,0.0,-8.434782608695652
2023,6,19393,WN,10397,10821,ATL,BWI,210,5,0,0,205,0,57,16,2427.0,0.023809523809523808,0.0,0.2780487804878049,0.07804878048780488,11.839024390243903
2023,6,19393,WN,10397,11278,ATL,DCA,118,1,0,0,117,0,29,14,1208.0,0.00847457627118644,0.0,0.24786324786324787,0.11965811965811966,10.324786324786325
2023,6,19393,WN,10397,11292,ATL,DEN,135,0,1,0,134,0,52,24,3283.0,0.0,0.007407407407407408,0.3880597014925373,0.1791044776119403,24.5
2023,6,19393,WN,10397,11697,ATL,FLL,100,0,2,0,98,0,51,13,3120.0,0.0,0.02,0.5204081632653061,0.1326530612244898,31.836734693877553
2023,6,19393,WN,10397,12889,ATL,LAS,58,0,1,0,57,0,20,7,893.0,0.0,0.017241379310344827,0.3508771929824561,0.12280701754385964,15.666666666666666
2023,6,19393,WN,10397,12892,ATL,LAX,4,0,0,0,4,0,1,0,18.0,0.0,0.0,0.25,0.0,4.5
2023,6,19393,WN,10397,12953,ATL,LGA,116,5,2,0,109,0,45,18,2278.0,0.04310344827586207,0.017241379310344827,0.41284403669724773,0.1651376146788991,20.89908256880734
2023,6,19393,WN,10397,13204,ATL,MCO,149,0,0,0,149,0,60,14,3269.0,0.0,0.0,0.40268456375838924,0.09395973154362416,21.93959731543624
2023,6,19393,WN,10397,13232,ATL,MDW,163,0,0,0,163,0,48,14,2459.0,0.0,0.0,0.294478527607362,0.08588957055214724,15.085889570552148
2023,6,19393,WN,10397,13303,ATL,MIA,61,0,0,0,61,0,26,6,1148.0,0.0,0.0,0.4262295081967213,0.09836065573770492,18.81967213114754
2023,6,19393,WN,10397,13796,ATL,OAK,4,0,0,0,4,0,3,0,91.0,0.0,0.0,0.75,0.0,22.75
2023,6,19393,WN,10397,14100,ATL,PHL,34,0,0,0,34,0,5,0,-103.0,0.0,0.0,0.14705882352941177,0.0,-3.0294117647058822
2023,6,19393,WN,10397,14107,ATL,PHX,38,0,0,0,38,0,11,2,594.0,0.0,0.0,0.2894736842105263,0.05263157894736842,15.631578947368421
2023,6,19393,WN,10397,14635,ATL,RSW,34,0,0,0,34,0,17,3,730.0,0.0,0.0,0.5,0.08823529411764706,21.470588235294116
2023,6,19393,WN,10397,14679,ATL,SAN,4,0,0,0,4,0,1,0,-1.0,0.0,0.0,0.25,0.0,-0.25
2023,6,19393,WN,10397,15016,ATL,STL,90,0,0,0,90,0,42,11,2148.0,0.0,0.0,0.4666666666666667,0.12222222222222222,23.866666666666667
2023,6,19393,WN,10397,15304,ATL,TPA,122,0,0,0,122,0,45,17,2876.0,0.0,0.0,0.36885245901639346,0.13934426229508196,23.57377049180328
2023,6,19393,WN,10721,10821,BOS,BWI,222,5,0,0,217,0,50,16,2221.0,0.02252252252252252,0.0,0.2304147465437788,0.07373271889400922,10.235023041474655
2023,6,19393,WN,10721,11292,BOS,DEN,34,0,0,0,34,0,6,1,-147.0,0.0,0.0,0.17647058823529413,0.029411764705882353,-4.323529411764706
2023,6,19393,WN,10721,13204,BOS,MCO,1,0,0,0,1,0,0,0,-14.0,0.0,0.0,0.0,0.0,-14.0
2023,6,19393,WN,10721,13232,BOS,MDW,116,0,0,0,116,0,31,15,2285.0,0.0,0.0,0.2672413793103448,0.12931034482758622,19.698275862068964
2023,6,19393,WN,10721,15016,BOS,STL,59,0,0,0,59,0,16,9,1083.0,0.0,0.0,0.2711864406779661,0.15254237288135594,18.35593220338983
2023,6,19393,WN,10821,10397,BWI,ATL,210,1,1,0,208,0,79,23,4171.0,0.004761904761904762,0.004761904761904762,0.3798076923076923,0.11057692307692307,20.052884615384617
2023,6,19393,WN,10821,10721,BWI,BOS,222,3,0,0,219,0,84,33,5433.0,0.013513513513513514,0.0,0.3835616438356164,0.1506849315068493,24.80821917808219
2023,6,19393,WN,10821,11292,BWI,DEN,159,1,1,0,157,0,47,17,1759.0,0.006289308176100629,0.006289308176100629,0.29936305732484075,0.10828025477707007,11.203821656050955
2023,6,19393,WN,10821,11433,BWI,DTW,60,2,0,0,58,0,23,6,1293.0,0.03333333333333333,0.0,0.39655172413793105,0.10344827586206896,22.29310344827586
2023,6,19393,WN,10821,11697,BWI,FLL,270,4,5,0,261,0,95,40,5867.0,0.014814814814814815,0.018518518518518517,0.36398467432950193,0.1532567049808429,22.478927203065133
2023,6,19393,WN,10821,12889,BWI,LAS,87,0,0,0,87,0,43,6,1830.0,0.0,0.0,0.4942528735632184,0.06896551724137931,21.03448275862069
2023,6,19393,WN,10821,12892,BWI,LAX,35,0,0,0,35,0,9,2,565.0,0.0,0.0,0.2571428571428571,0.05714285714285714,16.142857142857142
2023,6,19393,WN,10821,13204,BWI,MCO,333,3,2,0,328,0,126,56,8309.0,0.009009009009009009,0.006006006006006006,0.38414634146341464,0.17073170731707318,25.33231707317073
2023,6,19393,WN,10821,13232,BWI,MDW,149,2,0,0,147,0,54,18,2954.0,0.013422818791946308,0.0,0.3673469387755102,0.12244897959183673,20.095238095238095
2023,6,19393,WN,10821,13303,BWI,MIA,96,1,2,0,93,0,39,15,2034.0,0.010416666666666666,0.020833333333333332,0.41935483870967744,0.16129032258064516,21.870967741935484
2023,6,19393,WN,10821,13487,BWI,MSP,34,0,0,0,34,0,8,1,357.0,0.0,0.0,0.23529411764705882,0.029411764705882353,10.5
2023,6,19393,WN,10821,13930,BWI,ORD,85,1,0,0,84,0,28,7,1192.0,0.011764705882352941,0.0,0.3333333333333333,0.08333333333333333,14.19047619047619
2023,6,19393,WN,10821,14107,BWI,PHX,66,2,0,0,64,0,23,8,1033.0,0.030303030303030304,0.0,0.359375,0.125,16.140625
2023,6,19393,WN,10821,14635,BWI,RSW,148,6,0,0,142,0,46,17,2610.0,0.04054054054054054,0.0,0.323943661971831,0.11971830985915492,18.380281690140844
2023,6,19393,WN,10821,14679,BWI,SAN,55,1,0,0,54,0,19,5,830.0,0.01818181818181818,0.0,0.35185185185185186,0.09259259259259259,15.37037037037037
2023,6,19393,WN,10821,14869,BWI,SLC,4,0,0,0,4,0,3,0,109.0,0.0,0.0,0.75,0.0,27.25
2023,6,19393,WN,10821,15016,BWI,STL,93,3,0,0,90,0,35,11,1884.0,0.03225806451612903,0.0,0.3888888888888889,0.12222222222222222,20.933333333333334
2023,6,19393,WN,10821,15304,BWI,TPA,238,2,2,0,234,0,89,28,4358.0,0.008403361344537815,0.008403361344537815,0.3803418803418803,0.11965811965811966,18.623931623931625
2023,6,19393,WN,11278,10397,DCA,ATL,118,2,0,0,116,0,23,5,863.0,0.01694915254237288,0.0,0.19827586206896552,0.04310344827586207,7.439655172413793
2023,6,19393,WN,11278,11697,DCA,FLL,59,0,1,0,58,0,16,4,555.0,0.0,0.01694915254237288,0.27586206896551724,0.06896551724137931,9.568965517241379
2023,6,19393,WN,11278,13204,DCA,MCO,67,0,1,0,66,0,15,1,383.0,0.0,0.014925373134328358,0.22727272727272727,0.015151515151515152,5.803030303030303
2023,6,19393,WN,11278,13232,DCA,MDW,178,1,0,0,177,0,41,12,1611.0,0.0056179775280898875,0.0,0.23163841807909605,0.06779661016949153,9.101694915254237
2023,6,19393,WN,11278,15016,DCA,STL,112,2,1,0,109,0,29,8,1611.0,0.017857142857142856,0.008928571428571428,0.26605504587155965,0.07339449541284404,14.779816513761467
2023,6,19393,WN,11278,15304,DCA,TPA,63,1,0,0,62,0,22,9,1269.0,0.015873015873015872,0.0,0.3548387096774194,0.14516129032258066,20.467741935483872
2023,6,19393,WN,11292,10397,DEN,ATL,135,0,0,0,135,0,49,14,2327.0,0.0,0.0,0.362962962962963,0.1037037037037037,17.237037037037037
2023,6,19393,WN,11292,10721,DEN,BOS,34,0,0,0,34,0,15,5,831.0,0.0,0.0,0.4411764705882353,0.14705882352941177,24.441176470588236
2023,6,19393,WN,11292,10821,DEN,BWI,155,3,1,0,151,0,65,25,4218.0,0.01935483870967742,0.0064516129032258064,0.4304635761589404,0.16556291390728478,27.933774834437084
2023,6,19393,WN,11292,11433,DEN,DTW,30,0,0,0,30,0,8,1,354.0,0.0,0.0,0.26666666666666666,0.03333333333333333,11.8
2023,6,19393,WN,11292,11697,DEN,FLL,31,0,1,0,30,0,17,7,804.0,0.0,0.03225806451612903,0.5666666666666667,0.23333333333333334,26.8
2023,6,19393,WN,11292,12266,DEN,IAH,86,3,0,0,83,0,32,9,1706.0,0.03488372093023256,0.0,0.3855421686746988,0.10843373493975904,20.55421686746988
2023,6,19393,WN,11292,12889,DEN,LAS,352,3,0,0,349,0,131,33,5436.0,0.008522727272727272,0.0,0.3753581661891118,0.09455587392550144,15.57593123209169
2023,6,19393,WN,11292,12892,DEN,LAX,160,4,0,0,156,0,61,22,3253.0,0.025,0.0,0.391025641025641,0.14102564102564102,20.852564102564102
2023,6,19393,WN,11292,12953,DEN,LGA,104,1,2,0,101,0,47,12,2201.0,0.009615384615384616,0.019230769230769232,0.46534653465346537,0.1188118811881188,21.792079207920793
2023,6,19393,WN,11292,13204,DEN,MCO,128,2,2,0,124,0,69,23,4100.0,0.015625,0.015625,0.5564516129032258,0.18548387096774194,33.064516129032256
2023,6,19393,WN,11292,13232,DEN,MDW,272,5,1,0,266,0,94,31,5570.0,0.01838235294117647,0.003676470588235294,0.3533834586466165,0.11654135338345864,20.93984962406015
2023,6,19393,WN,11292,13303,DEN,MIA,7,0,0,0,7,0,2,0,81.0,0.0,0.0,0.2857142857142857,0.0,11.571428571428571
2023,6,19393,WN,11292,13487,DEN,MSP,191,3,0,0,188,0,62,17,3049.0,0.015706806282722512,0.0,0.32978723404255317,0.09042553191489362,16.21808510638298
2023,6,19393,WN,11292,13796,DEN,OAK,152,6,0,0,146,0,65,19,2848.0,0.039473684210526314,0.0,0.4452054794520548,0.13013698630136986,19.506849315068493
2023,6,19393,WN,11292,13930,DEN,ORD,166,0,0,0,166,0,70,21,3686.0,0.0,0.0,0.42168674698795183,0.12650602409638553,22.204819277108435
2023,6,19393,WN,11292,14100,DEN,PHL,33,3,0,0,30,0,18,6,1036.0,0.09090909090909091,0.0,0.6,0.2,34.53333333333333
2023,6,19393,WN,11292,14107,DEN,PHX,387,2,0,0,385,0,142,47,8367.0,0.00516795865633075,0.0,0.36883116883116884,0.12207792207792208,21.73246753246753
2023,6,19393,WN,11292,14635,DEN,RSW,4,0,0,0,4,0,2,1,247.0,0.0,0.0,0.5,0.25,61.75
2023,6,19393,WN,11292,14679,DEN,SAN,204,3,0,0,201,0,76,22,4278.0,0.014705882352941176,0.0,0.3781094527363184,0.10945273631840796,21.28358208955224
2023,6,19393,WN,11292,14747,DEN,SEA,162,1,0,0,161,0,64,19,2994.0,0.006172839506172839,0.0,0.39751552795031053,0.11801242236024845,18.596273291925467
2023,6,19393,WN,11292,14771,DEN,SFO,133,2,0,0,131,0,56,22,3555.0,0.015037593984962405,0.0,0.42748091603053434,0.16793893129770993,27.137404580152673
2023,6,19393,WN,11292,14869,DEN,SLC,234,2,1,0,231,0,91,27,4844.0,0.008547008547008548,0.004273504273504274,0.3939393939393939,0.11688311688311688,20.96969696969697
2023,6,19393,WN,11292,15016,DEN,STL,178,5,0,0,173,0,51,17,2105.0,0.028089887640449437,0.0,0.2947976878612717,0.09826589595375723,12.167630057803468
2023,6,19393,WN,11292,15304,DEN,TPA,113,1,0,0,112,0,41,18,2312.0,0.008849557522123894,0.0,0.36607142857142855,0.16071428571428573,20.642857142857142
2023,6,19393,WN,11433,10821,DTW,BWI,60,0,0,0,60,0,15,3,977.0,0.0,0.0,0.25,0.05,16.283333333333335
2023,6,19393,WN,11433,11292,DTW,DEN,30,0,0,0,30,0,7,2,466.0,0.0,0.0,0.23333333333333334,0.06666666666666667,15.533333333333333
2023,6,19393,WN,11433,12889,DTW,LAS,3,0,0,0,3,0,0,0,-63.0,0.0,0.0,0.0,0.0,-21.0
2023,6,19393,WN,11433,13204,DTW,MCO,1,0,0,0,1,0,0,0,-14.0,0.0,0.0,0.0,0.0,-14.0
2023,6,19393,WN,11433,13232,DTW,MDW,108,2,0,0,106,0,12,8,625.0,0.018518518518518517,0.0,0.11320754716981132,0.07547169811320754,5.89622641509434
2023,6,19393,WN,11433,14107,DTW,PHX,4,0,0,0,4,0,0,0,-35.0,0.0,0.0,0.0,0.0,-8.75
2023,6,19393,WN,11433,15016,DTW,STL,52,0,0,0,52,0,17,3,590.0,0.0,0.0,0.3269230769230769,0.057692307692307696,11.346153846153847
2023,6,19393,WN,11697,10397,FLL,ATL,96,0,0,0,96,0,39,14,2629.0,0.0,0.0,0.40625,0.14583333333333334,27.385416666666668
2023,6,19393,WN,11697,10821,FLL,BWI,270,9,1,0,260,0,83,27,3355.0,0.03333333333333333,0.003703703703703704,0.3192307692307692,0.10384615384615385,12.903846153846153
2023,6,19393,WN,11697,11278,FLL,DCA,59,1,1,0,57,0,24,9,1122.0,0.01694915254237288,0.01694915254237288,0.42105263157894735,0.15789473684210525,19.68421052631579
2023,6,19393,WN,11697,11292,FLL,DEN,31,0,0,0,31,0,20,10,1849.0,0.0,0.0,0.6451612903225806,0.3225806451612903,59.645161290322584
2023,6,19393,WN,11697,13204,FLL,MCO,53,0,0,0,53,0,22,9,1493.0,0.0,0.0,0.41509433962264153,0.16981132075471697,28.169811320754718
2023,6,19393,WN,11697,13232,FLL,MDW,94,2,0,0,92,0,34,14,1741.0,0.02127659574468085,0.0,0.3695652173913043,0.15217391304347827,18.92391304347826
2023,6,19393,WN,11697,13930,FLL,ORD,4,0,0,0,4,0,0,0,-20.0,0.0,0.0,0.0,0.0,-5.0
2023,6,19393,WN,11697,14100,FLL,PHL,4,0,0,0,4,0,1,0,5.0,0.0,0.0,0.25,0.0,1.25
2023,6,19393,WN,11697,14107,FLL,PHX,4,0,0,0,4,0,2,2,232.0,0.0,0.0,0.5,0.5,58.0
2023,6,19393,WN,11697,15016,FLL,STL,45,0,0,0,45,0,27,11,2286.0,0.0,0.0,0.6,0.24444444444444444,50.8
2023,6,19393,WN,11697,15304,FLL,TPA,56,0,0,0,56,0,19,6,874.0,0.0,0.0,0.3392857142857143,0.10714285714285714,15.607142857142858
2023,6,19393,WN,12173,12889,HNL,LAS,60,0,1,0,59,0,7,0,-469.0,0.0,0.016666666666666666,0.11864406779661017,0.0,-7.9491525423728815
2023,6,19393,WN,12173,12892,HNL,LAX,30,0,1,0,29,0,3,0,-102.0,0.0,0.03333333333333333,0.10344827586206896,0.0,-3.5172413793103448
2023,6,19393,WN,12173,13796,HNL,OAK,60,0,0,0,60,0,5,0,-56.0,0.0,0.0,0.08333333333333333,0.0,-0.9333333333333333
2023,6,19393,WN,12173,14107,HNL,PHX,30,0,0,0,30,0,1,1,-328.0,0.0,0.0,0.03333333333333333,0.03333333333333333,-10.933333333333334
2023,6,19393,WN,12173,14679,HNL,SAN,60,0,0,0,60,0,8,1,-168.0,0.0,0.0,0.13333333333333333,0.016666666666666666,-2.8
2023,6,19393,WN,12266,11292,IAH,DEN,86,1,1,0,84,0,36,15,2322.0,0.011627906976744186,0.011627906976744186,0.42857142857142855,0.17857142857142858,27.642857142857142
2023,6,19393,WN,12266,12889,IAH,LAS,59,0,0,0,59,0,23,5,1113.0,0.0,0.0,0.3898305084745763,0.0847457627118644,18.864406779661017
2023,6,19393,WN,12266,13204,IAH,MCO,37,0,1,0,36,0,8,3,78.0,0.0,0.02702702702702703,0.2222222222222222,0.08333333333333333,2.1666666666666665
2023,6,19393,WN,12266,13232,IAH,MDW,52,0,0,0,52,0,13,1,341.0,0.0,0.0,0.25,0.019230769230769232,6.5576923076923075
2023,6,19393,WN,12889,10397,LAS,ATL,58,1,1,0,56,0,20,2,435.0,0.017241379310344827,0.017241379310344827,0.35714285714285715,0.03571428571428571,7.767857142857143
2023,6,19393,WN,12889,10821,LAS,BWI,90,0,0,0,90,0,46,6,1702.0,0.0,0.0,0.5111111111111111,0.06666666666666667,18.91111111111111
2023,6,19393,WN,12889,11292,LAS,DEN,373,6,6,0,361,0,135,53,7307.0,0.0160857908847185,0.0160857908847185,0.3739612188365651,0.14681440443213298,20.240997229916896
2023,6,19393,WN,12889,11433,LAS,DTW,3,0,0,0,3,0,1,0,24.0,0.0,0.0,0.3333333333333333,0.0,8.0
2023,6,19393,WN,12889,12173,LAS,HNL,60,0,0,0,60,0,9,3,52.0,0.0,0.0,0.15,0.05,0.8666666666666667
2023,6,19393,WN,12889,12266,LAS,IAH,59,0,1,0,58,0,17,3,433.0,0.0,0.01694915254237288,0.29310344827586204,0.05172413793103448,7.4655172413793105
2023,6,19393,WN,12889,12892,LAS,LAX,286,1,0,0,285,0,135,20,5013.0,0.0034965034965034965,0.0,0.47368421052631576,0.07017543859649122,17.589473684210525
2023,6,19393,WN,12889,13204,LAS,MCO,7,0,0,0,7,0,5,2,246.0,0.0,0.0,0.7142857142857143,0.2857142857142857,35.142857142857146
2023,6,19393,WN,12889,13232,LAS,MDW,276,2,3,0,271,0,91,11,3273.0,0.007246376811594203,0.010869565217391304,0.33579335793357934,0.04059040590405904,12.07749077490775
2023,6,19393,WN,12889,13796,LAS,OAK,337,0,0,0,337,0,123,21,4609.0,0.0,0.0,0.3649851632047478,0.06231454005934718,13.676557863501484
2023,6,19393,WN,12889,13930,LAS,ORD,61,0,0,0,61,0,32,3,1317.0,0.0,0.0,0.5245901639344263,0.04918032786885246,21.59016393442623
2023,6,19393,WN,12889,14107,LAS,PHX,317,1,0,0,316,0,88,18,3097.0,0.0031545741324921135,0.0,0.27848101265822783,0.056962025316455694,9.800632911392405
2023,6,19393,WN,12889,14679,LAS,SAN,444,1,0,0,443,0,158,22,5550.0,0.0022522522522522522,0.0,0.35665914221218964,0.04966139954853273,12.528216704288939
2023,6,19393,WN,12889,14747,LAS,SEA,91,1,0,0,90,0,38,3,1081.0,0.01098901098901099,0.0,0.4222222222222222,0.03333333333333333,12.011111111111111
2023,6,19393,WN,12889,14771,LAS,SFO,112,1,0,0,111,0,55,9,2347.0,0.008928571428571428,0.0,0.4954954954954955,0.08108108108108109,21.144144144144143
2023,6,19393,WN,12889,14869,LAS,SLC,156,0,1,0,155,0,38,8,1346.0,0.0,0.00641025641025641,0.24516129032258063,0.05161290322580645,8.683870967741935
2023,6,19393,WN,12889,15016,LAS,STL,112,0,0,0,112,0,52,7,2228.0,0.0,0.0,0.4642857142857143,0.0625,19.892857142857142
2023,6,19393,WN,12889,15304,LAS,TPA,8,0,0,0,8,0,2,0,44.0,0.0,0.0,0.25,0.0,5.5
2023,6,19393,WN,12892,10397,LAX,ATL,4,0,0,0,4,0,0,0,-13.0,0.0,0.0,0.0,0.0,-3.25
2023,6,19393,WN,12892,10821,LAX,BWI,35,0,0,0,35,0,7,2,165.0,0.0,0.0,0.2,0.05714285714285714,4.714285714285714
2023,6,19393,WN,12892,11292,LAX,DEN,166,5,1,0,160,0,60,14,2461.0,0.030120481927710843,0.006024096385542169,0.375,0.0875,15.38125
2023,6,19393,WN,12892,12173,LAX,HNL,30,0,0,0,30,0,4,1,71.0,0.0,0.0,0.13333333333333333,0.03333333333333333,2.3666666666666667
2023,6,19393,WN,12892,12889,LAX,LAS,286,1,0,0,285,0,108,13,3352.0,0.0034965034965034965,0.0,0.37894736842105264,0.0456140350877193,11.761403508771929
2023,6,19393,WN,12892,13232,LAX,MDW,138,0,1,0,137,0,45,9,1231.0,0.0,0.007246376811594203,0.3284671532846715,0.06569343065693431,8.985401459854014
2023,6,19393,WN,12892,13796,LAX,OAK,268,1,0,0,267,0,49,13,867.0,0.0037313432835820895,0.0,0.18352059925093633,0.04868913857677903,3.247191011235955
2023,6,19393,WN,12892,14107,LAX,PHX,211,0,0,0,211,0,50,14,1470.0,0.0,0.0,0.23696682464454977,0.06635071090047394,6.966824644549763
2023,6,19393,WN,12892,14771,LAX,SFO,156,0,0,0,156,0,60,10,2496.0,0.0,0.0,0.38461538461538464,0.0641025641025641,16.0
2023,6,19393,WN,12892,14869,LAX,SLC,30,0,1,0,29,0,1,0,-113.0,0.0,0.03333333333333333,0.034482758620689655,0.0,-3.896551724137931
2023,6,19393,WN,12892,15016,LAX,STL,81,0,0,0,81,0,24,6,795.0,0.0,0.0,0.2962962962962963,0.07407407407407407,9.814814814814815
2023,6,19393,WN,12953,10397,LGA,ATL,116,3,0,0,113,0,35,14,2457.0,0.02586206896551724,0.0,0.30973451327433627,0.12389380530973451,21.743362831858406
2023,6,19393,WN,12953,11292,LGA,DEN,104,4,1,0,99,0,37,14,1521.0,0.038461538461538464,0.009615384615384616,0.37373737373737376,0.1414141414141414,15.363636363636363
2023,6,19393,WN,12953,13232,LGA,MDW,222,11,1,0,210,0,64,26,4291.0,0.04954954954954955,0.0045045045045045045,0.3047619047619048,0.12380952380952381,20.433333333333334
2023,6,19393,WN,12953,15016,LGA,STL,130,3,0,0,127,0,46,15,2010.0,0.023076923076923078,0.0,0.36220472440944884,0.11811023622047244,15.826771653543307
2023,6,19393,WN,12953,15304,LGA,TPA,33,2,0,0,31,0,15,7,1048.0,0.06060606060606061,0.0,0.4838709677419355,0.22580645161290322,33.806451612903224
2023,6,19393,WN,13204,10397,MCO,ATL,149,0,0,0,149,0,53,22,3472.0,0.0,0.0,0.35570469798657717,0.1476510067114094,23.302013422818792
2023,6,19393,WN,13204,10721,MCO,BOS,1,0,0,0,1,0,0,0,13.0,0.0,0.0,0.0,0.0,13.0
2023,6,19393,WN,13204,10821,MCO,BWI,333,7,1,0,325,0,102,49,6528.0,0.021021021021021023,0.003003003003003003,0.31384615384615383,0.15076923076923077,20.086153846153845
2023,6,19393,WN,13204,11278,MCO,DCA,67,0,0,0,67,0,27,10,1891.0,0.0,0.0,0.40298507462686567,0.14925373134328357,28.223880597014926
2023,6,19393,WN,13204,11292,MCO,DEN,128,1,0,0,127,0,62,21,3423.0,0.0078125,0.0,0.4881889763779528,0.16535433070866143,26.95275590551181
2023,6,19393,WN,13204,11433,MCO,DTW,1,0,0,0,1,0,0,0,-5.0,0.0,0.0,0.0,0.0,-5.0
2023,6,19393,WN,13204,11697,MCO,FLL,53,0,0,0,53,0,18,6,915.0,0.0,0.0,0.33962264150943394,0.11320754716981132,17.264150943396228
2023,6,19393,WN,13204,12266,MCO,IAH,37,0,0,0,37,0,14,3,554.0,0.0,0.0,0.3783783783783784,0.08108108108108109,14.972972972972974
2023,6,19393,WN,13204,12889,MCO,LAS,7,0,0,0,7,0,3,1,193.0,0.0,0.0,0.42857142857142855,0.14285714285714285,27.571428571428573
2023,6,19393,WN,13204,13232,MCO,MDW,246,0,1,0,245,0,95,35,5074.0,0.0,0.0040650406504065045,0.3877551020408163,0.14285714285714285,20.710204081632654
2023,6,19393,WN,13204,13930,MCO,ORD,64,0,1,0,63,0,23,3,680.0,0.0,0.015625,0.36507936507936506,0.047619047619047616,10.793650793650794
2023,6,19393,WN,13204,14100,MCO,PHL,19,0,0,0,19,0,11,5,710.0,0.0,0.0,0.5789473684210527,0.2631578947368421,37.36842105263158
2023,6,19393,WN,13204,14107,MCO,PHX,34,0,0,0,34,0,14,3,743.0,0.0,0.0,0.4117647058823529,0.08823529411764706,21.852941176470587
2023,6,19393,WN,13204,14635,MCO,RSW,30,0,0,0,30,0,14,4,794.0,0.0,0.0,0.4666666666666667,0.13333333333333333,26.466666666666665
2023,6,19393,WN,13204,15016,MCO,STL,150,3,0,0,147,0,65,30,4345.0,0.02,0.0,0.4421768707482993,0.20408163265306123,29.5578231292517
2023,6,19393,WN,13232,10397,MDW,ATL,170,0,0,0,170,0,47,10,2123.0,0.0,0.0,0.27647058823529413,0.058823529411764705,12.488235294117647
2023,6,19393,WN,13232,10721,MDW,BOS,116,0,1,0,115,0,43,6,1980.0,0.0,0.008620689655172414,0.3739130434782609,0.05217391304347826,17.217391304347824
2023,6,19393,WN,13232,10821,MDW,BWI,148,3,0,0,145,0,59,11,2222.0,0.02027027027027027,0.0,0.4068965517241379,0.07586206896551724,15.324137931034484
2023,6,19393,WN,13232,11278,MDW,DCA,178,2,1,0,175,0,51,10,1561.0,0.011235955056179775,0.0056179775280898875,0.2914285714285714,0.05714285714285714,8.92
2023,6,19393,WN,13232,11292,MDW,DEN,272,2,2,0,268,0,89,37,4161.0,0.007352941176470588,0.007352941176470588,0.332089552238806,0.13805970149253732,15.526119402985074
2023,6,19393,WN,13232,11433,MDW,DTW,108,0,0,0,108,0,29,6,1285.0,0.0,0.0,0.26851851851851855,0.05555555555555555,11.898148148148149
2023,6,19393,WN,13232,11697,MDW,FLL,94,0,1,0,93,0,34,9,1774.0,0.0,0.010638297872340425,0.3655913978494624,0.0967741935483871,19.0752688172043
2023,6,19393,WN,13232,12266,MDW,IAH,52,0,0,0,52,0,7,1,-260.0,0.0,0.0,0.1346153846153846,0.019230769230769232,-5.0
2023,6,19393,WN,13232,12889,MDW,LAS,267,0,0,0,267,0,79,14,2394.0,0.0,0.0,0.2958801498127341,0.052434456928838954,8.96629213483146
2023,6,19393,WN,13232,12892,MDW,LAX,158,0,0,0,158,0,61,11,1701.0,0.0,0.0,0.3860759493670886,0.06962025316455696,10.765822784810126
2023,6,19393,WN,13232,12953,MDW,LGA,222,12,2,0,208,0,74,18,3491.0,0.05405405405405406,0.009009009009009009,0.3557692307692308,0.08653846153846154,16.783653846153847
2023,6,19393,WN,13232,13204,MDW,MCO,244,0,6,0,238,0,90,24,4185.0,0.0,0.02459016393442623,0.37815126050420167,0.10084033613445378,17.584033613445378
2023,6,19393,WN,13232,13303,MDW,MIA,59,0,1,0,58,0,20,8,1234.0,0.0,0.01694915254237288,0.3448275862068966,0.13793103448275862,21.275862068965516
2023,6,19393,WN,13232,13487,MDW,MSP,232,0,0,0,232,0,60,15,1716.0,0.0,0.0,0.25862068965517243,0.06465517241379311,7.396551724137931
2023,6,19393,WN,13232,13796,MDW,OAK,59,0,0,0,59,0,19,5,390.0,0.0,0.0,0.3220338983050847,0.0847457627118644,6.610169491525424
2023,6,19393,WN,13232,14100,MDW,PHL,116,0,0,0,116,0,53,15,2673.0,0.0,0.0,0.45689655172413796,0.12931034482758622,23.04310344827586
2023,6,19393,WN,13232,14107,MDW,PHX,229,0,0,0,229,0,81,19,3210.0,0.0,0.0,0.3537117903930131,0.08296943231441048,14.017467248908297
2023,6,19393,WN,13232,14635,MDW,RSW,92,0,0,0,92,0,25,8,1222.0,0.0,0.0,0.2717391304347826,0.08695652173913043,13.282608695652174
2023,6,19393,WN,13232,14679,MDW,SAN,110,0,0,0,110,0,40,10,1315.0,0.0,0.0,0.36363636363636365,0.09090909090909091,11.954545454545455
2023,6,19393,WN,13232,14747,MDW,SEA,58,0,0,0,58,0,14,1,-31.0,0.0,0.0,0.2413793103448276,0.017241379310344827,-0.5344827586206896
2023,6,19393,WN,13232,14869,MDW,SLC,59,1,0,0,58,0,19,7,699.0,0.01694915254237288,0.0,0.3275862068965517,0.1206896551724138,12.051724137931034
2023,6,19393,WN,13232,15016,MDW,STL,194,2,0,0,192,0,57,15,2369.0,0.010309278350515464,0.0,0.296875,0.078125,12.338541666666666
2023,6,19393,WN,13232,15304,MDW,TPA,126,0,2,0,124,0,40,8,1643.0,0.0,0.015873015873015872,0.3225806451612903,0.06451612903225806,13.25
2023,6,19393,WN,13303,10397,MIA,ATL,61,0,0,0,61,0,25,10,1971.0,0.0,0.0,0.4098360655737705,0.16393442622950818,32.31147540983606
2023,6,19393,WN,13303,10821,MIA,BWI,96,2,0,0,94,0,34,17,1924.0,0.020833333333333332,0.0,0.3617021276595745,0.18085106382978725,20.46808510638298
2023,6,19393,WN,13303,11292,MIA,DEN,7,1,0,0,6,0,4,3,707.0,0.14285714285714285,0.0,0.6666666666666666,0.5,117.83333333333333
2023,6,19393,WN,13303,13232,MIA,MDW,59,0,0,0,59,0,18,6,1756.0,0.0,0.0,0.3050847457627119,0.1016949152542373,29.76271186440678
2023,6,19393,WN,13303,15016,MIA,STL,13,0,0,0,13,0,6,2,510.0,0.0,0.0,0.46153846153846156,0.15384615384615385,39.23076923076923
2023,6,19393,WN,13487,10821,MSP,BWI,34,0,0,0,34,0,16,3,738.0,0.0,0.0,0.47058823529411764,0.08823529411764706,21.705882352941178
2023,6,19393,WN,13487,11292,MSP,DEN,211,2,2,0,207,0,53,19,2288.0,0.009478672985781991,0.009478672985781991,0.2560386473429952,0.09178743961352658,11.053140096618357
2023,6,19393,WN,13487,13232,MSP,MDW,212,0,0,0,212,0,37,9,184.0,0.0,0.0,0.17452830188679244,0.04245283018867924,0.8679245283018868
2023,6,19393,WN,13487,14107,MSP,PHX,33,0,0,0,33,0,5,0,-88.0,0.0,0.0,0.15151515151515152,0.0,-2.6666666666666665
2023,6,19393,WN,13487,15016,MSP,STL,51,0,0,0,51,0,8,1,133.0,0.0,0.0,0.1568627450980392,0.0196078431372549,2.607843137254902
2023,6,19393,WN,13796,10397,OAK,ATL,4,0,0,0,4,0,0,0,-40.0,0.0,0.0,0.0,0.0,-10.0
2023,6,19393,WN,13796,11292,OAK,DEN,175,2,3,0,170,0,51,15,2483.0,0.011428571428571429,0.017142857142857144,0.3,0.08823529411764706,14.605882352941176
2023,6,19393,WN,13796,12173,OAK,HNL,60,0,0,0,60,0,7,1,-124.0,0.0,0.0,0.11666666666666667,0.016666666666666666,-2.066666666666667
2023,6,19393,WN,13796,12889,OAK,LAS,357,0,0,0,357,0,93,17,3803.0,0.0,0.0,0.2605042016806723,0.047619047619047616,10.65266106442577
2023,6,19393,WN,13796,12892,OAK,LAX,248,1,0,0,247,0,70,14,2641.0,0.004032258064516129,0.0,0.2834008097165992,0.05668016194331984,10.692307692307692
2023,6,19393,WN,13796,13232,OAK,MDW,59,0,1,0,58,0,24,7,1169.0,0.0,0.01694915254237288,0.41379310344827586,0.1206896551724138,20.155172413793103
2023,6,19393,WN,13796,14107,OAK,PHX,160,0,0,0,160,0,34,1,557.0,0.0,0.0,0.2125,0.00625,3.48125
2023,6,19393,WN,13796,14679,OAK,SAN,299,0,0,0,299,0,72,10,2126.0,0.0,0.0,0.2408026755852843,0.033444816053511704,7.110367892976589
2023,6,19393,WN,13796,14747,OAK,SEA,145,0,0,0,145,0,38,9,1085.0,0.0,0.0,0.2620689655172414,0.06206896551724138,7.482758620689655
2023,6,19393,WN,13796,14869,OAK,SLC,77,0,0,0,77,0,13,5,559.0,0.0,0.0,0.16883116883116883,0.06493506493506493,7.259740259740259
2023,6,19393,WN,13796,15016,OAK,STL,26,0,0,0,26,0,5,1,75.0,0.0,0.0,0.19230769230769232,0.038461538461538464,2.8846153846153846
2023,6,19393,WN,13930,10821,ORD,BWI,85,1,1,0,83,0,31,7,1418.0,0.011764705882352941,0.011764705882352941,0.37349397590361444,0.08433734939759036,17.08433734939759
2023,6,19393,WN,13930,11292,ORD,DEN,166,0,3,0,163,0,69,26,4208.0,0.0,0.018072289156626505,0.4233128834355828,0.15950920245398773,25.8159509202454
2023,6,19393,WN,13930,11697,ORD,FLL,4,0,0,0,4,0,1,0,34.0,0.0,0.0,0.25,0.0,8.5
2023,6,19393,WN,13930,12889,ORD,LAS,61,0,0,0,61,0,33,6,1512.0,0.0,0.0,0.5409836065573771,0.09836065573770492,24.78688524590164
2023,6,19393,WN,13930,13204,ORD,MCO,64,0,4,0,60,0,32,15,2247.0,0.0,0.0625,0.5333333333333333,0.25,37.45
2023,6,19393,WN,13930,14107,ORD,PHX,86,0,0,0,86,0,35,11,2055.0,0.0,0.0,0.4069767441860465,0.12790697674418605,23.8953488372093
2023,6,19393,WN,13930,14635,ORD,RSW,6,0,0,0,6,0,1,0,37.0,0.0,0.0,0.16666666666666666,0.0,6.166666666666667
2023,6,19393,WN,13930,15304,ORD,TPA,34,0,0,0,34,0,20,6,1206.0,0.0,0.0,0.5882352941176471,0.17647058823529413,35.470588235294116
2023,6,19393,WN,14100,10397,PHL,ATL,34,0,0,0,34,0,5,1,27.0,0.0,0.0,0.14705882352941177,0.029411764705882353,0.7941176470588235
2023,6,19393,WN,14100,11292,PHL,DEN,33,0,0,0,33,0,9,3,303.0,0.0,0.0,0.2727272727272727,0.09090909090909091,9.181818181818182
2023,6,19393,WN,14100,11697,PHL,FLL,4,0,2,0,2,0,0,0,15.0,0.0,0.5,0.0,0.0,7.5
2023,6,19393,WN,14100,13204,PHL,MCO,19,0,0,0,19,0,6,3,272.0,0.0,0.0,0.3157894736842105,0.15789473684210525,14.31578947368421
2023,6,19393,WN,14100,13232,PHL,MDW,116,1,0,0,115,0,30,7,1036.0,0.008620689655172414,0.0,0.2608695652173913,0.06086956521739131,9.008695652173913
2023,6,19393,WN,14100,15016,PHL,STL,34,0,0,0,34,0,4,1,106.0,0.0,0.0,0.11764705882352941,0.029411764705882353,3.1176470588235294
2023,6,19393,WN,14100,15304,PHL,TPA,7,0,1,0,6,0,1,0,-42.0,0.0,0.14285714285714285,0.16666666666666666,0.0,-7.0
2023,6,19393,WN,14107,10397,PHX,ATL,38,0,0,0,38,0,9,2,305.0,0.0,0.0,0.23684210526315788,0.05263157894736842,8.026315789473685
2023,6,19393,WN,14107,10821,PHX,BWI,66,0,0,0,66,0,20,3,578.0,0.0,0.0,0.30303030303030304,0.045454545454545456,8.757575757575758
2023,6,19393,WN,14107,11292,PHX,DEN,375,5,4,0,366,0,98,40,4363.0,0.013333333333333334,0.010666666666666666,0.2677595628415301,0.1092896174863388,11.920765027322405
2023,6,19393,WN,14107,11433,PHX,DTW,4,0,0,0,4,0,2,0,58.0,0.0,0.0,0.5,0.0,14.5
2023,6,19393,WN,14107,11697,PHX,FLL,4,0,0,0,4,0,1,0,15.0,0.0,0.0,0.25,0.0,3.75
2023,6,19393,WN,14107,12173,PHX,HNL,30,0,0,0,30,0,6,2,296.0,0.0,0.0,0.2,0.06666666666666667,9.866666666666667
2023,6,19393,WN,14107,12889,PHX,LAS,316,0,0,0,316,0,89,24,3675.0,0.0,0.0,0.28164556962025317,0.0759493670886076,11.629746835443038
2023,6,19393,WN,14107,12892,PHX,LAX,215,0,0,0,215,0,51,11,2290.0,0.0,0.0,0.2372093023255814,0.05116279069767442,10.651162790697674
2023,6,19393,WN,14107,13204,PHX,MCO,34,0,0,0,34,0,11,2,439.0,0.0,0.0,0.3235294117647059,0.058823529411764705,12.911764705882353
2023,6,19393,WN,14107,13232,PHX,MDW,248,0,1,0,247,0,62,6,1788.0,0.0,0.004032258064516129,0.25101214574898784,0.024291497975708502,7.238866396761134
2023,6,19393,WN,14107,13487,PHX,MSP,33,0,0,0,33,0,21,7,1169.0,0.0,0.0,0.6363636363636364,0.21212121212121213,35.42424242424242
2023,6,19393,WN,14107,13796,PHX,OAK,167,1,0,0,166,0,33,5,1158.0,0.005988023952095809,0.0,0.19879518072289157,0.030120481927710843,6.975903614457831
2023,6,19393,WN,14107,13930,PHX,ORD,83,0,0,0,83,0,26,3,654.0,0.0,0.0,0.3132530120481928,0.03614457831325301,7.879518072289157
2023,6,19393,WN,14107,14679,PHX,SAN,280,1,0,0,279,0,79,18,2775.0,0.0035714285714285713,0.0,0.2831541218637993,0.06451612903225806,9.946236559139784
2023,6,19393,WN,14107,14747,PHX,SEA,67,0,0,0,67,0,19,0,344.0,0.0,0.0,0.2835820895522388,0.0,5.134328358208955
2023,6,19393,WN,14107,14771,PHX,SFO,86,0,0,0,86,0,33,4,1154.0,0.0,0.0,0.38372093023255816,0.046511627906976744,13.418604651162791
2023,6,19393,WN,14107,14869,PHX,SLC,115,0,0,0,115,0,24,3,525.0,0.0,0.0,0.20869565217391303,0.02608695652173913,4.565217391304348
2023,6,19393,WN,14107,15016,PHX,STL,97,0,1,0,96,0,27,7,814.0,0.0,0.010309278350515464,0.28125,0.07291666666666667,8.479166666666666
2023,6,19393,WN,14107,15304,PHX,TPA,34,0,1,0,33,0,9,4,442.0,0.0,0.029411764705882353,0.2727272727272727,0.12121212121212122,13.393939393939394
2023,6,19393,WN,14635,10397,RSW,ATL,34,0,1,0,33,0,0,0,-124.0,0.0,0.029411764705882353,0.0,0.0,-3.757575757575758
2023,6,19393,WN,14635,10821,RSW,BWI,149,5,1,0,143,0,42,12,1435.0,0.03355704697986577,0.006711409395973154,0.2937062937062937,0.08391608391608392,10.034965034965035
2023,6,19393,WN,14635,11292,RSW,DEN,4,0,0,0,4,0,2,1,84.0,0.0,0.0,0.5,0.25,21.0
2023,6,19393,WN,14635,13204,RSW,MCO,30,0,0,0,30,0,2,2,-53.0,0.0,0.0,0.06666666666666667,0.06666666666666667,-1.7666666666666666
2023,6,19393,WN,14635,13232,RSW,MDW,92,1,1,0,90,0,22,10,1159.0,0.010869565217391304,0.010869565217391304,0.24444444444444444,0.1111111111111111,12.877777777777778
2023,6,19393,WN,14635,13930,RSW,ORD,6,0,0,0,6,0,3,0,109.0,0.0,0.0,0.5,0.0,18.166666666666668
2023,6,19393,WN,14635,15016,RSW,STL,67,0,1,0,66,0,22,8,1276.0,0.0,0.014925373134328358,0.3333333333333333,0.12121212121212122,19.333333333333332
2023,6,19393,WN,14679,10397,SAN,ATL,4,0,0,0,4,0,0,0,-61.0,0.0,0.0,0.0,0.0,-15.25
2023,6,19393,WN,14679,10821,SAN,BWI,55,1,1,0,53,0,12,4,434.0,0.01818181818181818,0.01818181818181818,0.22641509433962265,0.07547169811320754,8.18867924528302
2023,6,19393,WN,14679,11292,SAN,DEN,201,3,3,0,195,0,53,19,2046.0,0.014925373134328358,0.014925373134328358,0.2717948717948718,0.09743589743589744,10.492307692307692
2023,6,19393,WN,14679,12173,SAN,HNL,60,0,0,0,60,0,16,4,270.0,0.0,0.0,0.26666666666666666,0.06666666666666667,4.5
2023,6,19393,WN,14679,12889,SAN,LAS,424,2,0,0,422,0,117,20,3281.0,0.0047169811320754715,0.0,0.2772511848341232,0.04739336492890995,7.774881516587678
2023,6,19393,WN,14679,13232,SAN,MDW,110,0,0,0,110,0,33,3,518.0,0.0,0.0,0.3,0.02727272727272727,4.709090909090909
2023,6,19393,WN,14679,13796,SAN,OAK,323,0,0,0,323,0,95,17,2559.0,0.0,0.0,0.29411764705882354,0.05263157894736842,7.922600619195046
2023,6,19393,WN,14679,14107,SAN,PHX,259,3,0,0,256,0,78,8,1993.0,0.011583011583011582,0.0,0.3046875,0.03125,7.78515625
2023,6,19393,WN,14679,14771,SAN,SFO,134,0,0,0,134,0,51,12,2149.0,0.0,0.0,0.3805970149253731,0.08955223880597014,16.03731343283582
2023,6,19393,WN,14679,14869,SAN,SLC,37,0,0,0,37,0,8,0,126.0,0.0,0.0,0.21621621621621623,0.0,3.4054054054054053
2023,6,19393,WN,14679,15016,SAN,STL,37,0,0,0,37,0,3,1,-217.0,0.0,0.0,0.08108108108108109,0.02702702702702703,-5.864864864864865
2023,6,19393,WN,14747,11292,SEA,DEN,166,3,1,0,162,0,63,25,3925.0,0.018072289156626505,0.006024096385542169,0.3888888888888889,0.15432098765432098,24.228395061728396
2023,6,19393,WN,14747,12889,SEA,LAS,91,0,0,0,91,0,23,6,1146.0,0.0,0.0,0.25274725274725274,0.06593406593406594,12.593406593406593
2023,6,19393,WN,14747,13232,SEA,MDW,58,0,0,0,58,0,19,1,525.0,0.0,0.0,0.3275862068965517,0.017241379310344827,9.051724137931034
2023,6,19393,WN,14747,13796,SEA,OAK,140,0,0,0,140,0,27,7,773.0,0.0,0.0,0.19285714285714287,0.05,5.521428571428571
2023,6,19393,WN,14747,14107,SEA,PHX,67,0,0,0,67,0,18,2,374.0,0.0,0.0,0.26865671641791045,0.029850746268656716,5.582089552238806
2023,6,19393,WN,14747,15016,SEA,STL,3,0,0,0,3,0,1,0,19.0,0.0,0.0,0.3333333333333333,0.0,6.333333333333333
2023,6,19393,WN,14771,11292,SFO,DEN,133,1,2,0,130,0,52,17,2765.0,0.007518796992481203,0.015037593984962405,0.4,0.13076923076923078,21.26923076923077
2023,6,19393,WN,14771,12889,SFO,LAS,111,0,0,0,111,0,46,8,1779.0,0.0,0.0,0.4144144144144144,0.07207207207207207,16.027027027027028
2023,6,19393,WN,14771,12892,SFO,LAX,156,1,0,0,155,0,41,9,1213.0,0.00641025641025641,0.0,0.2645161290322581,0.05806451612903226,7.825806451612904
2023,6,19393,WN,14771,14107,SFO,PHX,86,1,1,0,84,0,24,5,915.0,0.011627906976744186,0.011627906976744186,0.2857142857142857,0.05952380952380952,10.892857142857142
2023,6,19393,WN,14771,14679,SFO,SAN,134,0,0,0,134,0,62,13,2418.0,0.0,0.0,0.4626865671641791,0.09701492537313433,18.044776119402986
2023,6,19393,WN,14869,10821,SLC,BWI,4,0,0,0,4,0,1,0,20.0,0.0,0.0,0.25,0.0,5.0
2023,6,19393,WN,14869,11292,SLC,DEN,213,4,0,0,209,0,72,25,3761.0,0.018779342723004695,0.0,0.3444976076555024,0.11961722488038277,17.995215311004785
2023,6,19393,WN,14869,12889,SLC,LAS,153,0,0,0,153,0,45,9,1715.0,0.0,0.0,0.29411764705882354,0.058823529411764705,11.209150326797385
2023,6,19393,WN,14869,12892,SLC,LAX,30,1,0,0,29,0,13,0,392.0,0.03333333333333333,0.0,0.4482758620689655,0.0,13.517241379310345
2023,6,19393,WN,14869,13232,SLC,MDW,59,0,0,0,59,0,10,2,252.0,0.0,0.0,0.1694915254237288,0.03389830508474576,4.271186440677966
2023,6,19393,WN,14869,13796,SLC,OAK,77,0,0,0,77,0,20,7,786.0,0.0,0.0,0.2597402597402597,0.09090909090909091,10.207792207792208
2023,6,19393,WN,14869,14107,SLC,PHX,138,0,0,0,138,0,19,6,321.0,0.0,0.0,0.13768115942028986,0.043478260869565216,2.3260869565217392
2023,6,19393,WN,14869,14679,SLC,SAN,37,0,0,0,37,0,8,0,133.0,0.0,0.0,0.21621621621621623,0.0,3.5945945945945947
2023,6,19393,WN,14869,15016,SLC,STL,3,0,0,0,3,0,1,0,14.0,0.0,0.0,0.3333333333333333,0.0,4.666666666666667
2023,6,19393,WN,15016,10397,STL,ATL,86,0,0,0,86,0,25,8,1165.0,0.0,0.0,0.29069767441860467,0.09302325581395349,13.546511627906977
2023,6,19393,WN,15016,10721,STL,BOS,59,1,0,0,58,0,20,4,934.0,0.01694915254237288,0.0,0.3448275862068966,0.06896551724137931,16.103448275862068
2023,6,19393,WN,15016,10821,STL,BWI,97,3,0,0,94,0,21,2,555.0,0.030927835051546393,0.0,0.22340425531914893,0.02127659574468085,5.904255319148936
2023,6,19393,WN,15016,11278,STL,DCA,112,0,2,0,110,0,40,4,1306.0,0.0,0.017857142857142856,0.36363636363636365,0.03636363636363636,11.872727272727273
2023,6,19393,WN,15016,11292,STL,DEN,178,1,1,0,176,0,64,28,3877.0,0.0056179775280898875,0.0056179775280898875,0.36363636363636365,0.1590909090909091,22.02840909090909
2023,6,19393,WN,15016,11433,STL,DTW,52,0,0,0,52,0,22,4,924.0,0.0,0.0,0.4230769230769231,0.07692307692307693,17.76923076923077
2023,6,19393,WN,15016,11697,STL,FLL,45,0,2,0,43,0,12,3,535.0,0.0,0.044444444444444446,0.27906976744186046,0.06976744186046512,12.44186046511628
2023,6,19393,WN,15016,12889,STL,LAS,112,2,0,0,110,0,37,11,1864.0,0.017857142857142856,0.0,0.33636363636363636,0.1,16.945454545454545
2023,6,19393,WN,15016,12892,STL,LAX,81,1,0,0,80,0,36,7,1267.0,0.012345679012345678,0.0,0.45,0.0875,15.8375
2023,6,19393,WN,15016,12953,STL,LGA,130,3,3,0,124,0,39,13,1856.0,0.023076923076923078,0.023076923076923078,0.31451612903225806,0.10483870967741936,14.96774193548387
2023,6,19393,WN,15016,13204,STL,MCO,154,3,4,0,147,0,47,10,1696.0,0.01948051948051948,0.025974025974025976,0.3197278911564626,0.06802721088435375,11.537414965986395
2023,6,19393,WN,15016,13232,STL,MDW,190,1,0,0,189,0,36,10,1390.0,0.005263157894736842,0.0,0.19047619047619047,0.05291005291005291,7.354497354497354
2023,6,19393,WN,15016,13303,STL,MIA,13,0,1,0,12,0,8,4,567.0,0.0,0.07692307692307693,0.6666666666666666,0.3333333333333333,47.25
2023,6,19393,WN,15016,13487,STL,MSP,51,2,0,0,49,0,17,6,1208.0,0.0392156862745098,0.0,0.3469387755102041,0.12244897959183673,24.653061224489797
2023,6,19393,WN,15016,13796,STL,OAK,26,0,0,0,26,0,14,6,959.0,0.0,0.0,0.5384615384615384,0.23076923076923078,36.88461538461539
2023,6,19393,WN,15016,14100,STL,PHL,34,0,0,0,34,0,3,0,27.0,0.0,0.0,0.08823529411764706,0.0,0.7941176470588235
2023,6,19393,WN,15016,14107,STL,PHX,97,2,0,0,95,0,30,8,1159.0,0.020618556701030927,0.0,0.3157894736842105,0.08421052631578947,12.2
2023,6,19393,WN,15016,14635,STL,RSW,67,0,0,0,67,0,25,9,923.0,0.0,0.0,0.373134328358209,0.13432835820895522,13.776119402985074
2023,6,19393,WN,15016,14679,STL,SAN,37,0,0,0,37,0,16,2,654.0,0.0,0.0,0.43243243243243246,0.05405405405405406,17.675675675675677
2023,6,19393,WN,15016,14747,STL,SEA,3,0,0,0,3,0,2,0,45.0,0.0,0.0,0.6666666666666666,0.0,15.0
2023,6,19393,WN,15016,14869,STL,SLC,3,0,0,0,3,0,0,0,5.0,0.0,0.0,0.0,0.0,1.6666666666666667
2023,6,19393,WN,15016,15304,STL,TPA,78,0,0,0,78,0,22,9,1182.0,0.0,0.0,0.28205128205128205,0.11538461538461539,15.153846153846153
2023,6,19393,WN,15304,10397,TPA,ATL,123,0,0,0,123,0,36,7,1453.0,0.0,0.0,0.2926829268292683,0.056910569105691054,11.8130081300813
2023,6,19393,WN,15304,10821,TPA,BWI,239,3,1,0,235,0,53,19,1847.0,0.012552301255230125,0.0041841004184100415,0.225531914893617,0.08085106382978724,7.859574468085106
2023,6,19393,WN,15304,11278,TPA,DCA,63,1,0,0,62,0,12,1,138.0,0.015873015873015872,0.0,0.1935483870967742,0.016129032258064516,2.225806451612903
2023,6,19393,WN,15304,11292,TPA,DEN,113,1,1,0,111,0,54,18,2922.0,0.008849557522123894,0.008849557522123894,0.4864864864864865,0.16216216216216217,26.324324324324323
2023,6,19393,WN,15304,11697,TPA,FLL,56,0,0,0,56,0,19,7,1260.0,0.0,0.0,0.3392857142857143,0.125,22.5
2023,6,19393,WN,15304,12889,TPA,LAS,8,0,0,0,8,0,4,0,180.0,0.0,0.0,0.5,0.0,22.5
2023,6,19393,WN,15304,12953,TPA,LGA,33,0,0,0,33,0,3,2,154.0,0.0,0.0,0.09090909090909091,0.06060606060606061,4.666666666666667
2023,6,19393,WN,15304,13232,TPA,MDW,126,0,1,0,125,0,32,12,1689.0,0.0,0.007936507936507936,0.256,0.096,13.512
2023,6,19393,WN,15304,13930,TPA,ORD,34,0,0,0,34,0,9,2,270.0,0.0,0.0,0.2647058823529412,0.058823529411764705,7.9411764705882355
2023,6,19393,WN,15304,14100,TPA,PHL,7,0,0,0,7,0,5,0,151.0,0.0,0.0,0.7142857142857143,0.0,21.571428571428573
2023,6,19393,WN,15304,14107,TPA,PHX,34,0,0,0,34,0,11,2,528.0,0.0,0.0,0.3235294117647059,0.058823529411764705,15.529411764705882
2023,6,19393,WN,15304,15016,TPA,STL,78,0,0,0,78,0,25,8,1159.0,0.0,0.0,0.32051282051282054,0.10256410256410256,14.85897435897436
2023,6,19690,HA,10721,12173,BOS,HNL,20,0,0,0,20,0,10,2,333.0,0.0,0.0,0.5,0.1,16.65
2023,6,19690,HA,12173,10721,HNL,BOS,20,0,0,0,20,0,14,7,806.0,0.0,0.0,0.7,0.35,40.3
2023,6,19690,HA,12173,12478,HNL,JFK,30,0,0,0,30,0,19,3,801.0,0.0,0.0,0.6333333333333333,0.1,26.7
2023,6,19690,HA,12173,12889,HNL,LAS,84,0,0,0,84,0,30,6,1071.0,0.0,0.0,0.35714285714285715,0.07142857142857142,12.75
2023,6,19690,HA,12173,12892,HNL,LAX,100,3,0,0,97,0,40,12,1701.0,0.03,0.0,0.41237113402061853,0.12371134020618557,17.536082474226806
2023,6,19690,HA,12173,13796,HNL,OAK,30,3,0,0,27,0,12,1,367.0,0.1,0.0,0.4444444444444444,0.037037037037037035,13.592592592592593
2023,6,19690,HA,12173,14107,HNL,PHX,30,0,0,0,30,0,17,7,1193.0,0.0,0.0,0.5666666666666667,0.23333333333333334,39.766666666666666
2023,6,19690,HA,12173,14679,HNL,SAN,30,0,0,0,30,0,8,0,296.0,0.0,0.0,0.26666666666666666,0.0,9.866666666666667
2023,6,19690,HA,12173,14747,HNL,SEA,30,0,0,0,30,0,19,3,793.0,0.0,0.0,0.6333333333333333,0.1,26.433333333333334
2023,6,19690,HA,12173,14771,HNL,SFO,30,2,0,0,28,0,18,2,752.0,0.06666666666666667,0.0,0.6428571428571429,0.07142857142857142,26.857142857142858
2023,6,19690,HA,12478,12173,JFK,HNL,30,0,0,0,30,0,5,3,-121.0,0.0,0.0,0.16666666666666666,0.1,-4.033333333333333
2023,6,19690,HA,12889,12173,LAS,HNL,84,0,0,0,84,0,28,7,1151.0,0.0,0.0,0.3333333333333333,0.08333333333333333,13.702380952380953
2023,6,19690,HA,12892,12173,LAX,HNL,98,2,0,0,96,0,34,9,1518.0,0.02040816326530612,0.0,0.3541666666666667,0.09375,15.8125
2023,6,19690,HA,13796,12173,OAK,HNL,30,3,0,0,27,0,6,1,167.0,0.1,0.0,0.2222222222222222,0.037037037037037035,6.185185185185185
2023,6,19690,HA,14107,12173,PHX,HNL,30,0,0,0,30,0,9,0,34.0,0.0,0.0,0.3,0.0,1.1333333333333333
2023,6,19690,HA,14679,12173,SAN,HNL,30,0,0,0,30,0,10,2,394.0,0.0,0.0,0.3333333333333333,0.06666666666666667,13.133333333333333
2023,6,19690,HA,14747,12173,SEA,HNL,30,0,0,0,30,0,7,1,153.0,0.0,0.0,0.23333333333333334,0.03333333333333333,5.1
2023,6,19690,HA,14771,12173,SFO,HNL,30,2,0,0,28,0,14,1,555.0,0.06666666666666667,0.0,0.5,0.03571428571428571,19.821428571428573
2023,6,19790,DL,10397,10721,ATL,BOS,316,1,0,0,315,0,85,24,2475.0,0.0031645569620253164,0.0,0.2698412698412698,0.0761904761904762,7.857142857142857
2023,6,19790,DL,10397,10821,ATL,BWI,254,4,3,0,247,0,89,39,5306.0,0.015748031496062992,0.011811023622047244,0.3603238866396761,0.15789473684210525,21.481781376518217
2023,6,19790,DL,10397,11278,ATL,DCA,318,7,3,0,308,0,95,21,3661.0,0.0220125786163522,0.009433962264150943,0.30844155844155846,0.06818181818181818,11.886363636363637
2023,6,19790,DL,10397,11292,ATL,DEN,259,3,3,0,253,0,82,29,3677.0,0.011583011583011582,0.011583011583011582,0.3241106719367589,0.11462450592885376,14.533596837944664
2023,6,19790,DL,10397,11298,ATL,DFW,236,2,1,0,233,0,71,27,3412.0,0.00847457627118644,0.00423728813559322,0.30472103004291845,0.11587982832618025,14.643776824034335
2023,6,19790,DL,10397,11433,ATL,DTW,316,0,0,0,316,0,87,34,4582.0,0.0,0.0,0.27531645569620256,0.10759493670886076,14.5
2023,6,19790,DL,10397,11618,ATL,EWR,247,9,1,0,237,0,76,34,4459.0,0.03643724696356275,0.004048582995951417,0.3206751054852321,0.14345991561181434,18.814345991561183
2023,6,19790,DL,10397,11697,ATL,FLL,333,6,5,0,322,0,140,52,7724.0,0.018018018018018018,0.015015015015015015,0.43478260869565216,0.16149068322981366,23.987577639751553
2023,6,19790,DL,10397,12173,ATL,HNL,30,1,1,0,28,0,6,3,312.0,0.03333333333333333,0.03333333333333333,0.21428571428571427,0.10714285714285714,11.142857142857142
2023,6,19790,DL,10397,12266,ATL,IAH,198,2,0,0,196,0,62,17,2297.0,0.010101010101010102,0.0,0.3163265306122449,0.08673469387755102,11.71938775510204
2023,6,19790,DL,10397,12478,ATL,JFK,213,1,0,0,212,0,56,17,1450.0,0.004694835680751174,0.0,0.2641509433962264,0.08018867924528301,6.839622641509434
2023,6,19790,DL,10397,12889,ATL,LAS,258,3,0,0,255,0,87,26,3381.0,0.011627906976744186,0.0,0.3411764705882353,0.10196078431372549,13.258823529411766
2023,6,19790,DL,10397,12892,ATL,LAX,344,1,0,0,343,0,120,36,5236.0,0.0029069767441860465,0.0,0.3498542274052478,0.10495626822157435,15.26530612244898
2023,6,19790,DL,10397,12953,ATL,LGA,364,10,6,0,348,0,83,29,2109.0,0.027472527472527472,0.016483516483516484,0.23850574712643677,0.08333333333333333,6.060344827586207
2023,6,19790,DL,10397,13204,ATL,MCO,445,4,3,0,438,0,192,80,12670.0,0.008988764044943821,0.006741573033707865,0.4383561643835616,0.182648401826484,28.926940639269407
2023,6,19790,DL,10397,13232,ATL,MDW,117,6,0,0,111,0,34,7,959.0,0.05128205128205128,0.0,0.3063063063063063,0.06306306306306306,8.63963963963964
2023,6,19790,DL,10397,13303,ATL,MIA,258,7,7,0,244,0,110,43,5998.0,0.027131782945736434,0.027131782945736434,0.45081967213114754,0.1762295081967213,24.581967213114755
2023,6,19790,DL,10397,13487,ATL,MSP,268,1,0,0,267,0,76,28,3798.0,0.0037313432835820895,0.0,0.2846441947565543,0.10486891385767791,14.224719101123595
2023,6,19790,DL,10397,13930,ATL,ORD,201,2,0,0,199,0,75,24,3964.0,0.009950248756218905,0.0,0.3768844221105528,0.12060301507537688,19.91959798994975
2023,6,19790,DL,10397,14100,ATL,PHL,247,3,0,0,244,0,87,32,4658.0,0.012145748987854251,0.0,0.35655737704918034,0.13114754098360656,19.09016393442623
2023,6,19790,DL,10397,14107,ATL,PHX,170,2,0,0,168,0,49,12,1872.0,0.011764705882352941,0.0,0.2916666666666667,0.07142857142857142,11.142857142857142
2023,6,19790,DL,10397,14635,ATL,RSW,210,1,2,0,207,0,71,27,3838.0,0.004761904761904762,0.009523809523809525,0.34299516908212563,0.13043478260869565,18.541062801932366
2023,6,19790,DL,10397,14679,ATL,SAN,164,1,0,0,163,0,57,17,2628.0,0.006097560975609756,0.0,0.3496932515337423,0.10429447852760736,16.12269938650307
2023,6,19790,DL,10397,14747,ATL,SEA,223,0,0,0,223,0,59,21,2256.0,0.0,0.0,0.2645739910313901,0.09417040358744394,10.116591928251122
2023,6,19790,DL,10397,14771,ATL,SFO,212,1,0,0,211,0,75,14,1715.0,0.0047169811320754715,0.0,0.35545023696682465,0.06635071090047394,8.127962085308058
2023,6,19790,DL,10397,14869,ATL,SLC,256,2,0,0,254,0,62,10,1179.0,0.0078125,0.0,0.2440944881889764,0.03937007874015748,4.641732283464567
2023,6,19790,DL,10397,15016,ATL,STL,194,2,0,0,192,0,40,10,971.0,0.010309278350515464,0.0,0.20833333333333334,0.052083333333333336,5.057291666666667
2023,6,19790,DL,10397,15304,ATL,TPA,368,1,2,0,365,0,148,50,7743.0,0.002717391304347826,0.005434782608695652,0.4054794520547945,0.136986301369863,21.213698630136985
2023,6,19790,DL,10721,10397,BOS,ATL,314,2,1,0,311,0,69,29,2446.0,0.006369426751592357,0.0031847133757961785,0.22186495176848875,0.0932475884244373,7.864951768488746
2023,6,19790,DL,10721,11292,BOS,DEN,39,0,1,0,38,0,8,1,-342.0,0.0,0.02564102564102564,0.21052631578947367,0.02631578947368421,-9.0
2023,6,19790,DL,10721,11298,BOS,DFW,60,2,1,0,57,0,17,8,607.0,0.03333333333333333,0.016666666666666666,0.2982456140350877,0.14035087719298245,10.649122807017545
2023,6,19790,DL,10721,11433,BOS,DTW,146,4,0,0,142,0,38,15,2051.0,0.0273972602739726,0.0,0.2676056338028169,0.1056338028169014,14.443661971830986
2023,6,19790,DL,10721,11697,BOS,FLL,60,2,3,0,55,0,10,5,104.0,0.03333333333333333,0.05,0.18181818181818182,0.09090909090909091,1.8909090909090909
2023,6,19790,DL,10721,12478,BOS,JFK,30,0,0,0,30,0,2,2,-154.0,0.0,0.0,0.06666666666666667,0.06666666666666667,-5.133333333333334
2023,6,19790,DL,10721,12889,BOS,LAS,30,0,0,0,30,0,7,3,349.0,0.0,0.0,0.23333333333333334,0.1,11.633333333333333
2023,6,19790,DL,10721,12892,BOS,LAX,108,1,0,0,107,0,16,8,-66.0,0.009259259259259259,0.0,0.14953271028037382,0.07476635514018691,-0.616822429906542
2023,6,19790,DL,10721,12953,BOS,LGA,56,3,0,0,53,0,15,8,1569.0,0.05357142857142857,0.0,0.2830188679245283,0.1509433962264151,29.60377358490566
2023,6,19790,DL,10721,13204,BOS,MCO,90,4,1,0,85,0,19,6,599.0,0.044444444444444446,0.011111111111111112,0.2235294117647059,0.07058823529411765,7.047058823529412
2023,6,19790,DL,10721,13303,BOS,MIA,60,4,2,0,54,0,20,9,737.0,0.06666666666666667,0.03333333333333333,0.37037037037037035,0.16666666666666666,13.648148148148149
2023,6,19790,DL,10721,13487,BOS,MSP,146,1,0,0,145,0,20,10,-312.0,0.00684931506849315,0.0,0.13793103448275862,0.06896551724137931,-2.1517241379310343
2023,6,19790,DL,10721,13930,BOS,ORD,82,4,0,0,78,0,24,11,1538.0,0.04878048780487805,0.0,0.3076923076923077,0.14102564102564102,19.71794871794872
2023,6,19790,DL,10721,14107,BOS,PHX,30,1,0,0,29,0,5,1,-433.0,0.03333333333333333,0.0,0.1724137931034483,0.034482758620689655,-14.931034482758621
2023,6,19790,DL,10721,14635,BOS,RSW,30,0,0,0,30,0,5,3,64.0,0.0,0.0,0.16666666666666666,0.1,2.1333333333333333
2023,6,19790,DL,10721,14679,BOS,SAN,30,1,0,0,29,0,7,3,23.0,0.03333333333333333,0.0,0.2413793103448276,0.10344827586206896,0.7931034482758621
2023,6,19790,DL,10721,14747,BOS,SEA,82,0,1,0,81,0,8,5,-1189.0,0.0,0.012195121951219513,0.09876543209876543,0.06172839506172839,-14.679012345679013
2023,6,19790,DL,10721,14771,BOS,SFO,57,2,0,0,55,0,10,7,-90.0,0.03508771929824561,0.0,0.18181818181818182,0.12727272727272726,-1.6363636363636365
2023,6,19790,DL,10721,14869,BOS,SLC,90,0,0,0,90,0,14,4,-1793.0,0.0,0.0,0.15555555555555556,0.044444444444444446,-19.92222222222222
2023,6,19790,DL,10721,15304,BOS,TPA,79,2,1,0,76,0,25,19,1649.0,0.02531645569620253,0.012658227848101266,0.32894736842105265,0.25,21.69736842105263
2023,6,19790,DL,10821,10397,BWI,ATL,254,4,0,0,250,0,65,32,3885.0,0.015748031496062992,0.0,0.26,0.128,15.54
2023,6,19790,DL,10821,11433,BWI,DTW,89,1,0,0,88,0,23,11,1330.0,0.011235955056179775,0.0,0.26136363636363635,0.125,15.113636363636363
2023,6,19790,DL,10821,13487,BWI,MSP,90,1,0,0,89,0,13,6,739.0,0.011111111111111112,0.0,0.14606741573033707,0.06741573033707865,8.303370786516854
2023,6,19790,DL,10821,14869,BWI,SLC,30,1,0,0,29,0,7,4,346.0,0.03333333333333333,0.0,0.2413793103448276,0.13793103448275862,11.931034482758621
2023,6,19790,DL,11278,10397,DCA,ATL,318,7,1,0,310,0,71,24,2717.0,0.0220125786163522,0.0031446540880503146,0.22903225806451613,0.07741935483870968,8.764516129032257
2023,6,19790,DL,11278,11433,DCA,DTW,146,3,0,0,143,0,27,13,645.0,0.02054794520547945,0.0,0.1888111888111888,0.09090909090909091,4.510489510489511
2023,6,19790,DL,11278,12892,DCA,LAX,30,1,0,0,29,0,11,7,4064.0,0.03333333333333333,0.0,0.3793103448275862,0.2413793103448276,140.13793103448276
2023,6,19790,DL,11278,13487,DCA,MSP,150,1,0,0,149,0,18,8,-212.0,0.006666666666666667,0.0,0.12080536912751678,0.053691275167785234,-1.4228187919463087
2023,6,19790,DL,11278,14869,DCA,SLC,30,0,0,0,30,0,8,3,386.0,0.0,0.0,0.26666666666666666,0.1,12.866666666666667
2023,6,19790,DL,11292,10397,DEN,ATL,257,3,0,0,254,0,41,20,3146.0,0.011673151750972763,0.0,0.16141732283464566,0.07874015748031496,12.385826771653543
2023,6,19790,DL,11292,10721,DEN,BOS,38,0,0,0,38,0,20,5,722.0,0.0,0.0,0.5263157894736842,0.13157894736842105,19.0
2023,6,19790,DL,11292,11433,DEN,DTW,117,1,0,0,116,0,27,14,3251.0,0.008547008547008548,0.0,0.23275862068965517,0.1206896551724138,28.025862068965516
2023,6,19790,DL,11292,12478,DEN,JFK,79,0,0,0,79,0,23,10,941.0,0.0,0.0,0.2911392405063291,0.12658227848101267,11.91139240506329
2023,6,19790,DL,11292,12892,DEN,LAX,90,1,0,0,89,0,37,13,3283.0,0.011111111111111112,0.0,0.4157303370786517,0.14606741573033707,36.8876404494382
2023,6,19790,DL,11292,12953,DEN,LGA,60,5,5,0,50,0,12,3,35.0,0.08333333333333333,0.08333333333333333,0.24,0.06,0.7
2023,6,19790,DL,11292,13487,DEN,MSP,153,1,0,0,152,0,31,14,2828.0,0.006535947712418301,0.0,0.20394736842105263,0.09210526315789473,18.605263157894736
2023,6,19790,DL,11292,14747,DEN,SEA,90,1,0,0,89,0,21,10,284.0,0.011111111111111112,0.0,0.23595505617977527,0.11235955056179775,3.191011235955056
2023,6,19790,DL,11292,14869,DEN,SLC,138,1,1,0,136,0,22,11,37.0,0.007246376811594203,0.007246376811594203,0.16176470588235295,0.08088235294117647,0.27205882352941174
2023,6,19790,DL,11298,10397,DFW,ATL,236,2,1,0,233,0,52,19,1195.0,0.00847457627118644,0.00423728813559322,0.22317596566523606,0.0815450643776824,5.128755364806867
2023,6,19790,DL,11298,10721,DFW,BOS,60,2,0,0,58,0,30,12,3801.0,0.03333333333333333,0.0,0.5172413793103449,0.20689655172413793,65.53448275862068
2023,6,19790,DL,11298,11433,DFW,DTW,116,1,1,0,114,0,38,21,3090.0,0.008620689655172414,0.008620689655172414,0.3333333333333333,0.18421052631578946,27.105263157894736
2023,6,19790,DL,11298,12478,DFW,JFK,60,1,0,0,59,0,12,8,849.0,0.016666666666666666,0.0,0.2033898305084746,0.13559322033898305,14.389830508474576
2023,6,19790,DL,11298,12892,DFW,LAX,60,5,0,0,55,0,10,3,1414.0,0.08333333333333333,0.0,0.18181818181818182,0.05454545454545454,25.70909090909091
2023,6,19790,DL,11298,12953,DFW,LGA,134,5,4,0,125,0,29,14,2041.0,0.03731343283582089,0.029850746268656716,0.232,0.112,16.328
2023,6,19790,DL,11298,13487,DFW,MSP,120,2,0,0,118,0,43,13,2859.0,0.016666666666666666,0.0,0.3644067796610169,0.11016949152542373,24.228813559322035
2023,6,19790,DL,11298,14869,DFW,SLC,120,0,0,0,120,0,29,13,1270.0,0.0,0.0,0.24166666666666667,0.10833333333333334,10.583333333333334
2023,6,19790,DL,11433,10397,DTW,ATL,313,0,0,0,313,0,51,18,1184.0,0.0,0.0,0.16293929712460065,0.05750798722044728,3.7827476038338657
2023,6,19790,DL,11433,10721,DTW,BOS,146,4,0,0,142,0,40,11,1520.0,0.0273972602739726,0.0,0.28169014084507044,0.07746478873239436,10.704225352112676
2023,6,19790,DL,11433,10821,DTW,BWI,89,0,0,0,89,0,25,9,1532.0,0.0,0.0,0.2808988764044944,0.10112359550561797,17.213483146067414
2023,6,19790,DL,11433,11278,DTW,DCA,146,3,1,0,142,0,27,13,1081.0,0.02054794520547945,0.00684931506849315,0.19014084507042253,0.09154929577464789,7.612676056338028
2023,6,19790,DL,11433,11292,DTW,DEN,117,1,1,0,115,0,25,14,928.0,0.008547008547008548,0.008547008547008548,0.21739130434782608,0.12173913043478261,8.069565217391304
2023,6,19790,DL,11433,11298,DTW,DFW,116,1,1,0,114,0,27,10,346.0,0.008620689655172414,0.008620689655172414,0.23684210526315788,0.08771929824561403,3.0350877192982457
2023,6,19790,DL,11433,11618,DTW,EWR,146,3,0,0,143,0,43,25,3469.0,0.02054794520547945,0.0,0.3006993006993007,0.17482517482517482,24.25874125874126
2023,6,19790,DL,11433,11697,DTW,FLL,115,2,2,0,111,0,25,9,913.0,0.017391304347826087,0.017391304347826087,0.22522522522522523,0.08108108108108109,8.225225225225225
2023,6,19790,DL,11433,12173,DTW,HNL,22,0,0,0,22,0,9,6,715.0,0.0,0.0,0.4090909090909091,0.2727272727272727,32.5
2023,6,19790,DL,11433,12266,DTW,IAH,116,2,1,0,113,0,28,9,1125.0,0.017241379310344827,0.008620689655172414,0.24778761061946902,0.07964601769911504,9.955752212389381
2023,6,19790,DL,11433,12478,DTW,JFK,30,2,0,0,28,0,9,5,2252.0,0.06666666666666667,0.0,0.32142857142857145,0.17857142857142858,80.42857142857143
2023,6,19790,DL,11433,12889,DTW,LAS,168,3,0,0,165,0,49,23,2507.0,0.017857142857142856,0.0,0.296969696969697,0.1393939393939394,15.193939393939393
2023,6,19790,DL,11433,12892,DTW,LAX,176,4,0,0,172,0,52,19,1565.0,0.022727272727272728,0.0,0.3023255813953488,0.11046511627906977,9.098837209302326
2023,6,19790,DL,11433,12953,DTW,LGA,172,9,3,0,160,0,38,10,761.0,0.05232558139534884,0.01744186046511628,0.2375,0.0625,4.75625
2023,6,19790,DL,11433,13204,DTW,MCO,180,1,2,0,177,0,40,21,1602.0,0.005555555555555556,0.011111111111111112,0.22598870056497175,0.11864406779661017,9.05084745762712
2023,6,19790,DL,11433,13303,DTW,MIA,60,0,1,0,59,0,20,7,1236.0,0.0,0.016666666666666666,0.3389830508474576,0.11864406779661017,20.949152542372882
2023,6,19790,DL,11433,13487,DTW,MSP,165,0,0,0,165,0,40,16,1506.0,0.0,0.0,0.24242424242424243,0.09696969696969697,9.127272727272727
2023,6,19790,DL,11433,13930,DTW,ORD,172,3,1,0,168,0,38,17,1474.0,0.01744186046511628,0.005813953488372093,0.2261904761904762,0.10119047619047619,8.773809523809524
2023,6,19790,DL,11433,14100,DTW,PHL,134,4,0,0,130,0,21,13,831.0,0.029850746268656716,0.0,0.16153846153846155,0.1,6.392307692307693
2023,6,19790,DL,11433,14107,DTW,PHX,109,0,0,0,109,0,25,5,-73.0,0.0,0.0,0.22935779816513763,0.045871559633027525,-0.6697247706422018
2023,6,19790,DL,11433,14635,DTW,RSW,64,0,0,0,64,0,10,3,-131.0,0.0,0.0,0.15625,0.046875,-2.046875
2023,6,19790,DL,11433,14679,DTW,SAN,108,1,0,0,107,0,23,10,222.0,0.009259259259259259,0.0,0.21495327102803738,0.09345794392523364,2.074766355140187
2023,6,19790,DL,11433,14747,DTW,SEA,164,1,0,0,163,0,22,10,-1667.0,0.006097560975609756,0.0,0.13496932515337423,0.06134969325153374,-10.226993865030675
2023,6,19790,DL,11433,14771,DTW,SFO,119,1,0,0,118,0,31,16,1118.0,0.008403361344537815,0.0,0.2627118644067797,0.13559322033898305,9.474576271186441
2023,6,19790,DL,11433,14869,DTW,SLC,135,0,0,0,135,0,23,8,-540.0,0.0,0.0,0.17037037037037037,0.05925925925925926,-4.0
2023,6,19790,DL,11433,15016,DTW,STL,116,0,0,0,116,0,28,9,765.0,0.0,0.0,0.2413793103448276,0.07758620689655173,6.594827586206897
2023,6,19790,DL,11433,15304,DTW,TPA,112,0,0,0,112,0,31,10,1333.0,0.0,0.0,0.2767857142857143,0.08928571428571429,11.901785714285714
2023,6,19790,DL,11618,10397,EWR,ATL,247,10,0,0,237,0,60,28,4362.0,0.04048582995951417,0.0,0.25316455696202533,0.11814345991561181,18.40506329113924
2023,6,19790,DL,11618,11433,EWR,DTW,146,3,0,0,143,0,38,25,2943.0,0.02054794520547945,0.0,0.26573426573426573,0.17482517482517482,20.58041958041958
2023,6,19790,DL,11618,13487,EWR,MSP,114,8,0,0,106,0,21,8,-343.0,0.07017543859649122,0.0,0.19811320754716982,0.07547169811320754,-3.2358490566037736
2023,6,19790,DL,11618,14869,EWR,SLC,54,2,0,0,52,0,14,5,259.0,0.037037037037037035,0.0,0.2692307692307692,0.09615384615384616,4.980769230769231
2023,6,19790,DL,11697,10397,FLL,ATL,333,6,0,0,327,0,133,73,11600.0,0.018018018018018018,0.0,0.40672782874617736,0.22324159021406728,35.47400611620795
2023,6,19790,DL,11697,10721,FLL,BOS,60,2,0,0,58,0,15,13,1140.0,0.03333333333333333,0.0,0.25862068965517243,0.22413793103448276,19.655172413793103
2023,6,19790,DL,11697,11433,FLL,DTW,115,2,1,0,112,0,35,18,2195.0,0.017391304347826087,0.008695652173913044,0.3125,0.16071428571428573,19.598214285714285
2023,6,19790,DL,11697,12478,FLL,JFK,120,1,0,0,119,0,41,25,2375.0,0.008333333333333333,0.0,0.3445378151260504,0.21008403361344538,19.95798319327731
2023,6,19790,DL,11697,12892,FLL,LAX,26,0,0,0,26,0,10,3,655.0,0.0,0.0,0.38461538461538464,0.11538461538461539,25.192307692307693
2023,6,19790,DL,11697,12953,FLL,LGA,116,4,0,0,112,0,52,24,2645.0,0.034482758620689655,0.0,0.4642857142857143,0.21428571428571427,23.616071428571427
2023,6,19790,DL,11697,13487,FLL,MSP,60,0,0,0,60,0,12,7,337.0,0.0,0.0,0.2,0.11666666666666667,5.616666666666666
2023,6,19790,DL,11697,14747,FLL,SEA,30,0,0,0,30,0,8,7,365.0,0.0,0.0,0.26666666666666666,0.23333333333333334,12.166666666666666
2023,6,19790,DL,11697,14869,FLL,SLC,30,0,0,0,30,0,3,2,168.0,0.0,0.0,0.1,0.06666666666666667,5.6
2023,6,19790,DL,12173,10397,HNL,ATL,30,2,0,0,28,0,7,4,573.0,0.06666666666666667,0.0,0.25,0.14285714285714285,20.464285714285715
2023,6,19790,DL,12173,11433,HNL,DTW,22,0,0,0,22,0,8,5,922.0,0.0,0.0,0.36363636363636365,0.22727272727272727,41.90909090909091
2023,6,19790,DL,12173,12478,HNL,JFK,22,2,0,0,20,0,3,2,724.0,0.09090909090909091,0.0,0.15,0.1,36.2
2023,6,19790,DL,12173,12892,HNL,LAX,90,0,0,0,90,0,9,7,707.0,0.0,0.0,0.1,0.07777777777777778,7.855555555555555
2023,6,19790,DL,12173,13487,HNL,MSP,30,1,0,0,29,0,6,1,73.0,0.03333333333333333,0.0,0.20689655172413793,0.034482758620689655,2.5172413793103448
2023,6,19790,DL,12173,14747,HNL,SEA,60,2,0,0,58,0,8,5,716.0,0.03333333333333333,0.0,0.13793103448275862,0.08620689655172414,12.344827586206897
2023,6,19790,DL,12173,14869,HNL,SLC,30,2,0,0,28,0,9,3,760.0,0.06666666666666667,0.0,0.32142857142857145,0.10714285714285714,27.142857142857142
2023,6,19790,DL,12266,10397,IAH,ATL,198,2,1,0,195,0,49,17,2430.0,0.010101010101010102,0.005050505050505051,0.2512820512820513,0.08717948717948718,12.461538461538462
2023,6,19790,DL,12266,11433,IAH,DTW,116,2,1,0,113,0,32,15,2912.0,0.017241379310344827,0.008620689655172414,0.2831858407079646,0.13274336283185842,25.76991150442478
2023,6,19790,DL,12266,12892,IAH,LAX,56,0,0,0,56,0,16,3,632.0,0.0,0.0,0.2857142857142857,0.05357142857142857,11.285714285714286
2023,6,19790,DL,12266,12953,IAH,LGA,108,4,2,0,102,0,27,7,969.0,0.037037037037037035,0.018518518518518517,0.2647058823529412,0.06862745098039216,9.5
2023,6,19790,DL,12266,13487,IAH,MSP,116,0,0,0,116,0,24,8,765.0,0.0,0.0,0.20689655172413793,0.06896551724137931,6.594827586206897
2023,6,19790,DL,12266,14869,IAH,SLC,90,1,0,0,89,0,20,16,3735.0,0.011111111111111112,0.0,0.2247191011235955,0.1797752808988764,41.96629213483146
2023,6,19790,DL,12478,10397,JFK,ATL,214,1,0,0,213,0,41,18,85.0,0.004672897196261682,0.0,0.19248826291079812,0.08450704225352113,0.39906103286384975
2023,6,19790,DL,12478,10721,JFK,BOS,29,0,0,0,29,0,14,9,2455.0,0.0,0.0,0.4827586206896552,0.3103448275862069,84.65517241379311
2023,6,19790,DL,12478,11292,JFK,DEN,79,0,0,0,79,0,27,16,1213.0,0.0,0.0,0.34177215189873417,0.20253164556962025,15.354430379746836
2023,6,19790,DL,12478,11298,JFK,DFW,60,1,2,0,57,0,19,10,1143.0,0.016666666666666666,0.03333333333333333,0.3333333333333333,0.17543859649122806,20.05263157894737
2023,6,19790,DL,12478,11433,JFK,DTW,31,2,0,0,29,0,5,2,-239.0,0.06451612903225806,0.0,0.1724137931034483,0.06896551724137931,-8.241379310344827
2023,6,19790,DL,12478,11697,JFK,FLL,120,1,1,0,118,0,32,14,1027.0,0.008333333333333333,0.008333333333333333,0.2711864406779661,0.11864406779661017,8.703389830508474
2023,6,19790,DL,12478,12173,JFK,HNL,22,1,0,0,21,0,2,2,-565.0,0.045454545454545456,0.0,0.09523809523809523,0.09523809523809523,-26.904761904761905
2023,6,19790,DL,12478,12889,JFK,LAS,120,5,0,0,115,0,25,13,108.0,0.041666666666666664,0.0,0.21739130434782608,0.11304347826086956,0.9391304347826087
2023,6,19790,DL,12478,12892,JFK,LAX,281,4,3,0,274,0,66,27,3007.0,0.014234875444839857,0.010676156583629894,0.24087591240875914,0.09854014598540146,10.974452554744525
2023,6,19790,DL,12478,13204,JFK,MCO,150,2,0,0,148,0,45,28,2207.0,0.013333333333333334,0.0,0.30405405405405406,0.1891891891891892,14.912162162162161
2023,6,19790,DL,12478,13303,JFK,MIA,120,6,4,0,110,0,36,13,1606.0,0.05,0.03333333333333333,0.32727272727272727,0.11818181818181818,14.6
2023,6,19790,DL,12478,13487,JFK,MSP,62,1,0,0,61,0,10,6,-214.0,0.016129032258064516,0.0,0.16393442622950818,0.09836065573770492,-3.5081967213114753
2023,6,19790,DL,12478,14107,JFK,PHX,60,0,0,0,60,0,14,7,144.0,0.0,0.0,0.23333333333333334,0.11666666666666667,2.4
2023,6,19790,DL,12478,14635,JFK,RSW,30,0,0,0,30,0,2,0,-386.0,0.0,0.0,0.06666666666666667,0.0,-12.866666666666667
2023,6,19790,DL,12478,14679,JFK,SAN,78,1,1,0,76,0,17,7,409.0,0.01282051282051282,0.01282051282051282,0.2236842105263158,0.09210526315789473,5.381578947368421
2023,6,19790,DL,12478,14747,JFK,SEA,108,3,2,0,103,0,18,10,293.0,0.027777777777777776,0.018518518518518517,0.17475728155339806,0.0970873786407767,2.8446601941747574
2023,6,19790,DL,12478,14771,JFK,SFO,205,10,1,0,194,0,33,18,-2228.0,0.04878048780487805,0.004878048780487805,0.17010309278350516,0.09278350515463918,-11.484536082474227
2023,6,19790,DL,12478,14869,JFK,SLC,121,1,1,0,119,0,24,14,-1379.0,0.008264462809917356,0.008264462809917356,0.20168067226890757,0.11764705882352941,-11.588235294117647
2023,6,19790,DL,12478,15304,JFK,TPA,90,4,0,0,86,0,20,8,69.0,0.044444444444444446,0.0,0.23255813953488372,0.09302325581395349,0.8023255813953488
2023,6,19790,DL,12889,10397,LAS,ATL,257,3,0,0,254,0,56,18,4883.0,0.011673151750972763,0.0,0.2204724409448819,0.07086614173228346,19.224409448818896
2023,6,19790,DL,12889,10721,LAS,BOS,30,0,0,0,30,0,14,3,710.0,0.0,0.0,0.4666666666666667,0.1,23.666666666666668
2023,6,19790,DL,12889,11433,LAS,DTW,168,3,1,0,164,0,55,17,3059.0,0.017857142857142856,0.005952380952380952,0.3353658536585366,0.10365853658536585,18.652439024390244
2023,6,19790,DL,12889,12478,LAS,JFK,120,5,0,0,115,0,32,11,1075.0,0.041666666666666664,0.0,0.2782608695652174,0.09565217391304348,9.347826086956522
2023,6,19790,DL,12889,12892,LAS,LAX,150,4,0,0,146,0,31,14,1353.0,0.02666666666666667,0.0,0.21232876712328766,0.0958904109589041,9.267123287671232
2023,6,19790,DL,12889,13487,LAS,MSP,198,0,0,0,198,0,35,5,178.0,0.0,0.0,0.17676767676767677,0.025252525252525252,0.898989898989899
2023,6,19790,DL,12889,14747,LAS,SEA,147,0,0,0,147,0,17,2,-1132.0,0.0,0.0,0.11564625850340136,0.013605442176870748,-7.700680272108843
2023,6,19790,DL,12889,14869,LAS,SLC,146,0,0,0,146,0,40,18,3864.0,0.0,0.0,0.273972602739726,0.1232876712328767,26.465753424657535
2023,6,19790,DL,12892,10397,LAX,ATL,345,1,0,0,344,0,86,30,4714.0,0.002898550724637681,0.0,0.25,0.0872093023255814,13.703488372093023
2023,6,19790,DL,12892,10721,LAX,BOS,108,1,0,0,107,0,34,8,1622.0,0.009259259259259259,0.0,0.3177570093457944,0.07476635514018691,15.158878504672897
2023,6,19790,DL,12892,11278,LAX,DCA,30,1,0,0,29,0,6,4,457.0,0.03333333333333333,0.0,0.20689655172413793,0.13793103448275862,15.758620689655173
2023,6,19790,DL,12892,11292,LAX,DEN,90,1,0,0,89,0,42,19,3040.0,0.011111111111111112,0.0,0.47191011235955055,0.21348314606741572,34.157303370786515
2023,6,19790,DL,12892,11298,LAX,DFW,60,5,1,0,54,0,14,3,876.0,0.08333333333333333,0.016666666666666666,0.25925925925925924,0.05555555555555555,16.22222222222222
2023,6,19790,DL,12892,11433,LAX,DTW,176,4,0,0,172,0,45,16,1939.0,0.022727272727272728,0.0,0.2616279069767442,0.09302325581395349,11.273255813953488
2023,6,19790,DL,12892,11697,LAX,FLL,26,0,0,0,26,0,5,2,-149.0,0.0,0.0,0.19230769230769232,0.07692307692307693,-5.730769230769231
2023,6,19790,DL,12892,12173,LAX,HNL,90,0,0,0,90,0,28,11,1543.0,0.0,0.0,0.3111111111111111,0.12222222222222222,17.144444444444446
2023,6,19790,DL,12892,12266,LAX,IAH,56,0,0,0,56,0,16,3,413.0,0.0,0.0,0.2857142857142857,0.05357142857142857,7.375
2023,6,19790,DL,12892,12478,LAX,JFK,281,4,1,0,276,0,93,34,8363.0,0.014234875444839857,0.0035587188612099642,0.33695652173913043,0.12318840579710146,30.30072463768116
2023,6,19790,DL,12892,12889,LAX,LAS,150,4,0,0,146,0,43,14,1747.0,0.02666666666666667,0.0,0.2945205479452055,0.0958904109589041,11.965753424657533
2023,6,19790,DL,12892,13204,LAX,MCO,108,3,1,0,104,0,28,14,1899.0,0.027777777777777776,0.009259259259259259,0.2692307692307692,0.1346153846153846,18.259615384615383
2023,6,19790,DL,12892,13303,LAX,MIA,30,0,1,0,29,0,3,0,-559.0,0.0,0.03333333333333333,0.10344827586206896,0.0,-19.275862068965516
2023,6,19790,DL,12892,13487,LAX,MSP,227,2,0,0,225,0,51,13,2237.0,0.00881057268722467,0.0,0.22666666666666666,0.057777777777777775,9.942222222222222
2023,6,19790,DL,12892,14747,LAX,SEA,198,2,0,0,196,0,32,7,504.0,0.010101010101010102,0.0,0.16326530612244897,0.03571428571428571,2.5714285714285716
2023,6,19790,DL,12892,14771,LAX,SFO,195,5,0,0,190,0,52,23,3294.0,0.02564102564102564,0.0,0.2736842105263158,0.12105263157894737,17.33684210526316
2023,6,19790,DL,12892,14869,LAX,SLC,210,4,1,0,205,0,45,20,2272.0,0.01904761904761905,0.004761904761904762,0.21951219512195122,0.0975609756097561,11.082926829268292
2023,6,19790,DL,12892,15304,LAX,TPA,48,1,0,0,47,0,7,2,31.0,0.020833333333333332,0.0,0.14893617021276595,0.0425531914893617,0.6595744680851063
2023,6,19790,DL,12953,10397,LGA,ATL,364,10,1,0,353,0,78,32,2200.0,0.027472527472527472,0.0027472527472527475,0.22096317280453256,0.0906515580736544,6.232294617563739
2023,6,19790,DL,12953,10721,LGA,BOS,55,3,0,0,52,0,20,8,1306.0,0.05454545454545454,0.0,0.38461538461538464,0.15384615384615385,25.115384615384617
2023,6,19790,DL,12953,11292,LGA,DEN,60,4,1,0,55,0,15,11,914.0,0.06666666666666667,0.016666666666666666,0.2727272727272727,0.2,16.618181818181817
2023,6,19790,DL,12953,11298,LGA,DFW,134,5,0,0,129,0,35,18,1652.0,0.03731343283582089,0.0,0.2713178294573643,0.13953488372093023,12.806201550387597
2023,6,19790,DL,12953,11433,LGA,DTW,172,10,0,0,162,0,35,17,1155.0,0.05813953488372093,0.0,0.21604938271604937,0.10493827160493827,7.12962962962963
2023,6,19790,DL,12953,11697,LGA,FLL,116,4,0,0,112,0,56,28,3731.0,0.034482758620689655,0.0,0.5,0.25,33.3125
2023,6,19790,DL,12953,12266,LGA,IAH,108,5,1,0,102,0,28,15,1067.0,0.046296296296296294,0.009259259259259259,0.27450980392156865,0.14705882352941177,10.46078431372549
2023,6,19790,DL,12953,13204,LGA,MCO,146,8,2,0,136,0,51,22,3239.0,0.0547945205479452,0.0136986301369863,0.375,0.16176470588235295,23.816176470588236
2023,6,19790,DL,12953,13303,LGA,MIA,116,7,4,0,105,0,37,15,2235.0,0.0603448275862069,0.034482758620689655,0.3523809523809524,0.14285714285714285,21.285714285714285
2023,6,19790,DL,12953,13487,LGA,MSP,143,6,0,0,137,0,19,8,-601.0,0.04195804195804196,0.0,0.1386861313868613,0.058394160583941604,-4.386861313868613
2023,6,19790,DL,12953,13930,LGA,ORD,216,13,0,0,203,0,54,26,3052.0,0.06018518518518518,0.0,0.2660098522167488,0.12807881773399016,15.03448275862069
2023,6,19790,DL,12953,14635,LGA,RSW,60,2,1,0,57,0,12,5,340.0,0.03333333333333333,0.016666666666666666,0.21052631578947367,0.08771929824561403,5.964912280701754
2023,6,19790,DL,12953,15304,LGA,TPA,116,4,0,0,112,0,32,15,1080.0,0.034482758620689655,0.0,0.2857142857142857,0.13392857142857142,9.642857142857142
2023,6,19790,DL,13204,10397,MCO,ATL,447,4,0,0,443,0,180,87,14592.0,0.008948545861297539,0.0,0.40632054176072235,0.1963882618510158,32.93905191873589
2023,6,19790,DL,13204,10721,MCO,BOS,90,4,0,0,86,0,21,8,1397.0,0.044444444444444446,0.0,0.2441860465116279,0.09302325581395349,16.24418604651163
2023,6,19790,DL,13204,11433,MCO,DTW,180,1,0,0,179,0,60,27,3836.0,0.005555555555555556,0.0,0.33519553072625696,0.15083798882681565,21.43016759776536
2023,6,19790,DL,13204,12478,MCO,JFK,150,2,1,0,147,0,49,26,2588.0,0.013333333333333334,0.006666666666666667,0.3333333333333333,0.17687074829931973,17.60544217687075
2023,6,19790,DL,13204,12892,MCO,LAX,108,2,0,0,106,0,40,16,4096.0,0.018518518518518517,0.0,0.37735849056603776,0.1509433962264151,38.64150943396226
2023,6,19790,DL,13204,12953,MCO,LGA,146,8,0,0,138,0,52,27,4549.0,0.0547945205479452,0.0,0.37681159420289856,0.1956521739130435,32.96376811594203
2023,6,19790,DL,13204,13303,MCO,MIA,90,12,0,0,78,0,27,15,2625.0,0.13333333333333333,0.0,0.34615384615384615,0.19230769230769232,33.65384615384615
2023,6,19790,DL,13204,13487,MCO,MSP,142,4,0,0,138,0,50,24,4590.0,0.028169014084507043,0.0,0.36231884057971014,0.17391304347826086,33.26086956521739
2023,6,19790,DL,13204,14747,MCO,SEA,60,2,0,0,58,0,16,3,323.0,0.03333333333333333,0.0,0.27586206896551724,0.05172413793103448,5.568965517241379
2023,6,19790,DL,13204,14869,MCO,SLC,120,4,1,0,115,0,47,23,3827.0,0.03333333333333333,0.008333333333333333,0.40869565217391307,0.2,33.278260869565216
2023,6,19790,DL,13232,10397,MDW,ATL,116,6,0,0,110,0,16,6,462.0,0.05172413793103448,0.0,0.14545454545454545,0.05454545454545454,4.2
2023,6,19790,DL,13232,13487,MDW,MSP,24,3,0,0,21,0,1,1,-182.0,0.125,0.0,0.047619047619047616,0.047619047619047616,-8.666666666666666
2023,6,19790,DL,13303,10397,MIA,ATL,258,7,0,0,251,0,98,56,9391.0,0.027131782945736434,0.0,0.3904382470119522,0.22310756972111553,37.41434262948207
2023,6,19790,DL,13303,10721,MIA,BOS,60,4,0,0,56,0,29,11,2019.0,0.06666666666666667,0.0,0.5178571428571429,0.19642857142857142,36.05357142857143
2023,6,19790,DL,13303,11433,MIA,DTW,60,0,1,0,59,0,21,8,1787.0,0.0,0.016666666666666666,0.3559322033898305,0.13559322033898305,30.28813559322034
2023,6,19790,DL,13303,12478,MIA,JFK,120,6,0,0,114,0,37,19,2462.0,0.05,0.0,0.32456140350877194,0.16666666666666666,21.596491228070175
2023,6,19790,DL,13303,12892,MIA,LAX,30,0,0,0,30,0,10,4,583.0,0.0,0.0,0.3333333333333333,0.13333333333333333,19.433333333333334
2023,6,19790,DL,13303,12953,MIA,LGA,116,7,1,0,108,0,32,17,2452.0,0.0603448275862069,0.008620689655172414,0.2962962962962963,0.1574074074074074,22.703703703703702
2023,6,19790,DL,13303,13204,MIA,MCO,90,12,0,0,78,0,25,17,2317.0,0.13333333333333333,0.0,0.32051282051282054,0.21794871794871795,29.705128205128204
2023,6,19790,DL,13303,13487,MIA,MSP,52,0,0,0,52,0,15,9,2689.0,0.0,0.0,0.28846153846153844,0.17307692307692307,51.71153846153846
2023,6,19790,DL,13303,14869,MIA,SLC,30,0,0,0,30,0,16,6,4322.0,0.0,0.0,0.5333333333333333,0.2,144.06666666666666
2023,6,19790,DL,13487,10397,MSP,ATL,267,1,1,0,265,0,54,11,680.0,0.003745318352059925,0.003745318352059925,0.2037735849056604,0.04150943396226415,2.5660377358490565
2023,6,19790,DL,13487,10721,MSP,BOS,146,1,0,0,145,0,44,8,1412.0,0.00684931506849315,0.0,0.30344827586206896,0.05517241379310345,9.73793103448276
2023,6,19790,DL,13487,10821,MSP,BWI,90,1,1,0,88,0,8,5,146.0,0.011111111111111112,0.011111111111111112,0.09090909090909091,0.056818181818181816,1.6590909090909092
2023,6,19790,DL,13487,11278,MSP,DCA,150,1,3,0,146,0,25,4,473.0,0.006666666666666667,0.02,0.17123287671232876,0.0273972602739726,3.23972602739726
2023,6,19790,DL,13487,11292,MSP,DEN,153,1,1,0,151,0,31,11,405.0,0.006535947712418301,0.006535947712418301,0.2052980132450331,0.0728476821192053,2.6821192052980134
2023,6,19790,DL,13487,11298,MSP,DFW,120,2,0,0,118,0,25,7,599.0,0.016666666666666666,0.0,0.211864406779661,0.059322033898305086,5.076271186440678
2023,6,19790,DL,13487,11433,MSP,DTW,166,0,0,0,166,0,27,8,844.0,0.0,0.0,0.16265060240963855,0.04819277108433735,5.0843373493975905
2023,6,19790,DL,13487,11618,MSP,EWR,114,7,1,0,106,0,28,10,713.0,0.06140350877192982,0.008771929824561403,0.2641509433962264,0.09433962264150944,6.726415094339623
2023,6,19790,DL,13487,11697,MSP,FLL,61,0,0,0,61,0,17,6,564.0,0.0,0.0,0.2786885245901639,0.09836065573770492,9.245901639344263
2023,6,19790,DL,13487,12173,MSP,HNL,30,1,0,0,29,0,6,3,142.0,0.03333333333333333,0.0,0.20689655172413793,0.10344827586206896,4.896551724137931
2023,6,19790,DL,13487,12266,MSP,IAH,116,0,1,0,115,0,14,8,-90.0,0.0,0.008620689655172414,0.12173913043478261,0.06956521739130435,-0.782608695652174
2023,6,19790,DL,13487,12478,MSP,JFK,59,1,0,0,58,0,15,8,782.0,0.01694915254237288,0.0,0.25862068965517243,0.13793103448275862,13.482758620689655
2023,6,19790,DL,13487,12889,MSP,LAS,198,0,0,0,198,0,32,8,-491.0,0.0,0.0,0.16161616161616163,0.04040404040404041,-2.4797979797979797
2023,6,19790,DL,13487,12892,MSP,LAX,227,2,0,0,225,0,44,9,571.0,0.00881057268722467,0.0,0.19555555555555557,0.04,2.537777777777778
2023,6,19790,DL,13487,12953,MSP,LGA,142,6,2,0,134,0,28,10,896.0,0.04225352112676056,0.014084507042253521,0.208955223880597,0.07462686567164178,6.686567164179104
2023,6,19790,DL,13487,13204,MSP,MCO,142,4,1,0,137,0,33,10,1033.0,0.028169014084507043,0.007042253521126761,0.24087591240875914,0.072992700729927,7.54014598540146
2023,6,19790,DL,13487,13232,MSP,MDW,24,3,0,0,21,0,6,3,1119.0,0.125,0.0,0.2857142857142857,0.14285714285714285,53.285714285714285
2023,6,19790,DL,13487,13303,MSP,MIA,52,0,1,0,51,0,12,7,1206.0,0.0,0.019230769230769232,0.23529411764705882,0.13725490196078433,23.647058823529413
2023,6,19790,DL,13487,13930,MSP,ORD,176,3,0,0,173,0,37,13,1065.0,0.017045454545454544,0.0,0.2138728323699422,0.07514450867052024,6.15606936416185
2023,6,19790,DL,13487,14100,MSP,PHL,112,4,0,0,108,0,25,10,871.0,0.03571428571428571,0.0,0.23148148148148148,0.09259259259259259,8.064814814814815
2023,6,19790,DL,13487,14107,MSP,PHX,169,0,0,0,169,0,31,4,-116.0,0.0,0.0,0.1834319526627219,0.023668639053254437,-0.6863905325443787
2023,6,19790,DL,13487,14635,MSP,RSW,64,0,0,0,64,0,9,3,-185.0,0.0,0.0,0.140625,0.046875,-2.890625
2023,6,19790,DL,13487,14679,MSP,SAN,120,0,0,0,120,0,24,1,-448.0,0.0,0.0,0.2,0.008333333333333333,-3.7333333333333334
2023,6,19790,DL,13487,14747,MSP,SEA,164,1,0,0,163,0,17,5,-836.0,0.006097560975609756,0.0,0.10429447852760736,0.03067484662576687,-5.128834355828221
2023,6,19790,DL,13487,14771,MSP,SFO,142,1,0,0,141,0,25,8,-186.0,0.007042253521126761,0.0,0.1773049645390071,0.05673758865248227,-1.3191489361702127
2023,6,19790,DL,13487,14869,MSP,SLC,138,0,0,0,138,0,22,2,-463.0,0.0,0.0,0.15942028985507245,0.014492753623188406,-3.3550724637681157
2023,6,19790,DL,13487,15016,MSP,STL,116,2,0,0,114,0,27,10,1869.0,0.017241379310344827,0.0,0.23684210526315788,0.08771929824561403,16.394736842105264
2023,6,19790,DL,13487,15304,MSP,TPA,93,1,1,0,91,0,11,2,-721.0,0.010752688172043012,0.010752688172043012,0.12087912087912088,0.02197802197802198,-7.923076923076923
2023,6,19790,DL,13796,14869,OAK,SLC,32,1,0,0,31,0,1,1,-303.0,0.03125,0.0,0.03225806451612903,0.03225806451612903,-9.774193548387096
2023,6,19790,DL,13930,10397,ORD,ATL,201,2,1,0,198,0,51,16,2637.0,0.009950248756218905,0.004975124378109453,0.25757575757575757,0.08080808080808081,13.318181818181818
2023,6,19790,DL,13930,10721,ORD,BOS,82,5,1,0,76,0,30,12,2370.0,0.06097560975609756,0.012195121951219513,0.39473684210526316,0.15789473684210525,31.18421052631579
2023,6,19790,DL,13930,11433,ORD,DTW,172,3,0,0,169,0,43,17,2959.0,0.01744186046511628,0.0,0.25443786982248523,0.10059171597633136,17.50887573964497
2023,6,19790,DL,13930,12953,ORD,LGA,216,12,2,0,202,0,60,23,3808.0,0.05555555555555555,0.009259259259259259,0.297029702970297,0.11386138613861387,18.85148514851485
2023,6,19790,DL,13930,13487,ORD,MSP,176,3,0,0,173,0,36,19,1755.0,0.017045454545454544,0.0,0.20809248554913296,0.10982658959537572,10.144508670520231
2023,6,19790,DL,13930,14747,ORD,SEA,90,1,0,0,89,0,16,9,409.0,0.011111111111111112,0.0,0.1797752808988764,0.10112359550561797,4.595505617977528
2023,6,19790,DL,13930,14869,ORD,SLC,90,1,0,0,89,0,9,5,-401.0,0.011111111111111112,0.0,0.10112359550561797,0.056179775280898875,-4.50561797752809
2023,6,19790,DL,14100,10397,PHL,ATL,247,3,2,0,242,0,67,26,2808.0,0.012145748987854251,0.008097165991902834,0.2768595041322314,0.10743801652892562,11.603305785123966
2023,6,19790,DL,14100,11433,PHL,DTW,134,4,0,0,130,0,22,12,547.0,0.029850746268656716,0.0,0.16923076923076924,0.09230769230769231,4.207692307692308
2023,6,19790,DL,14100,13487,PHL,MSP,112,5,0,0,107,0,23,7,610.0,0.044642857142857144,0.0,0.21495327102803738,0.06542056074766354,5.700934579439252
2023,6,19790,DL,14100,14869,PHL,SLC,36,1,0,0,35,0,12,7,563.0,0.027777777777777776,0.0,0.34285714285714286,0.2,16.085714285714285
2023,6,19790,DL,14107,10397,PHX,ATL,170,2,1,0,167,0,17,6,-118.0,0.011764705882352941,0.0058823529411764705,0.10179640718562874,0.03592814371257485,-0.7065868263473054
2023,6,19790,DL,14107,10721,PHX,BOS,30,1,0,0,29,0,2,0,-206.0,0.03333333333333333,0.0,0.06896551724137931,0.0,-7.103448275862069
2023,6,19790,DL,14107,11433,PHX,DTW,109,0,0,0,109,0,14,3,-64.0,0.0,0.0,0.12844036697247707,0.027522935779816515,-0.5871559633027523
2023,6,19790,DL,14107,12478,PHX,JFK,60,0,0,0,60,0,14,8,329.0,0.0,0.0,0.23333333333333334,0.13333333333333333,5.483333333333333
2023,6,19790,DL,14107,13487,PHX,MSP,169,0,0,0,169,0,29,7,476.0,0.0,0.0,0.17159763313609466,0.04142011834319527,2.8165680473372783
2023,6,19790,DL,14107,14747,PHX,SEA,147,2,0,0,145,0,10,2,-712.0,0.013605442176870748,0.0,0.06896551724137931,0.013793103448275862,-4.910344827586207
2023,6,19790,DL,14107,14869,PHX,SLC,149,2,0,0,147,0,19,9,483.0,0.013422818791946308,0.0,0.1292517006802721,0.061224489795918366,3.2857142857142856
2023,6,19790,DL,14635,10397,RSW,ATL,210,2,0,0,208,0,46,16,1033.0,0.009523809523809525,0.0,0.22115384615384615,0.07692307692307693,4.966346153846154
2023,6,19790,DL,14635,10721,RSW,BOS,30,0,0,0,30,0,3,1,-272.0,0.0,0.0,0.1,0.03333333333333333,-9.066666666666666
2023,6,19790,DL,14635,11433,RSW,DTW,64,0,0,0,64,0,12,3,-60.0,0.0,0.0,0.1875,0.046875,-0.9375
2023,6,19790,DL,14635,12478,RSW,JFK,31,0,0,0,31,0,9,5,176.0,0.0,0.0,0.2903225806451613,0.16129032258064516,5.67741935483871
2023,6,19790,DL,14635,12953,RSW,LGA,60,2,1,0,57,0,12,5,-184.0,0.03333333333333333,0.016666666666666666,0.21052631578947367,0.08771929824561403,-3.2280701754385963
2023,6,19790,DL,14635,13487,RSW,MSP,64,0,0,0,64,0,10,3,-15.0,0.0,0.0,0.15625,0.046875,-0.234375
2023,6,19790,DL,14679,10397,SAN,ATL,164,0,0,0,164,0,20,2,-1308.0,0.0,0.0,0.12195121951219512,0.012195121951219513,-7.975609756097561
2023,6,19790,DL,14679,10721,SAN,BOS,30,1,0,0,29,0,6,1,-13.0,0.03333333333333333,0.0,0.20689655172413793,0.034482758620689655,-0.4482758620689655
2023,6,19790,DL,14679,11433,SAN,DTW,108,1,0,0,107,0,9,0,-352.0,0.009259259259259259,0.0,0.08411214953271028,0.0,-3.289719626168224
2023,6,19790,DL,14679,12478,SAN,JFK,78,1,0,0,77,0,15,3,-371.0,0.01282051282051282,0.0,0.19480519480519481,0.03896103896103896,-4.818181818181818
2023,6,19790,DL,14679,13487,SAN,MSP,120,0,0,0,120,0,20,6,320.0,0.0,0.0,0.16666666666666666,0.05,2.6666666666666665
2023,6,19790,DL,14679,14747,SAN,SEA,147,0,0,0,147,0,12,3,-898.0,0.0,0.0,0.08163265306122448,0.02040816326530612,-6.108843537414966
2023,6,19790,DL,14679,14869,SAN,SLC,146,2,0,0,144,0,23,12,2340.0,0.0136986301369863,0.0,0.1597222222222222,0.08333333333333333,16.25
2023,6,19790,DL,14747,10397,SEA,ATL,223,1,0,0,222,0,57,19,5462.0,0.004484304932735426,0.0,0.25675675675675674,0.08558558558558559,24.603603603603602
2023,6,19790,DL,14747,10721,SEA,BOS,82,0,0,0,82,0,25,3,1067.0,0.0,0.0,0.3048780487804878,0.036585365853658534,13.012195121951219
2023,6,19790,DL,14747,11292,SEA,DEN,90,1,0,0,89,0,34,14,1828.0,0.011111111111111112,0.0,0.38202247191011235,0.15730337078651685,20.53932584269663
2023,6,19790,DL,14747,11433,SEA,DTW,164,1,0,0,163,0,32,11,1386.0,0.006097560975609756,0.0,0.19631901840490798,0.06748466257668712,8.503067484662576
2023,6,19790,DL,14747,11697,SEA,FLL,30,0,1,0,29,0,3,0,-331.0,0.0,0.03333333333333333,0.10344827586206896,0.0,-11.413793103448276
2023,6,19790,DL,14747,12173,SEA,HNL,60,1,0,0,59,0,7,7,786.0,0.016666666666666666,0.0,0.11864406779661017,0.11864406779661017,13.322033898305085
2023,6,19790,DL,14747,12478,SEA,JFK,108,3,0,0,105,0,35,10,1798.0,0.027777777777777776,0.0,0.3333333333333333,0.09523809523809523,17.123809523809523
2023,6,19790,DL,14747,12889,SEA,LAS,147,0,0,0,147,0,18,3,-285.0,0.0,0.0,0.12244897959183673,0.02040816326530612,-1.9387755102040816
2023,6,19790,DL,14747,12892,SEA,LAX,198,3,0,0,195,0,24,4,-318.0,0.015151515151515152,0.0,0.12307692307692308,0.020512820512820513,-1.6307692307692307
2023,6,19790,DL,14747,13204,SEA,MCO,60,1,3,0,56,0,14,3,279.0,0.016666666666666666,0.05,0.25,0.05357142857142857,4.982142857142857
2023,6,19790,DL,14747,13487,SEA,MSP,164,1,0,0,163,0,34,5,1941.0,0.006097560975609756,0.0,0.2085889570552147,0.03067484662576687,11.9079754601227
2023,6,19790,DL,14747,13930,SEA,ORD,90,1,0,0,89,0,23,11,1947.0,0.011111111111111112,0.0,0.25842696629213485,0.12359550561797752,21.876404494382022
2023,6,19790,DL,14747,14107,SEA,PHX,147,2,0,0,145,0,27,5,732.0,0.013605442176870748,0.0,0.18620689655172415,0.034482758620689655,5.048275862068966
2023,6,19790,DL,14747,14679,SEA,SAN,147,0,0,0,147,0,13,3,-1360.0,0.0,0.0,0.08843537414965986,0.02040816326530612,-9.251700680272108
2023,6,19790,DL,14747,14771,SEA,SFO,138,1,1,0,136,0,41,12,1404.0,0.007246376811594203,0.007246376811594203,0.3014705882352941,0.08823529411764706,10.323529411764707
2023,6,19790,DL,14747,14869,SEA,SLC,198,2,1,0,195,0,46,6,1055.0,0.010101010101010102,0.005050505050505051,0.2358974358974359,0.03076923076923077,5.410256410256411
2023,6,19790,DL,14747,15304,SEA,TPA,30,0,1,0,29,0,5,1,-75.0,0.0,0.03333333333333333,0.1724137931034483,0.034482758620689655,-2.586206896551724
2023,6,19790,DL,14771,10397,SFO,ATL,212,1,1,0,210,0,51,12,1265.0,0.0047169811320754715,0.0047169811320754715,0.24285714285714285,0.05714285714285714,6.023809523809524
2023,6,19790,DL,14771,10721,SFO,BOS,57,2,0,0,55,0,21,7,1396.0,0.03508771929824561,0.0,0.38181818181818183,0.12727272727272726,25.381818181818183
2023,6,19790,DL,14771,11433,SFO,DTW,119,1,0,0,118,0,39,12,2024.0,0.008403361344537815,0.0,0.3305084745762712,0.1016949152542373,17.152542372881356
2023,6,19790,DL,14771,12478,SFO,JFK,205,11,1,0,193,0,55,16,1643.0,0.05365853658536585,0.004878048780487805,0.2849740932642487,0.08290155440414508,8.512953367875648
2023,6,19790,DL,14771,12892,SFO,LAX,195,6,0,0,189,0,39,20,2704.0,0.03076923076923077,0.0,0.20634920634920634,0.10582010582010581,14.306878306878307
2023,6,19790,DL,14771,13487,SFO,MSP,142,1,0,0,141,0,26,9,1345.0,0.007042253521126761,0.0,0.18439716312056736,0.06382978723404255,9.539007092198581
2023,6,19790,DL,14771,14747,SFO,SEA,138,1,0,0,137,0,32,9,1415.0,0.007246376811594203,0.0,0.23357664233576642,0.06569343065693431,10.328467153284672
2023,6,19790,DL,14771,14869,SFO,SLC,146,1,0,0,145,0,18,5,19.0,0.00684931506849315,0.0,0.12413793103448276,0.034482758620689655,0.1310344827586207
2023,6,19790,DL,14869,10397,SLC,ATL,255,3,1,0,251,0,71,17,2875.0,0.011764705882352941,0.00392156862745098,0.28286852589641437,0.06772908366533864,11.45418326693227
2023,6,19790,DL,14869,10721,SLC,BOS,90,0,1,0,89,0,30,6,1149.0,0.0,0.011111111111111112,0.33707865168539325,0.06741573033707865,12.910112359550562
2023,6,19790,DL,14869,10821,SLC,BWI,30,2,0,0,28,0,9,2,322.0,0.06666666666666667,0.0,0.32142857142857145,0.07142857142857142,11.5
2023,6,19790,DL,14869,11278,SLC,DCA,30,0,1,0,29,0,6,1,172.0,0.0,0.03333333333333333,0.20689655172413793,0.034482758620689655,5.931034482758621
2023,6,19790,DL,14869,11292,SLC,DEN,138,1,0,0,137,0,41,11,1967.0,0.007246376811594203,0.0,0.29927007299270075,0.08029197080291971,14.357664233576642
2023,6,19790,DL,14869,11298,SLC,DFW,120,0,0,0,120,0,32,14,1042.0,0.0,0.0,0.26666666666666666,0.11666666666666667,8.683333333333334
2023,6,19790,DL,14869,11433,SLC,DTW,135,0,0,0,135,0,34,7,2893.0,0.0,0.0,0.2518518518518518,0.05185185185185185,21.42962962962963
2023,6,19790,DL,14869,11618,SLC,EWR,55,2,1,0,52,0,11,4,254.0,0.03636363636363636,0.01818181818181818,0.21153846153846154,0.07692307692307693,4.884615384615385
2023,6,19790,DL,14869,11697,SLC,FLL,30,0,0,0,30,0,5,0,-54.0,0.0,0.0,0.16666666666666666,0.0,-1.8
2023,6,19790,DL,14869,12173,SLC,HNL,30,3,0,0,27,0,5,1,477.0,0.1,0.0,0.18518518518518517,0.037037037037037035,17.666666666666668
2023,6,19790,DL,14869,12266,SLC,IAH,90,1,0,0,89,0,21,10,1255.0,0.011111111111111112,0.0,0.23595505617977527,0.11235955056179775,14.101123595505618
2023,6,19790,DL,14869,12478,SLC,JFK,121,1,1,0,119,0,53,22,3318.0,0.008264462809917356,0.008264462809917356,0.44537815126050423,0.18487394957983194,27.88235294117647
2023,6,19790,DL,14869,12889,SLC,LAS,146,0,0,0,146,0,42,13,1924.0,0.0,0.0,0.2876712328767123,0.08904109589041095,13.178082191780822
2023,6,19790,DL,14869,12892,SLC,LAX,210,4,0,0,206,0,55,17,2914.0,0.01904761904761905,0.0,0.2669902912621359,0.0825242718446602,14.145631067961165
2023,6,19790,DL,14869,13204,SLC,MCO,119,4,0,0,115,0,39,12,2721.0,0.03361344537815126,0.0,0.3391304347826087,0.10434782608695652,23.660869565217393
2023,6,19790,DL,14869,13303,SLC,MIA,30,0,0,0,30,0,4,0,-174.0,0.0,0.0,0.13333333333333333,0.0,-5.8
2023,6,19790,DL,14869,13487,SLC,MSP,138,1,0,0,137,0,35,1,833.0,0.007246376811594203,0.0,0.25547445255474455,0.0072992700729927005,6.08029197080292
2023,6,19790,DL,14869,13796,SLC,OAK,32,1,0,0,31,0,7,5,245.0,0.03125,0.0,0.22580645161290322,0.16129032258064516,7.903225806451613
2023,6,19790,DL,14869,13930,SLC,ORD,90,1,1,0,88,0,13,4,24.0,0.011111111111111112,0.011111111111111112,0.14772727272727273,0.045454545454545456,0.2727272727272727
2023,6,19790,DL,14869,14100,SLC,PHL,37,1,0,0,36,0,18,4,806.0,0.02702702702702703,0.0,0.5,0.1111111111111111,22.38888888888889
2023,6,19790,DL,14869,14107,SLC,PHX,149,2,0,0,147,0,31,13,1066.0,0.013422818791946308,0.0,0.2108843537414966,0.08843537414965986,7.2517006802721085
2023,6,19790,DL,14869,14679,SLC,SAN,146,2,0,0,144,0,32,13,2232.0,0.0136986301369863,0.0,0.2222222222222222,0.09027777777777778,15.5
2023,6,19790,DL,14869,14747,SLC,SEA,198,2,0,0,196,0,31,15,781.0,0.010101010101010102,0.0,0.15816326530612246,0.07653061224489796,3.9846938775510203
2023,6,19790,DL,14869,14771,SLC,SFO,146,1,0,0,145,0,21,4,-294.0,0.00684931506849315,0.0,0.14482758620689656,0.027586206896551724,-2.027586206896552
2023,6,19790,DL,14869,15016,SLC,STL,89,0,0,0,89,0,14,2,-88.0,0.0,0.0,0.15730337078651685,0.02247191011235955,-0.9887640449438202
2023,6,19790,DL,14869,15304,SLC,TPA,30,1,0,0,29,0,9,2,359.0,0.03333333333333333,0.0,0.3103448275862069,0.06896551724137931,12.379310344827585
2023,6,19790,DL,15016,10397,STL,ATL,195,2,2,0,191,0,29,11,1003.0,0.010256410256410256,0.010256410256410256,0.1518324607329843,0.05759162303664921,5.2513089005235605
2023,6,19790,DL,15016,11433,STL,DTW,116,0,0,0,116,0,18,7,362.0,0.0,0.0,0.15517241379310345,0.0603448275862069,3.1206896551724137
2023,6,19790,DL,15016,13487,STL,MSP,116,2,0,0,114,0,17,8,605.0,0.017241379310344827,0.0,0.14912280701754385,0.07017543859649122,5.307017543859649
2023,6,19790,DL,15016,14869,STL,SLC,89,0,0,0,89,0,5,1,-141.0,0.0,0.0,0.056179775280898875,0.011235955056179775,-1.5842696629213484
2023,6,19790,DL,15304,10397,TPA,ATL,368,1,0,0,367,0,104,42,6792.0,0.002717391304347826,0.0,0.28337874659400547,0.11444141689373297,18.506811989100818
2023,6,19790,DL,15304,10721,TPA,BOS,79,2,0,0,77,0,17,12,1369.0,0.02531645569620253,0.0,0.22077922077922077,0.15584415584415584,17.77922077922078
2023,6,19790,DL,15304,11433,TPA,DTW,112,0,0,0,112,0,29,15,2689.0,0.0,0.0,0.25892857142857145,0.13392857142857142,24.008928571428573
2023,6,19790,DL,15304,12478,TPA,JFK,90,4,0,0,86,0,23,10,927.0,0.044444444444444446,0.0,0.26744186046511625,0.11627906976744186,10.779069767441861
2023,6,19790,DL,15304,12892,TPA,LAX,48,1,0,0,47,0,16,2,621.0,0.020833333333333332,0.0,0.3404255319148936,0.0425531914893617,13.212765957446809
2023,6,19790,DL,15304,12953,TPA,LGA,116,4,1,0,111,0,32,12,1711.0,0.034482758620689655,0.008620689655172414,0.2882882882882883,0.10810810810810811,15.414414414414415
2023,6,19790,DL,15304,13487,TPA,MSP,93,1,0,0,92,0,16,5,416.0,0.010752688172043012,0.0,0.17391304347826086,0.05434782608695652,4.521739130434782
2023,6,19790,DL,15304,14747,TPA,SEA,30,0,0,0,30,0,16,9,1757.0,0.0,0.0,0.5333333333333333,0.3,58.56666666666667
2023,6,19790,DL,15304,14869,TPA,SLC,30,1,0,0,29,0,10,5,638.0,0.03333333333333333,0.0,0.3448275862068966,0.1724137931034483,22.0
2023,6,19805,AA,10397,11278,ATL,DCA,26,0,0,0,26,0,3,2,-230.0,0.0,0.0,0.11538461538461539,0.07692307692307693,-8.846153846153847
2023,6,19805,AA,10397,11298,ATL,DFW,235,2,1,0,232,0,72,32,4763.0,0.00851063829787234,0.00425531914893617,0.3103448275862069,0.13793103448275862,20.530172413793103
2023,6,19805,AA,10397,12892,ATL,LAX,26,0,0,0,26,0,3,0,-63.0,0.0,0.0,0.11538461538461539,0.0,-2.423076923076923
2023,6,19805,AA,10397,13303,ATL,MIA,150,4,2,0,144,0,51,22,5954.0,0.02666666666666667,0.013333333333333334,0.3541666666666667,0.1527777777777778,41.34722222222222
2023,6,19805,AA,10397,13930,ATL,ORD,56,1,0,0,55,0,11,5,-66.0,0.017857142857142856,0.0,0.2,0.09090909090909091,-1.2
2023,6,19805,AA,10397,14100,ATL,PHL,90,1,1,0,88,0,20,6,120.0,0.011111111111111112,0.011111111111111112,0.22727272727272727,0.06818181818181818,1.3636363636363635
2023,6,19805,AA,10397,14107,ATL,PHX,26,0,0,0,26,0,8,4,261.0,0.0,0.0,0.3076923076923077,0.15384615384615385,10.038461538461538
2023,6,19805,AA,10721,11278,BOS,DCA,171,6,2,0,163,0,40,17,1430.0,0.03508771929824561,0.011695906432748537,0.24539877300613497,0.10429447852760736,8.773006134969325
2023,6,19805,AA,10721,11298,BOS,DFW,204,2,3,0,199,0,58,25,2894.0,0.00980392156862745,0.014705882352941176,0.2914572864321608,0.12562814070351758,14.542713567839195
2023,6,19805,AA,10721,12892,BOS,LAX,119,0,0,0,119,0,30,13,1147.0,0.0,0.0,0.25210084033613445,0.1092436974789916,9.638655462184873
2023,6,19805,AA,10721,13303,BOS,MIA,142,5,7,0,130,0,41,11,2158.0,0.035211267605633804,0.04929577464788732,0.3153846153846154,0.08461538461538462,16.6
2023,6,19805,AA,10721,13930,BOS,ORD,133,0,0,0,133,0,31,17,1041.0,0.0,0.0,0.23308270676691728,0.12781954887218044,7.827067669172933
2023,6,19805,AA,10721,14100,BOS,PHL,202,3,0,0,199,0,53,24,3212.0,0.01485148514851485,0.0,0.2663316582914573,0.12060301507537688,16.14070351758794
2023,6,19805,AA,10721,14107,BOS,PHX,94,0,0,0,94,0,16,6,-490.0,0.0,0.0,0.1702127659574468,0.06382978723404255,-5.212765957446808
2023,6,19805,AA,10821,11298,BWI,DFW,90,0,2,0,88,0,26,9,1051.0,0.0,0.022222222222222223,0.29545454545454547,0.10227272727272728,11.943181818181818
2023,6,19805,AA,10821,13303,BWI,MIA,29,1,0,0,28,0,5,1,232.0,0.034482758620689655,0.0,0.17857142857142858,0.03571428571428571,8.285714285714286
2023,6,19805,AA,10821,13930,BWI,ORD,30,1,0,0,29,0,2,0,-450.0,0.03333333333333333,0.0,0.06896551724137931,0.0,-15.517241379310345
2023,6,19805,AA,11278,10397,DCA,ATL,26,0,0,0,26,0,5,1,-196.0,0.0,0.0,0.19230769230769232,0.038461538461538464,-7.538461538461538
2023,6,19805,AA,11278,10721,DCA,BOS,172,6,0,0,166,0,50,24,3730.0,0.03488372093023256,0.0,0.30120481927710846,0.14457831325301204,22.46987951807229
2023,6,19805,AA,11278,11298,DCA,DFW,251,2,5,0,244,0,69,32,7061.0,0.00796812749003984,0.0199203187250996,0.2827868852459016,0.13114754098360656,28.938524590163933
2023,6,19805,AA,11278,12889,DCA,LAS,30,1,1,0,28,0,6,3,296.0,0.03333333333333333,0.03333333333333333,0.21428571428571427,0.10714285714285714,10.571428571428571
2023,6,19805,AA,11278,12892,DCA,LAX,60,0,0,0,60,0,11,3,271.0,0.0,0.0,0.18333333333333332,0.05,4.516666666666667
2023,6,19805,AA,11278,12953,DCA,LGA,194,3,0,0,191,0,72,42,7403.0,0.015463917525773196,0.0,0.3769633507853403,0.2198952879581152,38.75916230366492
2023,6,19805,AA,11278,13204,DCA,MCO,149,4,2,0,143,0,36,20,2483.0,0.026845637583892617,0.013422818791946308,0.2517482517482518,0.13986013986013987,17.363636363636363
2023,6,19805,AA,11278,13303,DCA,MIA,241,8,6,0,227,0,67,27,4742.0,0.03319502074688797,0.024896265560165973,0.29515418502202645,0.11894273127753303,20.889867841409693
2023,6,19805,AA,11278,13930,DCA,ORD,230,5,2,0,223,0,57,34,4521.0,0.021739130434782608,0.008695652173913044,0.2556053811659193,0.15246636771300448,20.27354260089686
2023,6,19805,AA,11278,14107,DCA,PHX,90,0,1,0,89,0,15,6,806.0,0.0,0.011111111111111112,0.16853932584269662,0.06741573033707865,9.0561797752809
2023,6,19805,AA,11278,14635,DCA,RSW,60,0,0,0,60,0,10,4,339.0,0.0,0.0,0.16666666666666666,0.06666666666666667,5.65
2023,6,19805,AA,11278,15016,DCA,STL,30,0,0,0,30,0,7,1,-23.0,0.0,0.0,0.23333333333333334,0.03333333333333333,-0.7666666666666667
2023,6,19805,AA,11278,15304,DCA,TPA,119,2,0,0,117,0,29,13,1187.0,0.01680672268907563,0.0,0.24786324786324787,0.1111111111111111,10.145299145299145
2023,6,19805,AA,11292,11298,DEN,DFW,263,5,3,0,255,0,80,46,8672.0,0.019011406844106463,0.011406844106463879,0.3137254901960784,0.1803921568627451,34.0078431372549
2023,6,19805,AA,11292,13303,DEN,MIA,58,2,0,0,56,0,21,10,1127.0,0.034482758620689655,0.0,0.375,0.17857142857142858,20.125
2023,6,19805,AA,11292,13930,DEN,ORD,82,1,0,0,81,0,17,9,1135.0,0.012195121951219513,0.0,0.20987654320987653,0.1111111111111111,14.012345679012345
2023,6,19805,AA,11292,14100,DEN,PHL,64,1,1,0,62,0,14,8,3146.0,0.015625,0.015625,0.22580645161290322,0.12903225806451613,50.74193548387097
2023,6,19805,AA,11292,14107,DEN,PHX,90,0,0,0,90,0,24,13,2295.0,0.0,0.0,0.26666666666666666,0.14444444444444443,25.5
2023,6,19805,AA,11298,10397,DFW,ATL,235,2,0,0,233,0,96,38,6170.0,0.00851063829787234,0.0,0.41201716738197425,0.1630901287553648,26.48068669527897
2023,6,19805,AA,11298,10721,DFW,BOS,204,2,0,0,202,0,86,37,7449.0,0.00980392156862745,0.0,0.42574257425742573,0.18316831683168316,36.87623762376238
2023,6,19805,AA,11298,10821,DFW,BWI,90,0,0,0,90,0,37,21,2833.0,0.0,0.0,0.4111111111111111,0.23333333333333334,31.477777777777778
2023,6,19805,AA,11298,11278,DFW,DCA,248,2,1,0,245,0,72,35,3776.0,0.008064516129032258,0.004032258064516129,0.2938775510204082,0.14285714285714285,15.412244897959184
2023,6,19805,AA,11298,11292,DFW,DEN,263,4,7,0,252,0,116,55,9513.0,0.015209125475285171,0.026615969581749048,0.4603174603174603,0.21825396825396826,37.75
2023,6,19805,AA,11298,11433,DFW,DTW,150,0,2,0,148,0,56,20,3586.0,0.0,0.013333333333333334,0.3783783783783784,0.13513513513513514,24.22972972972973
2023,6,19805,AA,11298,11618,DFW,EWR,146,6,3,0,137,0,61,26,4594.0,0.0410958904109589,0.02054794520547945,0.44525547445255476,0.1897810218978102,33.53284671532847
2023,6,19805,AA,11298,11697,DFW,FLL,178,1,3,0,174,0,67,38,5487.0,0.0056179775280898875,0.016853932584269662,0.3850574712643678,0.21839080459770116,31.53448275862069
2023,6,19805,AA,11298,12173,DFW,HNL,60,1,1,0,58,0,20,9,1434.0,0.016666666666666666,0.016666666666666666,0.3448275862068966,0.15517241379310345,24.724137931034484
2023,6,19805,AA,11298,12266,DFW,IAH,166,3,0,0,163,0,73,36,6576.0,0.018072289156626505,0.0,0.44785276073619634,0.22085889570552147,40.34355828220859
2023,6,19805,AA,11298,12478,DFW,JFK,90,2,0,0,88,0,46,21,3007.0,0.022222222222222223,0.0,0.5227272727272727,0.23863636363636365,34.17045454545455
2023,6,19805,AA,11298,12889,DFW,LAS,319,4,0,0,315,0,137,45,11422.0,0.012539184952978056,0.0,0.43492063492063493,0.14285714285714285,36.26031746031746
2023,6,19805,AA,11298,12892,DFW,LAX,379,1,2,0,376,0,141,55,7770.0,0.002638522427440633,0.005277044854881266,0.375,0.14627659574468085,20.664893617021278
2023,6,19805,AA,11298,12953,DFW,LGA,302,13,3,0,286,0,134,58,9408.0,0.04304635761589404,0.009933774834437087,0.46853146853146854,0.20279720279720279,32.89510489510489
2023,6,19805,AA,11298,13204,DFW,MCO,270,2,3,0,265,0,132,57,9755.0,0.007407407407407408,0.011111111111111112,0.4981132075471698,0.21509433962264152,36.81132075471698
2023,6,19805,AA,11298,13303,DFW,MIA,298,4,8,0,286,0,96,43,5700.0,0.013422818791946308,0.026845637583892617,0.3356643356643357,0.15034965034965034,19.93006993006993
2023,6,19805,AA,11298,13487,DFW,MSP,150,1,1,0,148,0,67,26,5398.0,0.006666666666666667,0.006666666666666667,0.4527027027027027,0.17567567567567569,36.472972972972975
2023,6,19805,AA,11298,13930,DFW,ORD,293,3,0,0,290,0,107,38,5584.0,0.010238907849829351,0.0,0.3689655172413793,0.1310344827586207,19.255172413793105
2023,6,19805,AA,11298,14100,DFW,PHL,259,8,0,0,251,0,76,35,5691.0,0.03088803088803089,0.0,0.30278884462151395,0.1394422310756972,22.673306772908365
2023,6,19805,AA,11298,14107,DFW,PHX,317,0,0,0,317,0,134,57,8816.0,0.0,0.0,0.4227129337539432,0.17981072555205047,27.810725552050474
2023,6,19805,AA,11298,14635,DFW,RSW,94,2,1,0,91,0,37,16,2415.0,0.02127659574468085,0.010638297872340425,0.4065934065934066,0.17582417582417584,26.53846153846154
2023,6,19805,AA,11298,14679,DFW,SAN,253,3,0,0,250,0,122,43,9392.0,0.011857707509881422,0.0,0.488,0.172,37.568
2023,6,19805,AA,11298,14747,DFW,SEA,218,1,1,0,216,0,81,26,5489.0,0.0045871559633027525,0.0045871559633027525,0.375,0.12037037037037036,25.412037037037038
2023,6,19805,AA,11298,14771,DFW,SFO,243,2,0,0,241,0,114,49,8121.0,0.00823045267489712,0.0,0.4730290456431535,0.2033195020746888,33.697095435684645
2023,6,19805,AA,11298,14869,DFW,SLC,180,1,0,0,179,0,92,43,7972.0,0.005555555555555556,0.0,0.5139664804469274,0.24022346368715083,44.53631284916201
2023,6,19805,AA,11298,15016,DFW,STL,150,0,0,0,150,0,61,30,3954.0,0.0,0.0,0.4066666666666667,0.2,26.36
2023,6,19805,AA,11298,15304,DFW,TPA,195,3,2,0,190,0,89,44,7039.0,0.015384615384615385,0.010256410256410256,0.46842105263157896,0.23157894736842105,37.04736842105263
2023,6,19805,AA,11433,11298,DTW,DFW,150,0,3,0,147,0,40,16,3576.0,0.0,0.02,0.272108843537415,0.10884353741496598,24.3265306122449
2023,6,19805,AA,11433,13303,DTW,MIA,30,1,0,0,29,0,0,0,-217.0,0.03333333333333333,0.0,0.0,0.0,-7.482758620689655
2023,6,19805,AA,11433,14100,DTW,PHL,27,0,0,0,27,0,5,0,-38.0,0.0,0.0,0.18518518518518517,0.0,-1.4074074074074074
2023,6,19805,AA,11433,14107,DTW,PHX,30,0,0,0,30,0,9,6,1222.0,0.0,0.0,0.3,0.2,40.733333333333334
2023,6,19805,AA,11618,11298,EWR,DFW,146,7,1,0,138,0,34,20,1509.0,0.04794520547945205,0.00684931506849315,0.2463768115942029,0.14492753623188406,10.934782608695652
2023,6,19805,AA,11618,13303,EWR,MIA,108,7,1,0,100,0,38,19,2731.0,0.06481481481481481,0.009259259259259259,0.38,0.19,27.31
2023,6,19805,AA,11618,13930,EWR,ORD,129,7,0,0,122,0,34,22,2725.0,0.05426356589147287,0.0,0.2786885245901639,0.18032786885245902,22.33606557377049
2023,6,19805,AA,11618,14107,EWR,PHX,60,3,0,0,57,0,17,10,912.0,0.05,0.0,0.2982456140350877,0.17543859649122806,16.0
2023,6,19805,AA,11697,11298,FLL,DFW,178,1,6,0,171,0,69,42,6630.0,0.0056179775280898875,0.033707865168539325,0.40350877192982454,0.24561403508771928,38.771929824561404
2023,6,19805,AA,11697,12892,FLL,LAX,30,0,0,0,30,0,4,1,-9.0,0.0,0.0,0.13333333333333333,0.03333333333333333,-0.3
2023,6,19805,AA,11697,14100,FLL,PHL,90,2,0,0,88,0,22,18,3504.0,0.022222222222222223,0.0,0.25,0.20454545454545456,39.81818181818182
2023,6,19805,AA,12173,11298,HNL,DFW,60,1,0,0,59,0,4,2,-746.0,0.016666666666666666,0.0,0.06779661016949153,0.03389830508474576,-12.64406779661017
2023,6,19805,AA,12173,12892,HNL,LAX,90,0,0,0,90,0,16,7,2419.0,0.0,0.0,0.17777777777777778,0.07777777777777778,26.877777777777776
2023,6,19805,AA,12173,14107,HNL,PHX,30,0,0,0,30,0,3,1,461.0,0.0,0.0,0.1,0.03333333333333333,15.366666666666667
2023,6,19805,AA,12266,11298,IAH,DFW,166,3,1,0,162,0,36,15,1592.0,0.018072289156626505,0.006024096385542169,0.2222222222222222,0.09259259259259259,9.82716049382716
2023,6,19805,AA,12266,13303,IAH,MIA,142,3,3,0,136,0,34,15,3053.0,0.02112676056338028,0.02112676056338028,0.25,0.11029411764705882,22.448529411764707
2023,6,19805,AA,12266,13930,IAH,ORD,57,0,0,0,57,0,19,7,1029.0,0.0,0.0,0.3333333333333333,0.12280701754385964,18.05263157894737
2023,6,19805,AA,12266,14100,IAH,PHL,51,2,0,0,49,0,12,7,2631.0,0.0392156862745098,0.0,0.24489795918367346,0.14285714285714285,53.69387755102041
2023,6,19805,AA,12266,14107,IAH,PHX,60,0,0,0,60,0,10,6,2034.0,0.0,0.0,0.16666666666666666,0.1,33.9
2023,6,19805,AA,12478,11298,JFK,DFW,90,2,1,0,87,0,17,9,168.0,0.022222222222222223,0.011111111111111112,0.19540229885057472,0.10344827586206896,1.9310344827586208
2023,6,19805,AA,12478,12892,JFK,LAX,270,3,0,0,267,0,56,30,1025.0,0.011111111111111112,0.0,0.20973782771535582,0.11235955056179775,3.838951310861423
2023,6,19805,AA,12478,13303,JFK,MIA,270,7,10,0,253,0,84,42,6027.0,0.025925925925925925,0.037037037037037035,0.33201581027667987,0.16600790513833993,23.822134387351777
2023,6,19805,AA,12478,13930,JFK,ORD,60,2,0,0,58,0,18,9,2224.0,0.03333333333333333,0.0,0.3103448275862069,0.15517241379310345,38.3448275862069
2023,6,19805,AA,12478,14107,JFK,PHX,90,0,1,0,89,0,20,11,871.0,0.0,0.011111111111111112,0.2247191011235955,0.12359550561797752,9.786516853932584
2023,6,19805,AA,12478,14771,JFK,SFO,116,3,0,0,113,0,17,8,517.0,0.02586206896551724,0.0,0.1504424778761062,0.07079646017699115,4.575221238938053
2023,6,19805,AA,12889,11278,LAS,DCA,30,1,1,0,28,0,13,2,457.0,0.03333333333333333,0.03333333333333333,0.4642857142857143,0.07142857142857142,16.321428571428573
2023,6,19805,AA,12889,11298,LAS,DFW,320,4,1,0,315,0,85,36,11865.0,0.0125,0.003125,0.2698412698412698,0.11428571428571428,37.666666666666664
2023,6,19805,AA,12889,12892,LAS,LAX,108,0,0,0,108,0,19,10,748.0,0.0,0.0,0.17592592592592593,0.09259259259259259,6.925925925925926
2023,6,19805,AA,12889,13303,LAS,MIA,90,2,0,0,88,0,33,13,3770.0,0.022222222222222223,0.0,0.375,0.14772727272727273,42.84090909090909
2023,6,19805,AA,12889,13930,LAS,ORD,142,0,0,0,142,0,33,8,342.0,0.0,0.0,0.2323943661971831,0.056338028169014086,2.408450704225352
2023,6,19805,AA,12889,14100,LAS,PHL,90,3,0,0,87,0,25,9,2356.0,0.03333333333333333,0.0,0.28735632183908044,0.10344827586206896,27.080459770114942
2023,6,19805,AA,12889,14107,LAS,PHX,112,0,0,0,112,0,14,6,284.0,0.0,0.0,0.125,0.05357142857142857,2.5357142857142856
2023,6,19805,AA,12892,10397,LAX,ATL,26,0,0,0,26,0,3,1,-345.0,0.0,0.0,0.11538461538461539,0.038461538461538464,-13.26923076923077
2023,6,19805,AA,12892,10721,LAX,BOS,120,0,1,0,119,0,30,10,600.0,0.0,0.008333333333333333,0.25210084033613445,0.08403361344537816,5.042016806722689
2023,6,19805,AA,12892,11278,LAX,DCA,60,0,1,0,59,0,10,3,-299.0,0.0,0.016666666666666666,0.1694915254237288,0.05084745762711865,-5.067796610169491
2023,6,19805,AA,12892,11298,LAX,DFW,379,2,3,0,374,0,86,36,2808.0,0.005277044854881266,0.0079155672823219,0.22994652406417113,0.0962566844919786,7.508021390374331
2023,6,19805,AA,12892,11697,LAX,FLL,30,0,0,0,30,0,1,0,-475.0,0.0,0.0,0.03333333333333333,0.0,-15.833333333333334
2023,6,19805,AA,12892,12173,LAX,HNL,90,0,0,0,90,0,14,5,-388.0,0.0,0.0,0.15555555555555556,0.05555555555555555,-4.311111111111111
2023,6,19805,AA,12892,12478,LAX,JFK,270,3,0,0,267,0,58,26,2266.0,0.011111111111111112,0.0,0.21722846441947566,0.09737827715355805,8.486891385767791
2023,6,19805,AA,12892,12889,LAX,LAS,108,0,0,0,108,0,25,2,1150.0,0.0,0.0,0.23148148148148148,0.018518518518518517,10.648148148148149
2023,6,19805,AA,12892,13204,LAX,MCO,60,0,0,0,60,0,12,7,-39.0,0.0,0.0,0.2,0.11666666666666667,-0.65
2023,6,19805,AA,12892,13303,LAX,MIA,211,2,6,0,203,0,40,14,2131.0,0.009478672985781991,0.02843601895734597,0.19704433497536947,0.06896551724137931,10.497536945812808
2023,6,19805,AA,12892,13930,LAX,ORD,227,2,0,0,225,0,46,16,1657.0,0.00881057268722467,0.0,0.20444444444444446,0.07111111111111111,7.364444444444445
2023,6,19805,AA,12892,14100,LAX,PHL,211,3,0,0,208,0,39,15,1637.0,0.014218009478672985,0.0,0.1875,0.07211538461538461,7.8701923076923075
2023,6,19805,AA,12892,14107,LAX,PHX,149,1,0,0,148,0,22,8,1179.0,0.006711409395973154,0.0,0.14864864864864866,0.05405405405405406,7.966216216216216
2023,6,19805,AA,12892,15016,LAX,STL,30,1,0,0,29,0,7,1,176.0,0.03333333333333333,0.0,0.2413793103448276,0.034482758620689655,6.068965517241379
2023,6,19805,AA,12953,11278,LGA,DCA,194,5,1,0,188,0,47,33,4850.0,0.02577319587628866,0.005154639175257732,0.25,0.17553191489361702,25.79787234042553
2023,6,19805,AA,12953,11298,LGA,DFW,301,13,2,0,286,0,80,38,4384.0,0.04318936877076412,0.006644518272425249,0.27972027972027974,0.13286713286713286,15.328671328671328
2023,6,19805,AA,12953,13303,LGA,MIA,257,18,8,0,231,0,64,28,3760.0,0.07003891050583658,0.0311284046692607,0.27705627705627706,0.12121212121212122,16.27705627705628
2023,6,19805,AA,12953,13930,LGA,ORD,216,11,2,0,203,0,51,31,3810.0,0.05092592592592592,0.009259259259259259,0.2512315270935961,0.15270935960591134,18.76847290640394
2023,6,19805,AA,12953,15016,LGA,STL,48,0,1,0,47,0,14,9,1410.0,0.0,0.020833333333333332,0.2978723404255319,0.19148936170212766,30.0
2023,6,19805,AA,13204,11278,MCO,DCA,149,4,5,0,140,0,41,25,6251.0,0.026845637583892617,0.03355704697986577,0.29285714285714287,0.17857142857142858,44.65
2023,6,19805,AA,13204,11298,MCO,DFW,269,2,1,0,266,0,102,55,8481.0,0.007434944237918215,0.0037174721189591076,0.38345864661654133,0.20676691729323307,31.883458646616543
2023,6,19805,AA,13204,12892,MCO,LAX,60,0,0,0,60,0,20,13,1938.0,0.0,0.0,0.3333333333333333,0.21666666666666667,32.3
2023,6,19805,AA,13204,13303,MCO,MIA,266,12,0,0,254,0,98,59,11072.0,0.045112781954887216,0.0,0.3858267716535433,0.23228346456692914,43.59055118110236
2023,6,19805,AA,13204,13930,MCO,ORD,82,1,0,0,81,0,22,9,1526.0,0.012195121951219513,0.0,0.2716049382716049,0.1111111111111111,18.839506172839506
2023,6,19805,AA,13204,14100,MCO,PHL,209,6,0,0,203,0,62,39,6065.0,0.028708133971291867,0.0,0.3054187192118227,0.1921182266009852,29.876847290640395
2023,6,19805,AA,13204,14107,MCO,PHX,64,0,0,0,64,0,21,9,1107.0,0.0,0.0,0.328125,0.140625,17.296875
2023,6,19805,AA,13303,10397,MIA,ATL,150,4,0,0,146,0,69,29,7418.0,0.02666666666666667,0.0,0.4726027397260274,0.19863013698630136,50.80821917808219
2023,6,19805,AA,13303,10721,MIA,BOS,142,5,1,0,136,0,51,18,4356.0,0.035211267605633804,0.007042253521126761,0.375,0.1323529411764706,32.029411764705884
2023,6,19805,AA,13303,10821,MIA,BWI,30,1,0,0,29,0,10,5,694.0,0.03333333333333333,0.0,0.3448275862068966,0.1724137931034483,23.93103448275862
2023,6,19805,AA,13303,11278,MIA,DCA,240,7,4,0,229,0,68,29,5422.0,0.029166666666666667,0.016666666666666666,0.29694323144104806,0.12663755458515283,23.676855895196507
2023,6,19805,AA,13303,11292,MIA,DEN,59,2,0,0,57,0,29,10,2026.0,0.03389830508474576,0.0,0.5087719298245614,0.17543859649122806,35.54385964912281
2023,6,19805,AA,13303,11298,MIA,DFW,298,4,3,0,291,0,115,51,8437.0,0.013422818791946308,0.010067114093959731,0.3951890034364261,0.17525773195876287,28.993127147766323
2023,6,19805,AA,13303,11433,MIA,DTW,30,1,0,0,29,0,13,3,460.0,0.03333333333333333,0.0,0.4482758620689655,0.10344827586206896,15.862068965517242
2023,6,19805,AA,13303,11618,MIA,EWR,108,7,3,0,98,0,50,21,4720.0,0.06481481481481481,0.027777777777777776,0.5102040816326531,0.21428571428571427,48.16326530612245
2023,6,19805,AA,13303,12266,MIA,IAH,142,3,2,0,137,0,42,19,3205.0,0.02112676056338028,0.014084507042253521,0.30656934306569344,0.1386861313868613,23.394160583941606
2023,6,19805,AA,13303,12478,MIA,JFK,271,7,0,0,264,0,95,44,7661.0,0.025830258302583026,0.0,0.35984848484848486,0.16666666666666666,29.018939393939394
2023,6,19805,AA,13303,12889,MIA,LAS,90,3,0,0,87,0,45,21,5671.0,0.03333333333333333,0.0,0.5172413793103449,0.2413793103448276,65.183908045977
2023,6,19805,AA,13303,12892,MIA,LAX,210,2,0,0,208,0,76,34,5374.0,0.009523809523809525,0.0,0.36538461538461536,0.16346153846153846,25.83653846153846
2023,6,19805,AA,13303,12953,MIA,LGA,258,18,3,0,237,0,94,52,6966.0,0.06976744186046512,0.011627906976744186,0.39662447257383965,0.21940928270042195,29.39240506329114
2023,6,19805,AA,13303,13204,MIA,MCO,265,12,2,0,251,0,79,49,8734.0,0.045283018867924525,0.007547169811320755,0.3147410358565737,0.1952191235059761,34.79681274900398
2023,6,19805,AA,13303,13487,MIA,MSP,30,0,0,0,30,0,14,7,1398.0,0.0,0.0,0.4666666666666667,0.23333333333333334,46.6
2023,6,19805,AA,13303,13930,MIA,ORD,211,5,2,0,204,0,71,30,4501.0,0.023696682464454975,0.009478672985781991,0.3480392156862745,0.14705882352941177,22.063725490196077
2023,6,19805,AA,13303,14100,MIA,PHL,211,10,1,0,200,0,56,27,3911.0,0.04739336492890995,0.004739336492890996,0.28,0.135,19.555
2023,6,19805,AA,13303,14107,MIA,PHX,120,4,0,0,116,0,37,16,4082.0,0.03333333333333333,0.0,0.31896551724137934,0.13793103448275862,35.189655172413794
2023,6,19805,AA,13303,14679,MIA,SAN,30,1,0,0,29,0,15,4,1351.0,0.03333333333333333,0.0,0.5172413793103449,0.13793103448275862,46.58620689655172
2023,6,19805,AA,13303,14747,MIA,SEA,30,0,0,0,30,0,16,8,1897.0,0.0,0.0,0.5333333333333333,0.26666666666666666,63.233333333333334
2023,6,19805,AA,13303,14771,MIA,SFO,90,1,0,0,89,0,37,19,4499.0,0.011111111111111112,0.0,0.4157303370786517,0.21348314606741572,50.550561797752806
2023,6,19805,AA,13303,15016,MIA,STL,30,1,0,0,29,0,19,8,1699.0,0.03333333333333333,0.0,0.6551724137931034,0.27586206896551724,58.58620689655172
2023,6,19805,AA,13303,15304,MIA,TPA,142,5,0,0,137,0,60,30,5448.0,0.035211267605633804,0.0,0.43795620437956206,0.21897810218978103,39.76642335766423
2023,6,19805,AA,13487,11298,MSP,DFW,150,1,2,0,147,0,42,15,2147.0,0.006666666666666667,0.013333333333333334,0.2857142857142857,0.10204081632653061,14.605442176870747
2023,6,19805,AA,13487,13303,MSP,MIA,30,0,0,0,30,0,1,0,-465.0,0.0,0.0,0.03333333333333333,0.0,-15.5
2023,6,19805,AA,13487,13930,MSP,ORD,30,0,0,0,30,0,3,3,1152.0,0.0,0.0,0.1,0.1,38.4
2023,6,19805,AA,13487,14100,MSP,PHL,30,0,1,0,29,0,6,3,1553.0,0.0,0.03333333333333333,0.20689655172413793,0.10344827586206896,53.55172413793103
2023,6,19805,AA,13487,14107,MSP,PHX,30,0,0,0,30,0,5,2,-86.0,0.0,0.0,0.16666666666666666,0.06666666666666667,-2.8666666666666667
2023,6,19805,AA,13930,10397,ORD,ATL,56,1,0,0,55,0,20,9,2343.0,0.017857142857142856,0.0,0.36363636363636365,0.16363636363636364,42.6
2023,6,19805,AA,13930,10721,ORD,BOS,134,0,0,0,134,0,62,18,3516.0,0.0,0.0,0.4626865671641791,0.13432835820895522,26.238805970149254
2023,6,19805,AA,13930,10821,ORD,BWI,30,1,0,0,29,0,5,4,426.0,0.03333333333333333,0.0,0.1724137931034483,0.13793103448275862,14.689655172413794
2023,6,19805,AA,13930,11278,ORD,DCA,229,4,7,0,218,0,58,23,6959.0,0.017467248908296942,0.03056768558951965,0.26605504587155965,0.10550458715596331,31.922018348623855
2023,6,19805,AA,13930,11292,ORD,DEN,82,1,1,0,80,0,22,10,871.0,0.012195121951219513,0.012195121951219513,0.275,0.125,10.8875
2023,6,19805,AA,13930,11298,ORD,DFW,295,3,0,0,292,0,106,40,12261.0,0.010169491525423728,0.0,0.363013698630137,0.136986301369863,41.98972602739726
2023,6,19805,AA,13930,11618,ORD,EWR,129,6,1,0,122,0,51,27,4077.0,0.046511627906976744,0.007751937984496124,0.4180327868852459,0.22131147540983606,33.41803278688525
2023,6,19805,AA,13930,12266,ORD,IAH,56,0,0,0,56,0,7,3,97.0,0.0,0.0,0.125,0.05357142857142857,1.7321428571428572
2023,6,19805,AA,13930,12478,ORD,JFK,60,3,1,0,56,0,27,12,2694.0,0.05,0.016666666666666666,0.48214285714285715,0.21428571428571427,48.107142857142854
2023,6,19805,AA,13930,12889,ORD,LAS,142,0,1,0,141,0,28,7,290.0,0.0,0.007042253521126761,0.19858156028368795,0.04964539007092199,2.0567375886524824
2023,6,19805,AA,13930,12892,ORD,LAX,228,2,0,0,226,0,54,23,3200.0,0.008771929824561403,0.0,0.23893805309734514,0.10176991150442478,14.15929203539823
2023,6,19805,AA,13930,12953,ORD,LGA,216,11,3,0,202,0,67,24,5814.0,0.05092592592592592,0.013888888888888888,0.3316831683168317,0.1188118811881188,28.782178217821784
2023,6,19805,AA,13930,13204,ORD,MCO,82,1,2,0,79,0,24,9,826.0,0.012195121951219513,0.024390243902439025,0.3037974683544304,0.11392405063291139,10.455696202531646
2023,6,19805,AA,13930,13303,ORD,MIA,209,5,3,0,201,0,65,25,3492.0,0.023923444976076555,0.014354066985645933,0.32338308457711445,0.12437810945273632,17.37313432835821
2023,6,19805,AA,13930,13487,ORD,MSP,30,0,0,0,30,0,11,5,2097.0,0.0,0.0,0.36666666666666664,0.16666666666666666,69.9
2023,6,19805,AA,13930,14100,ORD,PHL,241,2,0,0,239,0,67,30,7192.0,0.008298755186721992,0.0,0.2803347280334728,0.12552301255230125,30.09205020920502
2023,6,19805,AA,13930,14107,ORD,PHX,238,0,2,0,236,0,42,17,1593.0,0.0,0.008403361344537815,0.17796610169491525,0.07203389830508475,6.75
2023,6,19805,AA,13930,14635,ORD,RSW,34,0,0,0,34,0,10,6,1162.0,0.0,0.0,0.29411764705882354,0.17647058823529413,34.1764705882353
2023,6,19805,AA,13930,14679,ORD,SAN,90,0,0,0,90,0,39,19,5630.0,0.0,0.0,0.43333333333333335,0.2111111111111111,62.55555555555556
2023,6,19805,AA,13930,14747,ORD,SEA,90,1,0,0,89,0,19,11,603.0,0.011111111111111112,0.0,0.21348314606741572,0.12359550561797752,6.775280898876405
2023,6,19805,AA,13930,14771,ORD,SFO,82,0,0,0,82,0,21,7,636.0,0.0,0.0,0.25609756097560976,0.08536585365853659,7.7560975609756095
2023,6,19805,AA,13930,14869,ORD,SLC,30,0,0,0,30,0,7,1,220.0,0.0,0.0,0.23333333333333334,0.03333333333333333,7.333333333333333
2023,6,19805,AA,13930,15016,ORD,STL,30,0,0,0,30,0,9,3,291.0,0.0,0.0,0.3,0.1,9.7
2023,6,19805,AA,13930,15304,ORD,TPA,60,0,1,0,59,0,24,7,1190.0,0.0,0.016666666666666666,0.4067796610169492,0.11864406779661017,20.16949152542373
2023,6,19805,AA,14100,10397,PHL,ATL,90,1,0,0,89,0,22,9,521.0,0.011111111111111112,0.0,0.24719101123595505,0.10112359550561797,5.853932584269663
2023,6,19805,AA,14100,10721,PHL,BOS,202,3,0,0,199,0,63,27,3521.0,0.01485148514851485,0.0,0.3165829145728643,0.135678391959799,17.693467336683415
2023,6,19805,AA,14100,11292,PHL,DEN,64,1,1,0,62,0,18,12,2492.0,0.015625,0.015625,0.2903225806451613,0.1935483870967742,40.193548387096776
2023,6,19805,AA,14100,11298,PHL,DFW,261,8,2,0,251,0,77,27,6369.0,0.03065134099616858,0.007662835249042145,0.30677290836653387,0.10756972111553785,25.374501992031874
2023,6,19805,AA,14100,11433,PHL,DTW,26,0,0,0,26,0,1,0,-321.0,0.0,0.0,0.038461538461538464,0.0,-12.346153846153847
2023,6,19805,AA,14100,11697,PHL,FLL,90,3,2,0,85,0,33,20,3016.0,0.03333333333333333,0.022222222222222223,0.38823529411764707,0.23529411764705882,35.48235294117647
2023,6,19805,AA,14100,12266,PHL,IAH,52,2,1,0,49,0,9,3,-108.0,0.038461538461538464,0.019230769230769232,0.1836734693877551,0.061224489795918366,-2.204081632653061
2023,6,19805,AA,14100,12889,PHL,LAS,90,3,0,0,87,0,24,10,1351.0,0.03333333333333333,0.0,0.27586206896551724,0.11494252873563218,15.528735632183908
2023,6,19805,AA,14100,12892,PHL,LAX,210,3,0,0,207,0,51,23,1458.0,0.014285714285714285,0.0,0.2463768115942029,0.1111111111111111,7.043478260869565
2023,6,19805,AA,14100,13204,PHL,MCO,209,6,2,0,201,0,63,41,4369.0,0.028708133971291867,0.009569377990430622,0.31343283582089554,0.20398009950248755,21.736318407960198
2023,6,19805,AA,14100,13303,PHL,MIA,211,10,4,0,197,0,61,29,5823.0,0.04739336492890995,0.018957345971563982,0.3096446700507614,0.14720812182741116,29.558375634517766
2023,6,19805,AA,14100,13487,PHL,MSP,30,0,0,0,30,0,2,1,-271.0,0.0,0.0,0.06666666666666667,0.03333333333333333,-9.033333333333333
2023,6,19805,AA,14100,13930,PHL,ORD,243,1,0,0,242,0,65,29,3276.0,0.00411522633744856,0.0,0.26859504132231404,0.11983471074380166,13.537190082644628
2023,6,19805,AA,14100,14107,PHL,PHX,210,3,0,0,207,0,35,18,1346.0,0.014285714285714285,0.0,0.16908212560386474,0.08695652173913043,6.502415458937198
2023,6,19805,AA,14100,14635,PHL,RSW,59,0,1,0,58,0,9,3,-327.0,0.0,0.01694915254237288,0.15517241379310345,0.05172413793103448,-5.637931034482759
2023,6,19805,AA,14100,14679,PHL,SAN,60,1,0,0,59,0,12,4,181.0,0.016666666666666666,0.0,0.2033898305084746,0.06779661016949153,3.0677966101694913
2023,6,19805,AA,14100,14747,PHL,SEA,60,1,0,0,59,0,7,5,212.0,0.016666666666666666,0.0,0.11864406779661017,0.0847457627118644,3.593220338983051
2023,6,19805,AA,14100,14771,PHL,SFO,90,2,0,0,88,0,19,8,1427.0,0.022222222222222223,0.0,0.2159090909090909,0.09090909090909091,16.21590909090909
2023,6,19805,AA,14100,15016,PHL,STL,60,1,0,0,59,0,26,7,1547.0,0.016666666666666666,0.0,0.4406779661016949,0.11864406779661017,26.220338983050848
2023,6,19805,AA,14100,15304,PHL,TPA,120,0,0,0,120,0,30,8,1135.0,0.0,0.0,0.25,0.06666666666666667,9.458333333333334
2023,6,19805,AA,14107,10397,PHX,ATL,26,0,0,0,26,0,1,0,-314.0,0.0,0.0,0.038461538461538464,0.0,-12.076923076923077
2023,6,19805,AA,14107,10721,PHX,BOS,94,0,0,0,94,0,18,3,442.0,0.0,0.0,0.19148936170212766,0.031914893617021274,4.702127659574468
2023,6,19805,AA,14107,11278,PHX,DCA,90,0,1,0,89,0,14,3,116.0,0.0,0.011111111111111112,0.15730337078651685,0.033707865168539325,1.303370786516854
2023,6,19805,AA,14107,11292,PHX,DEN,90,0,2,0,88,0,28,10,2182.0,0.0,0.022222222222222223,0.3181818181818182,0.11363636363636363,24.795454545454547
2023,6,19805,AA,14107,11298,PHX,DFW,316,0,0,0,316,0,90,38,4849.0,0.0,0.0,0.2848101265822785,0.12025316455696203,15.344936708860759
2023,6,19805,AA,14107,11433,PHX,DTW,30,0,0,0,30,0,12,4,1331.0,0.0,0.0,0.4,0.13333333333333333,44.36666666666667
2023,6,19805,AA,14107,11618,PHX,EWR,60,3,2,0,55,0,13,5,1731.0,0.05,0.03333333333333333,0.23636363636363636,0.09090909090909091,31.472727272727273
2023,6,19805,AA,14107,12173,PHX,HNL,30,0,1,0,29,0,6,0,26.0,0.0,0.03333333333333333,0.20689655172413793,0.0,0.896551724137931
2023,6,19805,AA,14107,12266,PHX,IAH,60,0,0,0,60,0,10,6,86.0,0.0,0.0,0.16666666666666666,0.1,1.4333333333333333
2023,6,19805,AA,14107,12478,PHX,JFK,90,1,1,0,88,0,12,5,1144.0,0.011111111111111112,0.011111111111111112,0.13636363636363635,0.056818181818181816,13.0
2023,6,19805,AA,14107,12889,PHX,LAS,113,0,0,0,113,0,21,5,172.0,0.0,0.0,0.18584070796460178,0.04424778761061947,1.5221238938053097
2023,6,19805,AA,14107,12892,PHX,LAX,150,1,0,0,149,0,26,13,1572.0,0.006666666666666667,0.0,0.174496644295302,0.087248322147651,10.550335570469798
2023,6,19805,AA,14107,13204,PHX,MCO,64,0,0,0,64,0,14,6,365.0,0.0,0.0,0.21875,0.09375,5.703125
2023,6,19805,AA,14107,13303,PHX,MIA,120,4,2,0,114,0,19,8,-347.0,0.03333333333333333,0.016666666666666666,0.16666666666666666,0.07017543859649122,-3.043859649122807
2023,6,19805,AA,14107,13487,PHX,MSP,30,0,0,0,30,0,6,2,-32.0,0.0,0.0,0.2,0.06666666666666667,-1.0666666666666667
2023,6,19805,AA,14107,13930,PHX,ORD,243,0,0,0,243,0,44,25,3175.0,0.0,0.0,0.18106995884773663,0.102880658436214,13.065843621399177
2023,6,19805,AA,14107,14100,PHX,PHL,210,3,0,0,207,0,36,18,1324.0,0.014285714285714285,0.0,0.17391304347826086,0.08695652173913043,6.396135265700483
2023,6,19805,AA,14107,14679,PHX,SAN,116,0,0,0,116,0,39,11,1665.0,0.0,0.0,0.33620689655172414,0.09482758620689655,14.35344827586207
2023,6,19805,AA,14107,14747,PHX,SEA,90,0,0,0,90,0,14,4,881.0,0.0,0.0,0.15555555555555556,0.044444444444444446,9.78888888888889
2023,6,19805,AA,14107,14771,PHX,SFO,90,1,0,0,89,0,24,7,3120.0,0.011111111111111112,0.0,0.2696629213483146,0.07865168539325842,35.056179775280896
2023,6,19805,AA,14107,14869,PHX,SLC,39,0,1,0,38,0,6,3,266.0,0.0,0.02564102564102564,0.15789473684210525,0.07894736842105263,7.0
2023,6,19805,AA,14107,15016,PHX,STL,56,1,0,0,55,0,11,4,9.0,0.017857142857142856,0.0,0.2,0.07272727272727272,0.16363636363636364
2023,6,19805,AA,14107,15304,PHX,TPA,64,0,0,0,64,0,7,1,-879.0,0.0,0.0,0.109375,0.015625,-13.734375
2023,6,19805,AA,14635,11278,RSW,DCA,60,0,1,0,59,0,18,7,3163.0,0.0,0.016666666666666666,0.3050847457627119,0.11864406779661017,53.610169491525426
2023,6,19805,AA,14635,11298,RSW,DFW,94,2,0,0,92,0,33,15,4092.0,0.02127659574468085,0.0,0.358695652173913,0.16304347826086957,44.47826086956522
2023,6,19805,AA,14635,13930,RSW,ORD,35,0,0,0,35,0,15,7,1971.0,0.0,0.0,0.42857142857142855,0.2,56.31428571428572
2023,6,19805,AA,14635,14100,RSW,PHL,59,0,0,0,59,0,15,4,386.0,0.0,0.0,0.2542372881355932,0.06779661016949153,6.5423728813559325
2023,6,19805,AA,14679,11298,SAN,DFW,253,3,1,0,249,0,56,24,2020.0,0.011857707509881422,0.003952569169960474,0.2248995983935743,0.0963855421686747,8.112449799196787
2023,6,19805,AA,14679,13303,SAN,MIA,30,1,0,0,29,0,12,1,138.0,0.03333333333333333,0.0,0.41379310344827586,0.034482758620689655,4.758620689655173
2023,6,19805,AA,14679,13930,SAN,ORD,90,0,0,0,90,0,7,3,-181.0,0.0,0.0,0.07777777777777778,0.03333333333333333,-2.011111111111111
2023,6,19805,AA,14679,14100,SAN,PHL,60,1,0,0,59,0,6,3,973.0,0.016666666666666666,0.0,0.1016949152542373,0.05084745762711865,16.491525423728813
2023,6,19805,AA,14679,14107,SAN,PHX,116,0,0,0,116,0,30,10,3784.0,0.0,0.0,0.25862068965517243,0.08620689655172414,32.62068965517241
2023,6,19805,AA,14747,11298,SEA,DFW,218,1,2,0,215,0,89,26,10768.0,0.0045871559633027525,0.009174311926605505,0.413953488372093,0.12093023255813953,50.08372093023256
2023,6,19805,AA,14747,13303,SEA,MIA,30,0,0,0,30,0,17,2,556.0,0.0,0.0,0.5666666666666667,0.06666666666666667,18.533333333333335
2023,6,19805,AA,14747,13930,SEA,ORD,89,1,0,0,88,0,23,6,1564.0,0.011235955056179775,0.0,0.26136363636363635,0.06818181818181818,17.772727272727273
2023,6,19805,AA,14747,14100,SEA,PHL,60,1,0,0,59,0,13,4,513.0,0.016666666666666666,0.0,0.22033898305084745,0.06779661016949153,8.694915254237289
2023,6,19805,AA,14747,14107,SEA,PHX,90,0,0,0,90,0,9,5,197.0,0.0,0.0,0.1,0.05555555555555555,2.188888888888889
2023,6,19805,AA,14771,11298,SFO,DFW,243,2,2,0,239,0,65,26,4080.0,0.00823045267489712,0.00823045267489712,0.2719665271966527,0.1087866108786611,17.07112970711297
2023,6,19805,AA,14771,12478,SFO,JFK,116,3,2,0,111,0,31,8,2780.0,0.02586206896551724,0.017241379310344827,0.27927927927927926,0.07207207207207207,25.045045045045047
2023,6,19805,AA,14771,12892,SFO,LAX,1,0,0,0,1,0,0,0,-10.0,0.0,0.0,0.0,0.0,-10.0
2023,6,19805,AA,14771,13303,SFO,MIA,90,1,3,0,86,0,21,6,286.0,0.011111111111111112,0.03333333333333333,0.2441860465116279,0.06976744186046512,3.3255813953488373
2023,6,19805,AA,14771,13930,SFO,ORD,82,0,0,0,82,0,22,7,3075.0,0.0,0.0,0.2682926829268293,0.08536585365853659,37.5
2023,6,19805,AA,14771,14100,SFO,PHL,90,2,1,0,87,0,37,6,2549.0,0.022222222222222223,0.011111111111111112,0.42528735632183906,0.06896551724137931,29.298850574712645
2023,6,19805,AA,14771,14107,SFO,PHX,91,1,0,0,90,0,12,6,226.0,0.01098901098901099,0.0,0.13333333333333333,0.06666666666666667,2.511111111111111
2023,6,19805,AA,14869,11298,SLC,DFW,179,1,3,0,175,0,47,20,1270.0,0.00558659217877095,0.01675977653631285,0.26857142857142857,0.11428571428571428,7.257142857142857
2023,6,19805,AA,14869,13930,SLC,ORD,30,0,0,0,30,0,9,2,532.0,0.0,0.0,0.3,0.06666666666666667,17.733333333333334
2023,6,19805,AA,14869,14107,SLC,PHX,40,0,0,0,40,0,8,6,680.0,0.0,0.0,0.2,0.15,17.0
2023,6,19805,AA,15016,11278,STL,DCA,30,0,0,0,30,0,18,11,3056.0,0.0,0.0,0.6,0.36666666666666664,101.86666666666666
2023,6,19805,AA,15016,11298,STL,DFW,150,0,1,0,149,0,50,20,2393.0,0.0,0.006666666666666667,0.33557046979865773,0.1342281879194631,16.06040268456376
2023,6,19805,AA,15016,12892,STL,LAX,30,1,0,0,29,0,14,8,3505.0,0.03333333333333333,0.0,0.4827586206896552,0.27586206896551724,120.86206896551724
2023,6,19805,AA,15016,12953,STL,LGA,48,0,1,0,47,0,17,6,2162.0,0.0,0.020833333333333332,0.3617021276595745,0.1276595744680851,46.0
2023,6,19805,AA,15016,13303,STL,MIA,30,1,0,0,29,0,4,1,-107.0,0.03333333333333333,0.0,0.13793103448275862,0.034482758620689655,-3.689655172413793
2023,6,19805,AA,15016,13930,STL,ORD,30,0,0,0,30,0,0,0,-537.0,0.0,0.0,0.0,0.0,-17.9
2023,6,19805,AA,15016,14100,STL,PHL,60,1,0,0,59,0,17,6,2068.0,0.016666666666666666,0.0,0.288135593220339,0.1016949152542373,35.05084745762712
2023,6,19805,AA,15016,14107,STL,PHX,56,1,0,0,55,0,9,4,1796.0,0.017857142857142856,0.0,0.16363636363636364,0.07272727272727272,32.654545454545456
2023,6,19805,AA,15304,11278,TPA,DCA,120,3,4,0,113,0,24,14,6626.0,0.025,0.03333333333333333,0.21238938053097345,0.12389380530973451,58.63716814159292
2023,6,19805,AA,15304,11298,TPA,DFW,195,3,2,0,190,0,73,30,6719.0,0.015384615384615385,0.010256410256410256,0.38421052631578945,0.15789473684210525,35.363157894736844
2023,6,19805,AA,15304,12892,TPA,LAX,1,0,0,0,1,0,1,1,60.0,0.0,0.0,1.0,1.0,60.0
2023,6,19805,AA,15304,13303,TPA,MIA,142,4,0,0,138,0,38,20,6422.0,0.028169014084507043,0.0,0.2753623188405797,0.14492753623188406,46.53623188405797
2023,6,19805,AA,15304,13930,TPA,ORD,60,0,0,0,60,0,30,14,2203.0,0.0,0.0,0.5,0.23333333333333334,36.71666666666667
2023,6,19805,AA,15304,14100,TPA,PHL,120,0,1,0,119,0,34,12,1792.0,0.0,0.008333333333333333,0.2857142857142857,0.10084033613445378,15.058823529411764
2023,6,19805,AA,15304,14107,TPA,PHX,63,0,0,0,63,0,13,3,1118.0,0.0,0.0,0.20634920634920634,0.047619047619047616,17.746031746031747
2023,6,19930,AS,10397,14747,ATL,SEA,120,0,1,0,119,0,37,10,1021.0,0.0,0.008333333333333333,0.31092436974789917,0.08403361344537816,8.579831932773109
2023,6,19930,AS,10721,14679,BOS,SAN,30,0,0,0,30,0,11,4,458.0,0.0,0.0,0.36666666666666664,0.13333333333333333,15.266666666666667
2023,6,19930,AS,10721,14747,BOS,SEA,110,0,0,0,110,0,16,5,-1562.0,0.0,0.0,0.14545454545454545,0.045454545454545456,-14.2
2023,6,19930,AS,10721,14771,BOS,SFO,57,1,0,0,56,0,13,5,-84.0,0.017543859649122806,0.0,0.23214285714285715,0.08928571428571429,-1.5
2023,6,19930,AS,10821,14747,BWI,SEA,45,0,0,0,45,0,16,6,704.0,0.0,0.0,0.35555555555555557,0.13333333333333333,15.644444444444444
2023,6,19930,AS,11278,12892,DCA,LAX,30,0,0,0,30,0,7,3,247.0,0.0,0.0,0.23333333333333334,0.1,8.233333333333333
2023,6,19930,AS,11278,14747,DCA,SEA,60,0,1,0,59,0,14,11,698.0,0.0,0.016666666666666666,0.23728813559322035,0.1864406779661017,11.830508474576272
2023,6,19930,AS,11278,14771,DCA,SFO,30,0,1,0,29,0,6,3,78.0,0.0,0.03333333333333333,0.20689655172413793,0.10344827586206896,2.689655172413793
2023,6,19930,AS,11292,14747,DEN,SEA,146,0,0,0,146,0,40,13,1555.0,0.0,0.0,0.273972602739726,0.08904109589041095,10.650684931506849
2023,6,19930,AS,11298,14747,DFW,SEA,146,0,1,0,145,0,69,18,3513.0,0.0,0.00684931506849315,0.47586206896551725,0.12413793103448276,24.22758620689655
2023,6,19930,AS,11433,14747,DTW,SEA,60,0,0,0,60,0,13,5,447.0,0.0,0.0,0.21666666666666667,0.08333333333333333,7.45
2023,6,19930,AS,11618,12892,EWR,LAX,82,3,0,0,79,0,27,15,2451.0,0.036585365853658534,0.0,0.34177215189873417,0.189873417721519,31.025316455696203
2023,6,19930,AS,11618,14679,EWR,SAN,29,2,0,0,27,0,14,3,577.0,0.06896551724137931,0.0,0.5185185185185185,0.1111111111111111,21.37037037037037
2023,6,19930,AS,11618,14747,EWR,SEA,88,2,0,0,86,0,17,13,110.0,0.022727272727272728,0.0,0.19767441860465115,0.1511627906976744,1.2790697674418605
2023,6,19930,AS,11618,14771,EWR,SFO,86,1,1,0,84,0,24,12,654.0,0.011627906976744186,0.011627906976744186,0.2857142857142857,0.14285714285714285,7.785714285714286
2023,6,19930,AS,11697,14747,FLL,SEA,30,2,1,0,27,0,12,5,529.0,0.06666666666666667,0.03333333333333333,0.4444444444444444,0.18518518518518517,19.59259259259259
2023,6,19930,AS,12173,12892,HNL,LAX,30,0,0,0,30,0,5,0,-21.0,0.0,0.0,0.16666666666666666,0.0,-0.7
2023,6,19930,AS,12173,14679,HNL,SAN,30,1,0,0,29,0,4,0,-169.0,0.03333333333333333,0.0,0.13793103448275862,0.0,-5.827586206896552
2023,6,19930,AS,12173,14747,HNL,SEA,136,1,0,0,135,0,33,6,1016.0,0.007352941176470588,0.0,0.24444444444444444,0.044444444444444446,7.525925925925926
2023,6,19930,AS,12173,14771,HNL,SFO,46,0,0,0,46,0,2,0,-155.0,0.0,0.0,0.043478260869565216,0.0,-3.369565217391304
2023,6,19930,AS,12266,14747,IAH,SEA,71,0,0,0,71,0,14,5,472.0,0.0,0.0,0.19718309859154928,0.07042253521126761,6.647887323943662
2023,6,19930,AS,12478,14679,JFK,SAN,60,0,0,0,60,0,17,6,477.0,0.0,0.0,0.2833333333333333,0.1,7.95
2023,6,19930,AS,12478,14747,JFK,SEA,119,0,0,0,119,0,14,7,-1634.0,0.0,0.0,0.11764705882352941,0.058823529411764705,-13.731092436974789
2023,6,19930,AS,12478,14771,JFK,SFO,149,2,0,0,147,0,26,11,-1908.0,0.013422818791946308,0.0,0.17687074829931973,0.07482993197278912,-12.979591836734693
2023,6,19930,AS,12889,12892,LAS,LAX,28,0,0,0,28,0,7,1,91.0,0.0,0.0,0.25,0.03571428571428571,3.25
2023,6,19930,AS,12889,14747,LAS,SEA,205,0,0,0,205,0,55,13,3091.0,0.0,0.0,0.2682926829268293,0.06341463414634146,15.078048780487805
2023,6,19930,AS,12889,14771,LAS,SFO,66,0,0,0,66,0,13,4,489.0,0.0,0.0,0.19696969696969696,0.06060606060606061,7.409090909090909
2023,6,19930,AS,12892,11278,LAX,DCA,30,0,0,0,30,0,10,2,242.0,0.0,0.0,0.3333333333333333,0.06666666666666667,8.066666666666666
2023,6,19930,AS,12892,11618,LAX,EWR,82,2,3,0,77,0,29,11,1811.0,0.024390243902439025,0.036585365853658534,0.37662337662337664,0.14285714285714285,23.51948051948052
2023,6,19930,AS,12892,12173,LAX,HNL,30,0,0,0,30,0,2,0,-392.0,0.0,0.0,0.06666666666666667,0.0,-13.066666666666666
2023,6,19930,AS,12892,12889,LAX,LAS,28,0,0,0,28,0,3,0,-36.0,0.0,0.0,0.10714285714285714,0.0,-1.2857142857142858
2023,6,19930,AS,12892,14747,LAX,SEA,293,0,0,0,293,0,53,14,1173.0,0.0,0.0,0.18088737201365188,0.04778156996587031,4.003412969283277
2023,6,19930,AS,12892,14771,LAX,SFO,30,0,0,0,30,0,5,2,234.0,0.0,0.0,0.16666666666666666,0.06666666666666667,7.8
2023,6,19930,AS,13204,14679,MCO,SAN,30,1,0,0,29,0,17,5,1135.0,0.03333333333333333,0.0,0.5862068965517241,0.1724137931034483,39.13793103448276
2023,6,19930,AS,13204,14747,MCO,SEA,90,1,0,0,89,0,38,13,2352.0,0.011111111111111112,0.0,0.42696629213483145,0.14606741573033707,26.426966292134832
2023,6,19930,AS,13204,14771,MCO,SFO,30,1,1,0,28,0,12,8,756.0,0.03333333333333333,0.03333333333333333,0.42857142857142855,0.2857142857142857,27.0
2023,6,19930,AS,13303,14747,MIA,SEA,30,1,1,0,28,0,7,4,286.0,0.03333333333333333,0.03333333333333333,0.25,0.14285714285714285,10.214285714285714
2023,6,19930,AS,13487,14747,MSP,SEA,72,0,0,0,72,0,9,2,-478.0,0.0,0.0,0.125,0.027777777777777776,-6.638888888888889
2023,6,19930,AS,13796,14747,OAK,SEA,74,1,0,0,73,0,14,3,68.0,0.013513513513513514,0.0,0.1917808219178082,0.0410958904109589,0.9315068493150684
2023,6,19930,AS,13930,14747,ORD,SEA,182,0,0,0,182,0,61,19,2629.0,0.0,0.0,0.33516483516483514,0.1043956043956044,14.445054945054945
2023,6,19930,AS,13930,14771,ORD,SFO,57,1,1,0,55,0,21,5,1002.0,0.017543859649122806,0.017543859649122806,0.38181818181818183,0.09090909090909091,18.21818181818182
2023,6,19930,AS,14100,14747,PHL,SEA,60,1,0,0,59,0,8,3,-437.0,0.016666666666666666,0.0,0.13559322033898305,0.05084745762711865,-7.406779661016949
2023,6,19930,AS,14107,14747,PHX,SEA,226,0,0,0,226,0,26,6,10.0,0.0,0.0,0.11504424778761062,0.02654867256637168,0.04424778761061947
2023,6,19930,AS,14635,14747,RSW,SEA,8,0,0,0,8,0,3,1,851.0,0.0,0.0,0.375,0.125,106.375
2023,6,19930,AS,14679,10721,SAN,BOS,30,0,0,0,30,0,10,1,389.0,0.0,0.0,0.3333333333333333,0.03333333333333333,12.966666666666667
2023,6,19930,AS,14679,11618,SAN,EWR,30,1,2,0,27,0,9,1,247.0,0.03333333333333333,0.06666666666666667,0.3333333333333333,0.037037037037037035,9.148148148148149
2023,6,19930,AS,14679,12173,SAN,HNL,30,0,1,0,29,0,2,0,-224.0,0.0,0.03333333333333333,0.06896551724137931,0.0,-7.724137931034483
2023,6,19930,AS,14679,12478,SAN,JFK,59,0,0,0,59,0,10,4,3.0,0.0,0.0,0.1694915254237288,0.06779661016949153,0.05084745762711865
2023,6,19930,AS,14679,13204,SAN,MCO,30,0,0,0,30,0,9,5,280.0,0.0,0.0,0.3,0.16666666666666666,9.333333333333334
2023,6,19930,AS,14679,14747,SAN,SEA,255,1,0,0,254,0,52,9,1799.0,0.00392156862745098,0.0,0.2047244094488189,0.03543307086614173,7.082677165354331
2023,6,19930,AS,14747,10397,SEA,ATL,120,0,1,0,119,0,41,6,1347.0,0.0,0.008333333333333333,0.3445378151260504,0.05042016806722689,11.319327731092438
2023,6,19930,AS,14747,10721,SEA,BOS,110,0,0,0,110,0,58,9,2665.0,0.0,0.0,0.5272727272727272,0.08181818181818182,24.227272727272727
2023,6,19930,AS,14747,10821,SEA,BWI,46,0,1,0,45,0,17,2,713.0,0.0,0.021739130434782608,0.37777777777777777,0.044444444444444446,15.844444444444445
2023,6,19930,AS,14747,11278,SEA,DCA,60,0,0,0,60,0,22,7,1293.0,0.0,0.0,0.36666666666666664,0.11666666666666667,21.55
2023,6,19930,AS,14747,11292,SEA,DEN,146,0,1,0,145,0,44,10,1857.0,0.0,0.00684931506849315,0.30344827586206896,0.06896551724137931,12.806896551724138
2023,6,19930,AS,14747,11298,SEA,DFW,146,0,1,0,145,0,59,5,2472.0,0.0,0.00684931506849315,0.4068965517241379,0.034482758620689655,17.048275862068966
2023,6,19930,AS,14747,11433,SEA,DTW,60,0,0,0,60,0,27,1,1006.0,0.0,0.0,0.45,0.016666666666666666,16.766666666666666
2023,6,19930,AS,14747,11618,SEA,EWR,87,0,1,0,86,0,28,7,979.0,0.0,0.011494252873563218,0.32558139534883723,0.08139534883720931,11.383720930232558
2023,6,19930,AS,14747,11697,SEA,FLL,30,1,1,0,28,0,8,1,251.0,0.03333333333333333,0.03333333333333333,0.2857142857142857,0.03571428571428571,8.964285714285714
2023,6,19930,AS,14747,12173,SEA,HNL,136,0,1,0,135,0,21,9,-180.0,0.0,0.007352941176470588,0.15555555555555556,0.06666666666666667,-1.3333333333333333
2023,6,19930,AS,14747,12266,SEA,IAH,72,0,0,0,72,0,35,3,1120.0,0.0,0.0,0.4861111111111111,0.041666666666666664,15.555555555555555
2023,6,19930,AS,14747,12478,SEA,JFK,119,0,1,0,118,0,43,10,2235.0,0.0,0.008403361344537815,0.3644067796610169,0.0847457627118644,18.940677966101696
2023,6,19930,AS,14747,12889,SEA,LAS,205,0,0,0,205,0,58,11,1954.0,0.0,0.0,0.28292682926829266,0.05365853658536585,9.53170731707317
2023,6,19930,AS,14747,12892,SEA,LAX,293,0,0,0,293,0,63,16,1188.0,0.0,0.0,0.2150170648464164,0.05460750853242321,4.054607508532423
2023,6,19930,AS,14747,13204,SEA,MCO,90,0,2,0,88,0,21,5,498.0,0.0,0.022222222222222223,0.23863636363636365,0.056818181818181816,5.659090909090909
2023,6,19930,AS,14747,13303,SEA,MIA,30,0,2,0,28,0,11,1,243.0,0.0,0.06666666666666667,0.39285714285714285,0.03571428571428571,8.678571428571429
2023,6,19930,AS,14747,13487,SEA,MSP,72,0,0,0,72,0,19,3,965.0,0.0,0.0,0.2638888888888889,0.041666666666666664,13.402777777777779
2023,6,19930,AS,14747,13796,SEA,OAK,74,0,0,0,74,0,19,5,526.0,0.0,0.0,0.25675675675675674,0.06756756756756757,7.108108108108108
2023,6,19930,AS,14747,13930,SEA,ORD,182,0,1,0,181,0,68,6,2352.0,0.0,0.005494505494505495,0.3756906077348066,0.03314917127071823,12.994475138121548
2023,6,19930,AS,14747,14100,SEA,PHL,60,1,1,0,58,0,16,1,472.0,0.016666666666666666,0.016666666666666666,0.27586206896551724,0.017241379310344827,8.137931034482758
2023,6,19930,AS,14747,14107,SEA,PHX,226,0,0,0,226,0,50,8,979.0,0.0,0.0,0.22123893805309736,0.035398230088495575,4.331858407079646
2023,6,19930,AS,14747,14635,SEA,RSW,9,0,0,0,9,0,1,0,54.0,0.0,0.0,0.1111111111111111,0.0,6.0
2023,6,19930,AS,14747,14679,SEA,SAN,255,1,0,0,254,0,53,5,669.0,0.00392156862745098,0.0,0.20866141732283464,0.01968503937007874,2.6338582677165356
2023,6,19930,AS,14747,14771,SEA,SFO,312,0,0,0,312,0,95,16,2126.0,0.0,0.0,0.30448717948717946,0.05128205128205128,6.814102564102564
2023,6,19930,AS,14747,14869,SEA,SLC,90,0,0,0,90,0,22,7,1332.0,0.0,0.0,0.24444444444444444,0.07777777777777778,14.8
2023,6,19930,AS,14747,15016,SEA,STL,85,0,0,0,85,0,25,6,1040.0,0.0,0.0,0.29411764705882354,0.07058823529411765,12.235294117647058
2023,6,19930,AS,14747,15304,SEA,TPA,60,0,1,0,59,0,21,4,1136.0,0.0,0.016666666666666666,0.3559322033898305,0.06779661016949153,19.25423728813559
2023,6,19930,AS,14771,10721,SFO,BOS,58,0,0,0,58,0,21,3,855.0,0.0,0.0,0.3620689655172414,0.05172413793103448,14.741379310344827
2023,6,19930,AS,14771,11278,SFO,DCA,30,0,0,0,30,0,6,2,231.0,0.0,0.0,0.2,0.06666666666666667,7.7
2023,6,19930,AS,14771,11618,SFO,EWR,86,0,3,0,83,0,37,13,2146.0,0.0,0.03488372093023256,0.4457831325301205,0.1566265060240964,25.85542168674699
2023,6,19930,AS,14771,12173,SFO,HNL,46,0,0,0,46,0,10,1,-87.0,0.0,0.0,0.21739130434782608,0.021739130434782608,-1.891304347826087
2023,6,19930,AS,14771,12478,SFO,JFK,150,0,0,0,150,0,64,13,2556.0,0.0,0.0,0.4266666666666667,0.08666666666666667,17.04
2023,6,19930,AS,14771,12889,SFO,LAS,64,0,0,0,64,0,16,3,674.0,0.0,0.0,0.25,0.046875,10.53125
2023,6,19930,AS,14771,12892,SFO,LAX,30,0,0,0,30,0,2,0,-261.0,0.0,0.0,0.06666666666666667,0.0,-8.7
2023,6,19930,AS,14771,13204,SFO,MCO,30,0,0,0,30,0,8,5,510.0,0.0,0.0,0.26666666666666666,0.16666666666666666,17.0
2023,6,19930,AS,14771,13930,SFO,ORD,58,0,0,0,58,0,24,4,1164.0,0.0,0.0,0.41379310344827586,0.06896551724137931,20.06896551724138
2023,6,19930,AS,14771,14747,SFO,SEA,312,0,0,0,312,0,60,13,1100.0,0.0,0.0,0.19230769230769232,0.041666666666666664,3.5256410256410255
2023,6,19930,AS,14869,14747,SLC,SEA,90,2,0,0,88,0,20,8,1269.0,0.022222222222222223,0.0,0.22727272727272727,0.09090909090909091,14.420454545454545
2023,6,19930,AS,15016,14747,STL,SEA,86,0,0,0,86,0,10,5,-365.0,0.0,0.0,0.11627906976744186,0.05813953488372093,-4.244186046511628
2023,6,19930,AS,15304,14747,TPA,SEA,60,0,0,0,60,0,32,13,3093.0,0.0,0.0,0.5333333333333333,0.21666666666666667,51.55
2023,6,19977,UA,10397,11292,ATL,DEN,98,5,0,0,93,0,40,17,3881.0,0.05102040816326531,0.0,0.43010752688172044,0.1827956989247312,41.73118279569893
2023,6,19977,UA,10397,11618,ATL,EWR,195,21,2,0,172,0,73,35,8419.0,0.1076923076923077,0.010256410256410256,0.42441860465116277,0.20348837209302326,48.94767441860465
2023,6,19977,UA,10397,12266,ATL,IAH,151,4,0,0,147,0,42,20,3408.0,0.026490066225165563,0.0,0.2857142857142857,0.1360544217687075,23.183673469387756
2023,6,19977,UA,10397,13930,ATL,ORD,142,2,0,0,140,0,38,11,2602.0,0.014084507042253521,0.0,0.2714285714285714,0.07857142857142857,18.585714285714285
2023,6,19977,UA,10397,14771,ATL,SFO,60,3,0,0,57,0,23,10,1341.0,0.05,0.0,0.40350877192982454,0.17543859649122806,23.526315789473685
2023,6,19977,UA,10721,11292,BOS,DEN,158,9,0,0,149,0,38,18,1399.0,0.056962025316455694,0.0,0.2550335570469799,0.12080536912751678,9.389261744966444
2023,6,19977,UA,10721,11618,BOS,EWR,260,28,0,0,232,0,84,40,7806.0,0.1076923076923077,0.0,0.3620689655172414,0.1724137931034483,33.64655172413793
2023,6,19977,UA,10721,12266,BOS,IAH,120,7,1,0,112,0,24,11,563.0,0.058333333333333334,0.008333333333333333,0.21428571428571427,0.09821428571428571,5.026785714285714
2023,6,19977,UA,10721,12892,BOS,LAX,60,0,0,0,60,0,18,8,665.0,0.0,0.0,0.3,0.13333333333333333,11.083333333333334
2023,6,19977,UA,10721,13930,BOS,ORD,192,6,0,0,186,0,37,18,1714.0,0.03125,0.0,0.1989247311827957,0.0967741935483871,9.21505376344086
2023,6,19977,UA,10721,14771,BOS,SFO,175,9,0,0,166,0,34,14,-130.0,0.05142857142857143,0.0,0.20481927710843373,0.08433734939759036,-0.7831325301204819
2023,6,19977,UA,10821,11292,BWI,DEN,68,5,0,0,63,0,23,10,1824.0,0.07352941176470588,0.0,0.36507936507936506,0.15873015873015872,28.952380952380953
2023,6,19977,UA,10821,12266,BWI,IAH,50,0,0,0,50,0,11,3,392.0,0.0,0.0,0.22,0.06,7.84
2023,6,19977,UA,10821,12892,BWI,LAX,30,2,0,0,28,0,2,0,-303.0,0.06666666666666667,0.0,0.07142857142857142,0.0,-10.821428571428571
2023,6,19977,UA,10821,13930,BWI,ORD,106,4,0,0,102,0,22,10,1353.0,0.03773584905660377,0.0,0.21568627450980393,0.09803921568627451,13.264705882352942
2023,6,19977,UA,10821,14771,BWI,SFO,60,3,0,0,57,0,15,8,464.0,0.05,0.0,0.2631578947368421,0.14035087719298245,8.140350877192983
2023,6,19977,UA,11278,11292,DCA,DEN,30,2,1,0,27,0,11,7,909.0,0.06666666666666667,0.03333333333333333,0.4074074074074074,0.25925925925925924,33.666666666666664
2023,6,19977,UA,11278,12266,DCA,IAH,165,3,1,0,161,0,45,16,2065.0,0.01818181818181818,0.006060606060606061,0.2795031055900621,0.09937888198757763,12.826086956521738
2023,6,19977,UA,11278,13930,DCA,ORD,210,15,0,0,195,0,44,14,3003.0,0.07142857142857142,0.0,0.22564102564102564,0.07179487179487179,15.4
2023,6,19977,UA,11278,14771,DCA,SFO,30,2,0,0,28,0,8,4,361.0,0.06666666666666667,0.0,0.2857142857142857,0.14285714285714285,12.892857142857142
2023,6,19977,UA,11292,10397,DEN,ATL,98,5,0,0,93,0,32,12,2581.0,0.05102040816326531,0.0,0.34408602150537637,0.12903225806451613,27.752688172043012
2023,6,19977,UA,11292,10721,DEN,BOS,158,9,1,0,148,0,58,25,3379.0,0.056962025316455694,0.006329113924050633,0.3918918918918919,0.16891891891891891,22.83108108108108
2023,6,19977,UA,11292,10821,DEN,BWI,68,4,0,0,64,0,26,9,1509.0,0.058823529411764705,0.0,0.40625,0.140625,23.578125
2023,6,19977,UA,11292,11278,DEN,DCA,30,1,0,0,29,0,7,3,442.0,0.03333333333333333,0.0,0.2413793103448276,0.10344827586206896,15.241379310344827
2023,6,19977,UA,11292,11298,DEN,DFW,166,10,0,0,156,0,57,27,4568.0,0.060240963855421686,0.0,0.36538461538461536,0.17307692307692307,29.28205128205128
2023,6,19977,UA,11292,11433,DEN,DTW,60,0,1,0,59,0,32,14,1795.0,0.0,0.016666666666666666,0.5423728813559322,0.23728813559322035,30.423728813559322
2023,6,19977,UA,11292,11618,DEN,EWR,270,11,8,0,251,0,125,62,9146.0,0.040740740740740744,0.02962962962962963,0.49800796812749004,0.24701195219123506,36.43824701195219
2023,6,19977,UA,11292,11697,DEN,FLL,60,5,1,0,54,0,27,14,3032.0,0.08333333333333333,0.016666666666666666,0.5,0.25925925925925924,56.148148148148145
2023,6,19977,UA,11292,12173,DEN,HNL,60,2,3,0,55,0,19,12,1979.0,0.03333333333333333,0.05,0.34545454545454546,0.21818181818181817,35.981818181818184
2023,6,19977,UA,11292,12266,DEN,IAH,329,9,1,0,319,0,124,58,10451.0,0.02735562310030395,0.00303951367781155,0.3887147335423197,0.18181818181818182,32.76175548589342
2023,6,19977,UA,11292,12889,DEN,LAS,231,13,0,0,218,0,70,30,4302.0,0.05627705627705628,0.0,0.3211009174311927,0.13761467889908258,19.73394495412844
2023,6,19977,UA,11292,12892,DEN,LAX,269,10,0,0,259,0,92,57,8953.0,0.03717472118959108,0.0,0.3552123552123552,0.22007722007722008,34.567567567567565
2023,6,19977,UA,11292,12953,DEN,LGA,198,18,4,0,176,0,67,34,5546.0,0.09090909090909091,0.020202020202020204,0.3806818181818182,0.19318181818181818,31.511363636363637
2023,6,19977,UA,11292,13204,DEN,MCO,150,7,2,0,141,0,55,20,2236.0,0.04666666666666667,0.013333333333333334,0.3900709219858156,0.14184397163120568,15.858156028368795
2023,6,19977,UA,11292,13303,DEN,MIA,59,5,2,0,52,0,25,9,1749.0,0.0847457627118644,0.03389830508474576,0.4807692307692308,0.17307692307692307,33.63461538461539
2023,6,19977,UA,11292,13487,DEN,MSP,132,8,1,0,123,0,54,27,4754.0,0.06060606060606061,0.007575757575757576,0.43902439024390244,0.21951219512195122,38.65040650406504
2023,6,19977,UA,11292,13930,DEN,ORD,300,6,0,0,294,0,116,54,9530.0,0.02,0.0,0.3945578231292517,0.1836734693877551,32.414965986394556
2023,6,19977,UA,11292,14100,DEN,PHL,89,3,0,0,86,0,34,13,1765.0,0.033707865168539325,0.0,0.3953488372093023,0.1511627906976744,20.523255813953487
2023,6,19977,UA,11292,14107,DEN,PHX,146,9,0,0,137,0,44,23,2996.0,0.06164383561643835,0.0,0.32116788321167883,0.1678832116788321,21.868613138686133
2023,6,19977,UA,11292,14635,DEN,RSW,30,2,0,0,28,0,7,3,107.0,0.06666666666666667,0.0,0.25,0.10714285714285714,3.8214285714285716
2023,6,19977,UA,11292,14679,DEN,SAN,204,10,0,0,194,0,71,34,5926.0,0.049019607843137254,0.0,0.36597938144329895,0.17525773195876287,30.54639175257732
2023,6,19977,UA,11292,14747,DEN,SEA,200,8,0,0,192,0,54,26,2855.0,0.04,0.0,0.28125,0.13541666666666666,14.869791666666666
2023,6,19977,UA,11292,14771,DEN,SFO,270,11,1,0,258,0,81,33,6087.0,0.040740740740740744,0.003703703703703704,0.313953488372093,0.12790697674418605,23.593023255813954
2023,6,19977,UA,11292,14869,DEN,SLC,54,2,0,0,52,0,10,7,388.0,0.037037037037037035,0.0,0.19230769230769232,0.1346153846153846,7.461538461538462
2023,6,19977,UA,11292,15016,DEN,STL,108,7,0,0,101,0,53,26,4189.0,0.06481481481481481,0.0,0.5247524752475248,0.25742574257425743,41.475247524752476
2023,6,19977,UA,11292,15304,DEN,TPA,90,1,2,0,87,0,35,15,2580.0,0.011111111111111112,0.022222222222222223,0.40229885057471265,0.1724137931034483,29.655172413793103
2023,6,19977,UA,11298,11292,DFW,DEN,166,11,0,0,155,0,63,38,6174.0,0.06626506024096386,0.0,0.4064516129032258,0.24516129032258063,39.83225806451613
2023,6,19977,UA,11298,11618,DFW,EWR,154,20,1,0,133,0,55,28,4301.0,0.12987012987012986,0.006493506493506494,0.41353383458646614,0.21052631578947367,32.338345864661655
2023,6,19977,UA,11298,12266,DFW,IAH,150,8,1,0,141,0,52,26,5094.0,0.05333333333333334,0.006666666666666667,0.36879432624113473,0.18439716312056736,36.12765957446808
2023,6,19977,UA,11298,13930,DFW,ORD,140,6,0,0,134,0,42,17,1824.0,0.04285714285714286,0.0,0.31343283582089554,0.12686567164179105,13.611940298507463
2023,6,19977,UA,11298,14771,DFW,SFO,60,3,0,0,57,0,30,10,3756.0,0.05,0.0,0.5263157894736842,0.17543859649122806,65.89473684210526
2023,6,19977,UA,11433,11292,DTW,DEN,59,1,0,0,58,0,14,8,1027.0,0.01694915254237288,0.0,0.2413793103448276,0.13793103448275862,17.70689655172414
2023,6,19977,UA,11433,11618,DTW,EWR,66,7,0,0,59,0,15,7,1844.0,0.10606060606060606,0.0,0.2542372881355932,0.11864406779661017,31.25423728813559
2023,6,19977,UA,11433,12266,DTW,IAH,24,1,0,0,23,0,6,4,487.0,0.041666666666666664,0.0,0.2608695652173913,0.17391304347826086,21.17391304347826
2023,6,19977,UA,11433,13930,DTW,ORD,25,2,0,0,23,0,10,6,650.0,0.08,0.0,0.43478260869565216,0.2608695652173913,28.26086956521739
2023,6,19977,UA,11618,10397,EWR,ATL,197,18,0,0,179,0,79,42,6650.0,0.09137055837563451,0.0,0.441340782122905,0.2346368715083799,37.150837988826815
2023,6,19977,UA,11618,10721,EWR,BOS,257,28,0,0,229,0,93,48,7553.0,0.10894941634241245,0.0,0.40611353711790393,0.2096069868995633,32.9825327510917
2023,6,19977,UA,11618,11292,EWR,DEN,270,14,1,0,255,0,82,50,6003.0,0.05185185185185185,0.003703703703703704,0.3215686274509804,0.19607843137254902,23.541176470588237
2023,6,19977,UA,11618,11298,EWR,DFW,154,21,4,0,129,0,57,29,4054.0,0.13636363636363635,0.025974025974025976,0.4418604651162791,0.2248062015503876,31.426356589147286
2023,6,19977,UA,11618,11433,EWR,DTW,65,7,0,0,58,0,17,8,891.0,0.1076923076923077,0.0,0.29310344827586204,0.13793103448275862,15.362068965517242
2023,6,19977,UA,11618,11697,EWR,FLL,182,24,5,0,153,0,62,27,4385.0,0.13186813186813187,0.027472527472527472,0.40522875816993464,0.17647058823529413,28.66013071895425
2023,6,19977,UA,11618,12173,EWR,HNL,19,0,0,0,19,0,5,2,51.0,0.0,0.0,0.2631578947368421,0.10526315789473684,2.6842105263157894
2023,6,19977,UA,11618,12266,EWR,IAH,268,14,1,0,253,0,93,44,7851.0,0.05223880597014925,0.0037313432835820895,0.3675889328063241,0.17391304347826086,31.031620553359684
2023,6,19977,UA,11618,12889,EWR,LAS,207,19,0,0,188,0,62,34,5146.0,0.09178743961352658,0.0,0.32978723404255317,0.18085106382978725,27.372340425531913
2023,6,19977,UA,11618,12892,EWR,LAX,261,18,0,0,243,0,106,49,9575.0,0.06896551724137931,0.0,0.43621399176954734,0.20164609053497942,39.40329218106996
2023,6,19977,UA,11618,13204,EWR,MCO,300,29,3,0,268,0,127,73,13446.0,0.09666666666666666,0.01,0.47388059701492535,0.27238805970149255,50.17164179104478
2023,6,19977,UA,11618,13303,EWR,MIA,122,12,5,0,105,0,49,27,4316.0,0.09836065573770492,0.040983606557377046,0.4666666666666667,0.2571428571428571,41.10476190476191
2023,6,19977,UA,11618,13487,EWR,MSP,89,8,0,0,81,0,33,17,2247.0,0.0898876404494382,0.0,0.4074074074074074,0.20987654320987653,27.74074074074074
2023,6,19977,UA,11618,13930,EWR,ORD,319,31,2,0,286,0,115,66,11875.0,0.09717868338557993,0.006269592476489028,0.4020979020979021,0.23076923076923078,41.52097902097902
2023,6,19977,UA,11618,14107,EWR,PHX,120,8,0,0,112,0,35,16,1657.0,0.06666666666666667,0.0,0.3125,0.14285714285714285,14.794642857142858
2023,6,19977,UA,11618,14635,EWR,RSW,121,14,2,0,105,0,48,28,3973.0,0.11570247933884298,0.01652892561983471,0.45714285714285713,0.26666666666666666,37.838095238095235
2023,6,19977,UA,11618,14679,EWR,SAN,120,10,0,0,110,0,34,20,2306.0,0.08333333333333333,0.0,0.3090909090909091,0.18181818181818182,20.963636363636365
2023,6,19977,UA,11618,14747,EWR,SEA,119,14,0,0,105,0,46,31,4358.0,0.11764705882352941,0.0,0.4380952380952381,0.29523809523809524,41.50476190476191
2023,6,19977,UA,11618,14771,EWR,SFO,271,19,1,0,251,0,88,50,9553.0,0.07011070110701106,0.0036900369003690036,0.350597609561753,0.199203187250996,38.059760956175296
2023,6,19977,UA,11618,14869,EWR,SLC,30,2,0,0,28,0,18,10,1514.0,0.06666666666666667,0.0,0.6428571428571429,0.35714285714285715,54.07142857142857
2023,6,19977,UA,11618,15016,EWR,STL,29,1,0,0,28,0,13,6,1188.0,0.034482758620689655,0.0,0.4642857142857143,0.21428571428571427,42.42857142857143
2023,6,19977,UA,11618,15304,EWR,TPA,181,13,3,0,165,0,77,38,7410.0,0.0718232044198895,0.016574585635359115,0.4666666666666667,0.23030303030303031,44.90909090909091
2023,6,19977,UA,11697,11292,FLL,DEN,61,5,0,0,56,0,31,19,2808.0,0.08196721311475409,0.0,0.5535714285714286,0.3392857142857143,50.142857142857146
2023,6,19977,UA,11697,11618,FLL,EWR,182,23,2,0,157,0,66,41,6694.0,0.12637362637362637,0.01098901098901099,0.42038216560509556,0.2611464968152866,42.63694267515923
2023,6,19977,UA,11697,12266,FLL,IAH,91,3,0,0,88,0,30,20,2549.0,0.03296703296703297,0.0,0.3409090909090909,0.22727272727272727,28.96590909090909
2023,6,19977,UA,11697,13930,FLL,ORD,62,0,0,0,62,0,29,14,2292.0,0.0,0.0,0.46774193548387094,0.22580645161290322,36.96774193548387
2023,6,19977,UA,11697,14771,FLL,SFO,30,1,0,0,29,0,6,3,465.0,0.03333333333333333,0.0,0.20689655172413793,0.10344827586206896,16.03448275862069
2023,6,19977,UA,12173,11292,HNL,DEN,60,5,1,0,54,0,26,9,1859.0,0.08333333333333333,0.016666666666666666,0.48148148148148145,0.16666666666666666,34.425925925925924
2023,6,19977,UA,12173,11618,HNL,EWR,19,2,0,0,17,0,6,2,571.0,0.10526315789473684,0.0,0.35294117647058826,0.11764705882352941,33.588235294117645
2023,6,19977,UA,12173,12266,HNL,IAH,30,0,1,0,29,0,5,3,902.0,0.0,0.03333333333333333,0.1724137931034483,0.10344827586206896,31.103448275862068
2023,6,19977,UA,12173,12892,HNL,LAX,148,2,0,0,146,0,43,8,2209.0,0.013513513513513514,0.0,0.2945205479452055,0.0547945205479452,15.13013698630137
2023,6,19977,UA,12173,13930,HNL,ORD,30,0,1,0,29,0,6,2,-43.0,0.0,0.03333333333333333,0.20689655172413793,0.06896551724137931,-1.4827586206896552
2023,6,19977,UA,12173,14771,HNL,SFO,151,5,0,0,146,0,37,10,1226.0,0.033112582781456956,0.0,0.2534246575342466,0.0684931506849315,8.397260273972602
2023,6,19977,UA,12266,10397,IAH,ATL,151,4,0,0,147,0,58,22,3236.0,0.026490066225165563,0.0,0.3945578231292517,0.14965986394557823,22.01360544217687
2023,6,19977,UA,12266,10721,IAH,BOS,120,4,1,0,115,0,40,13,1668.0,0.03333333333333333,0.008333333333333333,0.34782608695652173,0.11304347826086956,14.504347826086956
2023,6,19977,UA,12266,10821,IAH,BWI,50,0,0,0,50,0,20,9,1280.0,0.0,0.0,0.4,0.18,25.6
2023,6,19977,UA,12266,11278,IAH,DCA,165,6,1,0,158,0,51,16,3256.0,0.03636363636363636,0.006060606060606061,0.3227848101265823,0.10126582278481013,20.60759493670886
2023,6,19977,UA,12266,11292,IAH,DEN,330,8,1,0,321,0,134,56,10638.0,0.024242424242424242,0.0030303030303030303,0.4174454828660436,0.17445482866043613,33.14018691588785
2023,6,19977,UA,12266,11298,IAH,DFW,149,9,2,0,138,0,66,25,5165.0,0.06040268456375839,0.013422818791946308,0.4782608695652174,0.18115942028985507,37.427536231884055
2023,6,19977,UA,12266,11433,IAH,DTW,23,1,0,0,22,0,14,9,1556.0,0.043478260869565216,0.0,0.6363636363636364,0.4090909090909091,70.72727272727273
2023,6,19977,UA,12266,11618,IAH,EWR,269,17,3,0,249,0,92,42,6684.0,0.06319702602230483,0.011152416356877323,0.36947791164658633,0.1686746987951807,26.843373493975903
2023,6,19977,UA,12266,11697,IAH,FLL,90,3,3,0,84,0,23,8,1073.0,0.03333333333333333,0.03333333333333333,0.27380952380952384,0.09523809523809523,12.773809523809524
2023,6,19977,UA,12266,12173,IAH,HNL,30,0,1,0,29,0,13,4,1076.0,0.0,0.03333333333333333,0.4482758620689655,0.13793103448275862,37.10344827586207
2023,6,19977,UA,12266,12889,IAH,LAS,178,8,0,0,170,0,48,18,2641.0,0.0449438202247191,0.0,0.2823529411764706,0.10588235294117647,15.535294117647059
2023,6,19977,UA,12266,12892,IAH,LAX,299,7,0,0,292,0,110,44,7483.0,0.023411371237458192,0.0,0.3767123287671233,0.1506849315068493,25.626712328767123
2023,6,19977,UA,12266,12953,IAH,LGA,111,14,2,0,95,0,36,17,1935.0,0.12612612612612611,0.018018018018018018,0.37894736842105264,0.17894736842105263,20.36842105263158
2023,6,19977,UA,12266,13204,IAH,MCO,178,5,4,0,169,0,55,26,4228.0,0.028089887640449437,0.02247191011235955,0.3254437869822485,0.15384615384615385,25.01775147928994
2023,6,19977,UA,12266,13303,IAH,MIA,90,6,2,0,82,0,34,15,2121.0,0.06666666666666667,0.022222222222222223,0.4146341463414634,0.18292682926829268,25.865853658536587
2023,6,19977,UA,12266,13487,IAH,MSP,31,4,0,0,27,0,12,4,765.0,0.12903225806451613,0.0,0.4444444444444444,0.14814814814814814,28.333333333333332
2023,6,19977,UA,12266,13930,IAH,ORD,300,7,0,0,293,0,97,32,4426.0,0.023333333333333334,0.0,0.3310580204778157,0.10921501706484642,15.10580204778157
2023,6,19977,UA,12266,14100,IAH,PHL,83,0,0,0,83,0,20,6,692.0,0.0,0.0,0.24096385542168675,0.07228915662650602,8.337349397590362
2023,6,19977,UA,12266,14107,IAH,PHX,90,2,0,0,88,0,30,10,2349.0,0.022222222222222223,0.0,0.3409090909090909,0.11363636363636363,26.693181818181817
2023,6,19977,UA,12266,14635,IAH,RSW,31,0,1,0,30,0,8,3,207.0,0.0,0.03225806451612903,0.26666666666666666,0.1,6.9
2023,6,19977,UA,12266,14679,IAH,SAN,150,4,0,0,146,0,55,23,3966.0,0.02666666666666667,0.0,0.3767123287671233,0.15753424657534246,27.164383561643834
2023,6,19977,UA,12266,14747,IAH,SEA,113,5,0,0,108,0,42,17,3684.0,0.04424778761061947,0.0,0.3888888888888889,0.1574074074074074,34.111111111111114
2023,6,19977,UA,12266,14771,IAH,SFO,282,11,0,0,271,0,105,47,7413.0,0.03900709219858156,0.0,0.3874538745387454,0.17343173431734318,27.354243542435423
2023,6,19977,UA,12266,14869,IAH,SLC,86,3,0,0,83,0,19,7,1195.0,0.03488372093023256,0.0,0.2289156626506024,0.08433734939759036,14.397590361445783
2023,6,19977,UA,12266,15016,IAH,STL,59,5,0,0,54,0,24,14,2814.0,0.0847457627118644,0.0,0.4444444444444444,0.25925925925925924,52.111111111111114
2023,6,19977,UA,12266,15304,IAH,TPA,89,0,0,0,89,0,24,13,1751.0,0.0,0.0,0.2696629213483146,0.14606741573033707,19.674157303370787
2023,6,19977,UA,12889,11292,LAS,DEN,231,16,0,0,215,0,54,19,2336.0,0.06926406926406926,0.0,0.25116279069767444,0.08837209302325581,10.865116279069767
2023,6,19977,UA,12889,11618,LAS,EWR,207,19,6,0,182,0,73,31,5083.0,0.09178743961352658,0.028985507246376812,0.4010989010989011,0.17032967032967034,27.928571428571427
2023,6,19977,UA,12889,12266,LAS,IAH,178,7,1,0,170,0,35,12,1581.0,0.03932584269662921,0.0056179775280898875,0.20588235294117646,0.07058823529411765,9.3
2023,6,19977,UA,12889,12892,LAS,LAX,108,3,0,0,105,0,16,5,110.0,0.027777777777777776,0.0,0.1523809523809524,0.047619047619047616,1.0476190476190477
2023,6,19977,UA,12889,13930,LAS,ORD,177,5,0,0,172,0,47,17,1738.0,0.02824858757062147,0.0,0.27325581395348836,0.09883720930232558,10.104651162790697
2023,6,19977,UA,12889,14771,LAS,SFO,173,6,0,0,167,0,38,11,1212.0,0.03468208092485549,0.0,0.2275449101796407,0.0658682634730539,7.25748502994012
2023,6,19977,UA,12892,10721,LAX,BOS,60,0,0,0,60,0,17,3,421.0,0.0,0.0,0.2833333333333333,0.05,7.016666666666667
2023,6,19977,UA,12892,10821,LAX,BWI,30,2,0,0,28,0,5,1,-62.0,0.06666666666666667,0.0,0.17857142857142858,0.03571428571428571,-2.2142857142857144
2023,6,19977,UA,12892,11292,LAX,DEN,269,11,0,0,258,0,61,29,2804.0,0.040892193308550186,0.0,0.2364341085271318,0.1124031007751938,10.868217054263566
2023,6,19977,UA,12892,11618,LAX,EWR,264,18,6,0,240,0,92,37,5592.0,0.06818181818181818,0.022727272727272728,0.38333333333333336,0.15416666666666667,23.3
2023,6,19977,UA,12892,12173,LAX,HNL,148,1,2,0,145,0,43,13,2354.0,0.006756756756756757,0.013513513513513514,0.296551724137931,0.0896551724137931,16.23448275862069
2023,6,19977,UA,12892,12266,LAX,IAH,299,7,1,0,291,0,43,15,-775.0,0.023411371237458192,0.0033444816053511705,0.14776632302405499,0.05154639175257732,-2.663230240549828
2023,6,19977,UA,12892,12889,LAX,LAS,106,2,0,0,104,0,26,8,575.0,0.018867924528301886,0.0,0.25,0.07692307692307693,5.528846153846154
2023,6,19977,UA,12892,13204,LAX,MCO,59,3,0,0,56,0,5,3,-359.0,0.05084745762711865,0.0,0.08928571428571429,0.05357142857142857,-6.410714285714286
2023,6,19977,UA,12892,13930,LAX,ORD,270,7,0,0,263,0,45,16,161.0,0.025925925925925925,0.0,0.17110266159695817,0.060836501901140684,0.6121673003802282
2023,6,19977,UA,12892,14107,LAX,PHX,30,0,0,0,30,0,10,2,320.0,0.0,0.0,0.3333333333333333,0.06666666666666667,10.666666666666666
2023,6,19977,UA,12892,14679,LAX,SAN,2,0,0,0,2,0,1,0,7.0,0.0,0.0,0.5,0.0,3.5
2023,6,19977,UA,12892,14747,LAX,SEA,51,3,0,0,48,0,10,2,342.0,0.058823529411764705,0.0,0.20833333333333334,0.041666666666666664,7.125
2023,6,19977,UA,12892,14771,LAX,SFO,256,12,0,0,244,0,42,16,1023.0,0.046875,0.0,0.1721311475409836,0.06557377049180328,4.192622950819672
2023,6,19977,UA,12892,15304,LAX,TPA,30,1,0,0,29,0,1,1,-498.0,0.03333333333333333,0.0,0.034482758620689655,0.034482758620689655,-17.17241379310345
2023,6,19977,UA,12953,11292,LGA,DEN,198,18,2,0,178,0,36,20,1819.0,0.09090909090909091,0.010101010101010102,0.20224719101123595,0.11235955056179775,10.219101123595506
2023,6,19977,UA,12953,12266,LGA,IAH,111,16,0,0,95,0,15,8,420.0,0.14414414414414414,0.0,0.15789473684210525,0.08421052631578947,4.421052631578948
2023,6,19977,UA,12953,13930,LGA,ORD,285,24,0,0,261,0,58,30,2090.0,0.08421052631578947,0.0,0.2222222222222222,0.11494252873563218,8.007662835249041
2023,6,19977,UA,13204,11292,MCO,DEN,150,5,3,0,142,0,56,24,4704.0,0.03333333333333333,0.02,0.39436619718309857,0.16901408450704225,33.12676056338028
2023,6,19977,UA,13204,11618,MCO,EWR,301,28,3,0,270,0,112,65,10870.0,0.09302325581395349,0.009966777408637873,0.4148148148148148,0.24074074074074073,40.25925925925926
2023,6,19977,UA,13204,12266,MCO,IAH,179,6,3,0,170,0,50,26,4656.0,0.0335195530726257,0.01675977653631285,0.29411764705882354,0.15294117647058825,27.388235294117646
2023,6,19977,UA,13204,12892,MCO,LAX,60,3,0,0,57,0,28,8,1711.0,0.05,0.0,0.49122807017543857,0.14035087719298245,30.017543859649123
2023,6,19977,UA,13204,13930,MCO,ORD,150,1,0,0,149,0,53,25,3995.0,0.006666666666666667,0.0,0.35570469798657717,0.16778523489932887,26.812080536912752
2023,6,19977,UA,13204,14771,MCO,SFO,60,1,0,0,59,0,20,11,1336.0,0.016666666666666666,0.0,0.3389830508474576,0.1864406779661017,22.64406779661017
2023,6,19977,UA,13303,11292,MIA,DEN,60,6,1,0,53,0,22,10,1682.0,0.1,0.016666666666666666,0.41509433962264153,0.18867924528301888,31.735849056603772
2023,6,19977,UA,13303,11618,MIA,EWR,123,13,3,0,107,0,49,30,6203.0,0.10569105691056911,0.024390243902439025,0.45794392523364486,0.2803738317757009,57.97196261682243
2023,6,19977,UA,13303,12266,MIA,IAH,90,4,0,0,86,0,32,14,3475.0,0.044444444444444446,0.0,0.37209302325581395,0.16279069767441862,40.406976744186046
2023,6,19977,UA,13303,13930,MIA,ORD,61,1,0,0,60,0,20,16,3752.0,0.01639344262295082,0.0,0.3333333333333333,0.26666666666666666,62.53333333333333
2023,6,19977,UA,13303,14771,MIA,SFO,29,3,0,0,26,0,7,4,828.0,0.10344827586206896,0.0,0.2692307692307692,0.15384615384615385,31.846153846153847
2023,6,19977,UA,13487,11292,MSP,DEN,132,6,0,0,126,0,39,20,1722.0,0.045454545454545456,0.0,0.30952380952380953,0.15873015873015872,13.666666666666666
2023,6,19977,UA,13487,11618,MSP,EWR,89,8,0,0,81,0,23,12,2017.0,0.0898876404494382,0.0,0.2839506172839506,0.14814814814814814,24.901234567901234
2023,6,19977,UA,13487,12266,MSP,IAH,32,4,0,0,28,0,5,1,67.0,0.125,0.0,0.17857142857142858,0.03571428571428571,2.392857142857143
2023,6,19977,UA,13487,13930,MSP,ORD,183,9,0,0,174,0,39,23,3471.0,0.04918032786885246,0.0,0.22413793103448276,0.13218390804597702,19.948275862068964
2023,6,19977,UA,13487,14771,MSP,SFO,30,2,0,0,28,0,5,2,-117.0,0.06666666666666667,0.0,0.17857142857142858,0.07142857142857142,-4.178571428571429
2023,6,19977,UA,13930,10397,ORD,ATL,142,1,0,0,141,0,42,18,2543.0,0.007042253521126761,0.0,0.2978723404255319,0.1276595744680851,18.0354609929078
2023,6,19977,UA,13930,10721,ORD,BOS,192,6,0,0,186,0,39,13,1190.0,0.03125,0.0,0.20967741935483872,0.06989247311827956,6.397849462365591
2023,6,19977,UA,13930,10821,ORD,BWI,106,4,1,0,101,0,29,12,1866.0,0.03773584905660377,0.009433962264150943,0.2871287128712871,0.1188118811881188,18.475247524752476
2023,6,19977,UA,13930,11278,ORD,DCA,210,12,3,0,195,0,46,14,1161.0,0.05714285714285714,0.014285714285714285,0.2358974358974359,0.07179487179487179,5.953846153846154
2023,6,19977,UA,13930,11292,ORD,DEN,300,5,1,0,294,0,95,43,4174.0,0.016666666666666666,0.0033333333333333335,0.3231292517006803,0.14625850340136054,14.197278911564625
2023,6,19977,UA,13930,11298,ORD,DFW,140,6,0,0,134,0,44,18,1678.0,0.04285714285714286,0.0,0.3283582089552239,0.13432835820895522,12.522388059701493
2023,6,19977,UA,13930,11433,ORD,DTW,25,2,0,0,23,0,5,4,280.0,0.08,0.0,0.21739130434782608,0.17391304347826086,12.173913043478262
2023,6,19977,UA,13930,11618,ORD,EWR,322,25,0,0,297,0,131,68,11101.0,0.07763975155279502,0.0,0.44107744107744107,0.22895622895622897,37.377104377104374
2023,6,19977,UA,13930,11697,ORD,FLL,60,0,1,0,59,0,12,4,448.0,0.0,0.016666666666666666,0.2033898305084746,0.06779661016949153,7.593220338983051
2023,6,19977,UA,13930,12173,ORD,HNL,30,0,0,0,30,0,6,2,56.0,0.0,0.0,0.2,0.06666666666666667,1.8666666666666667
2023,6,19977,UA,13930,12266,ORD,IAH,301,8,2,0,291,0,77,35,2980.0,0.026578073089700997,0.006644518272425249,0.2646048109965636,0.12027491408934708,10.240549828178693
2023,6,19977,UA,13930,12889,ORD,LAS,177,6,0,0,171,0,43,19,1052.0,0.03389830508474576,0.0,0.25146198830409355,0.1111111111111111,6.152046783625731
2023,6,19977,UA,13930,12892,ORD,LAX,271,7,0,0,264,0,53,17,881.0,0.025830258302583026,0.0,0.20075757575757575,0.06439393939393939,3.337121212121212
2023,6,19977,UA,13930,12953,ORD,LGA,286,22,4,0,260,0,77,34,3527.0,0.07692307692307693,0.013986013986013986,0.29615384615384616,0.13076923076923078,13.565384615384616
2023,6,19977,UA,13930,13204,ORD,MCO,150,0,2,0,148,0,41,13,1218.0,0.0,0.013333333333333334,0.27702702702702703,0.08783783783783784,8.22972972972973
2023,6,19977,UA,13930,13303,ORD,MIA,60,2,3,0,55,0,11,3,98.0,0.03333333333333333,0.05,0.2,0.05454545454545454,1.7818181818181817
2023,6,19977,UA,13930,13487,ORD,MSP,182,10,0,0,172,0,41,17,1647.0,0.054945054945054944,0.0,0.23837209302325582,0.09883720930232558,9.575581395348838
2023,6,19977,UA,13930,14100,ORD,PHL,141,5,0,0,136,0,43,25,3332.0,0.03546099290780142,0.0,0.3161764705882353,0.18382352941176472,24.5
2023,6,19977,UA,13930,14107,ORD,PHX,120,5,0,0,115,0,33,18,2249.0,0.041666666666666664,0.0,0.28695652173913044,0.1565217391304348,19.556521739130435
2023,6,19977,UA,13930,14635,ORD,RSW,76,4,1,0,71,0,14,6,271.0,0.05263157894736842,0.013157894736842105,0.19718309859154928,0.08450704225352113,3.816901408450704
2023,6,19977,UA,13930,14679,ORD,SAN,137,1,0,0,136,0,40,18,2415.0,0.0072992700729927005,0.0,0.29411764705882354,0.1323529411764706,17.75735294117647
2023,6,19977,UA,13930,14747,ORD,SEA,165,10,1,0,154,0,37,9,-58.0,0.06060606060606061,0.006060606060606061,0.24025974025974026,0.05844155844155844,-0.37662337662337664
2023,6,19977,UA,13930,14771,ORD,SFO,329,6,1,0,322,0,68,30,1304.0,0.0182370820668693,0.00303951367781155,0.2111801242236025,0.09316770186335403,4.049689440993789
2023,6,19977,UA,13930,14869,ORD,SLC,81,2,1,0,78,0,19,6,610.0,0.024691358024691357,0.012345679012345678,0.24358974358974358,0.07692307692307693,7.82051282051282
2023,6,19977,UA,13930,15016,ORD,STL,59,2,0,0,57,0,8,3,240.0,0.03389830508474576,0.0,0.14035087719298245,0.05263157894736842,4.2105263157894735
2023,6,19977,UA,13930,15304,ORD,TPA,90,1,0,0,89,0,33,12,1883.0,0.011111111111111112,0.0,0.3707865168539326,0.1348314606741573,21.15730337078652
2023,6,19977,UA,14100,11292,PHL,DEN,88,3,0,0,85,0,21,8,441.0,0.03409090909090909,0.0,0.24705882352941178,0.09411764705882353,5.188235294117647
2023,6,19977,UA,14100,12266,PHL,IAH,83,0,0,0,83,0,23,11,1949.0,0.0,0.0,0.27710843373493976,0.13253012048192772,23.481927710843372
2023,6,19977,UA,14100,13930,PHL,ORD,143,8,0,0,135,0,25,10,570.0,0.055944055944055944,0.0,0.18518518518518517,0.07407407407407407,4.222222222222222
2023,6,19977,UA,14100,14771,PHL,SFO,29,1,0,0,28,0,6,2,-82.0,0.034482758620689655,0.0,0.21428571428571427,0.07142857142857142,-2.9285714285714284
2023,6,19977,UA,14107,11292,PHX,DEN,146,9,0,0,137,0,32,17,2667.0,0.06164383561643835,0.0,0.23357664233576642,0.12408759124087591,19.467153284671532
2023,6,19977,UA,14107,11618,PHX,EWR,120,9,6,0,105,0,24,7,497.0,0.075,0.05,0.22857142857142856,0.06666666666666667,4.733333333333333
2023,6,19977,UA,14107,12266,PHX,IAH,91,2,0,0,89,0,10,6,-504.0,0.02197802197802198,0.0,0.11235955056179775,0.06741573033707865,-5.662921348314606
2023,6,19977,UA,14107,12892,PHX,LAX,31,0,0,0,31,0,5,2,375.0,0.0,0.0,0.16129032258064516,0.06451612903225806,12.096774193548388
2023,6,19977,UA,14107,13930,PHX,ORD,121,5,0,0,116,0,16,8,-249.0,0.04132231404958678,0.0,0.13793103448275862,0.06896551724137931,-2.146551724137931
2023,6,19977,UA,14107,14771,PHX,SFO,87,2,0,0,85,0,19,10,2224.0,0.022988505747126436,0.0,0.2235294117647059,0.11764705882352941,26.16470588235294
2023,6,19977,UA,14635,11292,RSW,DEN,30,3,0,0,27,0,15,3,554.0,0.1,0.0,0.5555555555555556,0.1111111111111111,20.51851851851852
2023,6,19977,UA,14635,11618,RSW,EWR,121,14,2,0,105,0,22,12,2058.0,0.11570247933884298,0.01652892561983471,0.20952380952380953,0.11428571428571428,19.6
2023,6,19977,UA,14635,12266,RSW,IAH,31,0,0,0,31,0,14,3,1540.0,0.0,0.0,0.45161290322580644,0.0967741935483871,49.67741935483871
2023,6,19977,UA,14635,13930,RSW,ORD,76,3,0,0,73,0,18,7,950.0,0.039473684210526314,0.0,0.2465753424657534,0.0958904109589041,13.013698630136986
2023,6,19977,UA,14679,11292,SAN,DEN,203,10,3,0,190,0,46,29,2332.0,0.04926108374384237,0.014778325123152709,0.24210526315789474,0.15263157894736842,12.273684210526316
2023,6,19977,UA,14679,11618,SAN,EWR,120,12,2,0,106,0,22,8,1087.0,0.1,0.016666666666666666,0.20754716981132076,0.07547169811320754,10.254716981132075
2023,6,19977,UA,14679,12266,SAN,IAH,150,3,1,0,146,0,36,16,1458.0,0.02,0.006666666666666667,0.2465753424657534,0.1095890410958904,9.986301369863014
2023,6,19977,UA,14679,12892,SAN,LAX,2,0,0,0,2,0,0,0,-13.0,0.0,0.0,0.0,0.0,-6.5
2023,6,19977,UA,14679,13930,SAN,ORD,138,3,1,0,134,0,20,9,1204.0,0.021739130434782608,0.007246376811594203,0.14925373134328357,0.06716417910447761,8.985074626865671
2023,6,19977,UA,14679,14771,SAN,SFO,172,9,0,0,163,0,42,18,1617.0,0.05232558139534884,0.0,0.25766871165644173,0.11042944785276074,9.920245398773005
2023,6,19977,UA,14747,11292,SEA,DEN,200,8,1,0,191,0,46,21,3277.0,0.04,0.005,0.24083769633507854,0.1099476439790576,17.157068062827225
2023,6,19977,UA,14747,11618,SEA,EWR,119,12,3,0,104,0,47,21,3550.0,0.10084033613445378,0.025210084033613446,0.4519230769230769,0.20192307692307693,34.13461538461539
2023,6,19977,UA,14747,12266,SEA,IAH,113,5,0,0,108,0,36,14,1982.0,0.04424778761061947,0.0,0.3333333333333333,0.12962962962962962,18.35185185185185
2023,6,19977,UA,14747,12892,SEA,LAX,52,3,0,0,49,0,13,3,760.0,0.057692307692307696,0.0,0.2653061224489796,0.061224489795918366,15.510204081632653
2023,6,19977,UA,14747,13930,SEA,ORD,164,12,0,0,152,0,44,18,4044.0,0.07317073170731707,0.0,0.2894736842105263,0.11842105263157894,26.605263157894736
2023,6,19977,UA,14747,14771,SEA,SFO,146,8,0,0,138,0,42,17,1835.0,0.0547945205479452,0.0,0.30434782608695654,0.12318840579710146,13.297101449275363
2023,6,19977,UA,14771,10397,SFO,ATL,60,3,0,0,57,0,21,9,1157.0,0.05,0.0,0.3684210526315789,0.15789473684210525,20.29824561403509
2023,6,19977,UA,14771,10721,SFO,BOS,175,9,1,0,165,0,64,24,3808.0,0.05142857142857143,0.005714285714285714,0.3878787878787879,0.14545454545454545,23.078787878787878
2023,6,19977,UA,14771,10821,SFO,BWI,60,3,0,0,57,0,15,6,580.0,0.05,0.0,0.2631578947368421,0.10526315789473684,10.175438596491228
2023,6,19977,UA,14771,11278,SFO,DCA,30,1,0,0,29,0,5,2,143.0,0.03333333333333333,0.0,0.1724137931034483,0.06896551724137931,4.931034482758621
2023,6,19977,UA,14771,11292,SFO,DEN,271,12,2,0,257,0,96,42,6972.0,0.04428044280442804,0.007380073800738007,0.3735408560311284,0.16342412451361868,27.1284046692607
2023,6,19977,UA,14771,11298,SFO,DFW,60,3,1,0,56,0,19,5,728.0,0.05,0.016666666666666666,0.3392857142857143,0.08928571428571429,13.0
2023,6,19977,UA,14771,11618,SFO,EWR,270,20,8,0,242,0,134,44,8545.0,0.07407407407407407,0.02962962962962963,0.5537190082644629,0.18181818181818182,35.3099173553719
2023,6,19977,UA,14771,11697,SFO,FLL,30,1,1,0,28,0,10,5,479.0,0.03333333333333333,0.03333333333333333,0.35714285714285715,0.17857142857142858,17.107142857142858
2023,6,19977,UA,14771,12173,SFO,HNL,149,4,0,0,145,0,38,12,1484.0,0.026845637583892617,0.0,0.2620689655172414,0.08275862068965517,10.23448275862069
2023,6,19977,UA,14771,12266,SFO,IAH,284,15,2,0,267,0,63,30,2319.0,0.0528169014084507,0.007042253521126761,0.23595505617977527,0.11235955056179775,8.685393258426966
2023,6,19977,UA,14771,12889,SFO,LAS,174,8,0,0,166,0,46,20,2366.0,0.04597701149425287,0.0,0.27710843373493976,0.12048192771084337,14.25301204819277
2023,6,19977,UA,14771,12892,SFO,LAX,259,11,0,0,248,0,47,21,800.0,0.04247104247104247,0.0,0.18951612903225806,0.0846774193548387,3.225806451612903
2023,6,19977,UA,14771,13204,SFO,MCO,60,1,0,0,59,0,13,5,346.0,0.016666666666666666,0.0,0.22033898305084745,0.0847457627118644,5.864406779661017
2023,6,19977,UA,14771,13303,SFO,MIA,30,2,0,0,28,0,5,3,-1.0,0.06666666666666667,0.0,0.17857142857142858,0.10714285714285714,-0.03571428571428571
2023,6,19977,UA,14771,13487,SFO,MSP,30,2,0,0,28,0,8,2,254.0,0.06666666666666667,0.0,0.2857142857142857,0.07142857142857142,9.071428571428571
2023,6,19977,UA,14771,13930,SFO,ORD,329,8,1,0,320,0,105,26,3714.0,0.0243161094224924,0.00303951367781155,0.328125,0.08125,11.60625
2023,6,19977,UA,14771,14100,SFO,PHL,30,1,0,0,29,0,15,4,626.0,0.03333333333333333,0.0,0.5172413793103449,0.13793103448275862,21.586206896551722
2023,6,19977,UA,14771,14107,SFO,PHX,87,1,0,0,86,0,18,7,775.0,0.011494252873563218,0.0,0.20930232558139536,0.08139534883720931,9.011627906976743
2023,6,19977,UA,14771,14679,SFO,SAN,172,10,1,0,161,0,38,18,1417.0,0.05813953488372093,0.005813953488372093,0.2360248447204969,0.11180124223602485,8.801242236024844
2023,6,19977,UA,14771,14747,SFO,SEA,146,8,0,0,138,0,56,18,2765.0,0.0547945205479452,0.0,0.4057971014492754,0.13043478260869565,20.036231884057973
2023,6,19977,UA,14771,14869,SFO,SLC,55,3,2,0,50,0,11,4,651.0,0.05454545454545454,0.03636363636363636,0.22,0.08,13.02
2023,6,19977,UA,14771,15304,SFO,TPA,30,0,0,0,30,0,10,3,381.0,0.0,0.0,0.3333333333333333,0.1,12.7
2023,6,19977,UA,14869,11292,SLC,DEN,55,2,0,0,53,0,20,10,846.0,0.03636363636363636,0.0,0.37735849056603776,0.18867924528301888,15.962264150943396
2023,6,19977,UA,14869,11618,SLC,EWR,30,0,0,0,30,0,16,5,863.0,0.0,0.0,0.5333333333333333,0.16666666666666666,28.766666666666666
2023,6,19977,UA,14869,12266,SLC,IAH,85,4,0,0,81,0,24,5,2279.0,0.047058823529411764,0.0,0.2962962962962963,0.06172839506172839,28.135802469135804
2023,6,19977,UA,14869,13930,SLC,ORD,81,5,0,0,76,0,16,6,735.0,0.06172839506172839,0.0,0.21052631578947367,0.07894736842105263,9.671052631578947
2023,6,19977,UA,14869,14771,SLC,SFO,55,3,0,0,52,0,15,7,1906.0,0.05454545454545454,0.0,0.28846153846153844,0.1346153846153846,36.65384615384615
2023,6,19977,UA,15016,11292,STL,DEN,107,8,1,0,98,0,30,14,2930.0,0.07476635514018691,0.009345794392523364,0.30612244897959184,0.14285714285714285,29.897959183673468
2023,6,19977,UA,15016,11618,STL,EWR,29,5,0,0,24,0,14,9,1265.0,0.1724137931034483,0.0,0.5833333333333334,0.375,52.708333333333336
2023,6,19977,UA,15016,12266,STL,IAH,59,6,0,0,53,0,17,8,1365.0,0.1016949152542373,0.0,0.32075471698113206,0.1509433962264151,25.754716981132077
2023,6,19977,UA,15016,13930,STL,ORD,59,1,0,0,58,0,24,10,2518.0,0.01694915254237288,0.0,0.41379310344827586,0.1724137931034483,43.41379310344828
2023,6,19977,UA,15304,11292,TPA,DEN,90,0,4,0,86,0,31,10,2867.0,0.0,0.044444444444444446,0.36046511627906974,0.11627906976744186,33.33720930232558
2023,6,19977,UA,15304,11618,TPA,EWR,182,17,2,0,163,0,61,30,4340.0,0.09340659340659341,0.01098901098901099,0.37423312883435583,0.18404907975460122,26.625766871165645
2023,6,19977,UA,15304,12266,TPA,IAH,89,0,1,0,88,0,34,14,1860.0,0.0,0.011235955056179775,0.38636363636363635,0.1590909090909091,21.136363636363637
2023,6,19977,UA,15304,12892,TPA,LAX,30,1,0,0,29,0,3,1,-4.0,0.03333333333333333,0.0,0.10344827586206896,0.034482758620689655,-0.13793103448275862
2023,6,19977,UA,15304,13930,TPA,ORD,90,3,0,0,87,0,30,14,3347.0,0.03333333333333333,0.0,0.3448275862068966,0.16091954022988506,38.47126436781609
2023,6,19977,UA,15304,14771,TPA,SFO,30,2,0,0,28,0,9,1,207.0,0.06666666666666667,0.0,0.32142857142857145,0.03571428571428571,7.392857142857143
2023,6,20304,OO,10721,10821,BOS,BWI,3,0,0,0,3,0,1,1,1018.0,0.0,0.0,0.3333333333333333,0.3333333333333333,339.3333333333333
2023,6,20304,OO,10721,11618,BOS,EWR,3,0,0,0,3,0,0,0,-55.0,0.0,0.0,0.0,0.0,-18.333333333333332
2023,6,20304,OO,10721,12478,BOS,JFK,35,4,0,0,31,0,11,6,781.0,0.11428571428571428,0.0,0.3548387096774194,0.1935483870967742,25.193548387096776
2023,6,20304,OO,10721,13930,BOS,ORD,56,1,1,0,54,0,14,8,887.0,0.017857142857142856,0.017857142857142856,0.25925925925925924,0.14814814814814814,16.425925925925927
2023,6,20304,OO,10821,10721,BWI,BOS,3,0,0,0,3,0,2,2,1104.0,0.0,0.0,0.6666666666666666,0.6666666666666666,368.0
2023,6,20304,OO,11278,12266,DCA,IAH,1,0,0,0,1,0,1,0,37.0,0.0,0.0,1.0,0.0,37.0
2023,6,20304,OO,11278,13930,DCA,ORD,67,1,0,0,66,0,16,5,502.0,0.014925373134328358,0.0,0.24242424242424243,0.07575757575757576,7.606060606060606
2023,6,20304,OO,11292,12892,DEN,LAX,51,0,0,0,51,0,2,1,-360.0,0.0,0.0,0.0392156862745098,0.0196078431372549,-7.0588235294117645
2023,6,20304,OO,11292,14107,DEN,PHX,2,0,0,0,2,0,0,0,-26.0,0.0,0.0,0.0,0.0,-13.0
2023,6,20304,OO,11292,14869,DEN,SLC,150,6,0,0,144,0,49,26,3940.0,0.04,0.0,0.3402777777777778,0.18055555555555555,27.36111111111111
2023,6,20304,OO,11292,15016,DEN,STL,1,0,0,0,1,0,0,0,4.0,0.0,0.0,0.0,0.0,4.0
2023,6,20304,OO,11433,11292,DTW,DEN,1,0,0,0,1,0,0,0,-12.0,0.0,0.0,0.0,0.0,-12.0
2023,6,20304,OO,11433,12266,DTW,IAH,19,0,0,0,19,0,5,1,333.0,0.0,0.0,0.2631578947368421,0.05263157894736842,17.526315789473685
2023,6,20304,OO,11433,13232,DTW,MDW,86,0,0,0,86,0,12,3,604.0,0.0,0.0,0.13953488372093023,0.03488372093023256,7.023255813953488
2023,6,20304,OO,11433,13930,DTW,ORD,178,1,0,0,177,0,31,12,685.0,0.0056179775280898875,0.0,0.1751412429378531,0.06779661016949153,3.8700564971751414
2023,6,20304,OO,11618,10721,EWR,BOS,3,0,0,0,3,0,0,0,-34.0,0.0,0.0,0.0,0.0,-11.333333333333334
2023,6,20304,OO,11618,13487,EWR,MSP,2,0,0,0,2,0,0,0,-9.0,0.0,0.0,0.0,0.0,-4.5
2023,6,20304,OO,12266,11278,IAH,DCA,1,0,0,0,1,0,0,0,-1.0,0.0,0.0,0.0,0.0,-1.0
2023,6,20304,OO,12266,11433,IAH,DTW,20,0,0,0,20,0,3,2,281.0,0.0,0.0,0.15,0.1,14.05
2023,6,20304,OO,12266,12892,IAH,LAX,30,0,0,0,30,0,4,4,209.0,0.0,0.0,0.13333333333333333,0.13333333333333333,6.966666666666667
2023,6,20304,OO,12266,14107,IAH,PHX,1,0,0,0,1,0,0,0,-23.0,0.0,0.0,0.0,0.0,-23.0
2023,6,20304,OO,12266,14869,IAH,SLC,2,0,0,0,2,0,0,0,5.0,0.0,0.0,0.0,0.0,2.5
2023,6,20304,OO,12478,10721,JFK,BOS,35,0,0,0,35,0,15,6,2374.0,0.0,0.0,0.42857142857142855,0.17142857142857143,67.82857142857142
2023,6,20304,OO,12478,13930,JFK,ORD,120,8,0,0,112,0,25,14,1912.0,0.06666666666666667,0.0,0.22321428571428573,0.125,17.071428571428573
2023,6,20304,OO,12889,12892,LAS,LAX,24,0,0,0,24,0,5,1,132.0,0.0,0.0,0.20833333333333334,0.041666666666666664,5.5
2023,6,20304,OO,12889,14771,LAS,SFO,16,0,0,0,16,0,7,2,340.0,0.0,0.0,0.4375,0.125,21.25
2023,6,20304,OO,12892,11292,LAX,DEN,52,0,0,0,52,0,2,1,-531.0,0.0,0.0,0.038461538461538464,0.019230769230769232,-10.211538461538462
2023,6,20304,OO,12892,12266,LAX,IAH,30,0,0,0,30,0,3,0,-350.0,0.0,0.0,0.1,0.0,-11.666666666666666
2023,6,20304,OO,12892,12889,LAX,LAS,25,0,0,0,25,0,6,2,313.0,0.0,0.0,0.24,0.08,12.52
2023,6,20304,OO,12892,13796,LAX,OAK,86,0,0,0,86,0,7,3,11.0,0.0,0.0,0.08139534883720931,0.03488372093023256,0.12790697674418605
2023,6,20304,OO,12892,14107,LAX,PHX,173,0,0,0,173,0,7,4,-1043.0,0.0,0.0,0.04046242774566474,0.023121387283236993,-6.028901734104046
2023,6,20304,OO,12892,14679,LAX,SAN,178,0,0,0,178,0,19,4,-116.0,0.0,0.0,0.10674157303370786,0.02247191011235955,-0.651685393258427
2023,6,20304,OO,12892,14747,LAX,SEA,66,0,0,0,66,0,5,2,-67.0,0.0,0.0,0.07575757575757576,0.030303030303030304,-1.0151515151515151
2023,6,20304,OO,12892,14771,LAX,SFO,275,0,0,0,275,0,56,12,1496.0,0.0,0.0,0.20363636363636364,0.04363636363636364,5.44
2023,6,20304,OO,12892,14869,LAX,SLC,30,0,0,0,30,0,3,1,-52.0,0.0,0.0,0.1,0.03333333333333333,-1.7333333333333334
2023,6,20304,OO,12953,13930,LGA,ORD,57,5,0,0,52,0,14,8,1577.0,0.08771929824561403,0.0,0.2692307692307692,0.15384615384615385,30.326923076923077
2023,6,20304,OO,13232,11433,MDW,DTW,86,0,0,0,86,0,13,1,152.0,0.0,0.0,0.1511627906976744,0.011627906976744186,1.7674418604651163
2023,6,20304,OO,13232,13487,MDW,MSP,62,0,1,0,61,0,3,1,-119.0,0.0,0.016129032258064516,0.04918032786885246,0.01639344262295082,-1.9508196721311475
2023,6,20304,OO,13487,11618,MSP,EWR,2,0,0,0,2,0,0,0,-11.0,0.0,0.0,0.0,0.0,-5.5
2023,6,20304,OO,13487,12478,MSP,JFK,1,0,0,0,1,0,0,0,-10.0,0.0,0.0,0.0,0.0,-10.0
2023,6,20304,OO,13487,13232,MSP,MDW,62,0,0,0,62,0,4,0,94.0,0.0,0.0,0.06451612903225806,0.0,1.5161290322580645
2023,6,20304,OO,13796,12892,OAK,LAX,86,0,0,0,86,0,5,2,-274.0,0.0,0.0,0.05813953488372093,0.023255813953488372,-3.186046511627907
2023,6,20304,OO,13796,14747,OAK,SEA,13,0,0,0,13,0,1,0,-13.0,0.0,0.0,0.07692307692307693,0.0,-1.0
2023,6,20304,OO,13796,14869,OAK,SLC,58,0,0,0,58,0,3,1,-353.0,0.0,0.0,0.05172413793103448,0.017241379310344827,-6.086206896551724
2023,6,20304,OO,13930,10721,ORD,BOS,56,0,0,0,56,0,14,2,951.0,0.0,0.0,0.25,0.03571428571428571,16.982142857142858
2023,6,20304,OO,13930,11278,ORD,DCA,67,1,0,0,66,0,10,6,331.0,0.014925373134328358,0.0,0.15151515151515152,0.09090909090909091,5.015151515151516
2023,6,20304,OO,13930,11433,ORD,DTW,178,2,1,0,175,0,45,17,2599.0,0.011235955056179775,0.0056179775280898875,0.2571428571428571,0.09714285714285714,14.851428571428572
2023,6,20304,OO,13930,12478,ORD,JFK,120,8,0,0,112,0,27,12,1766.0,0.06666666666666667,0.0,0.24107142857142858,0.10714285714285714,15.767857142857142
2023,6,20304,OO,13930,12953,ORD,LGA,57,5,0,0,52,0,15,5,509.0,0.08771929824561403,0.0,0.28846153846153844,0.09615384615384616,9.788461538461538
2023,6,20304,OO,13930,14869,ORD,SLC,30,0,0,0,30,0,9,4,361.0,0.0,0.0,0.3,0.13333333333333333,12.033333333333333
2023,6,20304,OO,14107,11292,PHX,DEN,2,0,0,0,2,0,0,0,-33.0,0.0,0.0,0.0,0.0,-16.5
2023,6,20304,OO,14107,12892,PHX,LAX,174,0,1,0,173,0,4,1,-1556.0,0.0,0.005747126436781609,0.023121387283236993,0.005780346820809248,-8.99421965317919
2023,6,20304,OO,14107,14771,PHX,SFO,61,0,0,0,61,0,13,1,304.0,0.0,0.0,0.21311475409836064,0.01639344262295082,4.983606557377049
2023,6,20304,OO,14107,14869,PHX,SLC,34,0,0,0,34,0,2,0,-294.0,0.0,0.0,0.058823529411764705,0.0,-8.647058823529411
2023,6,20304,OO,14679,12892,SAN,LAX,178,0,0,0,178,0,14,3,-612.0,0.0,0.0,0.07865168539325842,0.016853932584269662,-3.438202247191011
2023,6,20304,OO,14679,14747,SAN,SEA,2,0,0,0,2,0,1,1,64.0,0.0,0.0,0.5,0.5,32.0
2023,6,20304,OO,14679,14771,SAN,SFO,230,0,0,0,230,0,47,12,1158.0,0.0,0.0,0.20434782608695654,0.05217391304347826,5.034782608695652
2023,6,20304,OO,14679,14869,SAN,SLC,20,0,0,0,20,0,6,1,179.0,0.0,0.0,0.3,0.05,8.95
2023,6,20304,OO,14747,12892,SEA,LAX,66,0,0,0,66,0,13,2,141.0,0.0,0.0,0.19696969696969696,0.030303030303030304,2.1363636363636362
2023,6,20304,OO,14747,13796,SEA,OAK,13,0,0,0,13,0,0,0,-64.0,0.0,0.0,0.0,0.0,-4.923076923076923
2023,6,20304,OO,14747,14679,SEA,SAN,2,0,0,0,2,0,0,0,-16.0,0.0,0.0,0.0,0.0,-8.0
2023,6,20304,OO,14747,14771,SEA,SFO,12,0,0,0,12,0,1,0,-85.0,0.0,0.0,0.08333333333333333,0.0,-7.083333333333333
2023,6,20304,OO,14747,14869,SEA,SLC,46,0,0,0,46,0,5,0,90.0,0.0,0.0,0.10869565217391304,0.0,1.9565217391304348
2023,6,20304,OO,14771,12889,SFO,LAS,18,0,0,0,18,0,1,0,-274.0,0.0,0.0,0.05555555555555555,0.0,-15.222222222222221
2023,6,20304,OO,14771,12892,SFO,LAX,288,0,0,0,288,0,39,10,396.0,0.0,0.0,0.13541666666666666,0.034722222222222224,1.375
2023,6,20304,OO,14771,14107,SFO,PHX,60,0,0,0,60,0,1,1,-622.0,0.0,0.0,0.016666666666666666,0.016666666666666666,-10.366666666666667
2023,6,20304,OO,14771,14679,SFO,SAN,231,0,0,0,231,0,41,4,766.0,0.0,0.0,0.1774891774891775,0.017316017316017316,3.316017316017316
2023,6,20304,OO,14771,14747,SFO,SEA,12,0,0,0,12,0,1,0,-133.0,0.0,0.0,0.08333333333333333,0.0,-11.083333333333334
2023,6,20304,OO,14771,14869,SFO,SLC,81,0,0,0,81,0,6,0,-444.0,0.0,0.0,0.07407407407407407,0.0,-5.481481481481482
2023,6,20304,OO,14869,11292,SLC,DEN,150,1,0,0,149,0,27,12,1489.0,0.006666666666666667,0.0,0.18120805369127516,0.08053691275167785,9.993288590604028
2023,6,20304,OO,14869,12266,SLC,IAH,3,0,0,0,3,0,0,0,-16.0,0.0,0.0,0.0,0.0,-5.333333333333333
2023,6,20304,OO,14869,12892,SLC,LAX,30,0,0,0,30,0,1,0,-66.0,0.0,0.0,0.03333333333333333,0.0,-2.2
2023,6,20304,OO,14869,13796,SLC,OAK,58,0,0,0,58,0,3,1,-341.0,0.0,0.0,0.05172413793103448,0.017241379310344827,-5.879310344827586
2023,6,20304,OO,14869,13930,SLC,ORD,30,0,0,0,30,0,3,1,-140.0,0.0,0.0,0.1,0.03333333333333333,-4.666666666666667
2023,6,20304,OO,14869,14107,SLC,PHX,33,0,0,0,33,0,0,0,-476.0,0.0,0.0,0.0,0.0,-14.424242424242424
2023,6,20304,OO,14869,14679,SLC,SAN,20,0,0,0,20,0,4,0,49.0,0.0,0.0,0.2,0.0,2.45
2023,6,20304,OO,14869,14747,SLC,SEA,46,0,0,0,46,0,9,2,324.0,0.0,0.0,0.1956521739130435,0.043478260869565216,7.043478260869565
2023,6,20304,OO,14869,14771,SLC,SFO,81,0,0,0,81,0,22,4,375.0,0.0,0.0,0.2716049382716049,0.04938271604938271,4.62962962962963
2023,6,20304,OO,15016,11292,STL,DEN,3,0,0,0,3,0,1,0,-33.0,0.0,0.0,0.3333333333333333,0.0,-11.0
2023,6,20363,9E,10821,12478,BWI,JFK,64,9,0,0,55,0,10,5,134.0,0.140625,0.0,0.18181818181818182,0.09090909090909091,2.4363636363636365
2023,6,20363,9E,11278,12478,DCA,JFK,26,0,0,0,26,0,6,4,219.0,0.0,0.0,0.23076923076923078,0.15384615384615385,8.423076923076923
2023,6,20363,9E,11433,12478,DTW,JFK,90,8,0,0,82,0,12,2,-301.0,0.08888888888888889,0.0,0.14634146341463414,0.024390243902439025,-3.6707317073170733
2023,6,20363,9E,12478,10821,JFK,BWI,64,11,0,0,53,0,4,2,-944.0,0.171875,0.0,0.07547169811320754,0.03773584905660377,-17.81132075471698
2023,6,20363,9E,12478,11278,JFK,DCA,26,0,0,0,26,0,2,1,-198.0,0.0,0.0,0.07692307692307693,0.038461538461538464,-7.615384615384615
2023,6,20363,9E,12478,11433,JFK,DTW,90,8,0,0,82,0,16,9,923.0,0.08888888888888889,0.0,0.1951219512195122,0.10975609756097561,11.25609756097561
2023,6,20363,9E,12478,13487,JFK,MSP,34,4,0,0,30,0,8,3,-43.0,0.11764705882352941,0.0,0.26666666666666666,0.1,-1.4333333333333333
2023,6,20363,9E,12953,15016,LGA,STL,127,10,0,0,117,0,17,7,-1013.0,0.07874015748031496,0.0,0.1452991452991453,0.05982905982905983,-8.658119658119658
2023,6,20363,9E,13487,12478,MSP,JFK,34,3,0,0,31,0,3,0,-250.0,0.08823529411764706,0.0,0.0967741935483871,0.0,-8.064516129032258
2023,6,20363,9E,15016,12953,STL,LGA,127,10,2,0,115,0,21,7,2348.0,0.07874015748031496,0.015748031496062992,0.1826086956521739,0.06086956521739131,20.417391304347827
2023,6,20368,G4,12889,14679,LAS,SAN,9,0,0,0,9,0,3,2,363.0,0.0,0.0,0.3333333333333333,0.2222222222222222,40.333333333333336
2023,6,20368,G4,14679,12889,SAN,LAS,9,0,0,0,9,0,7,3,1683.0,0.0,0.0,0.7777777777777778,0.3333333333333333,187.0
2023,6,20397,OH,10397,11278,ATL,DCA,4,0,0,0,4,0,1,1,21.0,0.0,0.0,0.25,0.25,5.25
2023,6,20397,OH,11278,10397,DCA,ATL,4,0,0,0,4,0,2,1,71.0,0.0,0.0,0.5,0.25,17.75
2023,6,20397,OH,11278,11433,DCA,DTW,34,1,0,0,33,0,8,4,-30.0,0.029411764705882353,0.0,0.24242424242424243,0.12121212121212122,-0.9090909090909091
2023,6,20397,OH,11278,13487,DCA,MSP,30,2,0,0,28,0,6,2,54.0,0.06666666666666667,0.0,0.21428571428571427,0.07142857142857142,1.9285714285714286
2023,6,20397,OH,11278,14100,DCA,PHL,64,1,0,0,63,0,17,7,1478.0,0.015625,0.0,0.2698412698412698,0.1111111111111111,23.46031746031746
2023,6,20397,OH,11433,11278,DTW,DCA,35,1,0,0,34,0,6,3,944.0,0.02857142857142857,0.0,0.17647058823529413,0.08823529411764706,27.764705882352942
2023,6,20397,OH,11433,14100,DTW,PHL,7,0,0,0,7,0,2,1,41.0,0.0,0.0,0.2857142857142857,0.14285714285714285,5.857142857142857
2023,6,20397,OH,13487,11278,MSP,DCA,30,4,0,0,26,0,3,2,-197.0,0.13333333333333333,0.0,0.11538461538461539,0.07692307692307693,-7.576923076923077
2023,6,20397,OH,14100,11278,PHL,DCA,64,1,0,0,63,0,13,4,1254.0,0.015625,0.0,0.20634920634920634,0.06349206349206349,19.904761904761905
2023,6,20397,OH,14100,11433,PHL,DTW,7,0,0,0,7,0,2,1,128.0,0.0,0.0,0.2857142857142857,0.14285714285714285,18.285714285714285
2023,6,20398,MQ,10397,13930,ATL,ORD,1,0,0,0,1,0,0,0,-13.0,0.0,0.0,0.0,0.0,-13.0
2023,6,20398,MQ,10721,13930,BOS,ORD,30,0,0,0,30,0,7,4,272.0,0.0,0.0,0.23333333333333334,0.13333333333333333,9.066666666666666
2023,6,20398,MQ,10721,15016,BOS,STL,51,2,0,0,49,0,15,6,778.0,0.0392156862745098,0.0,0.30612244897959184,0.12244897959183673,15.877551020408163
2023,6,20398,MQ,10821,13303,BWI,MIA,1,0,0,0,1,0,0,0,-17.0,0.0,0.0,0.0,0.0,-17.0
2023,6,20398,MQ,10821,13930,BWI,ORD,30,0,0,0,30,0,3,1,-412.0,0.0,0.0,0.1,0.03333333333333333,-13.733333333333333
2023,6,20398,MQ,11278,13487,DCA,MSP,30,0,0,0,30,0,1,0,-149.0,0.0,0.0,0.03333333333333333,0.0,-4.966666666666667
2023,6,20398,MQ,11298,12266,DFW,IAH,116,1,0,0,115,0,14,5,-104.0,0.008620689655172414,0.0,0.12173913043478261,0.043478260869565216,-0.9043478260869565
2023,6,20398,MQ,12266,11298,IAH,DFW,116,1,0,0,115,0,22,10,357.0,0.008620689655172414,0.0,0.19130434782608696,0.08695652173913043,3.1043478260869564
2023,6,20398,MQ,13303,15304,MIA,TPA,12,2,0,0,10,0,5,4,474.0,0.16666666666666666,0.0,0.5,0.4,47.4
2023,6,20398,MQ,13487,11278,MSP,DCA,30,0,0,0,30,0,3,1,-453.0,0.0,0.0,0.1,0.03333333333333333,-15.1
2023,6,20398,MQ,13487,13930,MSP,ORD,2,0,0,0,2,0,0,0,-33.0,0.0,0.0,0.0,0.0,-16.5
2023,6,20398,MQ,13930,10397,ORD,ATL,1,0,0,0,1,0,0,0,-23.0,0.0,0.0,0.0,0.0,-23.0
2023,6,20398,MQ,13930,10721,ORD,BOS,30,0,0,0,30,0,8,1,335.0,0.0,0.0,0.26666666666666666,0.03333333333333333,11.166666666666666
2023,6,20398,MQ,13930,10821,ORD,BWI,30,0,0,0,30,0,2,0,-179.0,0.0,0.0,0.06666666666666667,0.0,-5.966666666666667
2023,6,20398,MQ,13930,13487,ORD,MSP,2,0,0,0,2,0,1,0,11.0,0.0,0.0,0.5,0.0,5.5
2023,6,20398,MQ,13930,15016,ORD,STL,86,0,0,0,86,0,15,4,88.0,0.0,0.0,0.1744186046511628,0.046511627906976744,1.0232558139534884
2023,6,20398,MQ,14107,14869,PHX,SLC,13,0,0,0,13,0,1,1,-46.0,0.0,0.0,0.07692307692307693,0.07692307692307693,-3.5384615384615383
2023,6,20398,MQ,14869,14107,SLC,PHX,13,0,0,0,13,0,1,1,-57.0,0.0,0.0,0.07692307692307693,0.07692307692307693,-4.384615384615385
2023,6,20398,MQ,15016,10721,STL,BOS,52,2,0,0,50,0,24,8,1423.0,0.038461538461538464,0.0,0.48,0.16,28.46
2023,6,20398,MQ,15016,13930,STL,ORD,86,0,0,0,86,0,12,5,202.0,0.0,0.0,0.13953488372093023,0.05813953488372093,2.3488372093023258
2023,6,20398,MQ,15304,13303,TPA,MIA,12,2,0,0,10,0,6,5,820.0,0.16666666666666666,0.0,0.6,0.5,82.0
2023,6,20409,B6,10397,10721,ATL,BOS,72,2,0,0,70,0,20,7,2241.0,0.027777777777777776,0.0,0.2857142857142857,0.1,32.01428571428571
2023,6,20409,B6,10397,11697,ATL,FLL,30,3,0,0,27,0,2,1,120.0,0.1,0.0,0.07407407407407407,0.037037037037037035,4.444444444444445
2023,6,20409,B6,10397,12478,ATL,JFK,70,4,0,0,66,0,32,22,4745.0,0.05714285714285714,0.0,0.48484848484848486,0.3333333333333333,71.89393939393939
2023,6,20409,B6,10397,12953,ATL,LGA,118,8,4,0,106,0,44,25,4624.0,0.06779661016949153,0.03389830508474576,0.41509433962264153,0.2358490566037736,43.62264150943396
2023,6,20409,B6,10721,10397,BOS,ATL,72,3,1,0,68,0,15,8,202.0,0.041666666666666664,0.013888888888888888,0.22058823529411764,0.11764705882352941,2.9705882352941178
2023,6,20409,B6,10721,10821,BOS,BWI,61,0,1,0,60,0,17,7,762.0,0.0,0.01639344262295082,0.2833333333333333,0.11666666666666667,12.7
2023,6,20409,B6,10721,11278,BOS,DCA,340,8,2,0,330,0,71,31,1458.0,0.023529411764705882,0.0058823529411764705,0.21515151515151515,0.09393939393939393,4.418181818181818
2023,6,20409,B6,10721,11292,BOS,DEN,60,0,0,0,60,0,24,14,1416.0,0.0,0.0,0.4,0.23333333333333334,23.6
2023,6,20409,B6,10721,11298,BOS,DFW,30,0,1,0,29,0,11,2,393.0,0.0,0.03333333333333333,0.3793103448275862,0.06896551724137931,13.551724137931034
2023,6,20409,B6,10721,11433,BOS,DTW,68,1,0,0,67,0,20,5,563.0,0.014705882352941176,0.0,0.29850746268656714,0.07462686567164178,8.402985074626866
2023,6,20409,B6,10721,11618,BOS,EWR,14,0,0,0,14,0,3,1,125.0,0.0,0.0,0.21428571428571427,0.07142857142857142,8.928571428571429
2023,6,20409,B6,10721,11697,BOS,FLL,91,2,1,0,88,0,31,14,2399.0,0.02197802197802198,0.01098901098901099,0.3522727272727273,0.1590909090909091,27.261363636363637
2023,6,20409,B6,10721,12266,BOS,IAH,58,0,1,0,57,0,17,5,695.0,0.0,0.017241379310344827,0.2982456140350877,0.08771929824561403,12.192982456140351
2023,6,20409,B6,10721,12478,BOS,JFK,188,11,0,0,177,0,64,25,3681.0,0.05851063829787234,0.0,0.3615819209039548,0.14124293785310735,20.796610169491526
2023,6,20409,B6,10721,12889,BOS,LAS,72,2,0,0,70,0,17,9,-36.0,0.027777777777777776,0.0,0.24285714285714285,0.12857142857142856,-0.5142857142857142
2023,6,20409,B6,10721,12892,BOS,LAX,142,2,0,0,140,0,40,22,887.0,0.014084507042253521,0.0,0.2857142857142857,0.15714285714285714,6.335714285714285
2023,6,20409,B6,10721,12953,BOS,LGA,242,14,0,0,228,0,66,33,4134.0,0.05785123966942149,0.0,0.2894736842105263,0.14473684210526316,18.13157894736842
2023,6,20409,B6,10721,13204,BOS,MCO,149,3,2,0,144,0,52,25,4164.0,0.020134228187919462,0.013422818791946308,0.3611111111111111,0.1736111111111111,28.916666666666668
2023,6,20409,B6,10721,13303,BOS,MIA,44,1,2,0,41,0,18,9,1383.0,0.022727272727272728,0.045454545454545456,0.43902439024390244,0.21951219512195122,33.73170731707317
2023,6,20409,B6,10721,13487,BOS,MSP,44,0,1,0,43,0,9,3,56.0,0.0,0.022727272727272728,0.20930232558139536,0.06976744186046512,1.302325581395349
2023,6,20409,B6,10721,13930,BOS,ORD,30,0,0,0,30,0,4,2,-351.0,0.0,0.0,0.13333333333333333,0.06666666666666667,-11.7
2023,6,20409,B6,10721,14100,BOS,PHL,74,1,0,0,73,0,16,7,728.0,0.013513513513513514,0.0,0.2191780821917808,0.0958904109589041,9.972602739726028
2023,6,20409,B6,10721,14107,BOS,PHX,30,0,0,0,30,0,14,8,1176.0,0.0,0.0,0.4666666666666667,0.26666666666666666,39.2
2023,6,20409,B6,10721,14635,BOS,RSW,69,0,0,0,69,0,19,8,1458.0,0.0,0.0,0.2753623188405797,0.11594202898550725,21.130434782608695
2023,6,20409,B6,10721,14679,BOS,SAN,72,1,0,0,71,0,17,8,-293.0,0.013888888888888888,0.0,0.23943661971830985,0.11267605633802817,-4.126760563380282
2023,6,20409,B6,10721,14747,BOS,SEA,46,0,0,0,46,0,13,9,1105.0,0.0,0.0,0.2826086956521739,0.1956521739130435,24.02173913043478
2023,6,20409,B6,10721,14771,BOS,SFO,138,0,0,0,138,0,34,19,226.0,0.0,0.0,0.2463768115942029,0.13768115942028986,1.6376811594202898
2023,6,20409,B6,10721,14869,BOS,SLC,30,0,0,0,30,0,9,6,451.0,0.0,0.0,0.3,0.2,15.033333333333333
2023,6,20409,B6,10721,15304,BOS,TPA,118,2,0,0,116,0,48,24,4203.0,0.01694915254237288,0.0,0.41379310344827586,0.20689655172413793,36.23275862068966
2023,6,20409,B6,10821,10721,BWI,BOS,61,0,0,0,61,0,22,10,1385.0,0.0,0.0,0.36065573770491804,0.16393442622950818,22.704918032786885
2023,6,20409,B6,11278,10721,DCA,BOS,340,9,0,0,331,0,89,45,5825.0,0.026470588235294117,0.0,0.2688821752265861,0.13595166163141995,17.598187311178247
2023,6,20409,B6,11278,11697,DCA,FLL,146,7,8,0,131,0,38,20,2067.0,0.04794520547945205,0.0547945205479452,0.2900763358778626,0.15267175572519084,15.778625954198473
2023,6,20409,B6,11278,13204,DCA,MCO,116,2,2,0,112,0,35,25,3543.0,0.017241379310344827,0.017241379310344827,0.3125,0.22321428571428573,31.633928571428573
2023,6,20409,B6,11278,14635,DCA,RSW,30,0,0,0,30,0,11,3,563.0,0.0,0.0,0.36666666666666664,0.1,18.766666666666666
2023,6,20409,B6,11292,10721,DEN,BOS,60,0,0,0,60,0,36,20,2621.0,0.0,0.0,0.6,0.3333333333333333,43.68333333333333
2023,6,20409,B6,11292,12478,DEN,JFK,46,2,0,0,44,0,23,14,3234.0,0.043478260869565216,0.0,0.5227272727272727,0.3181818181818182,73.5
2023,6,20409,B6,11292,12953,DEN,LGA,88,4,1,0,83,0,39,16,6884.0,0.045454545454545456,0.011363636363636364,0.46987951807228917,0.1927710843373494,82.93975903614458
2023,6,20409,B6,11298,10721,DFW,BOS,30,0,0,0,30,0,14,5,2033.0,0.0,0.0,0.4666666666666667,0.16666666666666666,67.76666666666667
2023,6,20409,B6,11433,10721,DTW,BOS,69,1,0,0,68,0,19,7,1131.0,0.014492753623188406,0.0,0.27941176470588236,0.10294117647058823,16.63235294117647
2023,6,20409,B6,11433,12478,DTW,JFK,90,9,0,0,81,0,27,16,2491.0,0.1,0.0,0.3333333333333333,0.19753086419753085,30.753086419753085
2023,6,20409,B6,11618,10721,EWR,BOS,15,0,0,0,15,0,3,2,131.0,0.0,0.0,0.2,0.13333333333333333,8.733333333333333
2023,6,20409,B6,11618,11697,EWR,FLL,90,7,0,0,83,0,35,23,3864.0,0.07777777777777778,0.0,0.42168674698795183,0.27710843373493976,46.55421686746988
2023,6,20409,B6,11618,12892,EWR,LAX,116,4,0,0,112,0,34,18,500.0,0.034482758620689655,0.0,0.30357142857142855,0.16071428571428573,4.464285714285714
2023,6,20409,B6,11618,13204,EWR,MCO,119,8,3,0,108,0,32,18,2296.0,0.06722689075630252,0.025210084033613446,0.2962962962962963,0.16666666666666666,21.25925925925926
2023,6,20409,B6,11618,13303,EWR,MIA,30,0,1,0,29,0,3,0,-147.0,0.0,0.03333333333333333,0.10344827586206896,0.0,-5.068965517241379
2023,6,20409,B6,11618,14635,EWR,RSW,30,1,0,0,29,0,10,6,998.0,0.03333333333333333,0.0,0.3448275862068966,0.20689655172413793,34.41379310344828
2023,6,20409,B6,11618,15304,EWR,TPA,46,3,0,0,43,0,26,16,3410.0,0.06521739130434782,0.0,0.6046511627906976,0.37209302325581395,79.30232558139535
2023,6,20409,B6,11697,10397,FLL,ATL,30,3,0,0,27,0,18,9,1845.0,0.1,0.0,0.6666666666666666,0.3333333333333333,68.33333333333333
2023,6,20409,B6,11697,10721,FLL,BOS,91,2,0,0,89,0,42,24,4418.0,0.02197802197802198,0.0,0.47191011235955055,0.2696629213483146,49.640449438202246
2023,6,20409,B6,11697,11278,FLL,DCA,146,9,0,0,137,0,50,26,3573.0,0.06164383561643835,0.0,0.36496350364963503,0.1897810218978102,26.080291970802918
2023,6,20409,B6,11697,11618,FLL,EWR,90,4,0,0,86,0,43,30,4662.0,0.044444444444444446,0.0,0.5,0.3488372093023256,54.2093023255814
2023,6,20409,B6,11697,12478,FLL,JFK,195,10,1,0,184,0,107,68,15185.0,0.05128205128205128,0.005128205128205128,0.5815217391304348,0.3695652173913043,82.52717391304348
2023,6,20409,B6,11697,12889,FLL,LAS,30,3,0,0,27,0,19,7,1384.0,0.1,0.0,0.7037037037037037,0.25925925925925924,51.25925925925926
2023,6,20409,B6,11697,12892,FLL,LAX,90,2,0,0,88,0,43,25,4067.0,0.022222222222222223,0.0,0.48863636363636365,0.2840909090909091,46.21590909090909
2023,6,20409,B6,11697,12953,FLL,LGA,146,8,2,0,136,0,60,32,4477.0,0.0547945205479452,0.0136986301369863,0.4411764705882353,0.23529411764705882,32.919117647058826
2023,6,20409,B6,11697,14679,FLL,SAN,30,0,0,0,30,0,19,11,1719.0,0.0,0.0,0.6333333333333333,0.36666666666666664,57.3
2023,6,20409,B6,11697,14771,FLL,SFO,60,0,1,0,59,0,26,11,921.0,0.0,0.016666666666666666,0.4406779661016949,0.1864406779661017,15.610169491525424
2023,6,20409,B6,11697,14869,FLL,SLC,26,2,0,0,24,0,17,7,1096.0,0.07692307692307693,0.0,0.7083333333333334,0.2916666666666667,45.666666666666664
2023,6,20409,B6,12266,10721,IAH,BOS,58,0,0,0,58,0,22,7,2990.0,0.0,0.0,0.3793103448275862,0.1206896551724138,51.55172413793103
2023,6,20409,B6,12266,12478,IAH,JFK,28,0,1,0,27,0,10,2,358.0,0.0,0.03571428571428571,0.37037037037037035,0.07407407407407407,13.25925925925926
2023,6,20409,B6,12478,10397,JFK,ATL,70,2,1,0,67,0,24,15,2570.0,0.02857142857142857,0.014285714285714285,0.3582089552238806,0.22388059701492538,38.35820895522388
2023,6,20409,B6,12478,10721,JFK,BOS,187,13,0,0,174,0,58,30,4395.0,0.06951871657754011,0.0,0.3333333333333333,0.1724137931034483,25.25862068965517
2023,6,20409,B6,12478,11292,JFK,DEN,46,1,2,0,43,0,18,10,1277.0,0.021739130434782608,0.043478260869565216,0.4186046511627907,0.23255813953488372,29.697674418604652
2023,6,20409,B6,12478,11433,JFK,DTW,90,8,0,0,82,0,33,20,2332.0,0.08888888888888889,0.0,0.4024390243902439,0.24390243902439024,28.4390243902439
2023,6,20409,B6,12478,11697,JFK,FLL,195,7,4,0,184,0,67,33,4151.0,0.035897435897435895,0.020512820512820513,0.3641304347826087,0.1793478260869565,22.559782608695652
2023,6,20409,B6,12478,12266,JFK,IAH,28,0,0,0,28,0,5,0,-308.0,0.0,0.0,0.17857142857142858,0.0,-11.0
2023,6,20409,B6,12478,12889,JFK,LAS,132,5,0,0,127,0,37,15,476.0,0.03787878787878788,0.0,0.29133858267716534,0.11811023622047244,3.748031496062992
2023,6,20409,B6,12478,12892,JFK,LAX,280,9,0,0,271,0,65,34,830.0,0.03214285714285714,0.0,0.23985239852398524,0.12546125461254612,3.062730627306273
2023,6,20409,B6,12478,13204,JFK,MCO,273,16,2,0,255,0,124,73,11302.0,0.05860805860805861,0.007326007326007326,0.48627450980392156,0.28627450980392155,44.32156862745098
2023,6,20409,B6,12478,13303,JFK,MIA,79,3,4,0,72,0,32,19,3290.0,0.0379746835443038,0.05063291139240506,0.4444444444444444,0.2638888888888889,45.69444444444444
2023,6,20409,B6,12478,13930,JFK,ORD,35,1,0,0,34,0,5,2,-82.0,0.02857142857142857,0.0,0.14705882352941177,0.058823529411764705,-2.411764705882353
2023,6,20409,B6,12478,14107,JFK,PHX,30,3,0,0,27,0,8,2,-25.0,0.1,0.0,0.2962962962962963,0.07407407407407407,-0.9259259259259259
2023,6,20409,B6,12478,14635,JFK,RSW,60,4,0,0,56,0,21,9,1143.0,0.06666666666666667,0.0,0.375,0.16071428571428573,20.410714285714285
2023,6,20409,B6,12478,14679,JFK,SAN,60,2,0,0,58,0,15,8,-18.0,0.03333333333333333,0.0,0.25862068965517243,0.13793103448275862,-0.3103448275862069
2023,6,20409,B6,12478,14747,JFK,SEA,44,0,0,0,44,0,10,5,-40.0,0.0,0.0,0.22727272727272727,0.11363636363636363,-0.9090909090909091
2023,6,20409,B6,12478,14771,JFK,SFO,174,5,0,0,169,0,38,16,-1591.0,0.028735632183908046,0.0,0.22485207100591717,0.09467455621301775,-9.414201183431953
2023,6,20409,B6,12478,14869,JFK,SLC,60,3,0,0,57,0,18,12,825.0,0.05,0.0,0.3157894736842105,0.21052631578947367,14.473684210526315
2023,6,20409,B6,12478,15304,JFK,TPA,88,3,1,0,84,0,30,15,1367.0,0.03409090909090909,0.011363636363636364,0.35714285714285715,0.17857142857142858,16.273809523809526
2023,6,20409,B6,12889,10721,LAS,BOS,72,3,1,0,68,0,31,13,2157.0,0.041666666666666664,0.013888888888888888,0.45588235294117646,0.19117647058823528,31.720588235294116
2023,6,20409,B6,12889,11697,LAS,FLL,30,3,0,0,27,0,16,7,2069.0,0.1,0.0,0.5925925925925926,0.25925925925925924,76.62962962962963
2023,6,20409,B6,12889,12478,LAS,JFK,132,4,0,0,128,0,57,26,6018.0,0.030303030303030304,0.0,0.4453125,0.203125,47.015625
2023,6,20409,B6,12889,12892,LAS,LAX,60,0,0,0,60,0,21,6,1029.0,0.0,0.0,0.35,0.1,17.15
2023,6,20409,B6,12892,10721,LAX,BOS,142,1,1,0,140,0,67,19,4103.0,0.007042253521126761,0.007042253521126761,0.4785714285714286,0.1357142857142857,29.307142857142857
2023,6,20409,B6,12892,11618,LAX,EWR,116,5,5,0,106,0,36,15,1913.0,0.04310344827586207,0.04310344827586207,0.33962264150943394,0.14150943396226415,18.047169811320753
2023,6,20409,B6,12892,11697,LAX,FLL,90,1,3,0,86,0,24,11,754.0,0.011111111111111112,0.03333333333333333,0.27906976744186046,0.12790697674418605,8.767441860465116
2023,6,20409,B6,12892,12478,LAX,JFK,280,11,2,0,267,0,93,46,6380.0,0.039285714285714285,0.007142857142857143,0.34831460674157305,0.17228464419475656,23.89513108614232
2023,6,20409,B6,12892,12889,LAX,LAS,60,0,0,0,60,0,16,6,601.0,0.0,0.0,0.26666666666666666,0.1,10.016666666666667
2023,6,20409,B6,12892,13204,LAX,MCO,30,0,1,0,29,0,14,2,545.0,0.0,0.03333333333333333,0.4827586206896552,0.06896551724137931,18.79310344827586
2023,6,20409,B6,12892,13303,LAX,MIA,60,0,1,0,59,0,16,6,530.0,0.0,0.016666666666666666,0.2711864406779661,0.1016949152542373,8.983050847457626
2023,6,20409,B6,12892,14747,LAX,SEA,60,0,0,0,60,0,10,6,167.0,0.0,0.0,0.16666666666666666,0.1,2.783333333333333
2023,6,20409,B6,12892,14771,LAX,SFO,74,0,0,0,74,0,28,13,2375.0,0.0,0.0,0.3783783783783784,0.17567567567567569,32.0945945945946
2023,6,20409,B6,12892,14869,LAX,SLC,60,0,0,0,60,0,13,6,845.0,0.0,0.0,0.21666666666666667,0.1,14.083333333333334
2023,6,20409,B6,12953,10397,LGA,ATL,118,9,0,0,109,0,44,16,2585.0,0.07627118644067797,0.0,0.4036697247706422,0.14678899082568808,23.71559633027523
2023,6,20409,B6,12953,10721,LGA,BOS,242,13,0,0,229,0,73,38,5436.0,0.05371900826446281,0.0,0.31877729257641924,0.16593886462882096,23.737991266375545
2023,6,20409,B6,12953,11292,LGA,DEN,88,3,1,0,84,0,20,12,864.0,0.03409090909090909,0.011363636363636364,0.23809523809523808,0.14285714285714285,10.285714285714286
2023,6,20409,B6,12953,11697,LGA,FLL,146,9,1,0,136,0,55,32,5170.0,0.06164383561643835,0.00684931506849315,0.40441176470588236,0.23529411764705882,38.01470588235294
2023,6,20409,B6,12953,13204,LGA,MCO,148,7,3,0,138,0,54,34,4477.0,0.0472972972972973,0.02027027027027027,0.391304347826087,0.2463768115942029,32.44202898550725
2023,6,20409,B6,12953,14635,LGA,RSW,58,2,0,0,56,0,26,19,3495.0,0.034482758620689655,0.0,0.4642857142857143,0.3392857142857143,62.410714285714285
2023,6,20409,B6,12953,15304,LGA,TPA,88,3,0,0,85,0,36,19,2821.0,0.03409090909090909,0.0,0.4235294117647059,0.2235294117647059,33.188235294117646
2023,6,20409,B6,13204,10721,MCO,BOS,146,4,1,0,141,0,62,31,6412.0,0.0273972602739726,0.00684931506849315,0.4397163120567376,0.2198581560283688,45.47517730496454
2023,6,20409,B6,13204,11278,MCO,DCA,116,0,2,0,114,0,30,15,2564.0,0.0,0.017241379310344827,0.2631578947368421,0.13157894736842105,22.49122807017544
2023,6,20409,B6,13204,11618,MCO,EWR,121,10,2,0,109,0,52,36,4660.0,0.08264462809917356,0.01652892561983471,0.47706422018348627,0.3302752293577982,42.75229357798165
2023,6,20409,B6,13204,12478,MCO,JFK,274,12,1,0,261,0,107,69,12371.0,0.043795620437956206,0.0036496350364963502,0.4099616858237548,0.26436781609195403,47.39846743295019
2023,6,20409,B6,13204,12892,MCO,LAX,30,0,0,0,30,0,26,18,3632.0,0.0,0.0,0.8666666666666667,0.6,121.06666666666666
2023,6,20409,B6,13204,12953,MCO,LGA,148,10,7,0,131,0,61,33,4368.0,0.06756756756756757,0.0472972972972973,0.46564885496183206,0.25190839694656486,33.343511450381676
2023,6,20409,B6,13204,14869,MCO,SLC,27,1,0,0,26,0,12,9,1265.0,0.037037037037037035,0.0,0.46153846153846156,0.34615384615384615,48.65384615384615
2023,6,20409,B6,13303,10721,MIA,BOS,44,3,0,0,41,0,20,11,2793.0,0.06818181818181818,0.0,0.4878048780487805,0.2682926829268293,68.1219512195122
2023,6,20409,B6,13303,11618,MIA,EWR,30,1,1,0,28,0,4,1,174.0,0.03333333333333333,0.03333333333333333,0.14285714285714285,0.03571428571428571,6.214285714285714
2023,6,20409,B6,13303,12478,MIA,JFK,80,3,0,0,77,0,38,21,5280.0,0.0375,0.0,0.4935064935064935,0.2727272727272727,68.57142857142857
2023,6,20409,B6,13303,12892,MIA,LAX,60,0,0,0,60,0,34,15,1847.0,0.0,0.0,0.5666666666666667,0.25,30.783333333333335
2023,6,20409,B6,13487,10721,MSP,BOS,44,0,0,0,44,0,14,7,1344.0,0.0,0.0,0.3181818181818182,0.1590909090909091,30.545454545454547
2023,6,20409,B6,13930,10721,ORD,BOS,30,0,0,0,30,0,8,4,370.0,0.0,0.0,0.26666666666666666,0.13333333333333333,12.333333333333334
2023,6,20409,B6,13930,12478,ORD,JFK,35,1,0,0,34,0,6,3,235.0,0.02857142857142857,0.0,0.17647058823529413,0.08823529411764706,6.911764705882353
2023,6,20409,B6,14100,10721,PHL,BOS,74,1,1,0,72,0,19,10,1471.0,0.013513513513513514,0.013513513513513514,0.2638888888888889,0.1388888888888889,20.430555555555557
2023,6,20409,B6,14107,10721,PHX,BOS,30,1,0,0,29,0,14,10,1307.0,0.03333333333333333,0.0,0.4827586206896552,0.3448275862068966,45.06896551724138
2023,6,20409,B6,14107,12478,PHX,JFK,30,3,0,0,27,0,8,4,386.0,0.1,0.0,0.2962962962962963,0.14814814814814814,14.296296296296296
2023,6,20409,B6,14635,10721,RSW,BOS,68,1,0,0,67,0,21,13,2665.0,0.014705882352941176,0.0,0.31343283582089554,0.19402985074626866,39.776119402985074
2023,6,20409,B6,14635,11278,RSW,DCA,30,1,0,0,29,0,8,4,2018.0,0.03333333333333333,0.0,0.27586206896551724,0.13793103448275862,69.58620689655173
2023,6,20409,B6,14635,11618,RSW,EWR,30,1,1,0,28,0,12,8,1487.0,0.03333333333333333,0.03333333333333333,0.42857142857142855,0.2857142857142857,53.107142857142854
2023,6,20409,B6,14635,12478,RSW,JFK,60,4,0,0,56,0,23,10,1513.0,0.06666666666666667,0.0,0.4107142857142857,0.17857142857142858,27.017857142857142
2023,6,20409,B6,14635,12953,RSW,LGA,58,3,2,0,53,0,16,6,219.0,0.05172413793103448,0.034482758620689655,0.3018867924528302,0.11320754716981132,4.132075471698113
2023,6,20409,B6,14679,10721,SAN,BOS,72,2,0,0,70,0,26,8,1030.0,0.027777777777777776,0.0,0.37142857142857144,0.11428571428571428,14.714285714285714
2023,6,20409,B6,14679,11697,SAN,FLL,30,0,0,0,30,0,15,8,3538.0,0.0,0.0,0.5,0.26666666666666666,117.93333333333334
2023,6,20409,B6,14679,12478,SAN,JFK,60,2,0,0,58,0,24,9,1015.0,0.03333333333333333,0.0,0.41379310344827586,0.15517241379310345,17.5
2023,6,20409,B6,14747,10721,SEA,BOS,46,0,0,0,46,0,30,13,2521.0,0.0,0.0,0.6521739130434783,0.2826086956521739,54.80434782608695
2023,6,20409,B6,14747,12478,SEA,JFK,44,0,1,0,43,0,34,13,4469.0,0.0,0.022727272727272728,0.7906976744186046,0.3023255813953488,103.93023255813954
2023,6,20409,B6,14747,12892,SEA,LAX,60,2,0,0,58,0,21,7,958.0,0.03333333333333333,0.0,0.3620689655172414,0.1206896551724138,16.517241379310345
2023,6,20409,B6,14771,10721,SFO,BOS,138,1,1,0,136,0,59,21,5730.0,0.007246376811594203,0.007246376811594203,0.4338235294117647,0.15441176470588236,42.13235294117647
2023,6,20409,B6,14771,11697,SFO,FLL,60,0,1,0,59,0,20,7,1122.0,0.0,0.016666666666666666,0.3389830508474576,0.11864406779661017,19.016949152542374
2023,6,20409,B6,14771,12478,SFO,JFK,174,4,1,0,169,0,65,19,2957.0,0.022988505747126436,0.005747126436781609,0.38461538461538464,0.11242603550295859,17.497041420118343
2023,6,20409,B6,14771,12892,SFO,LAX,74,0,0,0,74,0,12,5,671.0,0.0,0.0,0.16216216216216217,0.06756756756756757,9.067567567567568
2023,6,20409,B6,14869,10721,SLC,BOS,30,1,0,0,29,0,12,6,2123.0,0.03333333333333333,0.0,0.41379310344827586,0.20689655172413793,73.20689655172414
2023,6,20409,B6,14869,11697,SLC,FLL,26,2,0,0,24,0,11,4,1415.0,0.07692307692307693,0.0,0.4583333333333333,0.16666666666666666,58.958333333333336
2023,6,20409,B6,14869,12478,SLC,JFK,60,3,1,0,56,0,33,15,4458.0,0.05,0.016666666666666666,0.5892857142857143,0.26785714285714285,79.60714285714286
2023,6,20409,B6,14869,12892,SLC,LAX,60,0,0,0,60,0,15,8,927.0,0.0,0.0,0.25,0.13333333333333333,15.45
2023,6,20409,B6,14869,13204,SLC,MCO,26,2,1,0,23,0,5,1,0.0,0.07692307692307693,0.038461538461538464,0.21739130434782608,0.043478260869565216,0.0
2023,6,20409,B6,15304,10721,TPA,BOS,118,2,1,0,115,0,45,24,4078.0,0.01694915254237288,0.00847457627118644,0.391304347826087,0.20869565217391303,35.46086956521739
2023,6,20409,B6,15304,11618,TPA,EWR,46,5,0,0,41,0,13,10,980.0,0.10869565217391304,0.0,0.3170731707317073,0.24390243902439024,23.902439024390244
2023,6,20409,B6,15304,12478,TPA,JFK,87,2,1,0,84,0,29,15,1409.0,0.022988505747126436,0.011494252873563218,0.34523809523809523,0.17857142857142858,16.773809523809526
2023,6,20409,B6,15304,12953,TPA,LGA,88,2,2,0,84,0,27,15,1929.0,0.022727272727272728,0.022727272727272728,0.32142857142857145,0.17857142857142858,22.964285714285715
2023,6,20416,NK,10397,10721,ATL,BOS,30,1,0,0,29,0,7,4,501.0,0.03333333333333333,0.0,0.2413793103448276,0.13793103448275862,17.275862068965516
2023,6,20416,NK,10397,10821,ATL,BWI,60,1,3,0,56,0,16,7,1346.0,0.016666666666666666,0.05,0.2857142857142857,0.125,24.035714285714285
2023,6,20416,NK,10397,11298,ATL,DFW,60,2,1,0,57,0,26,7,1280.0,0.03333333333333333,0.016666666666666666,0.45614035087719296,0.12280701754385964,22.45614035087719
2023,6,20416,NK,10397,11433,ATL,DTW,96,2,0,0,94,0,36,15,2901.0,0.020833333333333332,0.0,0.3829787234042553,0.1595744680851064,30.861702127659573
2023,6,20416,NK,10397,11618,ATL,EWR,36,4,0,0,32,0,20,11,1666.0,0.1111111111111111,0.0,0.625,0.34375,52.0625
2023,6,20416,NK,10397,11697,ATL,FLL,147,6,1,0,140,0,70,30,5542.0,0.04081632653061224,0.006802721088435374,0.5,0.21428571428571427,39.58571428571429
2023,6,20416,NK,10397,12266,ATL,IAH,59,0,0,0,59,0,27,11,2080.0,0.0,0.0,0.4576271186440678,0.1864406779661017,35.25423728813559
2023,6,20416,NK,10397,12889,ATL,LAS,80,1,0,0,79,0,48,16,3380.0,0.0125,0.0,0.6075949367088608,0.20253164556962025,42.78481012658228
2023,6,20416,NK,10397,12892,ATL,LAX,80,0,0,0,80,0,48,16,3420.0,0.0,0.0,0.6,0.2,42.75
2023,6,20416,NK,10397,13204,ATL,MCO,83,4,2,0,77,0,31,19,3030.0,0.04819277108433735,0.024096385542168676,0.4025974025974026,0.24675324675324675,39.35064935064935
2023,6,20416,NK,10397,13303,ATL,MIA,59,3,1,0,55,0,26,14,2312.0,0.05084745762711865,0.01694915254237288,0.4727272727272727,0.2545454545454545,42.03636363636364
2023,6,20416,NK,10397,13487,ATL,MSP,60,1,0,0,59,0,11,8,971.0,0.016666666666666666,0.0,0.1864406779661017,0.13559322033898305,16.45762711864407
2023,6,20416,NK,10397,13930,ATL,ORD,80,1,0,0,79,0,31,16,2346.0,0.0125,0.0,0.3924050632911392,0.20253164556962025,29.696202531645568
2023,6,20416,NK,10397,14100,ATL,PHL,30,1,0,0,29,0,14,6,1363.0,0.03333333333333333,0.0,0.4827586206896552,0.20689655172413793,47.0
2023,6,20416,NK,10397,15304,ATL,TPA,30,0,0,0,30,0,4,0,-104.0,0.0,0.0,0.13333333333333333,0.0,-3.466666666666667
2023,6,20416,NK,10721,10397,BOS,ATL,30,1,0,0,29,0,9,4,589.0,0.03333333333333333,0.0,0.3103448275862069,0.13793103448275862,20.310344827586206
2023,6,20416,NK,10721,11298,BOS,DFW,24,1,1,0,22,0,11,4,970.0,0.041666666666666664,0.041666666666666664,0.5,0.18181818181818182,44.09090909090909
2023,6,20416,NK,10721,11697,BOS,FLL,39,2,1,0,36,0,15,7,1755.0,0.05128205128205128,0.02564102564102564,0.4166666666666667,0.19444444444444445,48.75
2023,6,20416,NK,10721,12889,BOS,LAS,29,0,0,0,29,0,8,0,-4.0,0.0,0.0,0.27586206896551724,0.0,-0.13793103448275862
2023,6,20416,NK,10721,13204,BOS,MCO,77,2,2,0,73,0,46,23,3006.0,0.025974025974025976,0.025974025974025976,0.6301369863013698,0.3150684931506849,41.178082191780824
2023,6,20416,NK,10721,13303,BOS,MIA,30,0,2,0,28,0,5,1,-236.0,0.0,0.06666666666666667,0.17857142857142858,0.03571428571428571,-8.428571428571429
2023,6,20416,NK,10821,10397,BWI,ATL,60,1,0,0,59,0,13,7,908.0,0.016666666666666666,0.0,0.22033898305084745,0.11864406779661017,15.389830508474576
2023,6,20416,NK,10821,11298,BWI,DFW,29,0,0,0,29,0,12,3,621.0,0.0,0.0,0.41379310344827586,0.10344827586206896,21.413793103448278
2023,6,20416,NK,10821,11697,BWI,FLL,77,2,3,0,72,0,26,17,3352.0,0.025974025974025976,0.03896103896103896,0.3611111111111111,0.2361111111111111,46.55555555555556
2023,6,20416,NK,10821,12266,BWI,IAH,30,1,0,0,29,0,9,4,672.0,0.03333333333333333,0.0,0.3103448275862069,0.13793103448275862,23.17241379310345
2023,6,20416,NK,10821,12889,BWI,LAS,36,0,0,0,36,0,10,4,179.0,0.0,0.0,0.2777777777777778,0.1111111111111111,4.972222222222222
2023,6,20416,NK,10821,12892,BWI,LAX,60,1,0,0,59,0,20,5,764.0,0.016666666666666666,0.0,0.3389830508474576,0.0847457627118644,12.94915254237288
2023,6,20416,NK,10821,13204,BWI,MCO,83,2,3,0,78,0,31,16,3282.0,0.024096385542168676,0.03614457831325301,0.3974358974358974,0.20512820512820512,42.07692307692308
2023,6,20416,NK,10821,13303,BWI,MIA,30,2,1,0,27,0,14,8,1196.0,0.06666666666666667,0.03333333333333333,0.5185185185185185,0.2962962962962963,44.2962962962963
2023,6,20416,NK,10821,15304,BWI,TPA,30,0,0,0,30,0,3,2,38.0,0.0,0.0,0.1,0.06666666666666667,1.2666666666666666
2023,6,20416,NK,11292,11697,DEN,FLL,30,0,0,0,30,0,3,2,36.0,0.0,0.0,0.1,0.06666666666666667,1.2
2023,6,20416,NK,11292,12889,DEN,LAS,30,0,0,0,30,0,15,9,1510.0,0.0,0.0,0.5,0.3,50.333333333333336
2023,6,20416,NK,11292,13303,DEN,MIA,30,2,0,0,28,0,7,2,516.0,0.06666666666666667,0.0,0.25,0.07142857142857142,18.428571428571427
2023,6,20416,NK,11298,10397,DFW,ATL,60,2,0,0,58,0,38,12,2585.0,0.03333333333333333,0.0,0.6551724137931034,0.20689655172413793,44.56896551724138
2023,6,20416,NK,11298,10721,DFW,BOS,24,1,0,0,23,0,15,5,1113.0,0.041666666666666664,0.0,0.6521739130434783,0.21739130434782608,48.391304347826086
2023,6,20416,NK,11298,10821,DFW,BWI,30,0,0,0,30,0,12,8,1096.0,0.0,0.0,0.4,0.26666666666666666,36.53333333333333
2023,6,20416,NK,11298,11433,DFW,DTW,30,0,0,0,30,0,10,3,459.0,0.0,0.0,0.3333333333333333,0.1,15.3
2023,6,20416,NK,11298,11618,DFW,EWR,30,0,0,0,30,0,15,5,1170.0,0.0,0.0,0.5,0.16666666666666666,39.0
2023,6,20416,NK,11298,11697,DFW,FLL,70,1,0,0,69,0,29,16,2309.0,0.014285714285714285,0.0,0.42028985507246375,0.2318840579710145,33.46376811594203
2023,6,20416,NK,11298,12889,DFW,LAS,95,1,0,0,94,0,42,13,2322.0,0.010526315789473684,0.0,0.44680851063829785,0.13829787234042554,24.70212765957447
2023,6,20416,NK,11298,12892,DFW,LAX,120,0,0,0,120,0,51,22,3809.0,0.0,0.0,0.425,0.18333333333333332,31.741666666666667
2023,6,20416,NK,11298,12953,DFW,LGA,30,0,0,0,30,0,10,1,342.0,0.0,0.0,0.3333333333333333,0.03333333333333333,11.4
2023,6,20416,NK,11298,13204,DFW,MCO,111,6,0,0,105,0,50,28,4062.0,0.05405405405405406,0.0,0.47619047619047616,0.26666666666666666,38.68571428571428
2023,6,20416,NK,11298,13303,DFW,MIA,30,1,0,0,29,0,13,7,972.0,0.03333333333333333,0.0,0.4482758620689655,0.2413793103448276,33.51724137931034
2023,6,20416,NK,11298,13796,DFW,OAK,30,0,0,0,30,0,16,8,1211.0,0.0,0.0,0.5333333333333333,0.26666666666666666,40.36666666666667
2023,6,20416,NK,11298,13930,DFW,ORD,53,2,0,0,51,0,23,10,1328.0,0.03773584905660377,0.0,0.45098039215686275,0.19607843137254902,26.03921568627451
2023,6,20416,NK,11298,14100,DFW,PHL,29,1,0,0,28,0,3,2,167.0,0.034482758620689655,0.0,0.10714285714285714,0.07142857142857142,5.964285714285714
2023,6,20416,NK,11298,14107,DFW,PHX,30,1,0,0,29,0,18,6,1066.0,0.03333333333333333,0.0,0.6206896551724138,0.20689655172413793,36.758620689655174
2023,6,20416,NK,11298,15304,DFW,TPA,30,0,0,0,30,0,6,3,195.0,0.0,0.0,0.2,0.1,6.5
2023,6,20416,NK,11433,10397,DTW,ATL,96,2,0,0,94,0,26,5,978.0,0.020833333333333332,0.0,0.2765957446808511,0.05319148936170213,10.404255319148936
2023,6,20416,NK,11433,11298,DTW,DFW,30,0,0,0,30,0,7,2,331.0,0.0,0.0,0.23333333333333334,0.06666666666666667,11.033333333333333
2023,6,20416,NK,11433,11697,DTW,FLL,36,0,2,0,34,0,13,3,393.0,0.0,0.05555555555555555,0.38235294117647056,0.08823529411764706,11.558823529411764
2023,6,20416,NK,11433,12266,DTW,IAH,30,0,0,0,30,0,6,1,128.0,0.0,0.0,0.2,0.03333333333333333,4.266666666666667
2023,6,20416,NK,11433,12889,DTW,LAS,66,1,0,0,65,0,12,4,695.0,0.015151515151515152,0.0,0.18461538461538463,0.06153846153846154,10.692307692307692
2023,6,20416,NK,11433,12892,DTW,LAX,60,4,1,0,55,0,20,8,948.0,0.06666666666666667,0.016666666666666666,0.36363636363636365,0.14545454545454545,17.236363636363638
2023,6,20416,NK,11433,12953,DTW,LGA,90,7,0,0,83,0,26,13,1454.0,0.07777777777777778,0.0,0.3132530120481928,0.1566265060240964,17.518072289156628
2023,6,20416,NK,11433,13204,DTW,MCO,119,2,2,0,115,0,31,20,1936.0,0.01680672268907563,0.01680672268907563,0.26956521739130435,0.17391304347826086,16.83478260869565
2023,6,20416,NK,11433,13303,DTW,MIA,30,1,0,0,29,0,15,8,1019.0,0.03333333333333333,0.0,0.5172413793103449,0.27586206896551724,35.13793103448276
2023,6,20416,NK,11433,13487,DTW,MSP,30,0,0,0,30,0,2,1,-174.0,0.0,0.0,0.06666666666666667,0.03333333333333333,-5.8
2023,6,20416,NK,11433,14100,DTW,PHL,30,0,0,0,30,0,5,1,134.0,0.0,0.0,0.16666666666666666,0.03333333333333333,4.466666666666667
2023,6,20416,NK,11433,14635,DTW,RSW,30,1,0,0,29,0,7,1,0.0,0.03333333333333333,0.0,0.2413793103448276,0.034482758620689655,0.0
2023,6,20416,NK,11433,15304,DTW,TPA,29,0,0,0,29,0,9,3,456.0,0.0,0.0,0.3103448275862069,0.10344827586206896,15.724137931034482
2023,6,20416,NK,11618,10397,EWR,ATL,36,0,0,0,36,0,12,5,892.0,0.0,0.0,0.3333333333333333,0.1388888888888889,24.77777777777778
2023,6,20416,NK,11618,11298,EWR,DFW,30,0,2,0,28,0,13,8,1533.0,0.0,0.06666666666666667,0.4642857142857143,0.2857142857142857,54.75
2023,6,20416,NK,11618,11697,EWR,FLL,103,8,2,0,93,0,46,26,3737.0,0.07766990291262135,0.019417475728155338,0.4946236559139785,0.27956989247311825,40.18279569892473
2023,6,20416,NK,11618,12266,EWR,IAH,30,2,0,0,28,0,12,8,1353.0,0.06666666666666667,0.0,0.42857142857142855,0.2857142857142857,48.32142857142857
2023,6,20416,NK,11618,12889,EWR,LAS,60,2,0,0,58,0,22,9,1423.0,0.03333333333333333,0.0,0.3793103448275862,0.15517241379310345,24.53448275862069
2023,6,20416,NK,11618,12892,EWR,LAX,60,5,0,0,55,0,25,16,2233.0,0.08333333333333333,0.0,0.45454545454545453,0.2909090909090909,40.6
2023,6,20416,NK,11618,13204,EWR,MCO,120,8,2,0,110,0,35,20,2683.0,0.06666666666666667,0.016666666666666666,0.3181818181818182,0.18181818181818182,24.39090909090909
2023,6,20416,NK,11618,13303,EWR,MIA,36,4,0,0,32,0,14,10,1453.0,0.1111111111111111,0.0,0.4375,0.3125,45.40625
2023,6,20416,NK,11618,13796,EWR,OAK,30,2,0,0,28,0,1,0,-640.0,0.06666666666666667,0.0,0.03571428571428571,0.0,-22.857142857142858
2023,6,20416,NK,11697,10397,FLL,ATL,148,5,2,0,141,0,92,42,7222.0,0.033783783783783786,0.013513513513513514,0.6524822695035462,0.2978723404255319,51.219858156028366
2023,6,20416,NK,11697,10721,FLL,BOS,40,2,0,0,38,0,20,9,1714.0,0.05,0.0,0.5263157894736842,0.23684210526315788,45.10526315789474
2023,6,20416,NK,11697,10821,FLL,BWI,76,1,0,0,75,0,28,13,2214.0,0.013157894736842105,0.0,0.37333333333333335,0.17333333333333334,29.52
2023,6,20416,NK,11697,11292,FLL,DEN,30,0,1,0,29,0,19,11,1871.0,0.0,0.03333333333333333,0.6551724137931034,0.3793103448275862,64.51724137931035
2023,6,20416,NK,11697,11298,FLL,DFW,70,1,0,0,69,0,38,18,3101.0,0.014285714285714285,0.0,0.5507246376811594,0.2608695652173913,44.94202898550725
2023,6,20416,NK,11697,11433,FLL,DTW,37,0,0,0,37,0,9,4,374.0,0.0,0.0,0.24324324324324326,0.10810810810810811,10.108108108108109
2023,6,20416,NK,11697,11618,FLL,EWR,101,8,0,0,93,0,43,25,2739.0,0.07920792079207921,0.0,0.46236559139784944,0.26881720430107525,29.451612903225808
2023,6,20416,NK,11697,12266,FLL,IAH,77,1,0,0,76,0,35,22,2983.0,0.012987012987012988,0.0,0.4605263157894737,0.2894736842105263,39.25
2023,6,20416,NK,11697,12889,FLL,LAS,37,2,0,0,35,0,20,9,1395.0,0.05405405405405406,0.0,0.5714285714285714,0.2571428571428571,39.857142857142854
2023,6,20416,NK,11697,12892,FLL,LAX,30,3,0,0,27,0,18,6,1441.0,0.1,0.0,0.6666666666666666,0.2222222222222222,53.370370370370374
2023,6,20416,NK,11697,12953,FLL,LGA,90,7,0,0,83,0,37,18,2468.0,0.07777777777777778,0.0,0.4457831325301205,0.21686746987951808,29.734939759036145
2023,6,20416,NK,11697,13204,FLL,MCO,60,2,0,0,58,0,35,23,4634.0,0.03333333333333333,0.0,0.603448275862069,0.39655172413793105,79.89655172413794
2023,6,20416,NK,11697,13930,FLL,ORD,77,1,0,0,76,0,39,18,3462.0,0.012987012987012988,0.0,0.5131578947368421,0.23684210526315788,45.55263157894737
2023,6,20416,NK,11697,14100,FLL,PHL,60,2,0,0,58,0,28,18,2308.0,0.03333333333333333,0.0,0.4827586206896552,0.3103448275862069,39.793103448275865
2023,6,20416,NK,11697,15304,FLL,TPA,60,1,0,0,59,0,31,19,3249.0,0.016666666666666666,0.0,0.5254237288135594,0.3220338983050847,55.067796610169495
2023,6,20416,NK,12266,10397,IAH,ATL,60,0,1,0,59,0,28,11,2110.0,0.0,0.016666666666666666,0.4745762711864407,0.1864406779661017,35.76271186440678
2023,6,20416,NK,12266,10821,IAH,BWI,30,1,0,0,29,0,7,4,549.0,0.03333333333333333,0.0,0.2413793103448276,0.13793103448275862,18.93103448275862
2023,6,20416,NK,12266,11433,IAH,DTW,29,0,0,0,29,0,20,12,2627.0,0.0,0.0,0.6896551724137931,0.41379310344827586,90.58620689655173
2023,6,20416,NK,12266,11618,IAH,EWR,30,0,1,0,29,0,7,3,876.0,0.0,0.03333333333333333,0.2413793103448276,0.10344827586206896,30.20689655172414
2023,6,20416,NK,12266,11697,IAH,FLL,77,1,1,0,75,0,29,15,2148.0,0.012987012987012988,0.012987012987012988,0.38666666666666666,0.2,28.64
2023,6,20416,NK,12266,12889,IAH,LAS,83,1,0,0,82,0,34,13,2170.0,0.012048192771084338,0.0,0.4146341463414634,0.15853658536585366,26.463414634146343
2023,6,20416,NK,12266,12892,IAH,LAX,79,0,0,0,79,0,23,9,1582.0,0.0,0.0,0.2911392405063291,0.11392405063291139,20.025316455696203
2023,6,20416,NK,12266,12953,IAH,LGA,26,2,0,0,24,0,8,7,767.0,0.07692307692307693,0.0,0.3333333333333333,0.2916666666666667,31.958333333333332
2023,6,20416,NK,12266,13204,IAH,MCO,113,1,1,0,111,0,56,37,7750.0,0.008849557522123894,0.008849557522123894,0.5045045045045045,0.3333333333333333,69.81981981981981
2023,6,20416,NK,12266,13303,IAH,MIA,54,4,0,0,50,0,20,10,1378.0,0.07407407407407407,0.0,0.4,0.2,27.56
2023,6,20416,NK,12266,13930,IAH,ORD,30,0,0,0,30,0,16,11,1491.0,0.0,0.0,0.5333333333333333,0.36666666666666664,49.7
2023,6,20416,NK,12266,14100,IAH,PHL,30,0,0,0,30,0,4,2,118.0,0.0,0.0,0.13333333333333333,0.06666666666666667,3.933333333333333
2023,6,20416,NK,12889,10397,LAS,ATL,80,0,0,0,80,0,25,11,1636.0,0.0,0.0,0.3125,0.1375,20.45
2023,6,20416,NK,12889,10721,LAS,BOS,30,0,0,0,30,0,15,4,591.0,0.0,0.0,0.5,0.13333333333333333,19.7
2023,6,20416,NK,12889,10821,LAS,BWI,36,0,0,0,36,0,5,1,232.0,0.0,0.0,0.1388888888888889,0.027777777777777776,6.444444444444445
2023,6,20416,NK,12889,11292,LAS,DEN,30,0,0,0,30,0,13,8,1163.0,0.0,0.0,0.43333333333333335,0.26666666666666666,38.766666666666666
2023,6,20416,NK,12889,11298,LAS,DFW,97,1,0,0,96,0,36,9,1651.0,0.010309278350515464,0.0,0.375,0.09375,17.197916666666668
2023,6,20416,NK,12889,11433,LAS,DTW,66,1,0,0,65,0,17,5,663.0,0.015151515151515152,0.0,0.26153846153846155,0.07692307692307693,10.2
2023,6,20416,NK,12889,11618,LAS,EWR,60,2,2,0,56,0,30,10,1558.0,0.03333333333333333,0.03333333333333333,0.5357142857142857,0.17857142857142858,27.821428571428573
2023,6,20416,NK,12889,11697,LAS,FLL,36,0,1,0,35,0,15,7,1223.0,0.0,0.027777777777777776,0.42857142857142855,0.2,34.94285714285714
2023,6,20416,NK,12889,12266,LAS,IAH,83,1,0,0,82,0,34,12,2489.0,0.012048192771084338,0.0,0.4146341463414634,0.14634146341463414,30.353658536585368
2023,6,20416,NK,12889,12892,LAS,LAX,79,2,0,0,77,0,29,8,1408.0,0.02531645569620253,0.0,0.37662337662337664,0.1038961038961039,18.285714285714285
2023,6,20416,NK,12889,13204,LAS,MCO,60,2,0,0,58,0,19,7,1239.0,0.03333333333333333,0.0,0.3275862068965517,0.1206896551724138,21.362068965517242
2023,6,20416,NK,12889,13303,LAS,MIA,60,0,0,0,60,0,19,10,865.0,0.0,0.0,0.31666666666666665,0.16666666666666666,14.416666666666666
2023,6,20416,NK,12889,13487,LAS,MSP,30,0,0,0,30,0,11,2,353.0,0.0,0.0,0.36666666666666664,0.06666666666666667,11.766666666666667
2023,6,20416,NK,12889,13796,LAS,OAK,80,1,0,0,79,0,27,8,1435.0,0.0125,0.0,0.34177215189873417,0.10126582278481013,18.164556962025316
2023,6,20416,NK,12889,13930,LAS,ORD,66,0,0,0,66,0,23,8,1055.0,0.0,0.0,0.3484848484848485,0.12121212121212122,15.984848484848484
2023,6,20416,NK,12889,14100,LAS,PHL,29,0,0,0,29,0,13,3,527.0,0.0,0.0,0.4482758620689655,0.10344827586206896,18.17241379310345
2023,6,20416,NK,12889,14107,LAS,PHX,60,0,0,0,60,0,21,10,1114.0,0.0,0.0,0.35,0.16666666666666666,18.566666666666666
2023,6,20416,NK,12889,14679,LAS,SAN,80,2,0,0,78,0,27,10,1588.0,0.025,0.0,0.34615384615384615,0.1282051282051282,20.358974358974358
2023,6,20416,NK,12889,14747,LAS,SEA,80,1,0,0,79,0,30,11,1731.0,0.0125,0.0,0.379746835443038,0.13924050632911392,21.911392405063292
2023,6,20416,NK,12889,14869,LAS,SLC,60,0,0,0,60,0,24,8,1326.0,0.0,0.0,0.4,0.13333333333333333,22.1
2023,6,20416,NK,12889,15016,LAS,STL,30,2,0,0,28,0,8,2,315.0,0.06666666666666667,0.0,0.2857142857142857,0.07142857142857142,11.25
2023,6,20416,NK,12889,15304,LAS,TPA,49,0,1,0,48,0,29,7,1457.0,0.0,0.02040816326530612,0.6041666666666666,0.14583333333333334,30.354166666666668
2023,6,20416,NK,12892,10397,LAX,ATL,80,1,0,0,79,0,32,15,2741.0,0.0125,0.0,0.4050632911392405,0.189873417721519,34.69620253164557
2023,6,20416,NK,12892,10821,LAX,BWI,59,1,0,0,58,0,24,7,2902.0,0.01694915254237288,0.0,0.41379310344827586,0.1206896551724138,50.03448275862069
2023,6,20416,NK,12892,11298,LAX,DFW,120,2,0,0,118,0,40,19,3282.0,0.016666666666666666,0.0,0.3389830508474576,0.16101694915254236,27.8135593220339
2023,6,20416,NK,12892,11433,LAX,DTW,59,5,0,0,54,0,18,9,1106.0,0.0847457627118644,0.0,0.3333333333333333,0.16666666666666666,20.48148148148148
2023,6,20416,NK,12892,11618,LAX,EWR,60,4,0,0,56,0,19,6,212.0,0.06666666666666667,0.0,0.3392857142857143,0.10714285714285714,3.7857142857142856
2023,6,20416,NK,12892,11697,LAX,FLL,30,2,0,0,28,0,14,8,1752.0,0.06666666666666667,0.0,0.5,0.2857142857142857,62.57142857142857
2023,6,20416,NK,12892,12266,LAX,IAH,80,1,1,0,78,0,27,14,1997.0,0.0125,0.0125,0.34615384615384615,0.1794871794871795,25.602564102564102
2023,6,20416,NK,12892,12889,LAX,LAS,80,1,0,0,79,0,28,11,1848.0,0.0125,0.0,0.35443037974683544,0.13924050632911392,23.39240506329114
2023,6,20416,NK,12892,13204,LAX,MCO,30,2,0,0,28,0,11,3,352.0,0.06666666666666667,0.0,0.39285714285714285,0.10714285714285714,12.571428571428571
2023,6,20416,NK,12892,13796,LAX,OAK,30,0,0,0,30,0,13,6,895.0,0.0,0.0,0.43333333333333335,0.2,29.833333333333332
2023,6,20416,NK,12892,13930,LAX,ORD,80,5,0,0,75,0,15,5,352.0,0.0625,0.0,0.2,0.06666666666666667,4.693333333333333
2023,6,20416,NK,12892,14100,LAX,PHL,30,0,0,0,30,0,9,5,943.0,0.0,0.0,0.3,0.16666666666666666,31.433333333333334
2023,6,20416,NK,12892,14869,LAX,SLC,30,1,0,0,29,0,11,5,745.0,0.03333333333333333,0.0,0.3793103448275862,0.1724137931034483,25.689655172413794
2023,6,20416,NK,12953,11298,LGA,DFW,30,0,0,0,30,0,7,2,58.0,0.0,0.0,0.23333333333333334,0.06666666666666667,1.9333333333333333
2023,6,20416,NK,12953,11433,LGA,DTW,90,7,0,0,83,0,24,9,379.0,0.07777777777777778,0.0,0.2891566265060241,0.10843373493975904,4.566265060240964
2023,6,20416,NK,12953,11697,LGA,FLL,90,6,2,0,82,0,36,24,3393.0,0.06666666666666667,0.022222222222222223,0.43902439024390244,0.2926829268292683,41.3780487804878
2023,6,20416,NK,12953,12266,LGA,IAH,26,2,1,0,23,0,9,7,718.0,0.07692307692307693,0.038461538461538464,0.391304347826087,0.30434782608695654,31.217391304347824
2023,6,20416,NK,12953,13204,LGA,MCO,90,8,0,0,82,0,27,13,1447.0,0.08888888888888889,0.0,0.32926829268292684,0.15853658536585366,17.646341463414632
2023,6,20416,NK,12953,13303,LGA,MIA,30,0,1,0,29,0,12,4,499.0,0.0,0.03333333333333333,0.41379310344827586,0.13793103448275862,17.20689655172414
2023,6,20416,NK,13204,10397,MCO,ATL,82,3,1,0,78,0,50,26,3807.0,0.036585365853658534,0.012195121951219513,0.6410256410256411,0.3333333333333333,48.80769230769231
2023,6,20416,NK,13204,10721,MCO,BOS,77,2,0,0,75,0,26,8,1339.0,0.025974025974025976,0.0,0.3466666666666667,0.10666666666666667,17.85333333333333
2023,6,20416,NK,13204,10821,MCO,BWI,83,1,0,0,82,0,47,28,4972.0,0.012048192771084338,0.0,0.573170731707317,0.34146341463414637,60.63414634146341
2023,6,20416,NK,13204,11298,MCO,DFW,110,6,1,0,103,0,66,37,6800.0,0.05454545454545454,0.00909090909090909,0.6407766990291263,0.3592233009708738,66.01941747572816
2023,6,20416,NK,13204,11433,MCO,DTW,119,2,0,0,117,0,69,37,6255.0,0.01680672268907563,0.0,0.5897435897435898,0.3162393162393162,53.46153846153846
2023,6,20416,NK,13204,11618,MCO,EWR,120,7,1,0,112,0,49,28,3670.0,0.058333333333333334,0.008333333333333333,0.4375,0.25,32.767857142857146
2023,6,20416,NK,13204,11697,MCO,FLL,60,2,0,0,58,0,25,11,1546.0,0.03333333333333333,0.0,0.43103448275862066,0.1896551724137931,26.655172413793103
2023,6,20416,NK,13204,12266,MCO,IAH,113,1,1,0,111,0,55,28,5433.0,0.008849557522123894,0.008849557522123894,0.4954954954954955,0.25225225225225223,48.945945945945944
2023,6,20416,NK,13204,12889,MCO,LAS,61,1,0,0,60,0,37,18,2536.0,0.01639344262295082,0.0,0.6166666666666667,0.3,42.266666666666666
2023,6,20416,NK,13204,12892,MCO,LAX,30,1,0,0,29,0,25,10,1718.0,0.03333333333333333,0.0,0.8620689655172413,0.3448275862068966,59.241379310344826
2023,6,20416,NK,13204,12953,MCO,LGA,90,7,3,0,80,0,27,9,1007.0,0.07777777777777778,0.03333333333333333,0.3375,0.1125,12.5875
2023,6,20416,NK,13204,13930,MCO,ORD,107,5,0,0,102,0,49,26,3823.0,0.04672897196261682,0.0,0.4803921568627451,0.2549019607843137,37.48039215686274
2023,6,20416,NK,13204,14100,MCO,PHL,102,2,0,0,100,0,54,34,4767.0,0.0196078431372549,0.0,0.54,0.34,47.67
2023,6,20416,NK,13204,14107,MCO,PHX,30,4,0,0,26,0,18,7,1589.0,0.13333333333333333,0.0,0.6923076923076923,0.2692307692307692,61.11538461538461
2023,6,20416,NK,13204,14869,MCO,SLC,30,0,1,0,29,0,15,6,956.0,0.0,0.03333333333333333,0.5172413793103449,0.20689655172413793,32.96551724137931
2023,6,20416,NK,13204,15016,MCO,STL,30,2,0,0,28,0,12,6,993.0,0.06666666666666667,0.0,0.42857142857142855,0.21428571428571427,35.464285714285715
2023,6,20416,NK,13303,10397,MIA,ATL,59,4,0,0,55,0,23,10,2008.0,0.06779661016949153,0.0,0.41818181818181815,0.18181818181818182,36.50909090909091
2023,6,20416,NK,13303,10721,MIA,BOS,30,0,0,0,30,0,2,0,-584.0,0.0,0.0,0.06666666666666667,0.0,-19.466666666666665
2023,6,20416,NK,13303,10821,MIA,BWI,30,0,0,0,30,0,2,1,49.0,0.0,0.0,0.06666666666666667,0.03333333333333333,1.6333333333333333
2023,6,20416,NK,13303,11292,MIA,DEN,30,2,0,0,28,0,5,3,569.0,0.06666666666666667,0.0,0.17857142857142858,0.10714285714285714,20.321428571428573
2023,6,20416,NK,13303,11298,MIA,DFW,30,2,0,0,28,0,17,10,2060.0,0.06666666666666667,0.0,0.6071428571428571,0.35714285714285715,73.57142857142857
2023,6,20416,NK,13303,11433,MIA,DTW,29,3,0,0,26,0,11,4,580.0,0.10344827586206896,0.0,0.4230769230769231,0.15384615384615385,22.307692307692307
2023,6,20416,NK,13303,11618,MIA,EWR,35,2,0,0,33,0,19,10,1449.0,0.05714285714285714,0.0,0.5757575757575758,0.30303030303030304,43.90909090909091
2023,6,20416,NK,13303,12266,MIA,IAH,53,4,0,0,49,0,33,19,3032.0,0.07547169811320754,0.0,0.673469387755102,0.3877551020408163,61.87755102040816
2023,6,20416,NK,13303,12889,MIA,LAS,60,1,0,0,59,0,33,11,2636.0,0.016666666666666666,0.0,0.559322033898305,0.1864406779661017,44.67796610169491
2023,6,20416,NK,13303,12953,MIA,LGA,30,2,0,0,28,0,13,5,725.0,0.06666666666666667,0.0,0.4642857142857143,0.17857142857142858,25.892857142857142
2023,6,20416,NK,13303,13204,MIA,MCO,1,0,0,0,1,0,0,0,-10.0,0.0,0.0,0.0,0.0,-10.0
2023,6,20416,NK,13303,13930,MIA,ORD,59,1,0,0,58,0,24,15,2062.0,0.01694915254237288,0.0,0.41379310344827586,0.25862068965517243,35.55172413793103
2023,6,20416,NK,13303,14100,MIA,PHL,30,1,0,0,29,0,12,7,1021.0,0.03333333333333333,0.0,0.41379310344827586,0.2413793103448276,35.206896551724135
2023,6,20416,NK,13487,10397,MSP,ATL,60,1,0,0,59,0,12,7,582.0,0.016666666666666666,0.0,0.2033898305084746,0.11864406779661017,9.864406779661017
2023,6,20416,NK,13487,11433,MSP,DTW,30,0,0,0,30,0,3,1,-128.0,0.0,0.0,0.1,0.03333333333333333,-4.266666666666667
2023,6,20416,NK,13487,12889,MSP,LAS,30,0,0,0,30,0,5,2,-27.0,0.0,0.0,0.16666666666666666,0.06666666666666667,-0.9
2023,6,20416,NK,13796,11298,OAK,DFW,30,0,0,0,30,0,8,3,140.0,0.0,0.0,0.26666666666666666,0.1,4.666666666666667
2023,6,20416,NK,13796,11618,OAK,EWR,29,2,0,0,27,0,10,4,519.0,0.06896551724137931,0.0,0.37037037037037035,0.14814814814814814,19.22222222222222
2023,6,20416,NK,13796,12889,OAK,LAS,80,1,0,0,79,0,30,12,3275.0,0.0125,0.0,0.379746835443038,0.1518987341772152,41.45569620253165
2023,6,20416,NK,13796,12892,OAK,LAX,30,0,0,0,30,0,10,5,1065.0,0.0,0.0,0.3333333333333333,0.16666666666666666,35.5
2023,6,20416,NK,13796,14100,OAK,PHL,23,0,1,0,22,0,10,1,455.0,0.0,0.043478260869565216,0.45454545454545453,0.045454545454545456,20.681818181818183
2023,6,20416,NK,13796,14679,OAK,SAN,30,0,0,0,30,0,9,3,399.0,0.0,0.0,0.3,0.1,13.3
2023,6,20416,NK,13930,10397,ORD,ATL,79,1,0,0,78,0,23,9,1112.0,0.012658227848101266,0.0,0.2948717948717949,0.11538461538461539,14.256410256410257
2023,6,20416,NK,13930,11298,ORD,DFW,53,1,0,0,52,0,20,7,1532.0,0.018867924528301886,0.0,0.38461538461538464,0.1346153846153846,29.46153846153846
2023,6,20416,NK,13930,11697,ORD,FLL,77,1,1,0,75,0,31,13,1883.0,0.012987012987012988,0.012987012987012988,0.41333333333333333,0.17333333333333334,25.106666666666666
2023,6,20416,NK,13930,12266,ORD,IAH,30,0,0,0,30,0,5,2,115.0,0.0,0.0,0.16666666666666666,0.06666666666666667,3.8333333333333335
2023,6,20416,NK,13930,12889,ORD,LAS,66,0,0,0,66,0,20,7,690.0,0.0,0.0,0.30303030303030304,0.10606060606060606,10.454545454545455
2023,6,20416,NK,13930,12892,ORD,LAX,80,6,0,0,74,0,30,14,1688.0,0.075,0.0,0.40540540540540543,0.1891891891891892,22.81081081081081
2023,6,20416,NK,13930,13204,ORD,MCO,107,5,1,0,101,0,42,21,3252.0,0.04672897196261682,0.009345794392523364,0.4158415841584158,0.2079207920792079,32.198019801980195
2023,6,20416,NK,13930,13303,ORD,MIA,60,0,2,0,58,0,23,10,1820.0,0.0,0.03333333333333333,0.39655172413793105,0.1724137931034483,31.379310344827587
2023,6,20416,NK,13930,14635,ORD,RSW,30,0,0,0,30,0,12,10,1070.0,0.0,0.0,0.4,0.3333333333333333,35.666666666666664
2023,6,20416,NK,13930,15304,ORD,TPA,29,0,0,0,29,0,12,6,885.0,0.0,0.0,0.41379310344827586,0.20689655172413793,30.517241379310345
2023,6,20416,NK,14100,10397,PHL,ATL,30,0,0,0,30,0,6,2,102.0,0.0,0.0,0.2,0.06666666666666667,3.4
2023,6,20416,NK,14100,11298,PHL,DFW,30,1,0,0,29,0,9,5,455.0,0.03333333333333333,0.0,0.3103448275862069,0.1724137931034483,15.689655172413794
2023,6,20416,NK,14100,11433,PHL,DTW,30,2,0,0,28,0,16,7,1363.0,0.06666666666666667,0.0,0.5714285714285714,0.25,48.67857142857143
2023,6,20416,NK,14100,11697,PHL,FLL,60,2,1,0,57,0,17,4,830.0,0.03333333333333333,0.016666666666666666,0.2982456140350877,0.07017543859649122,14.56140350877193
2023,6,20416,NK,14100,12266,PHL,IAH,30,0,0,0,30,0,15,8,967.0,0.0,0.0,0.5,0.26666666666666666,32.233333333333334
2023,6,20416,NK,14100,12889,PHL,LAS,30,0,0,0,30,0,13,7,1075.0,0.0,0.0,0.43333333333333335,0.23333333333333334,35.833333333333336
2023,6,20416,NK,14100,12892,PHL,LAX,30,0,0,0,30,0,2,2,86.0,0.0,0.0,0.06666666666666667,0.06666666666666667,2.8666666666666667
2023,6,20416,NK,14100,13204,PHL,MCO,101,3,4,0,94,0,51,26,4175.0,0.0297029702970297,0.039603960396039604,0.5425531914893617,0.2765957446808511,44.41489361702128
2023,6,20416,NK,14100,13303,PHL,MIA,30,1,0,0,29,0,2,1,-184.0,0.03333333333333333,0.0,0.06896551724137931,0.034482758620689655,-6.344827586206897
2023,6,20416,NK,14100,13796,PHL,OAK,23,0,0,0,23,0,6,3,328.0,0.0,0.0,0.2608695652173913,0.13043478260869565,14.26086956521739
2023,6,20416,NK,14107,11298,PHX,DFW,29,2,0,0,27,0,11,4,996.0,0.06896551724137931,0.0,0.4074074074074074,0.14814814814814814,36.888888888888886
2023,6,20416,NK,14107,12889,PHX,LAS,60,0,0,0,60,0,22,12,1524.0,0.0,0.0,0.36666666666666664,0.2,25.4
2023,6,20416,NK,14107,13204,PHX,MCO,31,4,0,0,27,0,5,4,556.0,0.12903225806451613,0.0,0.18518518518518517,0.14814814814814814,20.59259259259259
2023,6,20416,NK,14635,11433,RSW,DTW,30,1,0,0,29,0,7,1,127.0,0.03333333333333333,0.0,0.2413793103448276,0.034482758620689655,4.379310344827586
2023,6,20416,NK,14635,12266,RSW,IAH,1,0,0,0,1,0,0,0,-119.0,0.0,0.0,0.0,0.0,-119.0
2023,6,20416,NK,14635,13930,RSW,ORD,29,0,0,0,29,0,9,4,393.0,0.0,0.0,0.3103448275862069,0.13793103448275862,13.551724137931034
2023,6,20416,NK,14679,12889,SAN,LAS,80,2,0,0,78,0,15,6,479.0,0.025,0.0,0.19230769230769232,0.07692307692307693,6.141025641025641
2023,6,20416,NK,14679,13796,SAN,OAK,30,0,0,0,30,0,6,4,269.0,0.0,0.0,0.2,0.13333333333333333,8.966666666666667
2023,6,20416,NK,14747,11697,SEA,FLL,1,0,0,0,1,0,1,0,21.0,0.0,0.0,1.0,0.0,21.0
2023,6,20416,NK,14747,12889,SEA,LAS,79,1,0,0,78,0,26,13,1810.0,0.012658227848101266,0.0,0.3333333333333333,0.16666666666666666,23.205128205128204
2023,6,20416,NK,14869,12889,SLC,LAS,60,0,0,0,60,0,23,9,1787.0,0.0,0.0,0.38333333333333336,0.15,29.783333333333335
2023,6,20416,NK,14869,12892,SLC,LAX,30,1,0,0,29,0,12,6,986.0,0.03333333333333333,0.0,0.41379310344827586,0.20689655172413793,34.0
2023,6,20416,NK,14869,13204,SLC,MCO,30,1,1,0,28,0,7,2,161.0,0.03333333333333333,0.03333333333333333,0.25,0.07142857142857142,5.75
2023,6,20416,NK,15016,12889,STL,LAS,30,2,0,0,28,0,7,2,362.0,0.06666666666666667,0.0,0.25,0.07142857142857142,12.928571428571429
2023,6,20416,NK,15016,13204,STL,MCO,30,2,0,0,28,0,11,5,791.0,0.06666666666666667,0.0,0.39285714285714285,0.17857142857142858,28.25
2023,6,20416,NK,15304,10397,TPA,ATL,30,0,0,0,30,0,9,3,493.0,0.0,0.0,0.3,0.1,16.433333333333334
2023,6,20416,NK,15304,10821,TPA,BWI,30,0,0,0,30,0,6,2,316.0,0.0,0.0,0.2,0.06666666666666667,10.533333333333333
2023,6,20416,NK,15304,11298,TPA,DFW,30,0,0,0,30,0,10,3,507.0,0.0,0.0,0.3333333333333333,0.1,16.9
2023,6,20416,NK,15304,11433,TPA,DTW,30,0,0,0,30,0,8,4,412.0,0.0,0.0,0.26666666666666666,0.13333333333333333,13.733333333333333
2023,6,20416,NK,15304,11697,TPA,FLL,60,1,0,0,59,0,21,9,1165.0,0.016666666666666666,0.0,0.3559322033898305,0.15254237288135594,19.74576271186441
2023,6,20416,NK,15304,12889,TPA,LAS,50,0,0,0,50,0,27,12,1867.0,0.0,0.0,0.54,0.24,37.34
2023,6,20416,NK,15304,13930,TPA,ORD,30,0,0,0,30,0,9,3,411.0,0.0,0.0,0.3,0.1,13.7
2023,6,20436,F9,10397,10821,ATL,BWI,59,3,0,0,56,0,30,15,2114.0,0.05084745762711865,0.0,0.5357142857142857,0.26785714285714285,37.75
2023,6,20436,F9,10397,11292,ATL,DEN,63,3,1,0,59,0,34,19,2832.0,0.047619047619047616,0.015873015873015872,0.576271186440678,0.3220338983050847,48.0
2023,6,20436,F9,10397,11298,ATL,DFW,29,1,1,0,27,0,13,7,1206.0,0.034482758620689655,0.034482758620689655,0.48148148148148145,0.25925925925925924,44.666666666666664
2023,6,20436,F9,10397,11433,ATL,DTW,21,0,0,0,21,0,4,2,243.0,0.0,0.0,0.19047619047619047,0.09523809523809523,11.571428571428571
2023,6,20436,F9,10397,11697,ATL,FLL,43,2,2,0,39,0,33,18,2728.0,0.046511627906976744,0.046511627906976744,0.8461538461538461,0.46153846153846156,69.94871794871794
2023,6,20436,F9,10397,12266,ATL,IAH,30,2,1,0,27,0,18,9,1320.0,0.06666666666666667,0.03333333333333333,0.6666666666666666,0.3333333333333333,48.888888888888886
2023,6,20436,F9,10397,12889,ATL,LAS,34,1,0,0,33,0,23,14,2168.0,0.029411764705882353,0.0,0.696969696969697,0.42424242424242425,65.6969696969697
2023,6,20436,F9,10397,12953,ATL,LGA,55,6,0,0,49,0,25,9,1470.0,0.10909090909090909,0.0,0.5102040816326531,0.1836734693877551,30.0
2023,6,20436,F9,10397,13204,ATL,MCO,61,3,0,0,58,0,37,20,5073.0,0.04918032786885246,0.0,0.6379310344827587,0.3448275862068966,87.46551724137932
2023,6,20436,F9,10397,13232,ATL,MDW,30,1,0,0,29,0,22,11,1727.0,0.03333333333333333,0.0,0.7586206896551724,0.3793103448275862,59.55172413793103
2023,6,20436,F9,10397,13303,ATL,MIA,26,2,0,0,24,0,15,10,1920.0,0.07692307692307693,0.0,0.625,0.4166666666666667,80.0
2023,6,20436,F9,10397,13930,ATL,ORD,30,2,0,0,28,0,6,1,100.0,0.06666666666666667,0.0,0.21428571428571427,0.03571428571428571,3.5714285714285716
2023,6,20436,F9,10397,14100,ATL,PHL,62,3,0,0,59,0,36,14,2504.0,0.04838709677419355,0.0,0.6101694915254238,0.23728813559322035,42.440677966101696
2023,6,20436,F9,10397,14107,ATL,PHX,17,1,0,0,16,0,11,1,367.0,0.058823529411764705,0.0,0.6875,0.0625,22.9375
2023,6,20436,F9,10397,14679,ATL,SAN,30,0,0,0,30,0,17,6,922.0,0.0,0.0,0.5666666666666667,0.2,30.733333333333334
2023,6,20436,F9,10397,14771,ATL,SFO,30,2,0,0,28,0,19,11,1479.0,0.06666666666666667,0.0,0.6785714285714286,0.39285714285714285,52.82142857142857
2023,6,20436,F9,10397,14869,ATL,SLC,12,2,0,0,10,0,8,3,475.0,0.16666666666666666,0.0,0.8,0.3,47.5
2023,6,20436,F9,10397,15304,ATL,TPA,28,1,0,0,27,0,12,4,654.0,0.03571428571428571,0.0,0.4444444444444444,0.14814814814814814,24.22222222222222
2023,6,20436,F9,10721,13204,BOS,MCO,13,0,0,0,13,0,4,1,159.0,0.0,0.0,0.3076923076923077,0.07692307692307693,12.23076923076923
2023,6,20436,F9,10721,14100,BOS,PHL,17,0,0,0,17,0,9,4,619.0,0.0,0.0,0.5294117647058824,0.23529411764705882,36.411764705882355
2023,6,20436,F9,10821,10397,BWI,ATL,59,3,0,0,56,0,22,9,1279.0,0.05084745762711865,0.0,0.39285714285714285,0.16071428571428573,22.839285714285715
2023,6,20436,F9,10821,11292,BWI,DEN,16,0,0,0,16,0,3,2,42.0,0.0,0.0,0.1875,0.125,2.625
2023,6,20436,F9,10821,11298,BWI,DFW,17,2,0,0,15,0,5,3,381.0,0.11764705882352941,0.0,0.3333333333333333,0.2,25.4
2023,6,20436,F9,10821,13204,BWI,MCO,30,0,0,0,30,0,11,6,828.0,0.0,0.0,0.36666666666666664,0.2,27.6
2023,6,20436,F9,10821,13303,BWI,MIA,13,0,0,0,13,0,5,2,435.0,0.0,0.0,0.38461538461538464,0.15384615384615385,33.46153846153846
2023,6,20436,F9,10821,14107,BWI,PHX,30,0,0,0,30,0,9,3,400.0,0.0,0.0,0.3,0.1,13.333333333333334
2023,6,20436,F9,11278,11292,DCA,DEN,90,1,0,0,89,0,19,10,900.0,0.011111111111111112,0.0,0.21348314606741572,0.11235955056179775,10.112359550561798
2023,6,20436,F9,11292,10397,DEN,ATL,64,3,1,0,60,0,36,14,2134.0,0.046875,0.015625,0.6,0.23333333333333334,35.56666666666667
2023,6,20436,F9,11292,10821,DEN,BWI,16,0,0,0,16,0,3,2,113.0,0.0,0.0,0.1875,0.125,7.0625
2023,6,20436,F9,11292,11278,DEN,DCA,90,2,0,0,88,0,25,6,706.0,0.022222222222222223,0.0,0.2840909090909091,0.06818181818181818,8.022727272727273
2023,6,20436,F9,11292,11298,DEN,DFW,79,5,0,0,74,0,44,19,3119.0,0.06329113924050633,0.0,0.5945945945945946,0.25675675675675674,42.148648648648646
2023,6,20436,F9,11292,11433,DEN,DTW,33,0,0,0,33,0,11,7,887.0,0.0,0.0,0.3333333333333333,0.21212121212121213,26.87878787878788
2023,6,20436,F9,11292,12266,DEN,IAH,30,0,0,0,30,0,13,5,604.0,0.0,0.0,0.43333333333333335,0.16666666666666666,20.133333333333333
2023,6,20436,F9,11292,12889,DEN,LAS,143,5,0,0,138,0,45,28,2661.0,0.03496503496503497,0.0,0.32608695652173914,0.2028985507246377,19.282608695652176
2023,6,20436,F9,11292,13204,DEN,MCO,60,3,1,0,56,0,26,12,2481.0,0.05,0.016666666666666666,0.4642857142857143,0.21428571428571427,44.30357142857143
2023,6,20436,F9,11292,13232,DEN,MDW,29,1,0,0,28,0,8,2,337.0,0.034482758620689655,0.0,0.2857142857142857,0.07142857142857142,12.035714285714286
2023,6,20436,F9,11292,13303,DEN,MIA,31,0,1,0,30,0,19,8,2052.0,0.0,0.03225806451612903,0.6333333333333333,0.26666666666666666,68.4
2023,6,20436,F9,11292,13487,DEN,MSP,60,0,0,0,60,0,30,15,2077.0,0.0,0.0,0.5,0.25,34.61666666666667
2023,6,20436,F9,11292,14100,DEN,PHL,53,2,0,0,51,0,26,12,3440.0,0.03773584905660377,0.0,0.5098039215686274,0.23529411764705882,67.45098039215686
2023,6,20436,F9,11292,14107,DEN,PHX,87,2,0,0,85,0,22,9,1493.0,0.022988505747126436,0.0,0.25882352941176473,0.10588235294117647,17.564705882352943
2023,6,20436,F9,11292,14635,DEN,RSW,13,0,0,0,13,0,7,3,396.0,0.0,0.0,0.5384615384615384,0.23076923076923078,30.46153846153846
2023,6,20436,F9,11292,14679,DEN,SAN,70,2,0,0,68,0,34,9,1720.0,0.02857142857142857,0.0,0.5,0.1323529411764706,25.294117647058822
2023,6,20436,F9,11292,14747,DEN,SEA,30,0,0,0,30,0,19,8,1082.0,0.0,0.0,0.6333333333333333,0.26666666666666666,36.06666666666667
2023,6,20436,F9,11292,14771,DEN,SFO,62,2,0,0,60,0,28,5,809.0,0.03225806451612903,0.0,0.4666666666666667,0.08333333333333333,13.483333333333333
2023,6,20436,F9,11292,14869,DEN,SLC,60,4,0,0,56,0,22,10,1071.0,0.06666666666666667,0.0,0.39285714285714285,0.17857142857142858,19.125
2023,6,20436,F9,11292,15016,DEN,STL,57,1,0,0,56,0,17,9,1021.0,0.017543859649122806,0.0,0.30357142857142855,0.16071428571428573,18.232142857142858
2023,6,20436,F9,11292,15304,DEN,TPA,59,2,0,0,57,0,31,9,1843.0,0.03389830508474576,0.0,0.543859649122807,0.15789473684210525,32.333333333333336
2023,6,20436,F9,11298,10397,DFW,ATL,29,2,0,0,27,0,20,10,1718.0,0.06896551724137931,0.0,0.7407407407407407,0.37037037037037035,63.629629629629626
2023,6,20436,F9,11298,10821,DFW,BWI,17,2,0,0,15,0,8,3,607.0,0.11764705882352941,0.0,0.5333333333333333,0.2,40.46666666666667
2023,6,20436,F9,11298,11292,DFW,DEN,79,6,1,0,72,0,37,20,2584.0,0.0759493670886076,0.012658227848101266,0.5138888888888888,0.2777777777777778,35.888888888888886
2023,6,20436,F9,11298,12889,DFW,LAS,79,2,0,0,77,0,32,17,3857.0,0.02531645569620253,0.0,0.4155844155844156,0.22077922077922077,50.09090909090909
2023,6,20436,F9,11298,12953,DFW,LGA,28,6,0,0,22,0,12,6,822.0,0.21428571428571427,0.0,0.5454545454545454,0.2727272727272727,37.36363636363637
2023,6,20436,F9,11298,13204,DFW,MCO,59,4,1,0,54,0,21,12,2089.0,0.06779661016949153,0.01694915254237288,0.3888888888888889,0.2222222222222222,38.68518518518518
2023,6,20436,F9,11298,13232,DFW,MDW,32,2,0,0,30,0,18,10,1318.0,0.0625,0.0,0.6,0.3333333333333333,43.93333333333333
2023,6,20436,F9,11298,13303,DFW,MIA,15,1,0,0,14,0,11,9,1104.0,0.06666666666666667,0.0,0.7857142857142857,0.6428571428571429,78.85714285714286
2023,6,20436,F9,11298,14100,DFW,PHL,30,1,0,0,29,0,14,5,776.0,0.03333333333333333,0.0,0.4827586206896552,0.1724137931034483,26.75862068965517
2023,6,20436,F9,11298,14107,DFW,PHX,33,1,0,0,32,0,17,3,1595.0,0.030303030303030304,0.0,0.53125,0.09375,49.84375
2023,6,20436,F9,11298,14679,DFW,SAN,30,0,0,0,30,0,10,3,390.0,0.0,0.0,0.3333333333333333,0.1,13.0
2023,6,20436,F9,11298,14771,DFW,SFO,30,1,0,0,29,0,6,3,528.0,0.03333333333333333,0.0,0.20689655172413793,0.10344827586206896,18.20689655172414
2023,6,20436,F9,11298,15304,DFW,TPA,30,1,0,0,29,0,24,19,4579.0,0.03333333333333333,0.0,0.8275862068965517,0.6551724137931034,157.89655172413794
2023,6,20436,F9,11433,10397,DTW,ATL,21,1,0,0,20,0,14,3,767.0,0.047619047619047616,0.0,0.7,0.15,38.35
2023,6,20436,F9,11433,11292,DTW,DEN,34,0,0,0,34,0,12,10,981.0,0.0,0.0,0.35294117647058826,0.29411764705882354,28.852941176470587
2023,6,20436,F9,11433,12889,DTW,LAS,30,1,0,0,29,0,8,5,418.0,0.03333333333333333,0.0,0.27586206896551724,0.1724137931034483,14.413793103448276
2023,6,20436,F9,11433,13204,DTW,MCO,17,0,0,0,17,0,7,4,521.0,0.0,0.0,0.4117647058823529,0.23529411764705882,30.647058823529413
2023,6,20436,F9,11433,14107,DTW,PHX,30,0,0,0,30,0,6,1,-359.0,0.0,0.0,0.2,0.03333333333333333,-11.966666666666667
2023,6,20436,F9,11433,14771,DTW,SFO,4,0,0,0,4,0,3,1,157.0,0.0,0.0,0.75,0.25,39.25
2023,6,20436,F9,11697,10397,FLL,ATL,43,2,1,0,40,0,22,11,1512.0,0.046511627906976744,0.023255813953488372,0.55,0.275,37.8
2023,6,20436,F9,11697,14100,FLL,PHL,60,3,0,0,57,0,20,7,673.0,0.05,0.0,0.3508771929824561,0.12280701754385964,11.807017543859649
2023,6,20436,F9,12266,10397,IAH,ATL,30,0,1,0,29,0,22,9,2057.0,0.0,0.03333333333333333,0.7586206896551724,0.3103448275862069,70.93103448275862
2023,6,20436,F9,12266,11292,IAH,DEN,30,4,0,0,26,0,16,9,1198.0,0.13333333333333333,0.0,0.6153846153846154,0.34615384615384615,46.07692307692308
2023,6,20436,F9,12266,12889,IAH,LAS,30,0,0,0,30,0,28,15,1906.0,0.0,0.0,0.9333333333333333,0.5,63.53333333333333
2023,6,20436,F9,12266,13204,IAH,MCO,17,0,0,0,17,0,15,9,1295.0,0.0,0.0,0.8823529411764706,0.5294117647058824,76.17647058823529
2023,6,20436,F9,12266,14107,IAH,PHX,6,0,0,0,6,0,2,0,86.0,0.0,0.0,0.3333333333333333,0.0,14.333333333333334
2023,6,20436,F9,12889,10397,LAS,ATL,34,0,0,0,34,0,18,2,575.0,0.0,0.0,0.5294117647058824,0.058823529411764705,16.91176470588235
2023,6,20436,F9,12889,11292,LAS,DEN,146,5,2,0,139,0,76,37,5193.0,0.03424657534246575,0.0136986301369863,0.5467625899280576,0.26618705035971224,37.35971223021583
2023,6,20436,F9,12889,11298,LAS,DFW,78,2,1,0,75,0,23,6,1564.0,0.02564102564102564,0.01282051282051282,0.30666666666666664,0.08,20.85333333333333
2023,6,20436,F9,12889,11433,LAS,DTW,30,0,0,0,30,0,10,5,618.0,0.0,0.0,0.3333333333333333,0.16666666666666666,20.6
2023,6,20436,F9,12889,12266,LAS,IAH,30,0,0,0,30,0,3,1,-31.0,0.0,0.0,0.1,0.03333333333333333,-1.0333333333333334
2023,6,20436,F9,12889,13204,LAS,MCO,60,4,1,0,55,0,27,12,2119.0,0.06666666666666667,0.016666666666666666,0.4909090909090909,0.21818181818181817,38.527272727272724
2023,6,20436,F9,12889,13232,LAS,MDW,30,0,0,0,30,0,6,0,77.0,0.0,0.0,0.2,0.0,2.566666666666667
2023,6,20436,F9,12889,13303,LAS,MIA,31,1,0,0,30,0,17,5,651.0,0.03225806451612903,0.0,0.5666666666666667,0.16666666666666666,21.7
2023,6,20436,F9,12889,14100,LAS,PHL,30,2,0,0,28,0,12,3,534.0,0.06666666666666667,0.0,0.42857142857142855,0.10714285714285714,19.071428571428573
2023,6,20436,F9,12889,14107,LAS,PHX,51,1,0,0,50,0,27,14,2231.0,0.0196078431372549,0.0,0.54,0.28,44.62
2023,6,20436,F9,12889,14679,LAS,SAN,30,1,0,0,29,0,22,4,922.0,0.03333333333333333,0.0,0.7586206896551724,0.13793103448275862,31.79310344827586
2023,6,20436,F9,12889,14747,LAS,SEA,19,0,0,0,19,0,13,4,654.0,0.0,0.0,0.6842105263157895,0.21052631578947367,34.421052631578945
2023,6,20436,F9,12889,14771,LAS,SFO,57,0,0,0,57,0,20,8,912.0,0.0,0.0,0.3508771929824561,0.14035087719298245,16.0
2023,6,20436,F9,12889,14869,LAS,SLC,30,0,1,0,29,0,15,4,706.0,0.0,0.03333333333333333,0.5172413793103449,0.13793103448275862,24.344827586206897
2023,6,20436,F9,12889,15016,LAS,STL,30,0,0,0,30,0,14,4,464.0,0.0,0.0,0.4666666666666667,0.13333333333333333,15.466666666666667
2023,6,20436,F9,12889,15304,LAS,TPA,30,1,0,0,29,0,16,10,1119.0,0.03333333333333333,0.0,0.5517241379310345,0.3448275862068966,38.58620689655172
2023,6,20436,F9,12953,10397,LGA,ATL,55,6,0,0,49,0,32,12,2198.0,0.10909090909090909,0.0,0.6530612244897959,0.24489795918367346,44.857142857142854
2023,6,20436,F9,12953,11298,LGA,DFW,28,6,0,0,22,0,10,5,1547.0,0.21428571428571427,0.0,0.45454545454545453,0.22727272727272727,70.31818181818181
2023,6,20436,F9,12953,13204,LGA,MCO,30,2,0,0,28,0,19,16,2515.0,0.06666666666666667,0.0,0.6785714285714286,0.5714285714285714,89.82142857142857
2023,6,20436,F9,13204,10397,MCO,ATL,60,4,0,0,56,0,37,20,3802.0,0.06666666666666667,0.0,0.6607142857142857,0.35714285714285715,67.89285714285714
2023,6,20436,F9,13204,10721,MCO,BOS,13,0,0,0,13,0,2,1,-32.0,0.0,0.0,0.15384615384615385,0.07692307692307693,-2.4615384615384617
2023,6,20436,F9,13204,10821,MCO,BWI,30,0,0,0,30,0,14,8,968.0,0.0,0.0,0.4666666666666667,0.26666666666666666,32.266666666666666
2023,6,20436,F9,13204,11292,MCO,DEN,60,1,1,0,58,0,36,16,2618.0,0.016666666666666666,0.016666666666666666,0.6206896551724138,0.27586206896551724,45.13793103448276
2023,6,20436,F9,13204,11298,MCO,DFW,59,3,0,0,56,0,32,17,2805.0,0.05084745762711865,0.0,0.5714285714285714,0.30357142857142855,50.089285714285715
2023,6,20436,F9,13204,11433,MCO,DTW,17,0,0,0,17,0,5,1,182.0,0.0,0.0,0.29411764705882354,0.058823529411764705,10.705882352941176
2023,6,20436,F9,13204,12266,MCO,IAH,17,0,0,0,17,0,6,3,446.0,0.0,0.0,0.35294117647058826,0.17647058823529413,26.235294117647058
2023,6,20436,F9,13204,12889,MCO,LAS,60,5,0,0,55,0,29,17,2246.0,0.08333333333333333,0.0,0.5272727272727272,0.3090909090909091,40.836363636363636
2023,6,20436,F9,13204,12953,MCO,LGA,30,2,0,0,28,0,17,11,1821.0,0.06666666666666667,0.0,0.6071428571428571,0.39285714285714285,65.03571428571429
2023,6,20436,F9,13204,13232,MCO,MDW,17,1,0,0,16,0,6,2,263.0,0.058823529411764705,0.0,0.375,0.125,16.4375
2023,6,20436,F9,13204,13930,MCO,ORD,30,0,0,0,30,0,14,3,657.0,0.0,0.0,0.4666666666666667,0.1,21.9
2023,6,20436,F9,13204,14100,MCO,PHL,161,5,0,0,156,0,70,34,5322.0,0.031055900621118012,0.0,0.44871794871794873,0.21794871794871795,34.11538461538461
2023,6,20436,F9,13204,14107,MCO,PHX,30,1,0,0,29,0,18,9,2698.0,0.03333333333333333,0.0,0.6206896551724138,0.3103448275862069,93.03448275862068
2023,6,20436,F9,13204,14679,MCO,SAN,30,1,0,0,29,0,17,6,844.0,0.03333333333333333,0.0,0.5862068965517241,0.20689655172413793,29.103448275862068
2023,6,20436,F9,13204,14771,MCO,SFO,30,0,0,0,30,0,22,15,1632.0,0.0,0.0,0.7333333333333333,0.5,54.4
2023,6,20436,F9,13204,15016,MCO,STL,30,0,0,0,30,0,19,14,3251.0,0.0,0.0,0.6333333333333333,0.4666666666666667,108.36666666666666
2023,6,20436,F9,13232,10397,MDW,ATL,30,1,0,0,29,0,11,2,385.0,0.03333333333333333,0.0,0.3793103448275862,0.06896551724137931,13.275862068965518
2023,6,20436,F9,13232,11292,MDW,DEN,29,2,1,0,26,0,5,3,85.0,0.06896551724137931,0.034482758620689655,0.19230769230769232,0.11538461538461539,3.269230769230769
2023,6,20436,F9,13232,11298,MDW,DFW,32,3,0,0,29,0,16,12,1295.0,0.09375,0.0,0.5517241379310345,0.41379310344827586,44.6551724137931
2023,6,20436,F9,13232,12889,MDW,LAS,30,0,0,0,30,0,16,7,940.0,0.0,0.0,0.5333333333333333,0.23333333333333334,31.333333333333332
2023,6,20436,F9,13232,13204,MDW,MCO,17,0,0,0,17,0,6,0,69.0,0.0,0.0,0.35294117647058826,0.0,4.0588235294117645
2023,6,20436,F9,13232,13303,MDW,MIA,30,3,0,0,27,0,14,6,938.0,0.1,0.0,0.5185185185185185,0.2222222222222222,34.74074074074074
2023,6,20436,F9,13232,14100,MDW,PHL,17,0,0,0,17,0,11,5,1154.0,0.0,0.0,0.6470588235294118,0.29411764705882354,67.88235294117646
2023,6,20436,F9,13232,14107,MDW,PHX,25,2,0,0,23,0,3,1,-67.0,0.08,0.0,0.13043478260869565,0.043478260869565216,-2.9130434782608696
2023,6,20436,F9,13232,14771,MDW,SFO,30,0,0,0,30,0,16,7,1578.0,0.0,0.0,0.5333333333333333,0.23333333333333334,52.6
2023,6,20436,F9,13232,15304,MDW,TPA,30,0,0,0,30,0,10,2,222.0,0.0,0.0,0.3333333333333333,0.06666666666666667,7.4
2023,6,20436,F9,13303,10397,MIA,ATL,26,3,0,0,23,0,21,10,2223.0,0.11538461538461539,0.0,0.9130434782608695,0.43478260869565216,96.65217391304348
2023,6,20436,F9,13303,10821,MIA,BWI,13,0,0,0,13,0,8,2,382.0,0.0,0.0,0.6153846153846154,0.15384615384615385,29.384615384615383
2023,6,20436,F9,13303,11292,MIA,DEN,30,0,0,0,30,0,7,2,835.0,0.0,0.0,0.23333333333333334,0.06666666666666667,27.833333333333332
2023,6,20436,F9,13303,11298,MIA,DFW,15,1,0,0,14,0,11,7,903.0,0.06666666666666667,0.0,0.7857142857142857,0.5,64.5
2023,6,20436,F9,13303,12889,MIA,LAS,30,0,0,0,30,0,18,13,1730.0,0.0,0.0,0.6,0.43333333333333335,57.666666666666664
2023,6,20436,F9,13303,13232,MIA,MDW,30,4,0,0,26,0,9,4,392.0,0.13333333333333333,0.0,0.34615384615384615,0.15384615384615385,15.076923076923077
2023,6,20436,F9,13303,14100,MIA,PHL,30,2,0,0,28,0,17,12,1864.0,0.06666666666666667,0.0,0.6071428571428571,0.42857142857142855,66.57142857142857
2023,6,20436,F9,13487,11292,MSP,DEN,60,2,0,0,58,0,20,13,1066.0,0.03333333333333333,0.0,0.3448275862068966,0.22413793103448276,18.379310344827587
2023,6,20436,F9,13930,10397,ORD,ATL,30,2,0,0,28,0,25,11,1937.0,0.06666666666666667,0.0,0.8928571428571429,0.39285714285714285,69.17857142857143
2023,6,20436,F9,13930,13204,ORD,MCO,30,0,1,0,29,0,23,15,4215.0,0.0,0.03333333333333333,0.7931034482758621,0.5172413793103449,145.3448275862069
2023,6,20436,F9,14100,10397,PHL,ATL,64,1,0,0,63,0,28,13,1924.0,0.015625,0.0,0.4444444444444444,0.20634920634920634,30.53968253968254
2023,6,20436,F9,14100,10721,PHL,BOS,17,0,0,0,17,0,8,4,504.0,0.0,0.0,0.47058823529411764,0.23529411764705882,29.647058823529413
2023,6,20436,F9,14100,11292,PHL,DEN,53,2,1,0,50,0,13,5,854.0,0.03773584905660377,0.018867924528301886,0.26,0.1,17.08
2023,6,20436,F9,14100,11298,PHL,DFW,30,2,0,0,28,0,20,9,2180.0,0.06666666666666667,0.0,0.7142857142857143,0.32142857142857145,77.85714285714286
2023,6,20436,F9,14100,11697,PHL,FLL,60,2,1,0,57,0,25,8,1567.0,0.03333333333333333,0.016666666666666666,0.43859649122807015,0.14035087719298245,27.49122807017544
2023,6,20436,F9,14100,12889,PHL,LAS,30,2,0,0,28,0,9,5,287.0,0.06666666666666667,0.0,0.32142857142857145,0.17857142857142858,10.25
2023,6,20436,F9,14100,13204,PHL,MCO,161,7,1,0,153,0,83,46,6936.0,0.043478260869565216,0.006211180124223602,0.5424836601307189,0.3006535947712418,45.333333333333336
2023,6,20436,F9,14100,13232,PHL,MDW,17,1,0,0,16,0,10,6,782.0,0.058823529411764705,0.0,0.625,0.375,48.875
2023,6,20436,F9,14100,13303,PHL,MIA,30,2,0,0,28,0,18,9,1417.0,0.06666666666666667,0.0,0.6428571428571429,0.32142857142857145,50.607142857142854
2023,6,20436,F9,14100,14635,PHL,RSW,30,5,0,0,25,0,4,3,146.0,0.16666666666666666,0.0,0.16,0.12,5.84
2023,6,20436,F9,14100,15304,PHL,TPA,56,4,0,0,52,0,21,8,1247.0,0.07142857142857142,0.0,0.40384615384615385,0.15384615384615385,23.98076923076923
2023,6,20436,F9,14107,10397,PHX,ATL,17,1,0,0,16,0,11,2,610.0,0.058823529411764705,0.0,0.6875,0.125,38.125
2023,6,20436,F9,14107,10821,PHX,BWI,30,0,0,0,30,0,15,5,932.0,0.0,0.0,0.5,0.16666666666666666,31.066666666666666
2023,6,20436,F9,14107,11292,PHX,DEN,88,2,2,0,84,0,31,14,2041.0,0.022727272727272728,0.022727272727272728,0.36904761904761907,0.16666666666666666,24.297619047619047
2023,6,20436,F9,14107,11298,PHX,DFW,33,1,0,0,32,0,6,1,-204.0,0.030303030303030304,0.0,0.1875,0.03125,-6.375
2023,6,20436,F9,14107,11433,PHX,DTW,30,1,1,0,28,0,5,4,140.0,0.03333333333333333,0.03333333333333333,0.17857142857142858,0.14285714285714285,5.0
2023,6,20436,F9,14107,12266,PHX,IAH,6,0,0,0,6,0,2,0,48.0,0.0,0.0,0.3333333333333333,0.0,8.0
2023,6,20436,F9,14107,12889,PHX,LAS,51,1,0,0,50,0,9,3,798.0,0.0196078431372549,0.0,0.18,0.06,15.96
2023,6,20436,F9,14107,13204,PHX,MCO,30,1,0,0,29,0,12,6,571.0,0.03333333333333333,0.0,0.41379310344827586,0.20689655172413793,19.689655172413794
2023,6,20436,F9,14107,13232,PHX,MDW,25,0,0,0,25,0,4,1,-27.0,0.0,0.0,0.16,0.04,-1.08
2023,6,20436,F9,14107,14679,PHX,SAN,29,2,0,0,27,0,12,4,717.0,0.06896551724137931,0.0,0.4444444444444444,0.14814814814814814,26.555555555555557
2023,6,20436,F9,14107,14747,PHX,SEA,13,0,1,0,12,0,4,3,281.0,0.0,0.07692307692307693,0.3333333333333333,0.25,23.416666666666668
2023,6,20436,F9,14107,14771,PHX,SFO,28,1,0,0,27,0,8,3,415.0,0.03571428571428571,0.0,0.2962962962962963,0.1111111111111111,15.37037037037037
2023,6,20436,F9,14107,14869,PHX,SLC,17,1,0,0,16,0,6,4,467.0,0.058823529411764705,0.0,0.375,0.25,29.1875
2023,6,20436,F9,14107,15304,PHX,TPA,30,0,0,0,30,0,3,3,-208.0,0.0,0.0,0.1,0.1,-6.933333333333334
2023,6,20436,F9,14635,11292,RSW,DEN,13,0,0,0,13,0,6,2,392.0,0.0,0.0,0.46153846153846156,0.15384615384615385,30.153846153846153
2023,6,20436,F9,14635,14100,RSW,PHL,30,2,0,0,28,0,7,5,714.0,0.06666666666666667,0.0,0.25,0.17857142857142858,25.5
2023,6,20436,F9,14679,10397,SAN,ATL,30,1,0,0,29,0,9,1,732.0,0.03333333333333333,0.0,0.3103448275862069,0.034482758620689655,25.24137931034483
2023,6,20436,F9,14679,11292,SAN,DEN,70,2,0,0,68,0,22,9,1266.0,0.02857142857142857,0.0,0.3235294117647059,0.1323529411764706,18.61764705882353
2023,6,20436,F9,14679,11298,SAN,DFW,30,1,0,0,29,0,16,4,659.0,0.03333333333333333,0.0,0.5517241379310345,0.13793103448275862,22.724137931034484
2023,6,20436,F9,14679,12889,SAN,LAS,30,0,0,0,30,0,19,10,1050.0,0.0,0.0,0.6333333333333333,0.3333333333333333,35.0
2023,6,20436,F9,14679,13204,SAN,MCO,30,2,0,0,28,0,7,3,2291.0,0.06666666666666667,0.0,0.25,0.10714285714285714,81.82142857142857
2023,6,20436,F9,14679,14107,SAN,PHX,29,2,0,0,27,0,14,4,617.0,0.06896551724137931,0.0,0.5185185185185185,0.14814814814814814,22.85185185185185
2023,6,20436,F9,14747,11292,SEA,DEN,30,2,0,0,28,0,21,9,1369.0,0.06666666666666667,0.0,0.75,0.32142857142857145,48.892857142857146
2023,6,20436,F9,14747,12889,SEA,LAS,19,0,0,0,19,0,13,6,878.0,0.0,0.0,0.6842105263157895,0.3157894736842105,46.21052631578947
2023,6,20436,F9,14747,14107,SEA,PHX,13,1,0,0,12,0,3,3,394.0,0.07692307692307693,0.0,0.25,0.25,32.833333333333336
2023,6,20436,F9,14771,10397,SFO,ATL,31,2,0,0,29,0,19,6,1030.0,0.06451612903225806,0.0,0.6551724137931034,0.20689655172413793,35.51724137931034
2023,6,20436,F9,14771,11292,SFO,DEN,62,3,0,0,59,0,23,10,1138.0,0.04838709677419355,0.0,0.3898305084745763,0.1694915254237288,19.28813559322034
2023,6,20436,F9,14771,11298,SFO,DFW,30,0,0,0,30,0,20,5,1963.0,0.0,0.0,0.6666666666666666,0.16666666666666666,65.43333333333334
2023,6,20436,F9,14771,11433,SFO,DTW,4,0,0,0,4,0,1,1,78.0,0.0,0.0,0.25,0.25,19.5
2023,6,20436,F9,14771,12889,SFO,LAS,57,0,0,0,57,0,21,10,2146.0,0.0,0.0,0.3684210526315789,0.17543859649122806,37.64912280701754
2023,6,20436,F9,14771,13204,SFO,MCO,30,0,0,0,30,0,20,11,1460.0,0.0,0.0,0.6666666666666666,0.36666666666666664,48.666666666666664
2023,6,20436,F9,14771,13232,SFO,MDW,30,1,0,0,29,0,13,3,910.0,0.03333333333333333,0.0,0.4482758620689655,0.10344827586206896,31.379310344827587
2023,6,20436,F9,14771,14107,SFO,PHX,28,0,0,0,28,0,7,3,231.0,0.0,0.0,0.25,0.10714285714285714,8.25
2023,6,20436,F9,14869,10397,SLC,ATL,12,2,0,0,10,0,8,3,1240.0,0.16666666666666666,0.0,0.8,0.3,124.0
2023,6,20436,F9,14869,11292,SLC,DEN,60,4,0,0,56,0,22,9,1278.0,0.06666666666666667,0.0,0.39285714285714285,0.16071428571428573,22.821428571428573
2023,6,20436,F9,14869,12889,SLC,LAS,30,0,0,0,30,0,10,2,348.0,0.0,0.0,0.3333333333333333,0.06666666666666667,11.6
2023,6,20436,F9,14869,14107,SLC,PHX,17,1,0,0,16,0,7,4,574.0,0.058823529411764705,0.0,0.4375,0.25,35.875
2023,6,20436,F9,15016,11292,STL,DEN,56,3,0,0,53,0,12,4,134.0,0.05357142857142857,0.0,0.22641509433962265,0.07547169811320754,2.5283018867924527
2023,6,20436,F9,15016,12889,STL,LAS,30,0,0,0,30,0,16,5,673.0,0.0,0.0,0.5333333333333333,0.16666666666666666,22.433333333333334
2023,6,20436,F9,15016,13204,STL,MCO,30,0,0,0,30,0,17,8,1669.0,0.0,0.0,0.5666666666666667,0.26666666666666666,55.63333333333333
2023,6,20436,F9,15304,10397,TPA,ATL,28,1,0,0,27,0,18,5,1123.0,0.03571428571428571,0.0,0.6666666666666666,0.18518518518518517,41.592592592592595
2023,6,20436,F9,15304,11292,TPA,DEN,59,2,1,0,56,0,27,10,1094.0,0.03389830508474576,0.01694915254237288,0.48214285714285715,0.17857142857142858,19.535714285714285
2023,6,20436,F9,15304,11298,TPA,DFW,30,1,0,0,29,0,14,7,742.0,0.03333333333333333,0.0,0.4827586206896552,0.2413793103448276,25.586206896551722
2023,6,20436,F9,15304,12889,TPA,LAS,30,0,0,0,30,0,13,7,840.0,0.0,0.0,0.43333333333333335,0.23333333333333334,28.0
2023,6,20436,F9,15304,13204,TPA,MCO,1,0,0,0,1,0,1,0,56.0,0.0,0.0,1.0,0.0,56.0
2023,6,20436,F9,15304,13232,TPA,MDW,30,0,0,0,30,0,16,6,1168.0,0.0,0.0,0.5333333333333333,0.2,38.93333333333333
2023,6,20436,F9,15304,14100,TPA,PHL,56,3,0,0,53,0,19,6,1587.0,0.05357142857142857,0.0,0.3584905660377358,0.11320754716981132,29.943396226415093
2023,6,20436,F9,15304,14107,TPA,PHX,30,0,0,0,30,0,3,2,-391.0,0.0,0.0,0.1,0.06666666666666667,-13.033333333333333
2023,6,20452,YX,10397,11278,ATL,DCA,112,3,0,0,109,0,14,5,-131.0,0.026785714285714284,0.0,0.12844036697247707,0.045871559633027525,-1.201834862385321
2023,6,20452,YX,10397,11618,ATL,EWR,9,1,0,0,8,0,4,2,231.0,0.1111111111111111,0.0,0.5,0.25,28.875
2023,6,20452,YX,10397,13930,ATL,ORD,25,0,0,0,25,0,6,3,657.0,0.0,0.0,0.24,0.12,26.28
2023,6,20452,YX,10721,10821,BOS,BWI,75,1,0,0,74,0,11,5,-142.0,0.013333333333333334,0.0,0.14864864864864866,0.06756756756756757,-1.9189189189189189
2023,6,20452,YX,10721,11278,BOS,DCA,268,10,2,0,256,0,28,11,-1131.0,0.03731343283582089,0.007462686567164179,0.109375,0.04296875,-4.41796875
2023,6,20452,YX,10721,11618,BOS,EWR,62,7,0,0,55,0,10,4,274.0,0.11290322580645161,0.0,0.18181818181818182,0.07272727272727272,4.9818181818181815
2023,6,20452,YX,10721,12478,BOS,JFK,239,14,0,0,225,0,61,23,3795.0,0.058577405857740586,0.0,0.27111111111111114,0.10222222222222223,16.866666666666667
2023,6,20452,YX,10721,12953,BOS,LGA,316,21,0,0,295,0,63,23,526.0,0.06645569620253164,0.0,0.2135593220338983,0.07796610169491526,1.7830508474576272
2023,6,20452,YX,10721,13930,BOS,ORD,4,0,0,0,4,0,0,0,-119.0,0.0,0.0,0.0,0.0,-29.75
2023,6,20452,YX,10721,14100,BOS,PHL,78,5,0,0,73,0,8,5,-420.0,0.0641025641025641,0.0,0.1095890410958904,0.0684931506849315,-5.7534246575342465
2023,6,20452,YX,10821,10721,BWI,BOS,75,1,0,0,74,0,18,7,445.0,0.013333333333333334,0.0,0.24324324324324326,0.0945945945945946,6.013513513513513
2023,6,20452,YX,11278,10397,DCA,ATL,112,3,0,0,109,0,18,6,-198.0,0.026785714285714284,0.0,0.1651376146788991,0.05504587155963303,-1.81651376146789
2023,6,20452,YX,11278,10721,DCA,BOS,268,7,0,0,261,0,41,20,-21.0,0.026119402985074626,0.0,0.15708812260536398,0.07662835249042145,-0.08045977011494253
2023,6,20452,YX,11278,11433,DCA,DTW,52,4,0,0,48,0,5,0,-606.0,0.07692307692307693,0.0,0.10416666666666667,0.0,-12.625
2023,6,20452,YX,11278,11618,DCA,EWR,37,8,0,0,29,0,2,0,-426.0,0.21621621621621623,0.0,0.06896551724137931,0.0,-14.689655172413794
2023,6,20452,YX,11278,12478,DCA,JFK,161,15,0,0,146,0,46,18,2252.0,0.09316770186335403,0.0,0.3150684931506849,0.1232876712328767,15.424657534246576
2023,6,20452,YX,11278,12953,DCA,LGA,229,17,0,0,212,0,38,20,1262.0,0.07423580786026202,0.0,0.1792452830188679,0.09433962264150944,5.952830188679245
2023,6,20452,YX,11278,13930,DCA,ORD,4,0,0,0,4,0,1,0,-55.0,0.0,0.0,0.25,0.0,-13.75
2023,6,20452,YX,11278,14100,DCA,PHL,63,1,0,0,62,0,3,2,-487.0,0.015873015873015872,0.0,0.04838709677419355,0.03225806451612903,-7.854838709677419
2023,6,20452,YX,11278,15016,DCA,STL,48,2,0,0,46,0,5,4,-55.0,0.041666666666666664,0.0,0.10869565217391304,0.08695652173913043,-1.1956521739130435
2023,6,20452,YX,11298,11618,DFW,EWR,6,0,1,0,5,0,2,0,-7.0,0.0,0.16666666666666666,0.4,0.0,-1.4
2023,6,20452,YX,11433,11278,DTW,DCA,51,3,0,0,48,0,4,0,-523.0,0.058823529411764705,0.0,0.08333333333333333,0.0,-10.895833333333334
2023,6,20452,YX,11433,11618,DTW,EWR,90,13,0,0,77,0,23,4,152.0,0.14444444444444443,0.0,0.2987012987012987,0.05194805194805195,1.974025974025974
2023,6,20452,YX,11433,12953,DTW,LGA,104,9,0,0,95,0,21,8,760.0,0.08653846153846154,0.0,0.22105263157894736,0.08421052631578947,8.0
2023,6,20452,YX,11433,13930,DTW,ORD,18,0,0,0,18,0,0,0,-292.0,0.0,0.0,0.0,0.0,-16.22222222222222
2023,6,20452,YX,11433,14100,DTW,PHL,53,5,0,0,48,0,5,1,-257.0,0.09433962264150944,0.0,0.10416666666666667,0.020833333333333332,-5.354166666666667
2023,6,20452,YX,11618,10397,EWR,ATL,8,1,0,0,7,0,2,2,311.0,0.125,0.0,0.2857142857142857,0.2857142857142857,44.42857142857143
2023,6,20452,YX,11618,10721,EWR,BOS,65,6,0,0,59,0,13,6,377.0,0.09230769230769231,0.0,0.22033898305084745,0.1016949152542373,6.389830508474576
2023,6,20452,YX,11618,11278,EWR,DCA,36,6,0,0,30,0,13,4,685.0,0.16666666666666666,0.0,0.43333333333333335,0.13333333333333333,22.833333333333332
2023,6,20452,YX,11618,11298,EWR,DFW,6,0,0,0,6,0,2,0,16.0,0.0,0.0,0.3333333333333333,0.0,2.6666666666666665
2023,6,20452,YX,11618,11433,EWR,DTW,91,10,0,0,81,0,22,8,868.0,0.10989010989010989,0.0,0.2716049382716049,0.09876543209876543,10.716049382716049
2023,6,20452,YX,11618,13487,EWR,MSP,1,0,0,0,1,0,0,0,-31.0,0.0,0.0,0.0,0.0,-31.0
2023,6,20452,YX,11618,14100,EWR,PHL,38,7,0,0,31,0,18,6,1813.0,0.18421052631578946,0.0,0.5806451612903226,0.1935483870967742,58.483870967741936
2023,6,20452,YX,11618,15016,EWR,STL,29,1,0,0,28,0,6,3,204.0,0.034482758620689655,0.0,0.21428571428571427,0.10714285714285714,7.285714285714286
2023,6,20452,YX,12266,12953,IAH,LGA,48,4,0,0,44,0,12,7,1076.0,0.08333333333333333,0.0,0.2727272727272727,0.1590909090909091,24.454545454545453
2023,6,20452,YX,12478,10721,JFK,BOS,240,15,0,0,225,0,40,17,-211.0,0.0625,0.0,0.17777777777777778,0.07555555555555556,-0.9377777777777778
2023,6,20452,YX,12478,11278,JFK,DCA,162,14,1,0,147,0,28,17,441.0,0.08641975308641975,0.006172839506172839,0.19047619047619047,0.11564625850340136,3.0
2023,6,20452,YX,12953,10721,LGA,BOS,317,18,0,0,299,0,54,27,-760.0,0.056782334384858045,0.0,0.1806020066889632,0.0903010033444816,-2.5418060200668897
2023,6,20452,YX,12953,11278,LGA,DCA,229,12,0,0,217,0,45,19,260.0,0.05240174672489083,0.0,0.2073732718894009,0.08755760368663594,1.1981566820276497
2023,6,20452,YX,12953,11433,LGA,DTW,104,9,0,0,95,0,17,9,-184.0,0.08653846153846154,0.0,0.17894736842105263,0.09473684210526316,-1.936842105263158
2023,6,20452,YX,12953,12266,LGA,IAH,48,4,2,0,42,0,3,0,-537.0,0.08333333333333333,0.041666666666666664,0.07142857142857142,0.0,-12.785714285714286
2023,6,20452,YX,12953,13487,LGA,MSP,52,2,1,0,49,0,4,0,-896.0,0.038461538461538464,0.019230769230769232,0.08163265306122448,0.0,-18.285714285714285
2023,6,20452,YX,12953,13930,LGA,ORD,1,0,0,0,1,0,0,0,-35.0,0.0,0.0,0.0,0.0,-35.0
2023,6,20452,YX,12953,15016,LGA,STL,37,2,0,0,35,0,4,1,-442.0,0.05405405405405406,0.0,0.11428571428571428,0.02857142857142857,-12.628571428571428
2023,6,20452,YX,13303,15304,MIA,TPA,4,0,0,0,4,0,2,1,136.0,0.0,0.0,0.5,0.25,34.0
2023,6,20452,YX,13487,11618,MSP,EWR,1,0,0,0,1,0,0,0,-17.0,0.0,0.0,0.0,0.0,-17.0
2023,6,20452,YX,13487,12953,MSP,LGA,52,3,0,0,49,0,12,7,740.0,0.057692307692307696,0.0,0.24489795918367346,0.14285714285714285,15.10204081632653
2023,6,20452,YX,13930,10397,ORD,ATL,25,0,1,0,24,0,2,1,199.0,0.0,0.04,0.08333333333333333,0.041666666666666664,8.291666666666666
2023,6,20452,YX,13930,10721,ORD,BOS,4,0,0,0,4,0,1,0,37.0,0.0,0.0,0.25,0.0,9.25
2023,6,20452,YX,13930,11278,ORD,DCA,4,0,0,0,4,0,0,0,-38.0,0.0,0.0,0.0,0.0,-9.5
2023,6,20452,YX,13930,11433,ORD,DTW,18,0,0,0,18,0,0,0,-209.0,0.0,0.0,0.0,0.0,-11.61111111111111
2023,6,20452,YX,14100,10721,PHL,BOS,78,5,0,0,73,0,9,4,-173.0,0.0641025641025641,0.0,0.1232876712328767,0.0547945205479452,-2.3698630136986303
2023,6,20452,YX,14100,11278,PHL,DCA,63,0,1,0,62,0,6,2,-393.0,0.0,0.015873015873015872,0.0967741935483871,0.03225806451612903,-6.338709677419355
2023,6,20452,YX,14100,11433,PHL,DTW,53,3,0,0,50,0,9,4,305.0,0.05660377358490566,0.0,0.18,0.08,6.1
2023,6,20452,YX,14100,11618,PHL,EWR,37,3,0,0,34,0,4,1,101.0,0.08108108108108109,0.0,0.11764705882352941,0.029411764705882353,2.9705882352941178
2023,6,20452,YX,15016,11278,STL,DCA,48,1,2,0,45,0,3,0,-479.0,0.020833333333333332,0.041666666666666664,0.06666666666666667,0.0,-10.644444444444444
2023,6,20452,YX,15016,11618,STL,EWR,30,1,1,0,28,0,12,5,883.0,0.03333333333333333,0.03333333333333333,0.42857142857142855,0.17857142857142858,31.535714285714285
2023,6,20452,YX,15016,12953,STL,LGA,37,4,0,0,33,0,8,5,585.0,0.10810810810810811,0.0,0.24242424242424243,0.15151515151515152,17.727272727272727
2023,6,20452,YX,15016,13930,STL,ORD,29,0,0,0,29,0,6,1,-222.0,0.0,0.0,0.20689655172413793,0.034482758620689655,-7.655172413793103
2023,6,20452,YX,15304,13303,TPA,MIA,4,0,0,0,4,0,2,2,182.0,0.0,0.0,0.5,0.5,45.5
2023,7,19393,WN,10397,10821,ATL,BWI,216,3,2,0,211,0,68,25,3420.0,0.013888888888888888,0.009259259259259259,0.3222748815165877,0.11848341232227488,16.208530805687204
2023,7,19393,WN,10397,11278,ATL,DCA,124,1,0,0,123,0,36,13,2001.0,0.008064516129032258,0.0,0.2926829268292683,0.10569105691056911,16.26829268292683
2023,7,19393,WN,10397,11292,ATL,DEN,145,1,5,0,139,0,62,27,3561.0,0.006896551724137931,0.034482758620689655,0.4460431654676259,0.19424460431654678,25.618705035971225
2023,7,19393,WN,10397,11697,ATL,FLL,108,0,1,0,107,0,50,16,2912.0,0.0,0.009259259259259259,0.4672897196261682,0.14953271028037382,27.214953271028037
2023,7,19393,WN,10397,12889,ATL,LAS,62,0,0,0,62,0,26,11,1522.0,0.0,0.0,0.41935483870967744,0.1774193548387097,24.548387096774192
2023,7,19393,WN,10397,12892,ATL,LAX,5,0,0,0,5,0,3,1,107.0,0.0,0.0,0.6,0.2,21.4
2023,7,19393,WN,10397,12953,ATL,LGA,119,11,0,0,108,0,37,16,1968.0,0.09243697478991597,0.0,0.3425925925925926,0.14814814814814814,18.22222222222222
2023,7,19393,WN,10397,13204,ATL,MCO,151,0,1,0,150,0,59,19,3123.0,0.0,0.006622516556291391,0.3933333333333333,0.12666666666666668,20.82
2023,7,19393,WN,10397,13232,ATL,MDW,177,2,2,0,173,0,55,15,2825.0,0.011299435028248588,0.011299435028248588,0.3179190751445087,0.08670520231213873,16.329479768786126
2023,7,19393,WN,10397,13303,ATL,MIA,59,0,1,0,58,0,21,4,976.0,0.0,0.01694915254237288,0.3620689655172414,0.06896551724137931,16.82758620689655
2023,7,19393,WN,10397,13796,ATL,OAK,5,0,0,0,5,0,1,0,48.0,0.0,0.0,0.2,0.0,9.6
2023,7,19393,WN,10397,14100,ATL,PHL,52,2,0,0,50,0,17,6,1089.0,0.038461538461538464,0.0,0.34,0.12,21.78
2023,7,19393,WN,10397,14107,ATL,PHX,41,1,0,0,40,0,8,3,246.0,0.024390243902439025,0.0,0.2,0.075,6.15
2023,7,19393,WN,10397,14635,ATL,RSW,33,0,0,0,33,0,15,7,735.0,0.0,0.0,0.45454545454545453,0.21212121212121213,22.272727272727273
2023,7,19393,WN,10397,14679,ATL,SAN,5,0,0,0,5,0,1,0,45.0,0.0,0.0,0.2,0.0,9.0
2023,7,19393,WN,10397,15016,ATL,STL,108,0,0,0,108,0,42,11,2420.0,0.0,0.0,0.3888888888888889,0.10185185185185185,22.40740740740741
2023,7,19393,WN,10397,15304,ATL,TPA,130,1,1,0,128,0,50,17,2584.0,0.007692307692307693,0.007692307692307693,0.390625,0.1328125,20.1875
2023,7,19393,WN,10721,10821,BOS,BWI,244,11,1,0,232,0,88,37,6629.0,0.045081967213114756,0.004098360655737705,0.3793103448275862,0.15948275862068967,28.573275862068964
2023,7,19393,WN,10721,11292,BOS,DEN,57,3,1,0,53,0,16,7,986.0,0.05263157894736842,0.017543859649122806,0.3018867924528302,0.1320754716981132,18.60377358490566
2023,7,19393,WN,10721,13204,BOS,MCO,3,0,0,0,3,0,1,0,37.0,0.0,0.0,0.3333333333333333,0.0,12.333333333333334
2023,7,19393,WN,10721,13232,BOS,MDW,137,4,2,0,131,0,48,19,3475.0,0.029197080291970802,0.014598540145985401,0.366412213740458,0.1450381679389313,26.52671755725191
2023,7,19393,WN,10721,15016,BOS,STL,83,2,0,0,81,0,33,11,2090.0,0.024096385542168676,0.0,0.4074074074074074,0.13580246913580246,25.80246913580247
2023,7,19393,WN,10821,10397,BWI,ATL,216,3,0,0,213,0,88,34,5161.0,0.013888888888888888,0.0,0.4131455399061033,0.1596244131455399,24.230046948356808
2023,7,19393,WN,10821,10721,BWI,BOS,246,12,2,0,232,0,100,50,8165.0,0.04878048780487805,0.008130081300813009,0.43103448275862066,0.21551724137931033,35.19396551724138
2023,7,19393,WN,10821,11292,BWI,DEN,159,3,0,0,156,0,77,28,4449.0,0.018867924528301886,0.0,0.4935897435897436,0.1794871794871795,28.51923076923077
2023,7,19393,WN,10821,11433,BWI,DTW,62,0,0,0,62,0,32,11,1963.0,0.0,0.0,0.5161290322580645,0.1774193548387097,31.661290322580644
2023,7,19393,WN,10821,11697,BWI,FLL,277,3,2,0,272,0,128,45,7961.0,0.010830324909747292,0.007220216606498195,0.47058823529411764,0.16544117647058823,29.268382352941178
2023,7,19393,WN,10821,12889,BWI,LAS,98,0,0,0,98,0,48,22,3215.0,0.0,0.0,0.4897959183673469,0.22448979591836735,32.80612244897959
2023,7,19393,WN,10821,12892,BWI,LAX,54,0,0,0,54,0,29,10,1625.0,0.0,0.0,0.5370370370370371,0.18518518518518517,30.09259259259259
2023,7,19393,WN,10821,13204,BWI,MCO,348,7,5,0,336,0,174,74,13428.0,0.020114942528735632,0.014367816091954023,0.5178571428571429,0.22023809523809523,39.964285714285715
2023,7,19393,WN,10821,13232,BWI,MDW,166,4,4,0,158,0,71,22,4169.0,0.024096385542168676,0.024096385542168676,0.44936708860759494,0.13924050632911392,26.38607594936709
2023,7,19393,WN,10821,13303,BWI,MIA,98,1,0,0,97,0,54,17,2942.0,0.01020408163265306,0.0,0.5567010309278351,0.17525773195876287,30.329896907216494
2023,7,19393,WN,10821,13487,BWI,MSP,54,2,0,0,52,0,25,4,1102.0,0.037037037037037035,0.0,0.4807692307692308,0.07692307692307693,21.192307692307693
2023,7,19393,WN,10821,13930,BWI,ORD,88,2,0,0,86,0,40,13,2187.0,0.022727272727272728,0.0,0.46511627906976744,0.1511627906976744,25.430232558139537
2023,7,19393,WN,10821,14107,BWI,PHX,71,1,2,0,68,0,31,14,2136.0,0.014084507042253521,0.028169014084507043,0.45588235294117646,0.20588235294117646,31.41176470588235
2023,7,19393,WN,10821,14635,BWI,RSW,152,2,0,0,150,0,62,25,3671.0,0.013157894736842105,0.0,0.41333333333333333,0.16666666666666666,24.473333333333333
2023,7,19393,WN,10821,14679,BWI,SAN,60,1,0,0,59,0,28,10,1706.0,0.016666666666666666,0.0,0.4745762711864407,0.1694915254237288,28.915254237288135
2023,7,19393,WN,10821,14869,BWI,SLC,8,0,0,0,8,0,6,3,503.0,0.0,0.0,0.75,0.375,62.875
2023,7,19393,WN,10821,15016,BWI,STL,117,2,1,0,114,0,66,18,3647.0,0.017094017094017096,0.008547008547008548,0.5789473684210527,0.15789473684210525,31.99122807017544
2023,7,19393,WN,10821,15304,BWI,TPA,236,4,0,0,232,0,106,39,6221.0,0.01694915254237288,0.0,0.45689655172413796,0.16810344827586207,26.814655172413794
2023,7,19393,WN,11278,10397,DCA,ATL,124,0,0,0,124,0,47,14,2395.0,0.0,0.0,0.3790322580645161,0.11290322580645161,19.31451612903226
2023,7,19393,WN,11278,11697,DCA,FLL,62,0,1,0,61,0,20,9,1220.0,0.0,0.016129032258064516,0.32786885245901637,0.14754098360655737,20.0
2023,7,19393,WN,11278,13204,DCA,MCO,72,0,0,0,72,0,32,14,2511.0,0.0,0.0,0.4444444444444444,0.19444444444444445,34.875
2023,7,19393,WN,11278,13232,DCA,MDW,186,5,1,0,180,0,66,19,3920.0,0.026881720430107527,0.005376344086021506,0.36666666666666664,0.10555555555555556,21.77777777777778
2023,7,19393,WN,11278,15016,DCA,STL,117,1,1,0,115,0,44,12,2198.0,0.008547008547008548,0.008547008547008548,0.3826086956521739,0.10434782608695652,19.11304347826087
2023,7,19393,WN,11278,15304,DCA,TPA,67,0,0,0,67,0,23,13,1572.0,0.0,0.0,0.34328358208955223,0.19402985074626866,23.46268656716418
2023,7,19393,WN,11292,10397,DEN,ATL,145,3,0,0,142,0,60,25,3392.0,0.020689655172413793,0.0,0.4225352112676056,0.176056338028169,23.887323943661972
2023,7,19393,WN,11292,10721,DEN,BOS,57,2,0,0,55,0,29,12,1598.0,0.03508771929824561,0.0,0.5272727272727272,0.21818181818181817,29.054545454545455
2023,7,19393,WN,11292,10821,DEN,BWI,158,4,1,0,153,0,62,20,3223.0,0.02531645569620253,0.006329113924050633,0.40522875816993464,0.13071895424836602,21.065359477124183
2023,7,19393,WN,11292,11433,DEN,DTW,34,0,0,0,34,0,20,5,789.0,0.0,0.0,0.5882352941176471,0.14705882352941177,23.205882352941178
2023,7,19393,WN,11292,11697,DEN,FLL,36,0,0,0,36,0,10,3,407.0,0.0,0.0,0.2777777777777778,0.08333333333333333,11.305555555555555
2023,7,19393,WN,11292,12266,DEN,IAH,88,1,0,0,87,0,30,15,2049.0,0.011363636363636364,0.0,0.3448275862068966,0.1724137931034483,23.551724137931036
2023,7,19393,WN,11292,12889,DEN,LAS,366,10,1,0,355,0,154,48,8492.0,0.0273224043715847,0.00273224043715847,0.43380281690140843,0.1352112676056338,23.92112676056338
2023,7,19393,WN,11292,12892,DEN,LAX,192,5,0,0,187,0,77,29,4737.0,0.026041666666666668,0.0,0.4117647058823529,0.15508021390374332,25.331550802139038
2023,7,19393,WN,11292,12953,DEN,LGA,107,7,1,0,99,0,34,15,1774.0,0.06542056074766354,0.009345794392523364,0.3434343434343434,0.15151515151515152,17.91919191919192
2023,7,19393,WN,11292,13204,DEN,MCO,146,2,1,0,143,0,59,19,2916.0,0.0136986301369863,0.00684931506849315,0.4125874125874126,0.13286713286713286,20.39160839160839
2023,7,19393,WN,11292,13232,DEN,MDW,328,17,5,0,306,0,108,42,5933.0,0.051829268292682924,0.01524390243902439,0.35294117647058826,0.13725490196078433,19.38888888888889
2023,7,19393,WN,11292,13303,DEN,MIA,10,0,0,0,10,0,4,3,267.0,0.0,0.0,0.4,0.3,26.7
2023,7,19393,WN,11292,13487,DEN,MSP,213,5,0,0,208,0,97,40,6109.0,0.023474178403755867,0.0,0.46634615384615385,0.19230769230769232,29.370192307692307
2023,7,19393,WN,11292,13796,DEN,OAK,176,2,0,0,174,0,82,28,4482.0,0.011363636363636364,0.0,0.47126436781609193,0.16091954022988506,25.75862068965517
2023,7,19393,WN,11292,13930,DEN,ORD,171,3,2,0,166,0,60,21,3209.0,0.017543859649122806,0.011695906432748537,0.3614457831325301,0.12650602409638553,19.33132530120482
2023,7,19393,WN,11292,14100,DEN,PHL,57,1,0,0,56,0,26,10,1537.0,0.017543859649122806,0.0,0.4642857142857143,0.17857142857142858,27.446428571428573
2023,7,19393,WN,11292,14107,DEN,PHX,403,14,0,0,389,0,140,56,7594.0,0.034739454094292806,0.0,0.35989717223650386,0.14395886889460155,19.52185089974293
2023,7,19393,WN,11292,14635,DEN,RSW,5,0,0,0,5,0,3,2,220.0,0.0,0.0,0.6,0.4,44.0
2023,7,19393,WN,11292,14679,DEN,SAN,209,4,1,0,204,0,84,23,4138.0,0.019138755980861243,0.004784688995215311,0.4117647058823529,0.11274509803921569,20.284313725490197
2023,7,19393,WN,11292,14747,DEN,SEA,167,2,0,0,165,0,84,25,4691.0,0.011976047904191617,0.0,0.509090909090909,0.15151515151515152,28.43030303030303
2023,7,19393,WN,11292,14771,DEN,SFO,135,4,0,0,131,0,79,27,4357.0,0.02962962962962963,0.0,0.6030534351145038,0.20610687022900764,33.25954198473283
2023,7,19393,WN,11292,14869,DEN,SLC,239,8,2,0,229,0,96,32,4814.0,0.03347280334728033,0.008368200836820083,0.4192139737991266,0.13973799126637554,21.021834061135372
2023,7,19393,WN,11292,15016,DEN,STL,204,4,0,0,200,0,78,35,5478.0,0.0196078431372549,0.0,0.39,0.175,27.39
2023,7,19393,WN,11292,15304,DEN,TPA,119,1,0,0,118,0,53,21,2814.0,0.008403361344537815,0.0,0.4491525423728814,0.17796610169491525,23.847457627118644
2023,7,19393,WN,11433,10821,DTW,BWI,62,0,0,0,62,0,18,6,944.0,0.0,0.0,0.2903225806451613,0.0967741935483871,15.225806451612904
2023,7,19393,WN,11433,11292,DTW,DEN,34,0,0,0,34,0,10,5,574.0,0.0,0.0,0.29411764705882354,0.14705882352941177,16.88235294117647
2023,7,19393,WN,11433,12889,DTW,LAS,5,0,0,0,5,0,2,1,247.0,0.0,0.0,0.4,0.2,49.4
2023,7,19393,WN,11433,13232,DTW,MDW,124,2,2,0,120,0,33,16,2641.0,0.016129032258064516,0.016129032258064516,0.275,0.13333333333333333,22.008333333333333
2023,7,19393,WN,11433,14107,DTW,PHX,5,0,0,0,5,0,1,0,15.0,0.0,0.0,0.2,0.0,3.0
2023,7,19393,WN,11433,15016,DTW,STL,52,1,0,0,51,0,17,4,1041.0,0.019230769230769232,0.0,0.3333333333333333,0.0784313725490196,20.41176470588235
2023,7,19393,WN,11697,10397,FLL,ATL,107,1,0,0,106,0,33,11,1717.0,0.009345794392523364,0.0,0.3113207547169811,0.10377358490566038,16.19811320754717
2023,7,19393,WN,11697,10821,FLL,BWI,277,2,2,0,273,0,99,38,5177.0,0.007220216606498195,0.007220216606498195,0.3626373626373626,0.1391941391941392,18.963369963369964
2023,7,19393,WN,11697,11278,FLL,DCA,62,0,1,0,61,0,26,11,1995.0,0.0,0.016129032258064516,0.4262295081967213,0.18032786885245902,32.704918032786885
2023,7,19393,WN,11697,11292,FLL,DEN,36,0,0,0,36,0,23,13,2000.0,0.0,0.0,0.6388888888888888,0.3611111111111111,55.55555555555556
2023,7,19393,WN,11697,13204,FLL,MCO,52,0,0,0,52,0,22,12,1557.0,0.0,0.0,0.4230769230769231,0.23076923076923078,29.942307692307693
2023,7,19393,WN,11697,13232,FLL,MDW,98,0,1,0,97,0,36,10,1517.0,0.0,0.01020408163265306,0.3711340206185567,0.10309278350515463,15.639175257731958
2023,7,19393,WN,11697,13930,FLL,ORD,5,0,0,0,5,0,1,0,-32.0,0.0,0.0,0.2,0.0,-6.4
2023,7,19393,WN,11697,14100,FLL,PHL,5,0,0,0,5,0,4,1,217.0,0.0,0.0,0.8,0.2,43.4
2023,7,19393,WN,11697,14107,FLL,PHX,5,0,0,0,5,0,3,2,294.0,0.0,0.0,0.6,0.4,58.8
2023,7,19393,WN,11697,15016,FLL,STL,51,0,0,0,51,0,29,14,2161.0,0.0,0.0,0.5686274509803921,0.27450980392156865,42.372549019607845
2023,7,19393,WN,11697,15304,FLL,TPA,57,0,0,0,57,0,20,6,1070.0,0.0,0.0,0.3508771929824561,0.10526315789473684,18.771929824561404
2023,7,19393,WN,12173,12889,HNL,LAS,62,0,0,0,62,0,4,0,-628.0,0.0,0.0,0.06451612903225806,0.0,-10.129032258064516
2023,7,19393,WN,12173,12892,HNL,LAX,31,0,0,0,31,0,2,0,-232.0,0.0,0.0,0.06451612903225806,0.0,-7.483870967741935
2023,7,19393,WN,12173,13796,HNL,OAK,62,0,0,0,62,0,3,2,-433.0,0.0,0.0,0.04838709677419355,0.03225806451612903,-6.983870967741935
2023,7,19393,WN,12173,14107,HNL,PHX,31,0,0,0,31,0,1,0,-284.0,0.0,0.0,0.03225806451612903,0.0,-9.161290322580646
2023,7,19393,WN,12173,14679,HNL,SAN,62,0,0,0,62,0,7,0,-219.0,0.0,0.0,0.11290322580645161,0.0,-3.532258064516129
2023,7,19393,WN,12266,11292,IAH,DEN,88,2,1,0,85,0,20,10,1240.0,0.022727272727272728,0.011363636363636364,0.23529411764705882,0.11764705882352941,14.588235294117647
2023,7,19393,WN,12266,12889,IAH,LAS,62,0,0,0,62,0,11,5,290.0,0.0,0.0,0.1774193548387097,0.08064516129032258,4.67741935483871
2023,7,19393,WN,12266,13204,IAH,MCO,41,0,0,0,41,0,13,3,442.0,0.0,0.0,0.3170731707317073,0.07317073170731707,10.78048780487805
2023,7,19393,WN,12266,13232,IAH,MDW,52,0,0,0,52,0,11,1,268.0,0.0,0.0,0.21153846153846154,0.019230769230769232,5.153846153846154
2023,7,19393,WN,12889,10397,LAS,ATL,62,0,0,0,62,0,21,5,893.0,0.0,0.0,0.3387096774193548,0.08064516129032258,14.403225806451612
2023,7,19393,WN,12889,10821,LAS,BWI,99,0,3,0,96,0,35,14,1976.0,0.0,0.030303030303030304,0.3645833333333333,0.14583333333333334,20.583333333333332
2023,7,19393,WN,12889,11292,LAS,DEN,368,16,3,0,349,0,131,50,7524.0,0.043478260869565216,0.008152173913043478,0.3753581661891118,0.14326647564469913,21.558739255014327
2023,7,19393,WN,12889,11433,LAS,DTW,5,0,0,0,5,0,2,0,52.0,0.0,0.0,0.4,0.0,10.4
2023,7,19393,WN,12889,12173,LAS,HNL,62,0,5,0,57,0,20,3,644.0,0.0,0.08064516129032258,0.3508771929824561,0.05263157894736842,11.298245614035087
2023,7,19393,WN,12889,12266,LAS,IAH,62,0,0,0,62,0,21,7,824.0,0.0,0.0,0.3387096774193548,0.11290322580645161,13.290322580645162
2023,7,19393,WN,12889,12892,LAS,LAX,281,2,0,0,279,0,128,26,5330.0,0.0071174377224199285,0.0,0.45878136200716846,0.0931899641577061,19.10394265232975
2023,7,19393,WN,12889,13204,LAS,MCO,10,0,0,0,10,0,3,1,76.0,0.0,0.0,0.3,0.1,7.6
2023,7,19393,WN,12889,13232,LAS,MDW,283,3,6,0,274,0,104,31,4762.0,0.01060070671378092,0.02120141342756184,0.3795620437956204,0.11313868613138686,17.37956204379562
2023,7,19393,WN,12889,13796,LAS,OAK,339,2,0,0,337,0,130,36,5830.0,0.0058997050147492625,0.0,0.3857566765578635,0.10682492581602374,17.299703264094955
2023,7,19393,WN,12889,13930,LAS,ORD,66,0,2,0,64,0,17,9,885.0,0.0,0.030303030303030304,0.265625,0.140625,13.828125
2023,7,19393,WN,12889,14107,LAS,PHX,291,4,0,0,287,0,87,22,3547.0,0.013745704467353952,0.0,0.30313588850174217,0.07665505226480836,12.358885017421603
2023,7,19393,WN,12889,14679,LAS,SAN,422,4,0,0,418,0,178,37,7682.0,0.009478672985781991,0.0,0.4258373205741627,0.08851674641148326,18.37799043062201
2023,7,19393,WN,12889,14747,LAS,SEA,95,0,0,0,95,0,36,7,1431.0,0.0,0.0,0.37894736842105264,0.07368421052631578,15.063157894736841
2023,7,19393,WN,12889,14771,LAS,SFO,117,0,0,0,117,0,71,12,3086.0,0.0,0.0,0.6068376068376068,0.10256410256410256,26.376068376068375
2023,7,19393,WN,12889,14869,LAS,SLC,150,0,1,0,149,0,50,16,1908.0,0.0,0.006666666666666667,0.33557046979865773,0.10738255033557047,12.805369127516778
2023,7,19393,WN,12889,15016,LAS,STL,136,0,0,0,136,0,38,10,1419.0,0.0,0.0,0.27941176470588236,0.07352941176470588,10.433823529411764
2023,7,19393,WN,12889,15304,LAS,TPA,13,0,0,0,13,0,6,3,411.0,0.0,0.0,0.46153846153846156,0.23076923076923078,31.615384615384617
2023,7,19393,WN,12892,10397,LAX,ATL,5,0,0,0,5,0,0,0,-48.0,0.0,0.0,0.0,0.0,-9.6
2023,7,19393,WN,12892,10821,LAX,BWI,54,0,2,0,52,0,13,3,255.0,0.0,0.037037037037037035,0.25,0.057692307692307696,4.903846153846154
2023,7,19393,WN,12892,11292,LAX,DEN,193,6,2,0,185,0,42,16,1383.0,0.031088082901554404,0.010362694300518135,0.22702702702702704,0.08648648648648649,7.475675675675675
2023,7,19393,WN,12892,12173,LAX,HNL,31,0,0,0,31,0,7,3,643.0,0.0,0.0,0.22580645161290322,0.0967741935483871,20.741935483870968
2023,7,19393,WN,12892,12889,LAX,LAS,284,3,0,0,281,0,101,14,3773.0,0.01056338028169014,0.0,0.3594306049822064,0.0498220640569395,13.427046263345195
2023,7,19393,WN,12892,13232,LAX,MDW,164,2,2,0,160,0,50,7,1250.0,0.012195121951219513,0.012195121951219513,0.3125,0.04375,7.8125
2023,7,19393,WN,12892,13796,LAX,OAK,264,5,0,0,259,0,66,9,1585.0,0.01893939393939394,0.0,0.2548262548262548,0.03474903474903475,6.11969111969112
2023,7,19393,WN,12892,14107,LAX,PHX,202,3,0,0,199,0,46,9,851.0,0.01485148514851485,0.0,0.23115577889447236,0.04522613065326633,4.276381909547739
2023,7,19393,WN,12892,14771,LAX,SFO,156,0,0,0,156,0,73,26,3672.0,0.0,0.0,0.46794871794871795,0.16666666666666666,23.53846153846154
2023,7,19393,WN,12892,14869,LAX,SLC,31,0,0,0,31,0,3,0,-149.0,0.0,0.0,0.0967741935483871,0.0,-4.806451612903226
2023,7,19393,WN,12892,15016,LAX,STL,83,0,0,0,83,0,14,0,163.0,0.0,0.0,0.1686746987951807,0.0,1.963855421686747
2023,7,19393,WN,12953,10397,LGA,ATL,119,10,0,0,109,0,30,17,2594.0,0.08403361344537816,0.0,0.27522935779816515,0.1559633027522936,23.798165137614678
2023,7,19393,WN,12953,11292,LGA,DEN,107,12,3,0,92,0,44,15,2763.0,0.11214953271028037,0.028037383177570093,0.4782608695652174,0.16304347826086957,30.032608695652176
2023,7,19393,WN,12953,13232,LGA,MDW,225,22,3,0,200,0,85,40,6900.0,0.09777777777777778,0.013333333333333334,0.425,0.2,34.5
2023,7,19393,WN,12953,15016,LGA,STL,133,10,0,0,123,0,36,16,2721.0,0.07518796992481203,0.0,0.2926829268292683,0.13008130081300814,22.121951219512194
2023,7,19393,WN,12953,15304,LGA,TPA,36,4,0,0,32,0,17,7,1213.0,0.1111111111111111,0.0,0.53125,0.21875,37.90625
2023,7,19393,WN,13204,10397,MCO,ATL,152,0,0,0,152,0,67,30,5088.0,0.0,0.0,0.4407894736842105,0.19736842105263158,33.473684210526315
2023,7,19393,WN,13204,10721,MCO,BOS,3,0,0,0,3,0,2,1,124.0,0.0,0.0,0.6666666666666666,0.3333333333333333,41.333333333333336
2023,7,19393,WN,13204,10821,MCO,BWI,346,10,1,0,335,0,137,70,10115.0,0.028901734104046242,0.002890173410404624,0.408955223880597,0.208955223880597,30.19402985074627
2023,7,19393,WN,13204,11278,MCO,DCA,72,1,0,0,71,0,39,19,2792.0,0.013888888888888888,0.0,0.5492957746478874,0.2676056338028169,39.32394366197183
2023,7,19393,WN,13204,11292,MCO,DEN,146,3,2,0,141,0,70,36,5010.0,0.02054794520547945,0.0136986301369863,0.49645390070921985,0.2553191489361702,35.53191489361702
2023,7,19393,WN,13204,11697,MCO,FLL,56,0,0,0,56,0,21,4,780.0,0.0,0.0,0.375,0.07142857142857142,13.928571428571429
2023,7,19393,WN,13204,12266,MCO,IAH,41,0,0,0,41,0,16,9,1457.0,0.0,0.0,0.3902439024390244,0.21951219512195122,35.53658536585366
2023,7,19393,WN,13204,12889,MCO,LAS,10,0,0,0,10,0,5,3,207.0,0.0,0.0,0.5,0.3,20.7
2023,7,19393,WN,13204,13232,MCO,MDW,248,3,2,0,243,0,126,67,9576.0,0.012096774193548387,0.008064516129032258,0.5185185185185185,0.2757201646090535,39.407407407407405
2023,7,19393,WN,13204,13930,MCO,ORD,67,1,2,0,64,0,24,11,1174.0,0.014925373134328358,0.029850746268656716,0.375,0.171875,18.34375
2023,7,19393,WN,13204,14100,MCO,PHL,25,0,0,0,25,0,16,7,1017.0,0.0,0.0,0.64,0.28,40.68
2023,7,19393,WN,13204,14107,MCO,PHX,36,0,0,0,36,0,16,8,1333.0,0.0,0.0,0.4444444444444444,0.2222222222222222,37.02777777777778
2023,7,19393,WN,13204,14635,MCO,RSW,31,0,0,0,31,0,15,2,653.0,0.0,0.0,0.4838709677419355,0.06451612903225806,21.06451612903226
2023,7,19393,WN,13204,15016,MCO,STL,156,1,1,0,154,0,62,29,3819.0,0.00641025641025641,0.00641025641025641,0.4025974025974026,0.18831168831168832,24.7987012987013
2023,7,19393,WN,13232,10397,MDW,ATL,179,4,1,0,174,0,71,26,4450.0,0.0223463687150838,0.00558659217877095,0.40804597701149425,0.14942528735632185,25.57471264367816
2023,7,19393,WN,13232,10721,MDW,BOS,136,4,1,0,131,0,53,20,3311.0,0.029411764705882353,0.007352941176470588,0.40458015267175573,0.15267175572519084,25.27480916030534
2023,7,19393,WN,13232,10821,MDW,BWI,168,4,2,0,162,0,55,18,2815.0,0.023809523809523808,0.011904761904761904,0.3395061728395062,0.1111111111111111,17.376543209876544
2023,7,19393,WN,13232,11278,MDW,DCA,186,2,1,0,183,0,67,16,2830.0,0.010752688172043012,0.005376344086021506,0.366120218579235,0.08743169398907104,15.46448087431694
2023,7,19393,WN,13232,11292,MDW,DEN,324,11,3,0,310,0,149,71,10881.0,0.033950617283950615,0.009259259259259259,0.4806451612903226,0.22903225806451613,35.1
2023,7,19393,WN,13232,11433,MDW,DTW,125,3,0,0,122,0,56,24,4445.0,0.024,0.0,0.45901639344262296,0.19672131147540983,36.4344262295082
2023,7,19393,WN,13232,11697,MDW,FLL,98,0,1,0,97,0,37,14,2416.0,0.0,0.01020408163265306,0.38144329896907214,0.14432989690721648,24.90721649484536
2023,7,19393,WN,13232,12266,MDW,IAH,52,1,0,0,51,0,17,8,731.0,0.019230769230769232,0.0,0.3333333333333333,0.1568627450980392,14.333333333333334
2023,7,19393,WN,13232,12889,MDW,LAS,285,6,1,0,278,0,142,46,8914.0,0.021052631578947368,0.0035087719298245615,0.5107913669064749,0.16546762589928057,32.064748201438846
2023,7,19393,WN,13232,12892,MDW,LAX,165,2,1,0,162,0,81,20,4447.0,0.012121212121212121,0.006060606060606061,0.5,0.12345679012345678,27.450617283950617
2023,7,19393,WN,13232,12953,MDW,LGA,225,26,0,0,199,0,86,33,4649.0,0.11555555555555555,0.0,0.4321608040201005,0.1658291457286432,23.36180904522613
2023,7,19393,WN,13232,13204,MDW,MCO,252,6,3,0,243,0,111,36,6474.0,0.023809523809523808,0.011904761904761904,0.4567901234567901,0.14814814814814814,26.641975308641975
2023,7,19393,WN,13232,13303,MDW,MIA,65,1,0,0,64,0,24,9,1034.0,0.015384615384615385,0.0,0.375,0.140625,16.15625
2023,7,19393,WN,13232,13487,MDW,MSP,237,3,1,0,233,0,77,28,4485.0,0.012658227848101266,0.004219409282700422,0.33047210300429186,0.12017167381974249,19.248927038626608
2023,7,19393,WN,13232,13796,MDW,OAK,77,0,1,0,76,0,37,10,2266.0,0.0,0.012987012987012988,0.4868421052631579,0.13157894736842105,29.81578947368421
2023,7,19393,WN,13232,14100,MDW,PHL,134,7,0,0,127,0,65,23,4182.0,0.05223880597014925,0.0,0.5118110236220472,0.18110236220472442,32.92913385826772
2023,7,19393,WN,13232,14107,MDW,PHX,253,1,2,0,250,0,118,36,6663.0,0.003952569169960474,0.007905138339920948,0.472,0.144,26.652
2023,7,19393,WN,13232,14635,MDW,RSW,93,0,0,0,93,0,39,16,2233.0,0.0,0.0,0.41935483870967744,0.17204301075268819,24.010752688172044
2023,7,19393,WN,13232,14679,MDW,SAN,114,1,1,0,112,0,46,15,2656.0,0.008771929824561403,0.008771929824561403,0.4107142857142857,0.13392857142857142,23.714285714285715
2023,7,19393,WN,13232,14747,MDW,SEA,62,0,2,0,60,0,39,9,1986.0,0.0,0.03225806451612903,0.65,0.15,33.1
2023,7,19393,WN,13232,14771,MDW,SFO,3,0,0,0,3,0,2,0,50.0,0.0,0.0,0.6666666666666666,0.0,16.666666666666668
2023,7,19393,WN,13232,14869,MDW,SLC,62,1,0,0,61,0,31,12,1742.0,0.016129032258064516,0.0,0.5081967213114754,0.19672131147540983,28.557377049180328
2023,7,19393,WN,13232,15016,MDW,STL,209,2,0,0,207,0,73,22,4339.0,0.009569377990430622,0.0,0.3526570048309179,0.10628019323671498,20.96135265700483
2023,7,19393,WN,13232,15304,MDW,TPA,132,2,0,0,130,0,61,17,3578.0,0.015151515151515152,0.0,0.46923076923076923,0.13076923076923078,27.523076923076925
2023,7,19393,WN,13303,10397,MIA,ATL,59,0,1,0,58,0,14,8,605.0,0.0,0.01694915254237288,0.2413793103448276,0.13793103448275862,10.431034482758621
2023,7,19393,WN,13303,10821,MIA,BWI,98,1,1,0,96,0,36,20,2372.0,0.01020408163265306,0.01020408163265306,0.375,0.20833333333333334,24.708333333333332
2023,7,19393,WN,13303,11292,MIA,DEN,10,0,0,0,10,0,6,2,326.0,0.0,0.0,0.6,0.2,32.6
2023,7,19393,WN,13303,13232,MIA,MDW,65,1,0,0,64,0,25,15,1733.0,0.015384615384615385,0.0,0.390625,0.234375,27.078125
2023,7,19393,WN,13303,15016,MIA,STL,15,0,0,0,15,0,5,3,482.0,0.0,0.0,0.3333333333333333,0.2,32.13333333333333
2023,7,19393,WN,13487,10821,MSP,BWI,54,0,0,0,54,0,19,4,1589.0,0.0,0.0,0.35185185185185186,0.07407407407407407,29.425925925925927
2023,7,19393,WN,13487,11292,MSP,DEN,214,5,1,0,208,0,80,31,5125.0,0.02336448598130841,0.004672897196261682,0.38461538461538464,0.14903846153846154,24.639423076923077
2023,7,19393,WN,13487,13232,MSP,MDW,236,4,3,0,229,0,76,19,3516.0,0.01694915254237288,0.012711864406779662,0.3318777292576419,0.08296943231441048,15.353711790393014
2023,7,19393,WN,13487,14107,MSP,PHX,36,1,0,0,35,0,8,3,185.0,0.027777777777777776,0.0,0.22857142857142856,0.08571428571428572,5.285714285714286
2023,7,19393,WN,13487,15016,MSP,STL,52,1,0,0,51,0,12,5,709.0,0.019230769230769232,0.0,0.23529411764705882,0.09803921568627451,13.901960784313726
2023,7,19393,WN,13796,10397,OAK,ATL,5,0,0,0,5,0,0,0,-79.0,0.0,0.0,0.0,0.0,-15.8
2023,7,19393,WN,13796,11292,OAK,DEN,178,2,1,0,175,0,53,18,2416.0,0.011235955056179775,0.0056179775280898875,0.3028571428571429,0.10285714285714286,13.805714285714286
2023,7,19393,WN,13796,12173,OAK,HNL,62,0,0,0,62,0,19,2,491.0,0.0,0.0,0.3064516129032258,0.03225806451612903,7.919354838709677
2023,7,19393,WN,13796,12889,OAK,LAS,337,3,0,0,334,0,107,26,4524.0,0.008902077151335312,0.0,0.3203592814371258,0.07784431137724551,13.544910179640718
2023,7,19393,WN,13796,12892,OAK,LAX,266,5,0,0,261,0,60,10,1217.0,0.018796992481203006,0.0,0.22988505747126436,0.038314176245210725,4.662835249042145
2023,7,19393,WN,13796,13232,OAK,MDW,77,0,0,0,77,0,18,3,357.0,0.0,0.0,0.23376623376623376,0.03896103896103896,4.636363636363637
2023,7,19393,WN,13796,14107,OAK,PHX,172,0,0,0,172,0,35,8,1001.0,0.0,0.0,0.20348837209302326,0.046511627906976744,5.819767441860465
2023,7,19393,WN,13796,14679,OAK,SAN,325,1,0,0,324,0,93,12,2973.0,0.003076923076923077,0.0,0.28703703703703703,0.037037037037037035,9.175925925925926
2023,7,19393,WN,13796,14747,OAK,SEA,180,1,0,0,179,0,43,6,1008.0,0.005555555555555556,0.0,0.24022346368715083,0.0335195530726257,5.631284916201118
2023,7,19393,WN,13796,14869,OAK,SLC,81,0,0,0,81,0,20,3,704.0,0.0,0.0,0.24691358024691357,0.037037037037037035,8.691358024691358
2023,7,19393,WN,13796,15016,OAK,STL,29,0,0,0,29,0,3,1,-124.0,0.0,0.0,0.10344827586206896,0.034482758620689655,-4.275862068965517
2023,7,19393,WN,13930,10821,ORD,BWI,88,3,1,0,84,0,29,8,1959.0,0.03409090909090909,0.011363636363636364,0.34523809523809523,0.09523809523809523,23.321428571428573
2023,7,19393,WN,13930,11292,ORD,DEN,171,5,3,0,163,0,83,36,5902.0,0.029239766081871343,0.017543859649122806,0.50920245398773,0.22085889570552147,36.20858895705521
2023,7,19393,WN,13930,11697,ORD,FLL,5,0,0,0,5,0,4,2,222.0,0.0,0.0,0.8,0.4,44.4
2023,7,19393,WN,13930,12889,ORD,LAS,66,1,0,0,65,0,36,14,2071.0,0.015151515151515152,0.0,0.5538461538461539,0.2153846153846154,31.861538461538462
2023,7,19393,WN,13930,13204,ORD,MCO,67,1,1,0,65,0,34,14,2432.0,0.014925373134328358,0.014925373134328358,0.5230769230769231,0.2153846153846154,37.41538461538462
2023,7,19393,WN,13930,14107,ORD,PHX,88,0,0,0,88,0,31,13,1867.0,0.0,0.0,0.3522727272727273,0.14772727272727273,21.21590909090909
2023,7,19393,WN,13930,14635,ORD,RSW,5,0,0,0,5,0,3,2,240.0,0.0,0.0,0.6,0.4,48.0
2023,7,19393,WN,13930,15304,ORD,TPA,36,1,0,0,35,0,20,4,1239.0,0.027777777777777776,0.0,0.5714285714285714,0.11428571428571428,35.4
2023,7,19393,WN,14100,10397,PHL,ATL,51,2,0,0,49,0,19,7,1306.0,0.0392156862745098,0.0,0.3877551020408163,0.14285714285714285,26.653061224489797
2023,7,19393,WN,14100,11292,PHL,DEN,57,0,0,0,57,0,25,6,1008.0,0.0,0.0,0.43859649122807015,0.10526315789473684,17.68421052631579
2023,7,19393,WN,14100,11697,PHL,FLL,5,0,0,0,5,0,2,1,151.0,0.0,0.0,0.4,0.2,30.2
2023,7,19393,WN,14100,13204,PHL,MCO,25,0,0,0,25,0,10,6,587.0,0.0,0.0,0.4,0.24,23.48
2023,7,19393,WN,14100,13232,PHL,MDW,133,5,1,0,127,0,50,18,2762.0,0.03759398496240601,0.007518796992481203,0.3937007874015748,0.14173228346456693,21.748031496062993
2023,7,19393,WN,14100,15016,PHL,STL,51,1,0,0,50,0,9,3,522.0,0.0196078431372549,0.0,0.18,0.06,10.44
2023,7,19393,WN,14100,15304,PHL,TPA,10,0,0,0,10,0,5,3,369.0,0.0,0.0,0.5,0.3,36.9
2023,7,19393,WN,14107,10397,PHX,ATL,41,0,0,0,41,0,21,2,632.0,0.0,0.0,0.5121951219512195,0.04878048780487805,15.414634146341463
2023,7,19393,WN,14107,10821,PHX,BWI,71,0,0,0,71,0,24,7,903.0,0.0,0.0,0.3380281690140845,0.09859154929577464,12.71830985915493
2023,7,19393,WN,14107,11292,PHX,DEN,384,13,3,0,368,0,104,35,4125.0,0.033854166666666664,0.0078125,0.2826086956521739,0.09510869565217392,11.209239130434783
2023,7,19393,WN,14107,11433,PHX,DTW,5,0,0,0,5,0,1,0,42.0,0.0,0.0,0.2,0.0,8.4
2023,7,19393,WN,14107,11697,PHX,FLL,5,0,0,0,5,0,2,1,130.0,0.0,0.0,0.4,0.2,26.0
2023,7,19393,WN,14107,12173,PHX,HNL,31,0,0,0,31,0,7,0,195.0,0.0,0.0,0.22580645161290322,0.0,6.290322580645161
2023,7,19393,WN,14107,12889,PHX,LAS,306,5,0,0,301,0,89,26,3311.0,0.016339869281045753,0.0,0.2956810631229236,0.08637873754152824,11.0
2023,7,19393,WN,14107,12892,PHX,LAX,203,1,0,0,202,0,53,12,1600.0,0.0049261083743842365,0.0,0.2623762376237624,0.0594059405940594,7.920792079207921
2023,7,19393,WN,14107,13204,PHX,MCO,36,0,0,0,36,0,24,11,1639.0,0.0,0.0,0.6666666666666666,0.3055555555555556,45.52777777777778
2023,7,19393,WN,14107,13232,PHX,MDW,254,4,3,0,247,0,67,11,2497.0,0.015748031496062992,0.011811023622047244,0.27125506072874495,0.044534412955465584,10.109311740890687
2023,7,19393,WN,14107,13487,PHX,MSP,36,0,0,0,36,0,10,0,300.0,0.0,0.0,0.2777777777777778,0.0,8.333333333333334
2023,7,19393,WN,14107,13796,PHX,OAK,174,0,0,0,174,0,48,11,1934.0,0.0,0.0,0.27586206896551724,0.06321839080459771,11.114942528735632
2023,7,19393,WN,14107,13930,PHX,ORD,87,0,3,0,84,0,13,7,196.0,0.0,0.034482758620689655,0.15476190476190477,0.08333333333333333,2.3333333333333335
2023,7,19393,WN,14107,14679,PHX,SAN,284,1,0,0,283,0,67,10,1905.0,0.0035211267605633804,0.0,0.23674911660777384,0.0353356890459364,6.731448763250883
2023,7,19393,WN,14107,14747,PHX,SEA,72,0,0,0,72,0,26,6,1160.0,0.0,0.0,0.3611111111111111,0.08333333333333333,16.11111111111111
2023,7,19393,WN,14107,14771,PHX,SFO,73,0,0,0,73,0,30,4,915.0,0.0,0.0,0.410958904109589,0.0547945205479452,12.534246575342467
2023,7,19393,WN,14107,14869,PHX,SLC,142,0,0,0,142,0,36,10,1157.0,0.0,0.0,0.2535211267605634,0.07042253521126761,8.147887323943662
2023,7,19393,WN,14107,15016,PHX,STL,103,0,1,0,102,0,30,7,1460.0,0.0,0.009708737864077669,0.29411764705882354,0.06862745098039216,14.313725490196079
2023,7,19393,WN,14107,15304,PHX,TPA,33,0,0,0,33,0,13,0,250.0,0.0,0.0,0.3939393939393939,0.0,7.575757575757576
2023,7,19393,WN,14635,10397,RSW,ATL,33,0,0,0,33,0,4,3,-68.0,0.0,0.0,0.12121212121212122,0.09090909090909091,-2.0606060606060606
2023,7,19393,WN,14635,10821,RSW,BWI,152,2,0,0,150,0,42,16,1916.0,0.013157894736842105,0.0,0.28,0.10666666666666667,12.773333333333333
2023,7,19393,WN,14635,11292,RSW,DEN,5,0,0,0,5,0,3,2,223.0,0.0,0.0,0.6,0.4,44.6
2023,7,19393,WN,14635,13204,RSW,MCO,31,0,0,0,31,0,4,3,164.0,0.0,0.0,0.12903225806451613,0.0967741935483871,5.290322580645161
2023,7,19393,WN,14635,13232,RSW,MDW,93,1,1,0,91,0,37,11,1787.0,0.010752688172043012,0.010752688172043012,0.4065934065934066,0.12087912087912088,19.63736263736264
2023,7,19393,WN,14635,13930,RSW,ORD,5,0,0,0,5,0,3,1,143.0,0.0,0.0,0.6,0.2,28.6
2023,7,19393,WN,14635,15016,RSW,STL,66,0,0,0,66,0,28,12,1891.0,0.0,0.0,0.42424242424242425,0.18181818181818182,28.651515151515152
2023,7,19393,WN,14679,10397,SAN,ATL,5,0,0,0,5,0,0,0,-43.0,0.0,0.0,0.0,0.0,-8.6
2023,7,19393,WN,14679,10821,SAN,BWI,60,0,1,0,59,0,21,2,394.0,0.0,0.016666666666666666,0.3559322033898305,0.03389830508474576,6.677966101694915
2023,7,19393,WN,14679,11292,SAN,DEN,209,4,3,0,202,0,61,19,3017.0,0.019138755980861243,0.014354066985645933,0.30198019801980197,0.09405940594059406,14.935643564356436
2023,7,19393,WN,14679,12173,SAN,HNL,62,0,0,0,62,0,15,2,254.0,0.0,0.0,0.24193548387096775,0.03225806451612903,4.096774193548387
2023,7,19393,WN,14679,12889,SAN,LAS,421,2,0,0,419,0,96,28,3372.0,0.004750593824228029,0.0,0.22911694510739858,0.06682577565632458,8.047732696897375
2023,7,19393,WN,14679,13232,SAN,MDW,114,0,1,0,113,0,27,6,585.0,0.0,0.008771929824561403,0.23893805309734514,0.05309734513274336,5.176991150442478
2023,7,19393,WN,14679,13796,SAN,OAK,327,1,0,0,326,0,76,16,2409.0,0.0030581039755351682,0.0,0.2331288343558282,0.049079754601226995,7.389570552147239
2023,7,19393,WN,14679,14107,SAN,PHX,283,2,1,0,280,0,79,20,2521.0,0.007067137809187279,0.0035335689045936395,0.28214285714285714,0.07142857142857142,9.003571428571428
2023,7,19393,WN,14679,14771,SAN,SFO,138,0,0,0,138,0,36,6,1043.0,0.0,0.0,0.2608695652173913,0.043478260869565216,7.557971014492754
2023,7,19393,WN,14679,14869,SAN,SLC,38,0,0,0,38,0,11,1,543.0,0.0,0.0,0.2894736842105263,0.02631578947368421,14.289473684210526
2023,7,19393,WN,14679,15016,SAN,STL,56,0,0,0,56,0,9,2,293.0,0.0,0.0,0.16071428571428573,0.03571428571428571,5.232142857142857
2023,7,19393,WN,14747,11292,SEA,DEN,171,3,1,0,167,0,56,17,2236.0,0.017543859649122806,0.005847953216374269,0.33532934131736525,0.10179640718562874,13.389221556886227
2023,7,19393,WN,14747,12889,SEA,LAS,95,1,0,0,94,0,37,7,1364.0,0.010526315789473684,0.0,0.39361702127659576,0.07446808510638298,14.51063829787234
2023,7,19393,WN,14747,13232,SEA,MDW,62,0,3,0,59,0,22,4,540.0,0.0,0.04838709677419355,0.3728813559322034,0.06779661016949153,9.152542372881356
2023,7,19393,WN,14747,13796,SEA,OAK,176,0,0,0,176,0,60,17,3015.0,0.0,0.0,0.3409090909090909,0.09659090909090909,17.130681818181817
2023,7,19393,WN,14747,14107,SEA,PHX,72,0,0,0,72,0,19,2,402.0,0.0,0.0,0.2638888888888889,0.027777777777777776,5.583333333333333
2023,7,19393,WN,14747,15016,SEA,STL,5,0,0,0,5,0,0,0,-43.0,0.0,0.0,0.0,0.0,-8.6
2023,7,19393,WN,14771,11292,SFO,DEN,135,2,0,0,133,0,44,8,1283.0,0.014814814814814815,0.0,0.3308270676691729,0.06015037593984962,9.646616541353383
2023,7,19393,WN,14771,12889,SFO,LAS,117,0,0,0,117,0,29,6,844.0,0.0,0.0,0.24786324786324787,0.05128205128205128,7.213675213675214
2023,7,19393,WN,14771,12892,SFO,LAX,156,1,0,0,155,0,45,9,1180.0,0.00641025641025641,0.0,0.2903225806451613,0.05806451612903226,7.612903225806452
2023,7,19393,WN,14771,13232,SFO,MDW,3,0,0,0,3,0,0,0,-25.0,0.0,0.0,0.0,0.0,-8.333333333333334
2023,7,19393,WN,14771,14107,SFO,PHX,73,0,0,0,73,0,21,3,705.0,0.0,0.0,0.2876712328767123,0.0410958904109589,9.657534246575343
2023,7,19393,WN,14771,14679,SFO,SAN,138,1,0,0,137,0,53,21,3073.0,0.007246376811594203,0.0,0.38686131386861317,0.15328467153284672,22.43065693430657
2023,7,19393,WN,14869,10821,SLC,BWI,8,0,0,0,8,0,2,0,-1.0,0.0,0.0,0.25,0.0,-0.125
2023,7,19393,WN,14869,11292,SLC,DEN,243,10,2,0,231,0,87,34,4827.0,0.0411522633744856,0.00823045267489712,0.37662337662337664,0.1471861471861472,20.896103896103895
2023,7,19393,WN,14869,12889,SLC,LAS,149,2,1,0,146,0,31,5,650.0,0.013422818791946308,0.006711409395973154,0.21232876712328766,0.03424657534246575,4.4520547945205475
2023,7,19393,WN,14869,12892,SLC,LAX,31,0,0,0,31,0,12,1,297.0,0.0,0.0,0.3870967741935484,0.03225806451612903,9.580645161290322
2023,7,19393,WN,14869,13232,SLC,MDW,62,0,2,0,60,0,6,1,-151.0,0.0,0.03225806451612903,0.1,0.016666666666666666,-2.5166666666666666
2023,7,19393,WN,14869,13796,SLC,OAK,81,1,0,0,80,0,22,6,824.0,0.012345679012345678,0.0,0.275,0.075,10.3
2023,7,19393,WN,14869,14107,SLC,PHX,139,0,0,0,139,0,44,17,2307.0,0.0,0.0,0.31654676258992803,0.1223021582733813,16.597122302158272
2023,7,19393,WN,14869,14679,SLC,SAN,38,0,0,0,38,0,10,1,291.0,0.0,0.0,0.2631578947368421,0.02631578947368421,7.657894736842105
2023,7,19393,WN,14869,15016,SLC,STL,8,0,0,0,8,0,0,0,-35.0,0.0,0.0,0.0,0.0,-4.375
2023,7,19393,WN,15016,10397,STL,ATL,107,0,1,0,106,0,33,10,1589.0,0.0,0.009345794392523364,0.3113207547169811,0.09433962264150944,14.99056603773585
2023,7,19393,WN,15016,10721,STL,BOS,83,0,1,0,82,0,33,10,1764.0,0.0,0.012048192771084338,0.4024390243902439,0.12195121951219512,21.51219512195122
2023,7,19393,WN,15016,10821,STL,BWI,118,1,0,0,117,0,43,11,2208.0,0.00847457627118644,0.0,0.36752136752136755,0.09401709401709402,18.871794871794872
2023,7,19393,WN,15016,11278,STL,DCA,117,0,2,0,115,0,29,9,1180.0,0.0,0.017094017094017096,0.25217391304347825,0.0782608695652174,10.26086956521739
2023,7,19393,WN,15016,11292,STL,DEN,204,5,1,0,198,0,85,40,5579.0,0.024509803921568627,0.004901960784313725,0.4292929292929293,0.20202020202020202,28.17676767676768
2023,7,19393,WN,15016,11433,STL,DTW,52,1,0,0,51,0,17,7,1167.0,0.019230769230769232,0.0,0.3333333333333333,0.13725490196078433,22.88235294117647
2023,7,19393,WN,15016,11697,STL,FLL,51,0,1,0,50,0,16,2,689.0,0.0,0.0196078431372549,0.32,0.04,13.78
2023,7,19393,WN,15016,12889,STL,LAS,136,1,0,0,135,0,51,13,2279.0,0.007352941176470588,0.0,0.37777777777777777,0.0962962962962963,16.881481481481483
2023,7,19393,WN,15016,12892,STL,LAX,80,0,0,0,80,0,24,5,1206.0,0.0,0.0,0.3,0.0625,15.075
2023,7,19393,WN,15016,12953,STL,LGA,133,9,2,0,122,0,42,10,1248.0,0.06766917293233082,0.015037593984962405,0.3442622950819672,0.08196721311475409,10.229508196721312
2023,7,19393,WN,15016,13204,STL,MCO,157,1,2,0,154,0,51,14,2103.0,0.006369426751592357,0.012738853503184714,0.33116883116883117,0.09090909090909091,13.655844155844155
2023,7,19393,WN,15016,13232,STL,MDW,208,3,0,0,205,0,61,23,3803.0,0.014423076923076924,0.0,0.2975609756097561,0.11219512195121951,18.55121951219512
2023,7,19393,WN,15016,13303,STL,MIA,15,0,0,0,15,0,9,4,576.0,0.0,0.0,0.6,0.26666666666666666,38.4
2023,7,19393,WN,15016,13487,STL,MSP,52,0,0,0,52,0,30,8,1608.0,0.0,0.0,0.5769230769230769,0.15384615384615385,30.923076923076923
2023,7,19393,WN,15016,13796,STL,OAK,29,0,0,0,29,0,16,3,721.0,0.0,0.0,0.5517241379310345,0.10344827586206896,24.862068965517242
2023,7,19393,WN,15016,14100,STL,PHL,51,0,0,0,51,0,15,5,499.0,0.0,0.0,0.29411764705882354,0.09803921568627451,9.784313725490197
2023,7,19393,WN,15016,14107,STL,PHX,103,1,0,0,102,0,38,7,1641.0,0.009708737864077669,0.0,0.37254901960784315,0.06862745098039216,16.08823529411765
2023,7,19393,WN,15016,14635,STL,RSW,66,0,0,0,66,0,25,9,1394.0,0.0,0.0,0.3787878787878788,0.13636363636363635,21.12121212121212
2023,7,19393,WN,15016,14679,STL,SAN,56,0,0,0,56,0,28,8,1391.0,0.0,0.0,0.5,0.14285714285714285,24.839285714285715
2023,7,19393,WN,15016,14747,STL,SEA,5,0,0,0,5,0,4,1,338.0,0.0,0.0,0.8,0.2,67.6
2023,7,19393,WN,15016,14869,STL,SLC,8,0,0,0,8,0,5,1,285.0,0.0,0.0,0.625,0.125,35.625
2023,7,19393,WN,15016,15304,STL,TPA,82,1,0,0,81,0,22,7,992.0,0.012195121951219513,0.0,0.2716049382716049,0.08641975308641975,12.246913580246913
2023,7,19393,WN,15304,10397,TPA,ATL,128,1,0,0,127,0,34,17,2039.0,0.0078125,0.0,0.2677165354330709,0.13385826771653545,16.055118110236222
2023,7,19393,WN,15304,10821,TPA,BWI,235,4,2,0,229,0,85,30,4965.0,0.01702127659574468,0.00851063829787234,0.37117903930131,0.13100436681222707,21.68122270742358
2023,7,19393,WN,15304,11278,TPA,DCA,67,0,0,0,67,0,17,6,683.0,0.0,0.0,0.2537313432835821,0.08955223880597014,10.194029850746269
2023,7,19393,WN,15304,11292,TPA,DEN,119,3,2,0,114,0,50,14,2122.0,0.025210084033613446,0.01680672268907563,0.43859649122807015,0.12280701754385964,18.614035087719298
2023,7,19393,WN,15304,11697,TPA,FLL,57,0,0,0,57,0,16,5,639.0,0.0,0.0,0.2807017543859649,0.08771929824561403,11.210526315789474
2023,7,19393,WN,15304,12889,TPA,LAS,13,0,0,0,13,0,8,5,506.0,0.0,0.0,0.6153846153846154,0.38461538461538464,38.92307692307692
2023,7,19393,WN,15304,12953,TPA,LGA,36,4,0,0,32,0,4,2,211.0,0.1111111111111111,0.0,0.125,0.0625,6.59375
2023,7,19393,WN,15304,13232,TPA,MDW,132,1,0,0,131,0,50,23,3049.0,0.007575757575757576,0.0,0.3816793893129771,0.17557251908396945,23.27480916030534
2023,7,19393,WN,15304,13930,TPA,ORD,36,0,0,0,36,0,14,5,893.0,0.0,0.0,0.3888888888888889,0.1388888888888889,24.805555555555557
2023,7,19393,WN,15304,14100,TPA,PHL,10,0,0,0,10,0,5,0,143.0,0.0,0.0,0.5,0.0,14.3
2023,7,19393,WN,15304,14107,TPA,PHX,33,0,0,0,33,0,7,2,356.0,0.0,0.0,0.21212121212121213,0.06060606060606061,10.787878787878787
2023,7,19393,WN,15304,15016,TPA,STL,82,0,1,0,81,0,37,15,2505.0,0.0,0.012195121951219513,0.4567901234567901,0.18518518518518517,30.925925925925927
2023,7,19690,HA,10721,12173,BOS,HNL,22,0,0,0,22,0,9,2,397.0,0.0,0.0,0.4090909090909091,0.09090909090909091,18.045454545454547
2023,7,19690,HA,12173,10721,HNL,BOS,22,0,0,0,22,0,5,0,-21.0,0.0,0.0,0.22727272727272727,0.0,-0.9545454545454546
2023,7,19690,HA,12173,12478,HNL,JFK,31,0,1,0,30,0,12,1,269.0,0.0,0.03225806451612903,0.4,0.03333333333333333,8.966666666666667
2023,7,19690,HA,12173,12889,HNL,LAS,89,0,0,0,89,0,27,10,1074.0,0.0,0.0,0.30337078651685395,0.11235955056179775,12.067415730337078
2023,7,19690,HA,12173,12892,HNL,LAX,101,3,0,0,98,0,37,16,2676.0,0.0297029702970297,0.0,0.37755102040816324,0.16326530612244897,27.306122448979593
2023,7,19690,HA,12173,13796,HNL,OAK,31,1,0,0,30,0,2,1,59.0,0.03225806451612903,0.0,0.06666666666666667,0.03333333333333333,1.9666666666666666
2023,7,19690,HA,12173,14107,HNL,PHX,31,0,1,0,30,0,19,10,2129.0,0.0,0.03225806451612903,0.6333333333333333,0.3333333333333333,70.96666666666667
2023,7,19690,HA,12173,14679,HNL,SAN,31,0,0,0,31,0,6,1,64.0,0.0,0.0,0.1935483870967742,0.03225806451612903,2.064516129032258
2023,7,19690,HA,12173,14747,HNL,SEA,31,0,1,0,30,0,8,2,129.0,0.0,0.03225806451612903,0.26666666666666666,0.06666666666666667,4.3
2023,7,19690,HA,12173,14771,HNL,SFO,33,3,0,0,30,0,13,2,533.0,0.09090909090909091,0.0,0.43333333333333335,0.06666666666666667,17.766666666666666
2023,7,19690,HA,12478,12173,JFK,HNL,32,1,0,0,31,0,15,4,1701.0,0.03125,0.0,0.4838709677419355,0.12903225806451613,54.87096774193548
2023,7,19690,HA,12889,12173,LAS,HNL,89,0,0,0,89,0,34,11,5412.0,0.0,0.0,0.38202247191011235,0.12359550561797752,60.80898876404494
2023,7,19690,HA,12892,12173,LAX,HNL,103,4,0,0,99,0,40,14,2433.0,0.038834951456310676,0.0,0.40404040404040403,0.1414141414141414,24.575757575757574
2023,7,19690,HA,13796,12173,OAK,HNL,31,1,0,0,30,0,10,4,1617.0,0.03225806451612903,0.0,0.3333333333333333,0.13333333333333333,53.9
2023,7,19690,HA,14107,12173,PHX,HNL,31,0,0,0,31,0,6,2,461.0,0.0,0.0,0.1935483870967742,0.06451612903225806,14.870967741935484
2023,7,19690,HA,14679,12173,SAN,HNL,31,0,0,0,31,0,6,3,436.0,0.0,0.0,0.1935483870967742,0.0967741935483871,14.064516129032258
2023,7,19690,HA,14747,12173,SEA,HNL,31,0,0,0,31,0,10,2,506.0,0.0,0.0,0.3225806451612903,0.06451612903225806,16.322580645161292
2023,7,19690,HA,14771,12173,SFO,HNL,33,3,0,0,30,0,15,1,557.0,0.09090909090909091,0.0,0.5,0.03333333333333333,18.566666666666666
2023,7,19790,DL,10397,10721,ATL,BOS,321,3,0,0,318,0,88,29,2906.0,0.009345794392523364,0.0,0.27672955974842767,0.09119496855345911,9.138364779874214
2023,7,19790,DL,10397,10821,ATL,BWI,248,3,2,0,243,0,89,36,4914.0,0.012096774193548387,0.008064516129032258,0.3662551440329218,0.14814814814814814,20.22222222222222
2023,7,19790,DL,10397,11278,ATL,DCA,328,7,5,0,316,0,112,36,4773.0,0.021341463414634148,0.01524390243902439,0.35443037974683544,0.11392405063291139,15.104430379746836
2023,7,19790,DL,10397,11292,ATL,DEN,268,1,0,0,267,0,79,23,3258.0,0.0037313432835820895,0.0,0.2958801498127341,0.08614232209737828,12.202247191011235
2023,7,19790,DL,10397,11298,ATL,DFW,246,0,0,0,246,0,71,21,2674.0,0.0,0.0,0.2886178861788618,0.08536585365853659,10.869918699186991
2023,7,19790,DL,10397,11433,ATL,DTW,329,0,0,0,329,0,84,26,3868.0,0.0,0.0,0.2553191489361702,0.0790273556231003,11.756838905775076
2023,7,19790,DL,10397,11618,ATL,EWR,246,10,4,0,232,0,74,38,4306.0,0.04065040650406504,0.016260162601626018,0.31896551724137934,0.16379310344827586,18.560344827586206
2023,7,19790,DL,10397,11697,ATL,FLL,353,3,2,0,348,0,117,36,5404.0,0.0084985835694051,0.0056657223796034,0.33620689655172414,0.10344827586206896,15.528735632183908
2023,7,19790,DL,10397,12173,ATL,HNL,31,0,0,0,31,0,3,2,159.0,0.0,0.0,0.0967741935483871,0.06451612903225806,5.129032258064516
2023,7,19790,DL,10397,12266,ATL,IAH,207,2,0,0,205,0,58,21,2721.0,0.00966183574879227,0.0,0.28292682926829266,0.1024390243902439,13.273170731707317
2023,7,19790,DL,10397,12478,ATL,JFK,222,2,0,0,220,0,64,26,3326.0,0.009009009009009009,0.0,0.2909090909090909,0.11818181818181818,15.118181818181819
2023,7,19790,DL,10397,12889,ATL,LAS,259,5,1,0,253,0,89,26,3672.0,0.019305019305019305,0.003861003861003861,0.35177865612648224,0.10276679841897234,14.513833992094861
2023,7,19790,DL,10397,12892,ATL,LAX,368,3,0,0,365,0,119,33,6256.0,0.008152173913043478,0.0,0.32602739726027397,0.09041095890410959,17.13972602739726
2023,7,19790,DL,10397,12953,ATL,LGA,356,10,5,0,341,0,80,29,2618.0,0.028089887640449437,0.014044943820224719,0.23460410557184752,0.08504398826979472,7.67741935483871
2023,7,19790,DL,10397,13204,ATL,MCO,471,1,6,0,464,0,223,104,16087.0,0.0021231422505307855,0.012738853503184714,0.48060344827586204,0.22413793103448276,34.67025862068966
2023,7,19790,DL,10397,13232,ATL,MDW,114,2,1,0,111,0,46,20,3007.0,0.017543859649122806,0.008771929824561403,0.4144144144144144,0.18018018018018017,27.09009009009009
2023,7,19790,DL,10397,13303,ATL,MIA,262,4,1,0,257,0,118,36,6399.0,0.015267175572519083,0.003816793893129771,0.4591439688715953,0.14007782101167315,24.898832684824903
2023,7,19790,DL,10397,13487,ATL,MSP,273,0,0,0,273,0,71,21,3226.0,0.0,0.0,0.2600732600732601,0.07692307692307693,11.816849816849818
2023,7,19790,DL,10397,13930,ATL,ORD,206,4,2,0,200,0,92,38,5706.0,0.019417475728155338,0.009708737864077669,0.46,0.19,28.53
2023,7,19790,DL,10397,14100,ATL,PHL,248,1,0,0,247,0,99,30,4440.0,0.004032258064516129,0.0,0.4008097165991903,0.1214574898785425,17.975708502024293
2023,7,19790,DL,10397,14107,ATL,PHX,178,2,0,0,176,0,39,12,947.0,0.011235955056179775,0.0,0.2215909090909091,0.06818181818181818,5.380681818181818
2023,7,19790,DL,10397,14635,ATL,RSW,215,2,0,0,213,0,60,21,2429.0,0.009302325581395349,0.0,0.28169014084507044,0.09859154929577464,11.4037558685446
2023,7,19790,DL,10397,14679,ATL,SAN,199,3,0,0,196,0,46,12,1501.0,0.01507537688442211,0.0,0.23469387755102042,0.061224489795918366,7.658163265306122
2023,7,19790,DL,10397,14747,ATL,SEA,248,1,0,0,247,0,96,34,5566.0,0.004032258064516129,0.0,0.38866396761133604,0.13765182186234817,22.534412955465587
2023,7,19790,DL,10397,14771,ATL,SFO,221,0,0,0,221,0,53,20,1528.0,0.0,0.0,0.2398190045248869,0.09049773755656108,6.914027149321267
2023,7,19790,DL,10397,14869,ATL,SLC,280,4,0,0,276,0,55,18,1947.0,0.014285714285714285,0.0,0.19927536231884058,0.06521739130434782,7.054347826086956
2023,7,19790,DL,10397,15016,ATL,STL,198,2,2,0,194,0,33,12,1173.0,0.010101010101010102,0.010101010101010102,0.17010309278350516,0.061855670103092786,6.046391752577319
2023,7,19790,DL,10397,15304,ATL,TPA,374,5,0,0,369,0,127,45,7661.0,0.013368983957219251,0.0,0.34417344173441733,0.12195121951219512,20.761517615176153
2023,7,19790,DL,10721,10397,BOS,ATL,321,3,1,0,317,0,109,41,5758.0,0.009345794392523364,0.003115264797507788,0.3438485804416404,0.12933753943217666,18.16403785488959
2023,7,19790,DL,10721,11292,BOS,DEN,48,1,0,0,47,0,23,10,1886.0,0.020833333333333332,0.0,0.48936170212765956,0.2127659574468085,40.12765957446808
2023,7,19790,DL,10721,11298,BOS,DFW,62,1,0,0,61,0,26,13,1810.0,0.016129032258064516,0.0,0.4262295081967213,0.21311475409836064,29.672131147540984
2023,7,19790,DL,10721,11433,BOS,DTW,145,3,0,0,142,0,55,29,3438.0,0.020689655172413793,0.0,0.3873239436619718,0.20422535211267606,24.211267605633804
2023,7,19790,DL,10721,11697,BOS,FLL,62,2,0,0,60,0,19,7,508.0,0.03225806451612903,0.0,0.31666666666666665,0.11666666666666667,8.466666666666667
2023,7,19790,DL,10721,12478,BOS,JFK,31,1,0,0,30,0,5,2,181.0,0.03225806451612903,0.0,0.16666666666666666,0.06666666666666667,6.033333333333333
2023,7,19790,DL,10721,12889,BOS,LAS,44,0,0,0,44,0,16,6,821.0,0.0,0.0,0.36363636363636365,0.13636363636363635,18.65909090909091
2023,7,19790,DL,10721,12892,BOS,LAX,117,0,0,0,117,0,31,17,3028.0,0.0,0.0,0.26495726495726496,0.1452991452991453,25.88034188034188
2023,7,19790,DL,10721,12953,BOS,LGA,62,3,0,0,59,0,20,12,1607.0,0.04838709677419355,0.0,0.3389830508474576,0.2033898305084746,27.23728813559322
2023,7,19790,DL,10721,13204,BOS,MCO,93,3,2,0,88,0,30,16,1427.0,0.03225806451612903,0.021505376344086023,0.3409090909090909,0.18181818181818182,16.21590909090909
2023,7,19790,DL,10721,13303,BOS,MIA,61,1,0,0,60,0,19,9,1553.0,0.01639344262295082,0.0,0.31666666666666665,0.15,25.883333333333333
2023,7,19790,DL,10721,13487,BOS,MSP,173,4,1,0,168,0,48,25,3553.0,0.023121387283236993,0.005780346820809248,0.2857142857142857,0.1488095238095238,21.148809523809526
2023,7,19790,DL,10721,13930,BOS,ORD,74,5,0,0,69,0,33,13,1982.0,0.06756756756756757,0.0,0.4782608695652174,0.18840579710144928,28.72463768115942
2023,7,19790,DL,10721,14107,BOS,PHX,31,1,0,0,30,0,11,3,260.0,0.03225806451612903,0.0,0.36666666666666664,0.1,8.666666666666666
2023,7,19790,DL,10721,14635,BOS,RSW,31,1,0,0,30,0,14,5,1093.0,0.03225806451612903,0.0,0.4666666666666667,0.16666666666666666,36.43333333333333
2023,7,19790,DL,10721,14679,BOS,SAN,31,0,1,0,30,0,13,6,702.0,0.0,0.03225806451612903,0.43333333333333335,0.2,23.4
2023,7,19790,DL,10721,14747,BOS,SEA,92,3,0,0,89,0,15,8,102.0,0.03260869565217391,0.0,0.16853932584269662,0.0898876404494382,1.146067415730337
2023,7,19790,DL,10721,14771,BOS,SFO,60,1,0,0,59,0,21,9,927.0,0.016666666666666666,0.0,0.3559322033898305,0.15254237288135594,15.711864406779661
2023,7,19790,DL,10721,14869,BOS,SLC,107,1,1,0,105,0,25,14,1429.0,0.009345794392523364,0.009345794392523364,0.23809523809523808,0.13333333333333333,13.60952380952381
2023,7,19790,DL,10721,15304,BOS,TPA,92,1,0,0,91,0,33,18,2515.0,0.010869565217391304,0.0,0.3626373626373626,0.1978021978021978,27.63736263736264
2023,7,19790,DL,10821,10397,BWI,ATL,248,3,4,0,241,0,68,31,5357.0,0.012096774193548387,0.016129032258064516,0.2821576763485477,0.12863070539419086,22.228215767634854
2023,7,19790,DL,10821,11433,BWI,DTW,91,2,0,0,89,0,28,17,3585.0,0.02197802197802198,0.0,0.3146067415730337,0.19101123595505617,40.28089887640449
2023,7,19790,DL,10821,13487,BWI,MSP,91,1,0,0,90,0,19,10,834.0,0.01098901098901099,0.0,0.2111111111111111,0.1111111111111111,9.266666666666667
2023,7,19790,DL,10821,14869,BWI,SLC,31,1,0,0,30,0,10,1,338.0,0.03225806451612903,0.0,0.3333333333333333,0.03333333333333333,11.266666666666667
2023,7,19790,DL,11278,10397,DCA,ATL,328,9,1,0,318,0,91,42,7749.0,0.027439024390243903,0.003048780487804878,0.2861635220125786,0.1320754716981132,24.367924528301888
2023,7,19790,DL,11278,11433,DCA,DTW,149,5,0,0,144,0,48,25,3927.0,0.03355704697986577,0.0,0.3333333333333333,0.1736111111111111,27.270833333333332
2023,7,19790,DL,11278,12892,DCA,LAX,31,1,0,0,30,0,10,4,965.0,0.03225806451612903,0.0,0.3333333333333333,0.13333333333333333,32.166666666666664
2023,7,19790,DL,11278,13487,DCA,MSP,155,0,0,0,155,0,32,14,1137.0,0.0,0.0,0.2064516129032258,0.09032258064516129,7.335483870967742
2023,7,19790,DL,11278,14869,DCA,SLC,31,0,0,0,31,0,5,2,58.0,0.0,0.0,0.16129032258064516,0.06451612903225806,1.8709677419354838
2023,7,19790,DL,11292,10397,DEN,ATL,268,1,0,0,267,0,64,22,5594.0,0.0037313432835820895,0.0,0.2397003745318352,0.08239700374531835,20.95131086142322
2023,7,19790,DL,11292,10721,DEN,BOS,48,1,0,0,47,0,19,11,1384.0,0.020833333333333332,0.0,0.40425531914893614,0.23404255319148937,29.4468085106383
2023,7,19790,DL,11292,11433,DEN,DTW,118,3,1,0,114,0,28,7,994.0,0.025423728813559324,0.00847457627118644,0.24561403508771928,0.06140350877192982,8.719298245614034
2023,7,19790,DL,11292,12478,DEN,JFK,91,4,1,0,86,0,19,7,486.0,0.04395604395604396,0.01098901098901099,0.22093023255813954,0.08139534883720931,5.651162790697675
2023,7,19790,DL,11292,12892,DEN,LAX,93,0,0,0,93,0,42,27,4111.0,0.0,0.0,0.45161290322580644,0.2903225806451613,44.204301075268816
2023,7,19790,DL,11292,12953,DEN,LGA,75,3,4,0,68,0,15,7,1587.0,0.04,0.05333333333333334,0.22058823529411764,0.10294117647058823,23.33823529411765
2023,7,19790,DL,11292,13487,DEN,MSP,177,0,0,0,177,0,35,11,1516.0,0.0,0.0,0.1977401129943503,0.062146892655367235,8.564971751412429
2023,7,19790,DL,11292,14747,DEN,SEA,93,2,0,0,91,0,29,12,1842.0,0.021505376344086023,0.0,0.31868131868131866,0.13186813186813187,20.24175824175824
2023,7,19790,DL,11292,14869,DEN,SLC,147,1,0,0,146,0,30,17,2413.0,0.006802721088435374,0.0,0.2054794520547945,0.11643835616438356,16.527397260273972
2023,7,19790,DL,11298,10397,DFW,ATL,246,0,1,0,245,0,48,19,999.0,0.0,0.0040650406504065045,0.19591836734693877,0.07755102040816327,4.077551020408163
2023,7,19790,DL,11298,10721,DFW,BOS,62,1,0,0,61,0,26,8,1165.0,0.016129032258064516,0.0,0.4262295081967213,0.13114754098360656,19.098360655737704
2023,7,19790,DL,11298,11433,DFW,DTW,119,1,0,0,118,0,35,16,2102.0,0.008403361344537815,0.0,0.2966101694915254,0.13559322033898305,17.8135593220339
2023,7,19790,DL,11298,12478,DFW,JFK,62,4,0,0,58,0,19,11,1677.0,0.06451612903225806,0.0,0.3275862068965517,0.1896551724137931,28.913793103448278
2023,7,19790,DL,11298,12892,DFW,LAX,62,2,0,0,60,0,13,6,642.0,0.03225806451612903,0.0,0.21666666666666667,0.1,10.7
2023,7,19790,DL,11298,12953,DFW,LGA,129,5,3,0,121,0,21,12,359.0,0.03875968992248062,0.023255813953488372,0.17355371900826447,0.09917355371900827,2.9669421487603307
2023,7,19790,DL,11298,13487,DFW,MSP,120,4,0,0,116,0,19,2,-121.0,0.03333333333333333,0.0,0.16379310344827586,0.017241379310344827,-1.043103448275862
2023,7,19790,DL,11298,14869,DFW,SLC,127,4,0,0,123,0,22,11,638.0,0.031496062992125984,0.0,0.17886178861788618,0.08943089430894309,5.186991869918699
2023,7,19790,DL,11433,10397,DTW,ATL,327,0,0,0,327,0,71,30,2349.0,0.0,0.0,0.21712538226299694,0.09174311926605505,7.18348623853211
2023,7,19790,DL,11433,10721,DTW,BOS,145,3,1,0,141,0,45,19,2263.0,0.020689655172413793,0.006896551724137931,0.3191489361702128,0.1347517730496454,16.04964539007092
2023,7,19790,DL,11433,10821,DTW,BWI,91,2,1,0,88,0,32,17,2669.0,0.02197802197802198,0.01098901098901099,0.36363636363636365,0.19318181818181818,30.329545454545453
2023,7,19790,DL,11433,11278,DTW,DCA,149,4,4,0,141,0,53,14,2486.0,0.026845637583892617,0.026845637583892617,0.375886524822695,0.09929078014184398,17.631205673758867
2023,7,19790,DL,11433,11292,DTW,DEN,118,3,0,0,115,0,37,13,2009.0,0.025423728813559324,0.0,0.3217391304347826,0.11304347826086956,17.469565217391306
2023,7,19790,DL,11433,11298,DTW,DFW,119,1,0,0,118,0,50,21,3280.0,0.008403361344537815,0.0,0.423728813559322,0.17796610169491525,27.796610169491526
2023,7,19790,DL,11433,11618,DTW,EWR,143,4,1,0,138,0,36,18,1815.0,0.027972027972027972,0.006993006993006993,0.2608695652173913,0.13043478260869565,13.152173913043478
2023,7,19790,DL,11433,11697,DTW,FLL,123,1,1,0,121,0,37,9,1261.0,0.008130081300813009,0.008130081300813009,0.30578512396694213,0.0743801652892562,10.421487603305785
2023,7,19790,DL,11433,12173,DTW,HNL,22,0,0,0,22,0,3,2,279.0,0.0,0.0,0.13636363636363635,0.09090909090909091,12.681818181818182
2023,7,19790,DL,11433,12266,DTW,IAH,114,5,0,0,109,0,25,12,1420.0,0.043859649122807015,0.0,0.22935779816513763,0.11009174311926606,13.027522935779816
2023,7,19790,DL,11433,12478,DTW,JFK,31,3,0,0,28,0,10,7,1325.0,0.0967741935483871,0.0,0.35714285714285715,0.25,47.32142857142857
2023,7,19790,DL,11433,12889,DTW,LAS,178,3,0,0,175,0,61,30,3831.0,0.016853932584269662,0.0,0.3485714285714286,0.17142857142857143,21.89142857142857
2023,7,19790,DL,11433,12892,DTW,LAX,199,2,0,0,197,0,58,20,3085.0,0.010050251256281407,0.0,0.29441624365482233,0.10152284263959391,15.65989847715736
2023,7,19790,DL,11433,12953,DTW,LGA,173,10,2,0,161,0,44,21,2603.0,0.057803468208092484,0.011560693641618497,0.2732919254658385,0.13043478260869565,16.167701863354036
2023,7,19790,DL,11433,13204,DTW,MCO,187,1,0,0,186,0,59,21,2056.0,0.0053475935828877,0.0,0.3172043010752688,0.11290322580645161,11.053763440860216
2023,7,19790,DL,11433,13303,DTW,MIA,68,1,0,0,67,0,35,16,2641.0,0.014705882352941176,0.0,0.5223880597014925,0.23880597014925373,39.417910447761194
2023,7,19790,DL,11433,13487,DTW,MSP,176,1,1,0,174,0,50,17,2657.0,0.005681818181818182,0.005681818181818182,0.28735632183908044,0.09770114942528736,15.270114942528735
2023,7,19790,DL,11433,13930,DTW,ORD,167,2,0,0,165,0,44,19,2620.0,0.011976047904191617,0.0,0.26666666666666666,0.11515151515151516,15.878787878787879
2023,7,19790,DL,11433,14100,DTW,PHL,144,4,0,0,140,0,19,8,290.0,0.027777777777777776,0.0,0.1357142857142857,0.05714285714285714,2.0714285714285716
2023,7,19790,DL,11433,14107,DTW,PHX,120,2,1,0,117,0,26,14,920.0,0.016666666666666666,0.008333333333333333,0.2222222222222222,0.11965811965811966,7.863247863247863
2023,7,19790,DL,11433,14635,DTW,RSW,62,0,1,0,61,0,12,3,168.0,0.0,0.016129032258064516,0.19672131147540983,0.04918032786885246,2.7540983606557377
2023,7,19790,DL,11433,14679,DTW,SAN,121,1,0,0,120,0,35,14,1694.0,0.008264462809917356,0.0,0.2916666666666667,0.11666666666666667,14.116666666666667
2023,7,19790,DL,11433,14747,DTW,SEA,176,0,0,0,176,0,38,13,1246.0,0.0,0.0,0.2159090909090909,0.07386363636363637,7.079545454545454
2023,7,19790,DL,11433,14771,DTW,SFO,132,1,0,0,131,0,34,9,1988.0,0.007575757575757576,0.0,0.2595419847328244,0.06870229007633588,15.17557251908397
2023,7,19790,DL,11433,14869,DTW,SLC,148,1,0,0,147,0,31,9,812.0,0.006756756756756757,0.0,0.2108843537414966,0.061224489795918366,5.523809523809524
2023,7,19790,DL,11433,15016,DTW,STL,114,0,0,0,114,0,19,9,1130.0,0.0,0.0,0.16666666666666666,0.07894736842105263,9.912280701754385
2023,7,19790,DL,11433,15304,DTW,TPA,116,0,1,0,115,0,39,14,1599.0,0.0,0.008620689655172414,0.3391304347826087,0.12173913043478261,13.904347826086957
2023,7,19790,DL,11618,10397,EWR,ATL,246,11,1,0,234,0,62,28,4710.0,0.044715447154471545,0.0040650406504065045,0.26495726495726496,0.11965811965811966,20.128205128205128
2023,7,19790,DL,11618,11433,EWR,DTW,143,4,0,0,139,0,42,17,2645.0,0.027972027972027972,0.0,0.302158273381295,0.1223021582733813,19.028776978417266
2023,7,19790,DL,11618,13487,EWR,MSP,115,6,0,0,109,0,31,15,1919.0,0.05217391304347826,0.0,0.28440366972477066,0.13761467889908258,17.605504587155963
2023,7,19790,DL,11618,14869,EWR,SLC,62,3,0,0,59,0,22,10,1023.0,0.04838709677419355,0.0,0.3728813559322034,0.1694915254237288,17.338983050847457
2023,7,19790,DL,11697,10397,FLL,ATL,353,3,1,0,349,0,94,41,4317.0,0.0084985835694051,0.0028328611898017,0.2693409742120344,0.1174785100286533,12.369627507163324
2023,7,19790,DL,11697,10721,FLL,BOS,62,2,1,0,59,0,19,10,665.0,0.03225806451612903,0.016129032258064516,0.3220338983050847,0.1694915254237288,11.271186440677965
2023,7,19790,DL,11697,11433,FLL,DTW,123,1,1,0,121,0,38,13,1305.0,0.008130081300813009,0.008130081300813009,0.3140495867768595,0.10743801652892562,10.785123966942148
2023,7,19790,DL,11697,12478,FLL,JFK,124,4,0,0,120,0,39,20,3869.0,0.03225806451612903,0.0,0.325,0.16666666666666666,32.24166666666667
2023,7,19790,DL,11697,12892,FLL,LAX,30,0,1,0,29,0,6,0,49.0,0.0,0.03333333333333333,0.20689655172413793,0.0,1.6896551724137931
2023,7,19790,DL,11697,12953,FLL,LGA,122,4,0,0,118,0,45,21,2202.0,0.03278688524590164,0.0,0.3813559322033898,0.17796610169491525,18.661016949152543
2023,7,19790,DL,11697,13487,FLL,MSP,40,0,0,0,40,0,10,3,9.0,0.0,0.0,0.25,0.075,0.225
2023,7,19790,DL,11697,14747,FLL,SEA,31,0,0,0,31,0,11,4,315.0,0.0,0.0,0.3548387096774194,0.12903225806451613,10.161290322580646
2023,7,19790,DL,11697,14869,FLL,SLC,31,0,0,0,31,0,1,0,-569.0,0.0,0.0,0.03225806451612903,0.0,-18.35483870967742
2023,7,19790,DL,12173,10397,HNL,ATL,31,0,0,0,31,0,6,3,478.0,0.0,0.0,0.1935483870967742,0.0967741935483871,15.419354838709678
2023,7,19790,DL,12173,11433,HNL,DTW,22,0,0,0,22,0,3,1,3.0,0.0,0.0,0.13636363636363635,0.045454545454545456,0.13636363636363635
2023,7,19790,DL,12173,12478,HNL,JFK,23,0,1,0,22,0,1,0,-721.0,0.0,0.043478260869565216,0.045454545454545456,0.0,-32.77272727272727
2023,7,19790,DL,12173,12892,HNL,LAX,93,3,0,0,90,0,6,3,-584.0,0.03225806451612903,0.0,0.06666666666666667,0.03333333333333333,-6.488888888888889
2023,7,19790,DL,12173,13487,HNL,MSP,31,0,0,0,31,0,3,1,-380.0,0.0,0.0,0.0967741935483871,0.03225806451612903,-12.258064516129032
2023,7,19790,DL,12173,14747,HNL,SEA,62,0,0,0,62,0,3,2,-1030.0,0.0,0.0,0.04838709677419355,0.03225806451612903,-16.612903225806452
2023,7,19790,DL,12173,14869,HNL,SLC,31,0,0,0,31,0,5,1,-300.0,0.0,0.0,0.16129032258064516,0.03225806451612903,-9.67741935483871
2023,7,19790,DL,12266,10397,IAH,ATL,207,2,1,0,204,0,37,15,1103.0,0.00966183574879227,0.004830917874396135,0.18137254901960784,0.07352941176470588,5.4068627450980395
2023,7,19790,DL,12266,11433,IAH,DTW,114,5,0,0,109,0,33,17,3948.0,0.043859649122807015,0.0,0.30275229357798167,0.1559633027522936,36.22018348623853
2023,7,19790,DL,12266,12892,IAH,LAX,62,2,0,0,60,0,4,2,-637.0,0.03225806451612903,0.0,0.06666666666666667,0.03333333333333333,-10.616666666666667
2023,7,19790,DL,12266,12953,IAH,LGA,101,4,2,0,95,0,27,13,1139.0,0.039603960396039604,0.019801980198019802,0.28421052631578947,0.1368421052631579,11.989473684210527
2023,7,19790,DL,12266,13487,IAH,MSP,114,2,0,0,112,0,24,14,2990.0,0.017543859649122806,0.0,0.21428571428571427,0.125,26.696428571428573
2023,7,19790,DL,12266,14869,IAH,SLC,90,1,0,0,89,0,14,5,860.0,0.011111111111111112,0.0,0.15730337078651685,0.056179775280898875,9.662921348314606
2023,7,19790,DL,12478,10397,JFK,ATL,223,2,0,0,221,0,59,31,2050.0,0.008968609865470852,0.0,0.2669683257918552,0.14027149321266968,9.276018099547512
2023,7,19790,DL,12478,10721,JFK,BOS,31,1,0,0,30,0,13,6,904.0,0.03225806451612903,0.0,0.43333333333333335,0.2,30.133333333333333
2023,7,19790,DL,12478,11292,JFK,DEN,91,4,1,0,86,0,29,14,2407.0,0.04395604395604396,0.01098901098901099,0.3372093023255814,0.16279069767441862,27.988372093023255
2023,7,19790,DL,12478,11298,JFK,DFW,62,3,0,0,59,0,30,20,3302.0,0.04838709677419355,0.0,0.5084745762711864,0.3389830508474576,55.96610169491525
2023,7,19790,DL,12478,11433,JFK,DTW,31,2,0,0,29,0,6,4,1018.0,0.06451612903225806,0.0,0.20689655172413793,0.13793103448275862,35.10344827586207
2023,7,19790,DL,12478,11697,JFK,FLL,124,4,0,0,120,0,42,16,2529.0,0.03225806451612903,0.0,0.35,0.13333333333333333,21.075
2023,7,19790,DL,12478,12173,JFK,HNL,23,0,0,0,23,0,5,1,-248.0,0.0,0.0,0.21739130434782608,0.043478260869565216,-10.782608695652174
2023,7,19790,DL,12478,12889,JFK,LAS,124,3,0,0,121,0,33,15,2011.0,0.024193548387096774,0.0,0.2727272727272727,0.12396694214876033,16.619834710743802
2023,7,19790,DL,12478,12892,JFK,LAX,289,3,0,0,286,0,102,34,4651.0,0.010380622837370242,0.0,0.35664335664335667,0.11888111888111888,16.262237762237763
2023,7,19790,DL,12478,13204,JFK,MCO,155,2,2,0,151,0,50,31,3344.0,0.012903225806451613,0.012903225806451613,0.33112582781456956,0.2052980132450331,22.14569536423841
2023,7,19790,DL,12478,13303,JFK,MIA,124,2,0,0,122,0,45,17,3016.0,0.016129032258064516,0.0,0.36885245901639346,0.13934426229508196,24.721311475409838
2023,7,19790,DL,12478,13487,JFK,MSP,62,2,0,0,60,0,18,8,1227.0,0.03225806451612903,0.0,0.3,0.13333333333333333,20.45
2023,7,19790,DL,12478,14107,JFK,PHX,62,2,0,0,60,0,10,3,-339.0,0.03225806451612903,0.0,0.16666666666666666,0.05,-5.65
2023,7,19790,DL,12478,14635,JFK,RSW,31,0,0,0,31,0,4,1,-120.0,0.0,0.0,0.12903225806451613,0.03225806451612903,-3.870967741935484
2023,7,19790,DL,12478,14679,JFK,SAN,90,1,0,0,89,0,20,10,805.0,0.011111111111111112,0.0,0.2247191011235955,0.11235955056179775,9.044943820224718
2023,7,19790,DL,12478,14747,JFK,SEA,124,3,1,0,120,0,40,18,1484.0,0.024193548387096774,0.008064516129032258,0.3333333333333333,0.15,12.366666666666667
2023,7,19790,DL,12478,14771,JFK,SFO,201,4,0,0,197,0,48,21,1051.0,0.01990049751243781,0.0,0.2436548223350254,0.1065989847715736,5.33502538071066
2023,7,19790,DL,12478,14869,JFK,SLC,124,3,2,0,119,0,26,10,227.0,0.024193548387096774,0.016129032258064516,0.2184873949579832,0.08403361344537816,1.9075630252100841
2023,7,19790,DL,12478,15304,JFK,TPA,93,0,1,0,92,0,28,17,1648.0,0.0,0.010752688172043012,0.30434782608695654,0.18478260869565216,17.91304347826087
2023,7,19790,DL,12889,10397,LAS,ATL,259,8,11,0,240,0,73,31,5849.0,0.03088803088803089,0.04247104247104247,0.30416666666666664,0.12916666666666668,24.370833333333334
2023,7,19790,DL,12889,10721,LAS,BOS,44,0,2,0,42,0,22,11,1702.0,0.0,0.045454545454545456,0.5238095238095238,0.2619047619047619,40.523809523809526
2023,7,19790,DL,12889,11433,LAS,DTW,178,4,2,0,172,0,44,19,2486.0,0.02247191011235955,0.011235955056179775,0.2558139534883721,0.11046511627906977,14.453488372093023
2023,7,19790,DL,12889,12478,LAS,JFK,124,4,3,0,117,0,39,14,1519.0,0.03225806451612903,0.024193548387096774,0.3333333333333333,0.11965811965811966,12.982905982905983
2023,7,19790,DL,12889,12892,LAS,LAX,149,4,0,0,145,0,30,15,6449.0,0.026845637583892617,0.0,0.20689655172413793,0.10344827586206896,44.47586206896552
2023,7,19790,DL,12889,13487,LAS,MSP,205,3,1,0,201,0,41,11,2257.0,0.014634146341463415,0.004878048780487805,0.20398009950248755,0.05472636815920398,11.228855721393035
2023,7,19790,DL,12889,14747,LAS,SEA,152,0,0,0,152,0,34,12,1387.0,0.0,0.0,0.2236842105263158,0.07894736842105263,9.125
2023,7,19790,DL,12889,14869,LAS,SLC,149,5,0,0,144,0,26,8,807.0,0.03355704697986577,0.0,0.18055555555555555,0.05555555555555555,5.604166666666667
2023,7,19790,DL,12892,10397,LAX,ATL,368,3,2,0,363,0,93,32,6787.0,0.008152173913043478,0.005434782608695652,0.256198347107438,0.0881542699724518,18.696969696969695
2023,7,19790,DL,12892,10721,LAX,BOS,118,0,1,0,117,0,21,12,400.0,0.0,0.00847457627118644,0.1794871794871795,0.10256410256410256,3.4188034188034186
2023,7,19790,DL,12892,11278,LAX,DCA,31,0,0,0,31,0,5,1,-328.0,0.0,0.0,0.16129032258064516,0.03225806451612903,-10.580645161290322
2023,7,19790,DL,12892,11292,LAX,DEN,93,0,1,0,92,0,41,26,3263.0,0.0,0.010752688172043012,0.44565217391304346,0.2826086956521739,35.46739130434783
2023,7,19790,DL,12892,11298,LAX,DFW,62,2,0,0,60,0,13,4,524.0,0.03225806451612903,0.0,0.21666666666666667,0.06666666666666667,8.733333333333333
2023,7,19790,DL,12892,11433,LAX,DTW,198,3,1,0,194,0,41,12,657.0,0.015151515151515152,0.005050505050505051,0.211340206185567,0.061855670103092786,3.38659793814433
2023,7,19790,DL,12892,11697,LAX,FLL,30,0,0,0,30,0,1,0,-420.0,0.0,0.0,0.03333333333333333,0.0,-14.0
2023,7,19790,DL,12892,12173,LAX,HNL,93,1,0,0,92,0,16,2,-162.0,0.010752688172043012,0.0,0.17391304347826086,0.021739130434782608,-1.7608695652173914
2023,7,19790,DL,12892,12266,LAX,IAH,62,2,0,0,60,0,11,6,1608.0,0.03225806451612903,0.0,0.18333333333333332,0.1,26.8
2023,7,19790,DL,12892,12478,LAX,JFK,290,4,2,0,284,0,94,36,6936.0,0.013793103448275862,0.006896551724137931,0.33098591549295775,0.1267605633802817,24.422535211267604
2023,7,19790,DL,12892,12889,LAX,LAS,150,3,0,0,147,0,27,7,901.0,0.02,0.0,0.1836734693877551,0.047619047619047616,6.129251700680272
2023,7,19790,DL,12892,13204,LAX,MCO,121,1,1,0,119,0,29,7,492.0,0.008264462809917356,0.008264462809917356,0.24369747899159663,0.058823529411764705,4.1344537815126055
2023,7,19790,DL,12892,13303,LAX,MIA,31,0,1,0,30,0,9,1,73.0,0.0,0.03225806451612903,0.3,0.03333333333333333,2.433333333333333
2023,7,19790,DL,12892,13487,LAX,MSP,230,2,0,0,228,0,38,15,1097.0,0.008695652173913044,0.0,0.16666666666666666,0.06578947368421052,4.81140350877193
2023,7,19790,DL,12892,14747,LAX,SEA,207,0,0,0,207,0,30,9,-280.0,0.0,0.0,0.14492753623188406,0.043478260869565216,-1.3526570048309179
2023,7,19790,DL,12892,14771,LAX,SFO,199,1,0,0,198,0,37,12,1228.0,0.005025125628140704,0.0,0.18686868686868688,0.06060606060606061,6.202020202020202
2023,7,19790,DL,12892,14869,LAX,SLC,214,1,0,0,213,0,27,12,-72.0,0.004672897196261682,0.0,0.1267605633802817,0.056338028169014086,-0.3380281690140845
2023,7,19790,DL,12892,15304,LAX,TPA,59,0,0,0,59,0,6,1,-171.0,0.0,0.0,0.1016949152542373,0.01694915254237288,-2.8983050847457625
2023,7,19790,DL,12953,10397,LGA,ATL,356,10,1,0,345,0,90,50,4224.0,0.028089887640449437,0.0028089887640449437,0.2608695652173913,0.14492753623188406,12.243478260869566
2023,7,19790,DL,12953,10721,LGA,BOS,63,3,0,0,60,0,30,21,2914.0,0.047619047619047616,0.0,0.5,0.35,48.56666666666667
2023,7,19790,DL,12953,11292,LGA,DEN,75,4,5,0,66,0,17,8,1285.0,0.05333333333333334,0.06666666666666667,0.25757575757575757,0.12121212121212122,19.46969696969697
2023,7,19790,DL,12953,11298,LGA,DFW,129,5,0,0,124,0,39,23,2281.0,0.03875968992248062,0.0,0.31451612903225806,0.18548387096774194,18.39516129032258
2023,7,19790,DL,12953,11433,LGA,DTW,173,10,0,0,163,0,48,28,2712.0,0.057803468208092484,0.0,0.294478527607362,0.17177914110429449,16.63803680981595
2023,7,19790,DL,12953,11697,LGA,FLL,122,4,2,0,116,0,39,18,1724.0,0.03278688524590164,0.01639344262295082,0.33620689655172414,0.15517241379310345,14.862068965517242
2023,7,19790,DL,12953,12266,LGA,IAH,101,4,1,0,96,0,32,15,1396.0,0.039603960396039604,0.009900990099009901,0.3333333333333333,0.15625,14.541666666666666
2023,7,19790,DL,12953,13204,LGA,MCO,153,5,1,0,147,0,67,29,4716.0,0.032679738562091505,0.006535947712418301,0.4557823129251701,0.19727891156462585,32.08163265306123
2023,7,19790,DL,12953,13303,LGA,MIA,119,7,1,0,111,0,44,14,2282.0,0.058823529411764705,0.008403361344537815,0.3963963963963964,0.12612612612612611,20.55855855855856
2023,7,19790,DL,12953,13487,LGA,MSP,143,7,0,0,136,0,28,13,409.0,0.04895104895104895,0.0,0.20588235294117646,0.09558823529411764,3.0073529411764706
2023,7,19790,DL,12953,13930,LGA,ORD,198,14,3,0,181,0,63,33,3038.0,0.0707070707070707,0.015151515151515152,0.34806629834254144,0.18232044198895028,16.784530386740332
2023,7,19790,DL,12953,14635,LGA,RSW,62,2,0,0,60,0,17,8,583.0,0.03225806451612903,0.0,0.2833333333333333,0.13333333333333333,9.716666666666667
2023,7,19790,DL,12953,14869,LGA,SLC,5,1,0,0,4,0,1,1,33.0,0.2,0.0,0.25,0.25,8.25
2023,7,19790,DL,12953,15304,LGA,TPA,122,5,1,0,116,0,50,32,5012.0,0.040983606557377046,0.00819672131147541,0.43103448275862066,0.27586206896551724,43.206896551724135
2023,7,19790,DL,13204,10397,MCO,ATL,470,1,1,0,468,0,183,116,19835.0,0.002127659574468085,0.002127659574468085,0.391025641025641,0.24786324786324787,42.38247863247863
2023,7,19790,DL,13204,10721,MCO,BOS,93,3,1,0,89,0,38,19,2546.0,0.03225806451612903,0.010752688172043012,0.42696629213483145,0.21348314606741572,28.60674157303371
2023,7,19790,DL,13204,11433,MCO,DTW,187,1,0,0,186,0,70,36,5000.0,0.0053475935828877,0.0,0.3763440860215054,0.1935483870967742,26.881720430107528
2023,7,19790,DL,13204,12478,MCO,JFK,155,2,0,0,153,0,55,34,3136.0,0.012903225806451613,0.0,0.35947712418300654,0.2222222222222222,20.49673202614379
2023,7,19790,DL,13204,12892,MCO,LAX,121,1,1,0,119,0,27,12,2348.0,0.008264462809917356,0.008264462809917356,0.226890756302521,0.10084033613445378,19.73109243697479
2023,7,19790,DL,13204,12953,MCO,LGA,153,6,2,0,145,0,70,35,4565.0,0.0392156862745098,0.013071895424836602,0.4827586206896552,0.2413793103448276,31.482758620689655
2023,7,19790,DL,13204,13303,MCO,MIA,93,6,0,0,87,0,33,23,2819.0,0.06451612903225806,0.0,0.3793103448275862,0.26436781609195403,32.40229885057471
2023,7,19790,DL,13204,13487,MCO,MSP,153,1,0,0,152,0,67,41,4763.0,0.006535947712418301,0.0,0.4407894736842105,0.26973684210526316,31.335526315789473
2023,7,19790,DL,13204,14747,MCO,SEA,61,1,0,0,60,0,27,12,1350.0,0.01639344262295082,0.0,0.45,0.2,22.5
2023,7,19790,DL,13204,14869,MCO,SLC,121,4,0,0,117,0,41,20,2447.0,0.03305785123966942,0.0,0.3504273504273504,0.17094017094017094,20.914529914529915
2023,7,19790,DL,13232,10397,MDW,ATL,114,4,0,0,110,0,41,17,2796.0,0.03508771929824561,0.0,0.37272727272727274,0.15454545454545454,25.418181818181818
2023,7,19790,DL,13232,13487,MDW,MSP,9,0,0,0,9,0,0,0,-237.0,0.0,0.0,0.0,0.0,-26.333333333333332
2023,7,19790,DL,13303,10397,MIA,ATL,262,4,2,0,256,0,94,45,6306.0,0.015267175572519083,0.007633587786259542,0.3671875,0.17578125,24.6328125
2023,7,19790,DL,13303,10721,MIA,BOS,61,1,0,0,60,0,31,16,3305.0,0.01639344262295082,0.0,0.5166666666666667,0.26666666666666666,55.083333333333336
2023,7,19790,DL,13303,11433,MIA,DTW,68,1,1,0,66,0,26,9,1402.0,0.014705882352941176,0.014705882352941176,0.3939393939393939,0.13636363636363635,21.242424242424242
2023,7,19790,DL,13303,12478,MIA,JFK,124,2,0,0,122,0,51,30,6174.0,0.016129032258064516,0.0,0.4180327868852459,0.2459016393442623,50.60655737704918
2023,7,19790,DL,13303,12892,MIA,LAX,31,0,0,0,31,0,3,2,-235.0,0.0,0.0,0.0967741935483871,0.06451612903225806,-7.580645161290323
2023,7,19790,DL,13303,12953,MIA,LGA,119,7,0,0,112,0,44,23,2803.0,0.058823529411764705,0.0,0.39285714285714285,0.20535714285714285,25.026785714285715
2023,7,19790,DL,13303,13204,MIA,MCO,93,6,0,0,87,0,36,20,2947.0,0.06451612903225806,0.0,0.41379310344827586,0.22988505747126436,33.87356321839081
2023,7,19790,DL,13303,13487,MIA,MSP,61,0,0,0,61,0,14,9,959.0,0.0,0.0,0.22950819672131148,0.14754098360655737,15.721311475409836
2023,7,19790,DL,13303,14869,MIA,SLC,31,0,0,0,31,0,12,8,1051.0,0.0,0.0,0.3870967741935484,0.25806451612903225,33.903225806451616
2023,7,19790,DL,13487,10397,MSP,ATL,273,1,0,0,272,0,43,8,4.0,0.003663003663003663,0.0,0.15808823529411764,0.029411764705882353,0.014705882352941176
2023,7,19790,DL,13487,10721,MSP,BOS,173,4,4,0,165,0,50,16,1415.0,0.023121387283236993,0.023121387283236993,0.30303030303030304,0.09696969696969697,8.575757575757576
2023,7,19790,DL,13487,10821,MSP,BWI,91,1,1,0,89,0,19,7,312.0,0.01098901098901099,0.01098901098901099,0.21348314606741572,0.07865168539325842,3.50561797752809
2023,7,19790,DL,13487,11278,MSP,DCA,155,0,2,0,153,0,34,8,592.0,0.0,0.012903225806451613,0.2222222222222222,0.05228758169934641,3.869281045751634
2023,7,19790,DL,13487,11292,MSP,DEN,177,0,0,0,177,0,41,25,2738.0,0.0,0.0,0.23163841807909605,0.14124293785310735,15.468926553672317
2023,7,19790,DL,13487,11298,MSP,DFW,120,4,0,0,116,0,25,5,623.0,0.03333333333333333,0.0,0.21551724137931033,0.04310344827586207,5.370689655172414
2023,7,19790,DL,13487,11433,MSP,DTW,176,1,0,0,175,0,30,6,294.0,0.005681818181818182,0.0,0.17142857142857143,0.03428571428571429,1.68
2023,7,19790,DL,13487,11618,MSP,EWR,115,4,2,0,109,0,27,12,792.0,0.034782608695652174,0.017391304347826087,0.24770642201834864,0.11009174311926606,7.26605504587156
2023,7,19790,DL,13487,11697,MSP,FLL,39,0,0,0,39,0,8,1,87.0,0.0,0.0,0.20512820512820512,0.02564102564102564,2.230769230769231
2023,7,19790,DL,13487,12173,MSP,HNL,31,0,0,0,31,0,6,3,331.0,0.0,0.0,0.1935483870967742,0.0967741935483871,10.67741935483871
2023,7,19790,DL,13487,12266,MSP,IAH,114,1,0,0,113,0,20,8,1299.0,0.008771929824561403,0.0,0.17699115044247787,0.07079646017699115,11.495575221238939
2023,7,19790,DL,13487,12478,MSP,JFK,62,2,1,0,59,0,17,6,494.0,0.03225806451612903,0.016129032258064516,0.288135593220339,0.1016949152542373,8.372881355932204
2023,7,19790,DL,13487,12889,MSP,LAS,205,3,0,0,202,0,33,4,-125.0,0.014634146341463415,0.0,0.16336633663366337,0.019801980198019802,-0.6188118811881188
2023,7,19790,DL,13487,12892,MSP,LAX,231,2,0,0,229,0,42,10,447.0,0.008658008658008658,0.0,0.18340611353711792,0.043668122270742356,1.9519650655021834
2023,7,19790,DL,13487,12953,MSP,LGA,144,7,0,0,137,0,34,14,889.0,0.04861111111111111,0.0,0.24817518248175183,0.10218978102189781,6.489051094890511
2023,7,19790,DL,13487,13204,MSP,MCO,153,1,0,0,152,0,37,11,1098.0,0.006535947712418301,0.0,0.24342105263157895,0.07236842105263158,7.223684210526316
2023,7,19790,DL,13487,13232,MSP,MDW,8,0,0,0,8,0,2,1,118.0,0.0,0.0,0.25,0.125,14.75
2023,7,19790,DL,13487,13303,MSP,MIA,61,0,0,0,61,0,17,3,527.0,0.0,0.0,0.2786885245901639,0.04918032786885246,8.639344262295081
2023,7,19790,DL,13487,13930,MSP,ORD,172,5,0,0,167,0,42,12,1225.0,0.029069767441860465,0.0,0.25149700598802394,0.0718562874251497,7.335329341317365
2023,7,19790,DL,13487,14100,MSP,PHL,114,4,1,0,109,0,27,7,538.0,0.03508771929824561,0.008771929824561403,0.24770642201834864,0.06422018348623854,4.935779816513762
2023,7,19790,DL,13487,14107,MSP,PHX,181,5,0,0,176,0,40,8,652.0,0.027624309392265192,0.0,0.22727272727272727,0.045454545454545456,3.7045454545454546
2023,7,19790,DL,13487,14635,MSP,RSW,62,1,1,0,60,0,9,1,-195.0,0.016129032258064516,0.016129032258064516,0.15,0.016666666666666666,-3.25
2023,7,19790,DL,13487,14679,MSP,SAN,123,0,0,0,123,0,22,6,78.0,0.0,0.0,0.17886178861788618,0.04878048780487805,0.6341463414634146
2023,7,19790,DL,13487,14747,MSP,SEA,170,0,1,0,169,0,34,5,296.0,0.0,0.0058823529411764705,0.20118343195266272,0.029585798816568046,1.7514792899408285
2023,7,19790,DL,13487,14771,MSP,SFO,166,3,0,0,163,0,33,13,1383.0,0.018072289156626505,0.0,0.20245398773006135,0.07975460122699386,8.484662576687116
2023,7,19790,DL,13487,14869,MSP,SLC,145,0,0,0,145,0,27,7,594.0,0.0,0.0,0.18620689655172415,0.04827586206896552,4.096551724137931
2023,7,19790,DL,13487,15016,MSP,STL,114,0,0,0,114,0,31,13,1368.0,0.0,0.0,0.2719298245614035,0.11403508771929824,12.0
2023,7,19790,DL,13487,15304,MSP,TPA,92,0,0,0,92,0,8,3,-275.0,0.0,0.0,0.08695652173913043,0.03260869565217391,-2.989130434782609
2023,7,19790,DL,13796,14869,OAK,SLC,31,0,0,0,31,0,3,3,249.0,0.0,0.0,0.0967741935483871,0.0967741935483871,8.03225806451613
2023,7,19790,DL,13930,10397,ORD,ATL,206,4,2,0,200,0,76,30,6807.0,0.019417475728155338,0.009708737864077669,0.38,0.15,34.035
2023,7,19790,DL,13930,10721,ORD,BOS,74,5,1,0,68,0,31,12,1684.0,0.06756756756756757,0.013513513513513514,0.45588235294117646,0.17647058823529413,24.764705882352942
2023,7,19790,DL,13930,11433,ORD,DTW,167,2,1,0,164,0,33,16,1150.0,0.011976047904191617,0.005988023952095809,0.20121951219512196,0.0975609756097561,7.012195121951219
2023,7,19790,DL,13930,12953,ORD,LGA,198,14,2,0,182,0,47,24,2062.0,0.0707070707070707,0.010101010101010102,0.25824175824175827,0.13186813186813187,11.32967032967033
2023,7,19790,DL,13930,13487,ORD,MSP,172,5,0,0,167,0,39,18,1709.0,0.029069767441860465,0.0,0.23353293413173654,0.10778443113772455,10.233532934131736
2023,7,19790,DL,13930,14747,ORD,SEA,90,2,0,0,88,0,22,10,1631.0,0.022222222222222223,0.0,0.25,0.11363636363636363,18.53409090909091
2023,7,19790,DL,13930,14869,ORD,SLC,91,5,0,0,86,0,24,11,1484.0,0.054945054945054944,0.0,0.27906976744186046,0.12790697674418605,17.25581395348837
2023,7,19790,DL,14100,10397,PHL,ATL,248,1,1,0,246,0,62,14,1488.0,0.004032258064516129,0.004032258064516129,0.25203252032520324,0.056910569105691054,6.048780487804878
2023,7,19790,DL,14100,11433,PHL,DTW,144,4,0,0,140,0,20,8,1779.0,0.027777777777777776,0.0,0.14285714285714285,0.05714285714285714,12.707142857142857
2023,7,19790,DL,14100,13487,PHL,MSP,114,4,0,0,110,0,29,15,1600.0,0.03508771929824561,0.0,0.2636363636363636,0.13636363636363635,14.545454545454545
2023,7,19790,DL,14100,14869,PHL,SLC,54,0,0,0,54,0,25,8,1650.0,0.0,0.0,0.46296296296296297,0.14814814814814814,30.555555555555557
2023,7,19790,DL,14107,10397,PHX,ATL,178,2,2,0,174,0,34,14,1883.0,0.011235955056179775,0.011235955056179775,0.19540229885057472,0.08045977011494253,10.82183908045977
2023,7,19790,DL,14107,10721,PHX,BOS,31,1,0,0,30,0,3,0,-526.0,0.03225806451612903,0.0,0.1,0.0,-17.533333333333335
2023,7,19790,DL,14107,11433,PHX,DTW,120,2,0,0,118,0,19,10,1513.0,0.016666666666666666,0.0,0.16101694915254236,0.0847457627118644,12.822033898305085
2023,7,19790,DL,14107,12478,PHX,JFK,62,2,1,0,59,0,16,6,342.0,0.03225806451612903,0.016129032258064516,0.2711864406779661,0.1016949152542373,5.796610169491525
2023,7,19790,DL,14107,13487,PHX,MSP,181,5,0,0,176,0,29,3,-406.0,0.027624309392265192,0.0,0.16477272727272727,0.017045454545454544,-2.3068181818181817
2023,7,19790,DL,14107,14747,PHX,SEA,149,2,0,0,147,0,21,11,654.0,0.013422818791946308,0.0,0.14285714285714285,0.07482993197278912,4.448979591836735
2023,7,19790,DL,14107,14869,PHX,SLC,149,1,0,0,148,0,34,15,1603.0,0.006711409395973154,0.0,0.22972972972972974,0.10135135135135136,10.83108108108108
2023,7,19790,DL,14635,10397,RSW,ATL,215,2,0,0,213,0,35,15,1007.0,0.009302325581395349,0.0,0.1643192488262911,0.07042253521126761,4.727699530516432
2023,7,19790,DL,14635,10721,RSW,BOS,31,1,0,0,30,0,5,2,-211.0,0.03225806451612903,0.0,0.16666666666666666,0.06666666666666667,-7.033333333333333
2023,7,19790,DL,14635,11433,RSW,DTW,62,0,0,0,62,0,12,4,148.0,0.0,0.0,0.1935483870967742,0.06451612903225806,2.3870967741935485
2023,7,19790,DL,14635,12478,RSW,JFK,31,0,0,0,31,0,16,9,1193.0,0.0,0.0,0.5161290322580645,0.2903225806451613,38.483870967741936
2023,7,19790,DL,14635,12953,RSW,LGA,62,2,0,0,60,0,11,6,-79.0,0.03225806451612903,0.0,0.18333333333333332,0.1,-1.3166666666666667
2023,7,19790,DL,14635,13487,RSW,MSP,62,1,0,0,61,0,5,2,-326.0,0.016129032258064516,0.0,0.08196721311475409,0.03278688524590164,-5.344262295081967
2023,7,19790,DL,14679,10397,SAN,ATL,199,4,0,0,195,0,35,11,899.0,0.020100502512562814,0.0,0.1794871794871795,0.05641025641025641,4.61025641025641
2023,7,19790,DL,14679,10721,SAN,BOS,31,0,0,0,31,0,4,1,263.0,0.0,0.0,0.12903225806451613,0.03225806451612903,8.483870967741936
2023,7,19790,DL,14679,11433,SAN,DTW,121,1,1,0,119,0,22,6,315.0,0.008264462809917356,0.008264462809917356,0.18487394957983194,0.05042016806722689,2.6470588235294117
2023,7,19790,DL,14679,12478,SAN,JFK,90,1,2,0,87,0,21,6,-201.0,0.011111111111111112,0.022222222222222223,0.2413793103448276,0.06896551724137931,-2.310344827586207
2023,7,19790,DL,14679,13487,SAN,MSP,123,0,0,0,123,0,17,5,-134.0,0.0,0.0,0.13821138211382114,0.04065040650406504,-1.089430894308943
2023,7,19790,DL,14679,14747,SAN,SEA,149,0,0,0,149,0,18,6,-553.0,0.0,0.0,0.12080536912751678,0.040268456375838924,-3.7114093959731544
2023,7,19790,DL,14679,14869,SAN,SLC,150,0,0,0,150,0,28,9,2689.0,0.0,0.0,0.18666666666666668,0.06,17.926666666666666
2023,7,19790,DL,14747,10397,SEA,ATL,248,2,2,0,244,0,47,16,1487.0,0.008064516129032258,0.008064516129032258,0.19262295081967212,0.06557377049180328,6.094262295081967
2023,7,19790,DL,14747,10721,SEA,BOS,92,3,0,0,89,0,15,8,17.0,0.03260869565217391,0.0,0.16853932584269662,0.0898876404494382,0.19101123595505617
2023,7,19790,DL,14747,11292,SEA,DEN,93,2,2,0,89,0,29,13,1870.0,0.021505376344086023,0.021505376344086023,0.3258426966292135,0.14606741573033707,21.01123595505618
2023,7,19790,DL,14747,11433,SEA,DTW,175,0,0,0,175,0,18,6,-1328.0,0.0,0.0,0.10285714285714286,0.03428571428571429,-7.588571428571429
2023,7,19790,DL,14747,11697,SEA,FLL,31,0,0,0,31,0,1,0,-650.0,0.0,0.0,0.03225806451612903,0.0,-20.967741935483872
2023,7,19790,DL,14747,12173,SEA,HNL,62,0,1,0,61,0,8,3,161.0,0.0,0.016129032258064516,0.13114754098360656,0.04918032786885246,2.639344262295082
2023,7,19790,DL,14747,12478,SEA,JFK,124,3,3,0,118,0,23,7,567.0,0.024193548387096774,0.024193548387096774,0.19491525423728814,0.059322033898305086,4.805084745762712
2023,7,19790,DL,14747,12889,SEA,LAS,152,0,0,0,152,0,31,10,630.0,0.0,0.0,0.20394736842105263,0.06578947368421052,4.144736842105263
2023,7,19790,DL,14747,12892,SEA,LAX,207,0,0,0,207,0,36,7,442.0,0.0,0.0,0.17391304347826086,0.033816425120772944,2.135265700483092
2023,7,19790,DL,14747,13204,SEA,MCO,61,1,1,0,59,0,11,1,-340.0,0.01639344262295082,0.01639344262295082,0.1864406779661017,0.01694915254237288,-5.762711864406779
2023,7,19790,DL,14747,13487,SEA,MSP,170,0,0,0,170,0,26,10,338.0,0.0,0.0,0.15294117647058825,0.058823529411764705,1.988235294117647
2023,7,19790,DL,14747,13930,SEA,ORD,90,1,1,0,88,0,15,5,14.0,0.011111111111111112,0.011111111111111112,0.17045454545454544,0.056818181818181816,0.1590909090909091
2023,7,19790,DL,14747,14107,SEA,PHX,149,1,0,0,148,0,27,12,789.0,0.006711409395973154,0.0,0.18243243243243243,0.08108108108108109,5.331081081081081
2023,7,19790,DL,14747,14679,SEA,SAN,149,0,1,0,148,0,24,8,50.0,0.0,0.006711409395973154,0.16216216216216217,0.05405405405405406,0.33783783783783783
2023,7,19790,DL,14747,14771,SEA,SFO,150,1,0,0,149,0,42,12,1899.0,0.006666666666666667,0.0,0.28187919463087246,0.08053691275167785,12.74496644295302
2023,7,19790,DL,14747,14869,SEA,SLC,198,1,0,0,197,0,33,4,592.0,0.005050505050505051,0.0,0.16751269035532995,0.02030456852791878,3.00507614213198
2023,7,19790,DL,14747,15304,SEA,TPA,31,0,0,0,31,0,4,0,-292.0,0.0,0.0,0.12903225806451613,0.0,-9.419354838709678
2023,7,19790,DL,14771,10397,SFO,ATL,222,0,0,0,222,0,50,13,314.0,0.0,0.0,0.22522522522522523,0.05855855855855856,1.4144144144144144
2023,7,19790,DL,14771,10721,SFO,BOS,60,1,1,0,58,0,17,8,519.0,0.016666666666666666,0.016666666666666666,0.29310344827586204,0.13793103448275862,8.948275862068966
2023,7,19790,DL,14771,11433,SFO,DTW,132,1,0,0,131,0,19,7,425.0,0.007575757575757576,0.0,0.1450381679389313,0.05343511450381679,3.2442748091603053
2023,7,19790,DL,14771,12478,SFO,JFK,201,4,3,0,194,0,29,7,-2134.0,0.01990049751243781,0.014925373134328358,0.14948453608247422,0.03608247422680412,-11.0
2023,7,19790,DL,14771,12892,SFO,LAX,199,2,0,0,197,0,21,9,676.0,0.010050251256281407,0.0,0.1065989847715736,0.04568527918781726,3.431472081218274
2023,7,19790,DL,14771,13487,SFO,MSP,166,3,0,0,163,0,26,8,312.0,0.018072289156626505,0.0,0.15950920245398773,0.049079754601226995,1.9141104294478528
2023,7,19790,DL,14771,14747,SFO,SEA,150,1,0,0,149,0,24,13,496.0,0.006666666666666667,0.0,0.1610738255033557,0.087248322147651,3.3288590604026846
2023,7,19790,DL,14771,14869,SFO,SLC,150,1,0,0,149,0,14,4,-692.0,0.006666666666666667,0.0,0.09395973154362416,0.026845637583892617,-4.644295302013423
2023,7,19790,DL,14869,10397,SLC,ATL,280,4,2,0,274,0,55,18,869.0,0.014285714285714285,0.007142857142857143,0.20072992700729927,0.06569343065693431,3.1715328467153285
2023,7,19790,DL,14869,10721,SLC,BOS,107,1,1,0,105,0,22,10,368.0,0.009345794392523364,0.009345794392523364,0.20952380952380953,0.09523809523809523,3.5047619047619047
2023,7,19790,DL,14869,10821,SLC,BWI,31,0,0,0,31,0,9,1,339.0,0.0,0.0,0.2903225806451613,0.03225806451612903,10.935483870967742
2023,7,19790,DL,14869,11278,SLC,DCA,31,0,0,0,31,0,4,1,-175.0,0.0,0.0,0.12903225806451613,0.03225806451612903,-5.645161290322581
2023,7,19790,DL,14869,11292,SLC,DEN,147,1,0,0,146,0,58,20,3027.0,0.006802721088435374,0.0,0.3972602739726027,0.136986301369863,20.732876712328768
2023,7,19790,DL,14869,11298,SLC,DFW,127,3,0,0,124,0,27,12,697.0,0.023622047244094488,0.0,0.21774193548387097,0.0967741935483871,5.620967741935484
2023,7,19790,DL,14869,11433,SLC,DTW,148,1,1,0,146,0,21,7,-431.0,0.006756756756756757,0.006756756756756757,0.14383561643835616,0.04794520547945205,-2.952054794520548
2023,7,19790,DL,14869,11618,SLC,EWR,62,3,0,0,59,0,14,8,332.0,0.04838709677419355,0.0,0.23728813559322035,0.13559322033898305,5.627118644067797
2023,7,19790,DL,14869,11697,SLC,FLL,31,0,0,0,31,0,5,1,-16.0,0.0,0.0,0.16129032258064516,0.03225806451612903,-0.5161290322580645
2023,7,19790,DL,14869,12173,SLC,HNL,31,0,0,0,31,0,3,2,95.0,0.0,0.0,0.0967741935483871,0.06451612903225806,3.064516129032258
2023,7,19790,DL,14869,12266,SLC,IAH,90,1,0,0,89,0,21,9,894.0,0.011111111111111112,0.0,0.23595505617977527,0.10112359550561797,10.044943820224718
2023,7,19790,DL,14869,12478,SLC,JFK,124,2,2,0,120,0,26,11,1000.0,0.016129032258064516,0.016129032258064516,0.21666666666666667,0.09166666666666666,8.333333333333334
2023,7,19790,DL,14869,12889,SLC,LAS,149,4,0,0,145,0,46,13,1816.0,0.026845637583892617,0.0,0.31724137931034485,0.0896551724137931,12.524137931034483
2023,7,19790,DL,14869,12892,SLC,LAX,214,1,0,0,213,0,56,18,3302.0,0.004672897196261682,0.0,0.26291079812206575,0.08450704225352113,15.502347417840376
2023,7,19790,DL,14869,12953,SLC,LGA,5,0,0,0,5,0,0,0,-66.0,0.0,0.0,0.0,0.0,-13.2
2023,7,19790,DL,14869,13204,SLC,MCO,121,4,3,0,114,0,40,11,2168.0,0.03305785123966942,0.024793388429752067,0.3508771929824561,0.09649122807017543,19.017543859649123
2023,7,19790,DL,14869,13303,SLC,MIA,31,0,0,0,31,0,4,0,-178.0,0.0,0.0,0.12903225806451613,0.0,-5.741935483870968
2023,7,19790,DL,14869,13487,SLC,MSP,145,0,0,0,145,0,27,10,945.0,0.0,0.0,0.18620689655172415,0.06896551724137931,6.517241379310345
2023,7,19790,DL,14869,13796,SLC,OAK,31,0,0,0,31,0,7,1,390.0,0.0,0.0,0.22580645161290322,0.03225806451612903,12.580645161290322
2023,7,19790,DL,14869,13930,SLC,ORD,91,4,0,0,87,0,21,10,433.0,0.04395604395604396,0.0,0.2413793103448276,0.11494252873563218,4.977011494252873
2023,7,19790,DL,14869,14100,SLC,PHL,54,0,0,0,54,0,21,3,648.0,0.0,0.0,0.3888888888888889,0.05555555555555555,12.0
2023,7,19790,DL,14869,14107,SLC,PHX,149,0,1,0,148,0,47,19,2532.0,0.0,0.006711409395973154,0.31756756756756754,0.12837837837837837,17.10810810810811
2023,7,19790,DL,14869,14679,SLC,SAN,150,0,1,0,149,0,35,6,1135.0,0.0,0.006666666666666667,0.2348993288590604,0.040268456375838924,7.617449664429531
2023,7,19790,DL,14869,14747,SLC,SEA,198,1,0,0,197,0,42,10,1213.0,0.005050505050505051,0.0,0.2131979695431472,0.050761421319796954,6.157360406091371
2023,7,19790,DL,14869,14771,SLC,SFO,150,1,0,0,149,0,35,12,1590.0,0.006666666666666667,0.0,0.2348993288590604,0.08053691275167785,10.671140939597315
2023,7,19790,DL,14869,15016,SLC,STL,88,0,0,0,88,0,12,5,-249.0,0.0,0.0,0.13636363636363635,0.056818181818181816,-2.8295454545454546
2023,7,19790,DL,14869,15304,SLC,TPA,31,0,0,0,31,0,6,1,55.0,0.0,0.0,0.1935483870967742,0.03225806451612903,1.7741935483870968
2023,7,19790,DL,15016,10397,STL,ATL,198,2,0,0,196,0,39,10,810.0,0.010101010101010102,0.0,0.1989795918367347,0.05102040816326531,4.13265306122449
2023,7,19790,DL,15016,11433,STL,DTW,114,0,1,0,113,0,20,7,385.0,0.0,0.008771929824561403,0.17699115044247787,0.061946902654867256,3.4070796460176993
2023,7,19790,DL,15016,13487,STL,MSP,114,0,0,0,114,0,23,9,1548.0,0.0,0.0,0.20175438596491227,0.07894736842105263,13.578947368421053
2023,7,19790,DL,15016,14869,STL,SLC,88,0,0,0,88,0,6,2,-378.0,0.0,0.0,0.06818181818181818,0.022727272727272728,-4.295454545454546
2023,7,19790,DL,15304,10397,TPA,ATL,375,5,0,0,370,0,82,30,2744.0,0.013333333333333334,0.0,0.22162162162162163,0.08108108108108109,7.416216216216216
2023,7,19790,DL,15304,10721,TPA,BOS,92,1,0,0,91,0,30,11,1592.0,0.010869565217391304,0.0,0.32967032967032966,0.12087912087912088,17.494505494505493
2023,7,19790,DL,15304,11433,TPA,DTW,116,0,0,0,116,0,35,10,1156.0,0.0,0.0,0.3017241379310345,0.08620689655172414,9.96551724137931
2023,7,19790,DL,15304,12478,TPA,JFK,93,1,1,0,91,0,26,12,994.0,0.010752688172043012,0.010752688172043012,0.2857142857142857,0.13186813186813187,10.923076923076923
2023,7,19790,DL,15304,12892,TPA,LAX,59,0,0,0,59,0,11,0,-247.0,0.0,0.0,0.1864406779661017,0.0,-4.186440677966102
2023,7,19790,DL,15304,12953,TPA,LGA,122,5,5,0,112,0,45,26,3987.0,0.040983606557377046,0.040983606557377046,0.4017857142857143,0.23214285714285715,35.598214285714285
2023,7,19790,DL,15304,13487,TPA,MSP,92,0,0,0,92,0,20,11,808.0,0.0,0.0,0.21739130434782608,0.11956521739130435,8.782608695652174
2023,7,19790,DL,15304,14747,TPA,SEA,31,0,0,0,31,0,18,7,1015.0,0.0,0.0,0.5806451612903226,0.22580645161290322,32.74193548387097
2023,7,19790,DL,15304,14869,TPA,SLC,31,0,0,0,31,0,4,1,12.0,0.0,0.0,0.12903225806451613,0.03225806451612903,0.3870967741935484
2023,7,19805,AA,10397,11278,ATL,DCA,24,0,0,0,24,0,3,2,-44.0,0.0,0.0,0.125,0.08333333333333333,-1.8333333333333333
2023,7,19805,AA,10397,11298,ATL,DFW,244,1,0,0,243,0,73,30,4649.0,0.004098360655737705,0.0,0.3004115226337449,0.12345679012345678,19.131687242798353
2023,7,19805,AA,10397,12892,ATL,LAX,26,0,1,0,25,0,5,2,597.0,0.0,0.038461538461538464,0.2,0.08,23.88
2023,7,19805,AA,10397,13303,ATL,MIA,155,5,1,0,149,0,52,29,4229.0,0.03225806451612903,0.0064516129032258064,0.348993288590604,0.19463087248322147,28.38255033557047
2023,7,19805,AA,10397,13930,ATL,ORD,55,1,0,0,54,0,14,5,146.0,0.01818181818181818,0.0,0.25925925925925924,0.09259259259259259,2.7037037037037037
2023,7,19805,AA,10397,14100,ATL,PHL,93,0,0,0,93,0,38,19,2287.0,0.0,0.0,0.40860215053763443,0.20430107526881722,24.591397849462364
2023,7,19805,AA,10397,14107,ATL,PHX,51,0,0,0,51,0,14,9,4014.0,0.0,0.0,0.27450980392156865,0.17647058823529413,78.70588235294117
2023,7,19805,AA,10721,11278,BOS,DCA,175,13,0,0,162,0,56,32,8111.0,0.07428571428571429,0.0,0.345679012345679,0.19753086419753085,50.0679012345679
2023,7,19805,AA,10721,11298,BOS,DFW,211,10,0,0,201,0,66,37,5280.0,0.04739336492890995,0.0,0.3283582089552239,0.18407960199004975,26.26865671641791
2023,7,19805,AA,10721,12892,BOS,LAX,122,2,1,0,119,0,42,23,5022.0,0.01639344262295082,0.00819672131147541,0.35294117647058826,0.19327731092436976,42.20168067226891
2023,7,19805,AA,10721,13303,BOS,MIA,171,4,1,0,166,0,41,16,1850.0,0.023391812865497075,0.005847953216374269,0.2469879518072289,0.0963855421686747,11.144578313253012
2023,7,19805,AA,10721,13930,BOS,ORD,164,6,0,0,158,0,57,26,4145.0,0.036585365853658534,0.0,0.36075949367088606,0.16455696202531644,26.234177215189874
2023,7,19805,AA,10721,14100,BOS,PHL,230,20,0,0,210,0,56,33,7664.0,0.08695652173913043,0.0,0.26666666666666666,0.15714285714285714,36.49523809523809
2023,7,19805,AA,10721,14107,BOS,PHX,96,1,0,0,95,0,28,12,2918.0,0.010416666666666666,0.0,0.29473684210526313,0.12631578947368421,30.71578947368421
2023,7,19805,AA,10821,11298,BWI,DFW,92,0,0,0,92,0,20,4,433.0,0.0,0.0,0.21739130434782608,0.043478260869565216,4.706521739130435
2023,7,19805,AA,10821,13303,BWI,MIA,31,1,0,0,30,0,6,2,322.0,0.03225806451612903,0.0,0.2,0.06666666666666667,10.733333333333333
2023,7,19805,AA,10821,13930,BWI,ORD,31,0,0,0,31,0,5,3,-134.0,0.0,0.0,0.16129032258064516,0.0967741935483871,-4.32258064516129
2023,7,19805,AA,11278,10397,DCA,ATL,24,0,0,0,24,0,2,2,-65.0,0.0,0.0,0.08333333333333333,0.08333333333333333,-2.7083333333333335
2023,7,19805,AA,11278,10721,DCA,BOS,175,14,0,0,161,0,70,40,6943.0,0.08,0.0,0.43478260869565216,0.2484472049689441,43.12422360248447
2023,7,19805,AA,11278,11298,DCA,DFW,251,6,2,0,243,0,75,36,6064.0,0.02390438247011952,0.00796812749003984,0.30864197530864196,0.14814814814814814,24.954732510288064
2023,7,19805,AA,11278,12889,DCA,LAS,31,0,0,0,31,0,4,3,114.0,0.0,0.0,0.12903225806451613,0.0967741935483871,3.6774193548387095
2023,7,19805,AA,11278,12892,DCA,LAX,62,1,0,0,61,0,15,3,231.0,0.016129032258064516,0.0,0.2459016393442623,0.04918032786885246,3.7868852459016393
2023,7,19805,AA,11278,12953,DCA,LGA,193,13,0,0,180,0,63,35,6392.0,0.06735751295336788,0.0,0.35,0.19444444444444445,35.51111111111111
2023,7,19805,AA,11278,13204,DCA,MCO,155,4,2,0,149,0,38,22,2412.0,0.025806451612903226,0.012903225806451613,0.2550335570469799,0.1476510067114094,16.187919463087248
2023,7,19805,AA,11278,13303,DCA,MIA,240,7,2,0,231,0,86,41,6183.0,0.029166666666666667,0.008333333333333333,0.3722943722943723,0.1774891774891775,26.766233766233768
2023,7,19805,AA,11278,13930,DCA,ORD,233,9,1,0,223,0,64,33,5661.0,0.03862660944206009,0.004291845493562232,0.28699551569506726,0.14798206278026907,25.385650224215247
2023,7,19805,AA,11278,14107,DCA,PHX,93,1,0,0,92,0,13,6,737.0,0.010752688172043012,0.0,0.14130434782608695,0.06521739130434782,8.01086956521739
2023,7,19805,AA,11278,14635,DCA,RSW,62,0,0,0,62,0,12,5,142.0,0.0,0.0,0.1935483870967742,0.08064516129032258,2.2903225806451615
2023,7,19805,AA,11278,15016,DCA,STL,31,2,0,0,29,0,8,3,205.0,0.06451612903225806,0.0,0.27586206896551724,0.10344827586206896,7.068965517241379
2023,7,19805,AA,11278,15304,DCA,TPA,124,2,0,0,122,0,29,11,1395.0,0.016129032258064516,0.0,0.23770491803278687,0.09016393442622951,11.434426229508198
2023,7,19805,AA,11292,11298,DEN,DFW,273,0,0,0,273,0,85,42,8444.0,0.0,0.0,0.31135531135531136,0.15384615384615385,30.93040293040293
2023,7,19805,AA,11292,13303,DEN,MIA,60,0,0,0,60,0,25,7,827.0,0.0,0.0,0.4166666666666667,0.11666666666666667,13.783333333333333
2023,7,19805,AA,11292,13930,DEN,ORD,84,1,1,0,82,0,21,6,1200.0,0.011904761904761904,0.011904761904761904,0.25609756097560976,0.07317073170731707,14.634146341463415
2023,7,19805,AA,11292,14100,DEN,PHL,67,3,1,0,63,0,17,10,2342.0,0.04477611940298507,0.014925373134328358,0.2698412698412698,0.15873015873015872,37.17460317460318
2023,7,19805,AA,11292,14107,DEN,PHX,91,1,1,0,89,0,26,17,1658.0,0.01098901098901099,0.01098901098901099,0.29213483146067415,0.19101123595505617,18.629213483146067
2023,7,19805,AA,11298,10397,DFW,ATL,244,2,1,0,241,0,103,45,6691.0,0.00819672131147541,0.004098360655737705,0.42738589211618255,0.18672199170124482,27.763485477178424
2023,7,19805,AA,11298,10721,DFW,BOS,211,9,1,0,201,0,73,31,5382.0,0.04265402843601896,0.004739336492890996,0.36318407960199006,0.15422885572139303,26.776119402985074
2023,7,19805,AA,11298,10821,DFW,BWI,92,0,0,0,92,0,28,11,864.0,0.0,0.0,0.30434782608695654,0.11956521739130435,9.391304347826088
2023,7,19805,AA,11298,11278,DFW,DCA,252,5,2,0,245,0,62,18,1960.0,0.01984126984126984,0.007936507936507936,0.2530612244897959,0.07346938775510205,8.0
2023,7,19805,AA,11298,11292,DFW,DEN,273,0,2,0,271,0,132,55,8992.0,0.0,0.007326007326007326,0.4870848708487085,0.2029520295202952,33.18081180811808
2023,7,19805,AA,11298,11433,DFW,DTW,154,1,0,0,153,0,50,19,3211.0,0.006493506493506494,0.0,0.32679738562091504,0.12418300653594772,20.986928104575163
2023,7,19805,AA,11298,11618,DFW,EWR,149,5,0,0,144,0,72,41,8059.0,0.03355704697986577,0.0,0.5,0.2847222222222222,55.96527777777778
2023,7,19805,AA,11298,11697,DFW,FLL,184,0,2,0,182,0,71,26,3678.0,0.0,0.010869565217391304,0.3901098901098901,0.14285714285714285,20.208791208791208
2023,7,19805,AA,11298,12173,DFW,HNL,62,0,0,0,62,0,29,5,1020.0,0.0,0.0,0.46774193548387094,0.08064516129032258,16.451612903225808
2023,7,19805,AA,11298,12266,DFW,IAH,233,2,1,0,230,0,91,40,7479.0,0.008583690987124463,0.004291845493562232,0.39565217391304347,0.17391304347826086,32.517391304347825
2023,7,19805,AA,11298,12478,DFW,JFK,93,8,0,0,85,0,39,15,2131.0,0.08602150537634409,0.0,0.4588235294117647,0.17647058823529413,25.070588235294117
2023,7,19805,AA,11298,12889,DFW,LAS,315,3,0,0,312,0,149,66,11496.0,0.009523809523809525,0.0,0.4775641025641026,0.21153846153846154,36.84615384615385
2023,7,19805,AA,11298,12892,DFW,LAX,407,4,2,0,401,0,152,62,9115.0,0.009828009828009828,0.004914004914004914,0.3790523690773067,0.1546134663341646,22.73067331670823
2023,7,19805,AA,11298,12953,DFW,LGA,288,7,6,0,275,0,83,34,4177.0,0.024305555555555556,0.020833333333333332,0.3018181818181818,0.12363636363636364,15.18909090909091
2023,7,19805,AA,11298,13204,DFW,MCO,278,4,0,0,274,0,142,71,13419.0,0.014388489208633094,0.0,0.5182481751824818,0.2591240875912409,48.97445255474452
2023,7,19805,AA,11298,13303,DFW,MIA,308,3,2,0,303,0,114,47,7345.0,0.00974025974025974,0.006493506493506494,0.37623762376237624,0.1551155115511551,24.24092409240924
2023,7,19805,AA,11298,13487,DFW,MSP,154,0,1,0,153,0,51,19,3341.0,0.0,0.006493506493506494,0.3333333333333333,0.12418300653594772,21.836601307189543
2023,7,19805,AA,11298,13930,DFW,ORD,304,8,3,0,293,0,106,46,6287.0,0.02631578947368421,0.009868421052631578,0.36177474402730375,0.15699658703071673,21.457337883959045
2023,7,19805,AA,11298,14100,DFW,PHL,276,13,0,0,263,0,101,44,7700.0,0.04710144927536232,0.0,0.3840304182509506,0.16730038022813687,29.277566539923953
2023,7,19805,AA,11298,14107,DFW,PHX,339,0,1,0,338,0,107,50,9752.0,0.0,0.0029498525073746312,0.3165680473372781,0.14792899408284024,28.85207100591716
2023,7,19805,AA,11298,14635,DFW,RSW,119,2,0,0,117,0,46,15,3848.0,0.01680672268907563,0.0,0.39316239316239315,0.1282051282051282,32.888888888888886
2023,7,19805,AA,11298,14679,DFW,SAN,272,2,1,0,269,0,104,46,12295.0,0.007352941176470588,0.003676470588235294,0.38661710037174724,0.17100371747211895,45.70631970260223
2023,7,19805,AA,11298,14747,DFW,SEA,223,3,0,0,220,0,76,35,8695.0,0.013452914798206279,0.0,0.34545454545454546,0.1590909090909091,39.52272727272727
2023,7,19805,AA,11298,14771,DFW,SFO,269,0,0,0,269,0,109,51,8057.0,0.0,0.0,0.4052044609665427,0.1895910780669145,29.95167286245353
2023,7,19805,AA,11298,14869,DFW,SLC,185,1,0,0,184,0,98,36,7090.0,0.005405405405405406,0.0,0.532608695652174,0.1956521739130435,38.53260869565217
2023,7,19805,AA,11298,15016,DFW,STL,154,2,0,0,152,0,60,24,5101.0,0.012987012987012988,0.0,0.39473684210526316,0.15789473684210525,33.55921052631579
2023,7,19805,AA,11298,15304,DFW,TPA,212,1,0,0,211,0,101,49,8431.0,0.0047169811320754715,0.0,0.4786729857819905,0.23222748815165878,39.95734597156398
2023,7,19805,AA,11433,11298,DTW,DFW,154,1,0,0,153,0,45,14,2602.0,0.006493506493506494,0.0,0.29411764705882354,0.0915032679738562,17.00653594771242
2023,7,19805,AA,11433,13303,DTW,MIA,31,1,0,0,30,0,6,3,236.0,0.03225806451612903,0.0,0.2,0.1,7.866666666666666
2023,7,19805,AA,11433,14100,DTW,PHL,24,1,0,0,23,0,3,2,66.0,0.041666666666666664,0.0,0.13043478260869565,0.08695652173913043,2.869565217391304
2023,7,19805,AA,11433,14107,DTW,PHX,30,0,0,0,30,0,4,3,1069.0,0.0,0.0,0.13333333333333333,0.1,35.63333333333333
2023,7,19805,AA,11618,11298,EWR,DFW,149,4,1,0,144,0,33,15,2507.0,0.026845637583892617,0.006711409395973154,0.22916666666666666,0.10416666666666667,17.40972222222222
2023,7,19805,AA,11618,13303,EWR,MIA,110,6,1,0,103,0,31,13,1468.0,0.05454545454545454,0.00909090909090909,0.30097087378640774,0.1262135922330097,14.25242718446602
2023,7,19805,AA,11618,13930,EWR,ORD,120,14,1,0,105,0,47,23,3137.0,0.11666666666666667,0.008333333333333333,0.44761904761904764,0.21904761904761905,29.876190476190477
2023,7,19805,AA,11618,14107,EWR,PHX,61,2,0,0,59,0,21,11,2752.0,0.03278688524590164,0.0,0.3559322033898305,0.1864406779661017,46.644067796610166
2023,7,19805,AA,11697,11298,FLL,DFW,184,0,1,0,183,0,50,24,4164.0,0.0,0.005434782608695652,0.273224043715847,0.13114754098360656,22.75409836065574
2023,7,19805,AA,11697,12892,FLL,LAX,31,0,0,0,31,0,1,1,-398.0,0.0,0.0,0.03225806451612903,0.03225806451612903,-12.838709677419354
2023,7,19805,AA,11697,14100,FLL,PHL,92,1,0,0,91,0,25,16,6080.0,0.010869565217391304,0.0,0.27472527472527475,0.17582417582417584,66.81318681318682
2023,7,19805,AA,12173,11298,HNL,DFW,62,1,0,0,61,0,5,1,53.0,0.016129032258064516,0.0,0.08196721311475409,0.01639344262295082,0.8688524590163934
2023,7,19805,AA,12173,12892,HNL,LAX,93,0,0,0,93,0,15,4,-347.0,0.0,0.0,0.16129032258064516,0.043010752688172046,-3.7311827956989245
2023,7,19805,AA,12173,14107,HNL,PHX,31,0,0,0,31,0,0,0,-564.0,0.0,0.0,0.0,0.0,-18.193548387096776
2023,7,19805,AA,12266,11298,IAH,DFW,233,2,0,0,231,0,60,25,5419.0,0.008583690987124463,0.0,0.2597402597402597,0.10822510822510822,23.458874458874458
2023,7,19805,AA,12266,13303,IAH,MIA,146,1,2,0,143,0,34,17,2056.0,0.00684931506849315,0.0136986301369863,0.23776223776223776,0.11888111888111888,14.377622377622378
2023,7,19805,AA,12266,13930,IAH,ORD,57,0,2,0,55,0,21,11,3439.0,0.0,0.03508771929824561,0.38181818181818183,0.2,62.527272727272724
2023,7,19805,AA,12266,14100,IAH,PHL,53,2,0,0,51,0,9,6,1763.0,0.03773584905660377,0.0,0.17647058823529413,0.11764705882352941,34.568627450980394
2023,7,19805,AA,12266,14107,IAH,PHX,61,0,0,0,61,0,11,6,2711.0,0.0,0.0,0.18032786885245902,0.09836065573770492,44.442622950819676
2023,7,19805,AA,12478,11298,JFK,DFW,93,7,0,0,86,0,24,16,2680.0,0.07526881720430108,0.0,0.27906976744186046,0.18604651162790697,31.162790697674417
2023,7,19805,AA,12478,12892,JFK,LAX,279,5,0,0,274,0,58,28,1017.0,0.017921146953405017,0.0,0.2116788321167883,0.10218978102189781,3.7116788321167884
2023,7,19805,AA,12478,13303,JFK,MIA,279,11,3,0,265,0,102,42,6448.0,0.03942652329749104,0.010752688172043012,0.3849056603773585,0.15849056603773584,24.332075471698115
2023,7,19805,AA,12478,13930,JFK,ORD,62,5,0,0,57,0,24,15,3909.0,0.08064516129032258,0.0,0.42105263157894735,0.2631578947368421,68.57894736842105
2023,7,19805,AA,12478,14107,JFK,PHX,91,2,0,0,89,0,31,13,1867.0,0.02197802197802198,0.0,0.34831460674157305,0.14606741573033707,20.97752808988764
2023,7,19805,AA,12478,14771,JFK,SFO,119,2,0,0,117,0,33,7,199.0,0.01680672268907563,0.0,0.28205128205128205,0.05982905982905983,1.7008547008547008
2023,7,19805,AA,12889,11278,LAS,DCA,31,0,1,0,30,0,9,4,1292.0,0.0,0.03225806451612903,0.3,0.13333333333333333,43.06666666666667
2023,7,19805,AA,12889,11298,LAS,DFW,315,3,0,0,312,0,129,59,13877.0,0.009523809523809525,0.0,0.41346153846153844,0.1891025641025641,44.4775641025641
2023,7,19805,AA,12889,12892,LAS,LAX,110,0,0,0,110,0,30,10,2471.0,0.0,0.0,0.2727272727272727,0.09090909090909091,22.463636363636365
2023,7,19805,AA,12889,13303,LAS,MIA,93,1,2,0,90,0,26,11,1404.0,0.010752688172043012,0.021505376344086023,0.28888888888888886,0.12222222222222222,15.6
2023,7,19805,AA,12889,13930,LAS,ORD,145,1,2,0,142,0,34,17,1953.0,0.006896551724137931,0.013793103448275862,0.23943661971830985,0.11971830985915492,13.753521126760564
2023,7,19805,AA,12889,14100,LAS,PHL,93,1,4,0,88,0,28,12,2249.0,0.010752688172043012,0.043010752688172046,0.3181818181818182,0.13636363636363635,25.556818181818183
2023,7,19805,AA,12889,14107,LAS,PHX,135,1,0,0,134,0,31,14,2384.0,0.007407407407407408,0.0,0.23134328358208955,0.1044776119402985,17.791044776119403
2023,7,19805,AA,12892,10397,LAX,ATL,26,0,1,0,25,0,6,2,1547.0,0.0,0.038461538461538464,0.24,0.08,61.88
2023,7,19805,AA,12892,10721,LAX,BOS,122,2,3,0,117,0,31,12,1056.0,0.01639344262295082,0.02459016393442623,0.26495726495726496,0.10256410256410256,9.025641025641026
2023,7,19805,AA,12892,11278,LAX,DCA,62,1,0,0,61,0,11,4,87.0,0.016129032258064516,0.0,0.18032786885245902,0.06557377049180328,1.4262295081967213
2023,7,19805,AA,12892,11298,LAX,DFW,407,4,0,0,403,0,104,47,6351.0,0.009828009828009828,0.0,0.25806451612903225,0.11662531017369727,15.759305210918114
2023,7,19805,AA,12892,11697,LAX,FLL,31,0,0,0,31,0,1,1,-54.0,0.0,0.0,0.03225806451612903,0.03225806451612903,-1.7419354838709677
2023,7,19805,AA,12892,12173,LAX,HNL,93,0,0,0,93,0,20,5,189.0,0.0,0.0,0.21505376344086022,0.053763440860215055,2.032258064516129
2023,7,19805,AA,12892,12478,LAX,JFK,279,6,2,0,271,0,84,46,10950.0,0.021505376344086023,0.007168458781362007,0.30996309963099633,0.16974169741697417,40.40590405904059
2023,7,19805,AA,12892,12889,LAX,LAS,110,0,0,0,110,0,25,7,976.0,0.0,0.0,0.22727272727272727,0.06363636363636363,8.872727272727273
2023,7,19805,AA,12892,13204,LAX,MCO,62,0,0,0,62,0,15,12,3106.0,0.0,0.0,0.24193548387096775,0.1935483870967742,50.096774193548384
2023,7,19805,AA,12892,13303,LAX,MIA,217,2,3,0,212,0,39,9,341.0,0.009216589861751152,0.013824884792626729,0.18396226415094338,0.04245283018867924,1.6084905660377358
2023,7,19805,AA,12892,13930,LAX,ORD,234,3,1,0,230,0,55,26,3702.0,0.01282051282051282,0.004273504273504274,0.2391304347826087,0.11304347826086956,16.095652173913045
2023,7,19805,AA,12892,14100,LAX,PHL,215,3,0,0,212,0,45,14,243.0,0.013953488372093023,0.0,0.21226415094339623,0.0660377358490566,1.1462264150943395
2023,7,19805,AA,12892,14107,LAX,PHX,154,0,1,0,153,0,27,8,469.0,0.0,0.006493506493506494,0.17647058823529413,0.05228758169934641,3.065359477124183
2023,7,19805,AA,12892,15016,LAX,STL,30,1,0,0,29,0,15,6,2313.0,0.03333333333333333,0.0,0.5172413793103449,0.20689655172413793,79.75862068965517
2023,7,19805,AA,12953,11278,LGA,DCA,193,12,1,0,180,0,54,27,3264.0,0.06217616580310881,0.0051813471502590676,0.3,0.15,18.133333333333333
2023,7,19805,AA,12953,11298,LGA,DFW,287,8,0,0,279,0,80,34,4617.0,0.027874564459930314,0.0,0.2867383512544803,0.12186379928315412,16.548387096774192
2023,7,19805,AA,12953,13303,LGA,MIA,262,10,2,0,250,0,80,39,5298.0,0.03816793893129771,0.007633587786259542,0.32,0.156,21.192
2023,7,19805,AA,12953,13930,LGA,ORD,214,13,0,0,201,0,66,36,4261.0,0.06074766355140187,0.0,0.3283582089552239,0.1791044776119403,21.199004975124378
2023,7,19805,AA,12953,15016,LGA,STL,47,2,0,0,45,0,11,6,707.0,0.0425531914893617,0.0,0.24444444444444444,0.13333333333333333,15.71111111111111
2023,7,19805,AA,13204,11278,MCO,DCA,155,4,2,0,149,0,60,36,6137.0,0.025806451612903226,0.012903225806451613,0.40268456375838924,0.24161073825503357,41.18791946308725
2023,7,19805,AA,13204,11298,MCO,DFW,278,4,1,0,273,0,114,63,11929.0,0.014388489208633094,0.0035971223021582736,0.4175824175824176,0.23076923076923078,43.69597069597069
2023,7,19805,AA,13204,12892,MCO,LAX,62,0,0,0,62,0,20,13,1815.0,0.0,0.0,0.3225806451612903,0.20967741935483872,29.274193548387096
2023,7,19805,AA,13204,13303,MCO,MIA,274,5,2,0,267,0,105,60,7938.0,0.01824817518248175,0.0072992700729927005,0.39325842696629215,0.2247191011235955,29.730337078651687
2023,7,19805,AA,13204,13930,MCO,ORD,110,1,0,0,109,0,39,24,2946.0,0.00909090909090909,0.0,0.3577981651376147,0.22018348623853212,27.027522935779817
2023,7,19805,AA,13204,14100,MCO,PHL,215,7,0,0,208,0,79,50,11118.0,0.03255813953488372,0.0,0.3798076923076923,0.2403846153846154,53.45192307692308
2023,7,19805,AA,13204,14107,MCO,PHX,66,0,1,0,65,0,24,14,2634.0,0.0,0.015151515151515152,0.36923076923076925,0.2153846153846154,40.52307692307692
2023,7,19805,AA,13303,10397,MIA,ATL,155,4,3,0,148,0,82,49,9457.0,0.025806451612903226,0.01935483870967742,0.5540540540540541,0.3310810810810811,63.898648648648646
2023,7,19805,AA,13303,10721,MIA,BOS,172,4,0,0,168,0,72,33,4138.0,0.023255813953488372,0.0,0.42857142857142855,0.19642857142857142,24.63095238095238
2023,7,19805,AA,13303,10821,MIA,BWI,31,1,0,0,30,0,14,5,670.0,0.03225806451612903,0.0,0.4666666666666667,0.16666666666666666,22.333333333333332
2023,7,19805,AA,13303,11278,MIA,DCA,241,6,4,0,231,0,79,33,3641.0,0.024896265560165973,0.016597510373443983,0.341991341991342,0.14285714285714285,15.761904761904763
2023,7,19805,AA,13303,11292,MIA,DEN,60,0,0,0,60,0,28,8,1219.0,0.0,0.0,0.4666666666666667,0.13333333333333333,20.316666666666666
2023,7,19805,AA,13303,11298,MIA,DFW,310,4,1,0,305,0,110,42,6670.0,0.012903225806451613,0.0032258064516129032,0.36065573770491804,0.1377049180327869,21.868852459016395
2023,7,19805,AA,13303,11433,MIA,DTW,31,1,0,0,30,0,16,8,1255.0,0.03225806451612903,0.0,0.5333333333333333,0.26666666666666666,41.833333333333336
2023,7,19805,AA,13303,11618,MIA,EWR,110,6,0,0,104,0,39,17,2274.0,0.05454545454545454,0.0,0.375,0.16346153846153846,21.865384615384617
2023,7,19805,AA,13303,12266,MIA,IAH,146,1,2,0,143,0,47,17,2961.0,0.00684931506849315,0.0136986301369863,0.32867132867132864,0.11888111888111888,20.706293706293707
2023,7,19805,AA,13303,12478,MIA,JFK,280,12,0,0,268,0,107,55,11072.0,0.04285714285714286,0.0,0.39925373134328357,0.20522388059701493,41.3134328358209
2023,7,19805,AA,13303,12889,MIA,LAS,93,1,0,0,92,0,36,6,2235.0,0.010752688172043012,0.0,0.391304347826087,0.06521739130434782,24.293478260869566
2023,7,19805,AA,13303,12892,MIA,LAX,216,2,0,0,214,0,80,34,4908.0,0.009259259259259259,0.0,0.37383177570093457,0.1588785046728972,22.934579439252335
2023,7,19805,AA,13303,12953,MIA,LGA,262,9,4,0,249,0,97,55,7983.0,0.03435114503816794,0.015267175572519083,0.3895582329317269,0.22088353413654618,32.06024096385542
2023,7,19805,AA,13303,13204,MIA,MCO,274,5,2,0,267,0,98,54,9148.0,0.01824817518248175,0.0072992700729927005,0.36704119850187267,0.20224719101123595,34.262172284644194
2023,7,19805,AA,13303,13487,MIA,MSP,31,0,1,0,30,0,18,7,947.0,0.0,0.03225806451612903,0.6,0.23333333333333334,31.566666666666666
2023,7,19805,AA,13303,13930,MIA,ORD,217,2,4,0,211,0,68,28,3221.0,0.009216589861751152,0.018433179723502304,0.3222748815165877,0.13270142180094788,15.265402843601896
2023,7,19805,AA,13303,14100,MIA,PHL,217,6,0,0,211,0,65,27,4370.0,0.027649769585253458,0.0,0.3080568720379147,0.12796208530805686,20.71090047393365
2023,7,19805,AA,13303,14107,MIA,PHX,124,2,1,0,121,0,47,22,3074.0,0.016129032258064516,0.008064516129032258,0.3884297520661157,0.18181818181818182,25.40495867768595
2023,7,19805,AA,13303,14679,MIA,SAN,31,1,0,0,30,0,10,4,339.0,0.03225806451612903,0.0,0.3333333333333333,0.13333333333333333,11.3
2023,7,19805,AA,13303,14747,MIA,SEA,31,0,0,0,31,0,21,12,2855.0,0.0,0.0,0.6774193548387096,0.3870967741935484,92.09677419354838
2023,7,19805,AA,13303,14771,MIA,SFO,93,0,0,0,93,0,38,16,2499.0,0.0,0.0,0.40860215053763443,0.17204301075268819,26.870967741935484
2023,7,19805,AA,13303,15016,MIA,STL,31,0,0,0,31,0,14,7,2227.0,0.0,0.0,0.45161290322580644,0.22580645161290322,71.83870967741936
2023,7,19805,AA,13303,15304,MIA,TPA,145,3,0,0,142,0,56,25,3820.0,0.020689655172413793,0.0,0.39436619718309857,0.176056338028169,26.901408450704224
2023,7,19805,AA,13487,11298,MSP,DFW,154,0,1,0,153,0,33,13,1966.0,0.0,0.006493506493506494,0.21568627450980393,0.08496732026143791,12.84967320261438
2023,7,19805,AA,13487,13303,MSP,MIA,31,0,0,0,31,0,2,2,-117.0,0.0,0.0,0.06451612903225806,0.06451612903225806,-3.774193548387097
2023,7,19805,AA,13487,13930,MSP,ORD,5,0,0,0,5,0,0,0,-59.0,0.0,0.0,0.0,0.0,-11.8
2023,7,19805,AA,13487,14100,MSP,PHL,30,1,0,0,29,0,5,2,31.0,0.03333333333333333,0.0,0.1724137931034483,0.06896551724137931,1.0689655172413792
2023,7,19805,AA,13487,14107,MSP,PHX,31,0,0,0,31,0,5,2,-119.0,0.0,0.0,0.16129032258064516,0.06451612903225806,-3.838709677419355
2023,7,19805,AA,13930,10397,ORD,ATL,55,1,0,0,54,0,23,12,2609.0,0.01818181818181818,0.0,0.42592592592592593,0.2222222222222222,48.31481481481482
2023,7,19805,AA,13930,10721,ORD,BOS,164,6,1,0,157,0,72,37,5907.0,0.036585365853658534,0.006097560975609756,0.4585987261146497,0.2356687898089172,37.62420382165605
2023,7,19805,AA,13930,10821,ORD,BWI,31,0,0,0,31,0,15,6,890.0,0.0,0.0,0.4838709677419355,0.1935483870967742,28.70967741935484
2023,7,19805,AA,13930,11278,ORD,DCA,233,9,9,0,215,0,69,26,4760.0,0.03862660944206009,0.03862660944206009,0.3209302325581395,0.12093023255813953,22.13953488372093
2023,7,19805,AA,13930,11292,ORD,DEN,84,1,0,0,83,0,29,6,1360.0,0.011904761904761904,0.0,0.3493975903614458,0.07228915662650602,16.3855421686747
2023,7,19805,AA,13930,11298,ORD,DFW,304,7,1,0,296,0,109,45,8988.0,0.023026315789473683,0.003289473684210526,0.36824324324324326,0.15202702702702703,30.364864864864863
2023,7,19805,AA,13930,11618,ORD,EWR,120,14,2,0,104,0,49,18,2677.0,0.11666666666666667,0.016666666666666666,0.47115384615384615,0.17307692307692307,25.740384615384617
2023,7,19805,AA,13930,12266,ORD,IAH,57,0,0,0,57,0,12,6,307.0,0.0,0.0,0.21052631578947367,0.10526315789473684,5.385964912280702
2023,7,19805,AA,13930,12478,ORD,JFK,62,5,0,0,57,0,31,10,1819.0,0.08064516129032258,0.0,0.543859649122807,0.17543859649122806,31.912280701754387
2023,7,19805,AA,13930,12889,ORD,LAS,145,1,0,0,144,0,46,22,3365.0,0.006896551724137931,0.0,0.3194444444444444,0.1527777777777778,23.368055555555557
2023,7,19805,AA,13930,12892,ORD,LAX,234,3,0,0,231,0,62,27,2033.0,0.01282051282051282,0.0,0.2683982683982684,0.11688311688311688,8.8008658008658
2023,7,19805,AA,13930,12953,ORD,LGA,214,14,2,0,198,0,71,37,4416.0,0.06542056074766354,0.009345794392523364,0.35858585858585856,0.18686868686868688,22.303030303030305
2023,7,19805,AA,13930,13204,ORD,MCO,110,1,0,0,109,0,31,11,1289.0,0.00909090909090909,0.0,0.28440366972477066,0.10091743119266056,11.825688073394495
2023,7,19805,AA,13930,13303,ORD,MIA,217,1,2,0,214,0,78,29,3449.0,0.004608294930875576,0.009216589861751152,0.3644859813084112,0.13551401869158877,16.11682242990654
2023,7,19805,AA,13930,13487,ORD,MSP,4,0,0,0,4,0,2,0,73.0,0.0,0.0,0.5,0.0,18.25
2023,7,19805,AA,13930,14100,ORD,PHL,240,10,0,0,230,0,79,36,7316.0,0.041666666666666664,0.0,0.34347826086956523,0.1565217391304348,31.808695652173913
2023,7,19805,AA,13930,14107,ORD,PHX,246,3,1,0,242,0,52,23,3152.0,0.012195121951219513,0.0040650406504065045,0.21487603305785125,0.09504132231404959,13.024793388429751
2023,7,19805,AA,13930,14635,ORD,RSW,36,0,0,0,36,0,8,3,238.0,0.0,0.0,0.2222222222222222,0.08333333333333333,6.611111111111111
2023,7,19805,AA,13930,14679,ORD,SAN,93,2,1,0,90,0,28,13,2374.0,0.021505376344086023,0.010752688172043012,0.3111111111111111,0.14444444444444443,26.377777777777776
2023,7,19805,AA,13930,14747,ORD,SEA,91,3,0,0,88,0,32,12,1804.0,0.03296703296703297,0.0,0.36363636363636365,0.13636363636363635,20.5
2023,7,19805,AA,13930,14771,ORD,SFO,85,1,0,0,84,0,32,12,1699.0,0.011764705882352941,0.0,0.38095238095238093,0.14285714285714285,20.226190476190474
2023,7,19805,AA,13930,14869,ORD,SLC,31,0,0,0,31,0,5,1,158.0,0.0,0.0,0.16129032258064516,0.03225806451612903,5.096774193548387
2023,7,19805,AA,13930,15016,ORD,STL,36,0,0,0,36,0,7,1,23.0,0.0,0.0,0.19444444444444445,0.027777777777777776,0.6388888888888888
2023,7,19805,AA,13930,15304,ORD,TPA,62,0,1,0,61,0,22,6,1039.0,0.0,0.016129032258064516,0.36065573770491804,0.09836065573770492,17.0327868852459
2023,7,19805,AA,14100,10397,PHL,ATL,93,0,0,0,93,0,32,18,1914.0,0.0,0.0,0.34408602150537637,0.1935483870967742,20.580645161290324
2023,7,19805,AA,14100,10721,PHL,BOS,230,17,0,0,213,0,85,49,8377.0,0.07391304347826087,0.0,0.39906103286384975,0.2300469483568075,39.328638497652584
2023,7,19805,AA,14100,11292,PHL,DEN,67,3,0,0,64,0,25,6,894.0,0.04477611940298507,0.0,0.390625,0.09375,13.96875
2023,7,19805,AA,14100,11298,PHL,DFW,276,13,0,0,263,0,82,38,4814.0,0.04710144927536232,0.0,0.311787072243346,0.1444866920152091,18.304182509505704
2023,7,19805,AA,14100,11433,PHL,DTW,24,1,0,0,23,0,5,2,565.0,0.041666666666666664,0.0,0.21739130434782608,0.08695652173913043,24.565217391304348
2023,7,19805,AA,14100,11697,PHL,FLL,92,1,0,0,91,0,26,16,2850.0,0.010869565217391304,0.0,0.2857142857142857,0.17582417582417584,31.318681318681318
2023,7,19805,AA,14100,12266,PHL,IAH,53,2,0,0,51,0,23,14,1923.0,0.03773584905660377,0.0,0.45098039215686275,0.27450980392156865,37.705882352941174
2023,7,19805,AA,14100,12889,PHL,LAS,93,1,1,0,91,0,35,17,2018.0,0.010752688172043012,0.010752688172043012,0.38461538461538464,0.18681318681318682,22.175824175824175
2023,7,19805,AA,14100,12892,PHL,LAX,215,4,0,0,211,0,62,24,2766.0,0.018604651162790697,0.0,0.2938388625592417,0.11374407582938388,13.109004739336493
2023,7,19805,AA,14100,13204,PHL,MCO,215,7,2,0,206,0,79,39,6612.0,0.03255813953488372,0.009302325581395349,0.38349514563106796,0.18932038834951456,32.09708737864078
2023,7,19805,AA,14100,13303,PHL,MIA,217,7,1,0,209,0,69,30,3652.0,0.03225806451612903,0.004608294930875576,0.33014354066985646,0.14354066985645933,17.473684210526315
2023,7,19805,AA,14100,13487,PHL,MSP,30,1,0,0,29,0,1,0,-363.0,0.03333333333333333,0.0,0.034482758620689655,0.0,-12.517241379310345
2023,7,19805,AA,14100,13930,PHL,ORD,240,10,1,0,229,0,70,36,6601.0,0.041666666666666664,0.004166666666666667,0.3056768558951965,0.1572052401746725,28.82532751091703
2023,7,19805,AA,14100,14107,PHL,PHX,215,4,0,0,211,0,51,18,3687.0,0.018604651162790697,0.0,0.24170616113744076,0.08530805687203792,17.473933649289098
2023,7,19805,AA,14100,14635,PHL,RSW,88,4,0,0,84,0,26,11,1657.0,0.045454545454545456,0.0,0.30952380952380953,0.13095238095238096,19.726190476190474
2023,7,19805,AA,14100,14679,PHL,SAN,89,3,0,0,86,0,38,15,2579.0,0.033707865168539325,0.0,0.4418604651162791,0.1744186046511628,29.988372093023255
2023,7,19805,AA,14100,14747,PHL,SEA,62,5,0,0,57,0,23,7,1375.0,0.08064516129032258,0.0,0.40350877192982454,0.12280701754385964,24.12280701754386
2023,7,19805,AA,14100,14771,PHL,SFO,93,2,0,0,91,0,33,12,1537.0,0.021505376344086023,0.0,0.3626373626373626,0.13186813186813187,16.89010989010989
2023,7,19805,AA,14100,15016,PHL,STL,62,2,0,0,60,0,28,13,2727.0,0.03225806451612903,0.0,0.4666666666666667,0.21666666666666667,45.45
2023,7,19805,AA,14100,15304,PHL,TPA,122,1,0,0,121,0,47,24,4165.0,0.00819672131147541,0.0,0.3884297520661157,0.19834710743801653,34.421487603305785
2023,7,19805,AA,14107,10397,PHX,ATL,52,0,1,0,51,0,20,9,3958.0,0.0,0.019230769230769232,0.39215686274509803,0.17647058823529413,77.6078431372549
2023,7,19805,AA,14107,10721,PHX,BOS,96,2,1,0,93,0,26,5,1795.0,0.020833333333333332,0.010416666666666666,0.27956989247311825,0.053763440860215055,19.301075268817204
2023,7,19805,AA,14107,11278,PHX,DCA,93,1,0,0,92,0,19,5,616.0,0.010752688172043012,0.0,0.20652173913043478,0.05434782608695652,6.695652173913044
2023,7,19805,AA,14107,11292,PHX,DEN,91,1,0,0,90,0,39,22,3417.0,0.01098901098901099,0.0,0.43333333333333335,0.24444444444444444,37.96666666666667
2023,7,19805,AA,14107,11298,PHX,DFW,337,1,1,0,335,0,83,38,7523.0,0.002967359050445104,0.002967359050445104,0.24776119402985075,0.11343283582089553,22.45671641791045
2023,7,19805,AA,14107,11433,PHX,DTW,30,0,1,0,29,0,3,2,417.0,0.0,0.03333333333333333,0.10344827586206896,0.06896551724137931,14.379310344827585
2023,7,19805,AA,14107,11618,PHX,EWR,61,1,0,0,60,0,23,14,2203.0,0.01639344262295082,0.0,0.38333333333333336,0.23333333333333334,36.71666666666667
2023,7,19805,AA,14107,12173,PHX,HNL,31,0,0,0,31,0,5,2,2.0,0.0,0.0,0.16129032258064516,0.06451612903225806,0.06451612903225806
2023,7,19805,AA,14107,12266,PHX,IAH,61,0,1,0,60,0,15,10,3027.0,0.0,0.01639344262295082,0.25,0.16666666666666666,50.45
2023,7,19805,AA,14107,12478,PHX,JFK,91,2,1,0,88,0,22,7,1092.0,0.02197802197802198,0.01098901098901099,0.25,0.07954545454545454,12.409090909090908
2023,7,19805,AA,14107,12889,PHX,LAS,135,1,0,0,134,0,39,16,2670.0,0.007407407407407408,0.0,0.291044776119403,0.11940298507462686,19.925373134328357
2023,7,19805,AA,14107,12892,PHX,LAX,154,0,0,0,154,0,29,5,-144.0,0.0,0.0,0.18831168831168832,0.032467532467532464,-0.935064935064935
2023,7,19805,AA,14107,13204,PHX,MCO,66,0,2,0,64,0,13,7,1549.0,0.0,0.030303030303030304,0.203125,0.109375,24.203125
2023,7,19805,AA,14107,13303,PHX,MIA,124,2,0,0,122,0,30,11,848.0,0.016129032258064516,0.0,0.2459016393442623,0.09016393442622951,6.950819672131147
2023,7,19805,AA,14107,13487,PHX,MSP,31,0,0,0,31,0,1,1,-280.0,0.0,0.0,0.03225806451612903,0.03225806451612903,-9.03225806451613
2023,7,19805,AA,14107,13930,PHX,ORD,246,3,3,0,240,0,65,36,4135.0,0.012195121951219513,0.012195121951219513,0.2708333333333333,0.15,17.229166666666668
2023,7,19805,AA,14107,14100,PHX,PHL,215,4,0,0,211,0,48,20,3186.0,0.018604651162790697,0.0,0.22748815165876776,0.0947867298578199,15.09952606635071
2023,7,19805,AA,14107,14679,PHX,SAN,117,1,0,0,116,0,47,20,4320.0,0.008547008547008548,0.0,0.4051724137931034,0.1724137931034483,37.241379310344826
2023,7,19805,AA,14107,14747,PHX,SEA,90,0,0,0,90,0,16,6,644.0,0.0,0.0,0.17777777777777778,0.06666666666666667,7.155555555555556
2023,7,19805,AA,14107,14771,PHX,SFO,92,0,0,0,92,0,29,15,1229.0,0.0,0.0,0.31521739130434784,0.16304347826086957,13.358695652173912
2023,7,19805,AA,14107,14869,PHX,SLC,43,0,0,0,43,0,11,4,447.0,0.0,0.0,0.2558139534883721,0.09302325581395349,10.395348837209303
2023,7,19805,AA,14107,15016,PHX,STL,36,0,0,0,36,0,7,3,494.0,0.0,0.0,0.19444444444444445,0.08333333333333333,13.722222222222221
2023,7,19805,AA,14107,15304,PHX,TPA,65,1,0,0,64,0,17,9,1375.0,0.015384615384615385,0.0,0.265625,0.140625,21.484375
2023,7,19805,AA,14635,11278,RSW,DCA,62,0,0,0,62,0,20,10,4365.0,0.0,0.0,0.3225806451612903,0.16129032258064516,70.40322580645162
2023,7,19805,AA,14635,11298,RSW,DFW,119,2,0,0,117,0,36,17,2704.0,0.01680672268907563,0.0,0.3076923076923077,0.1452991452991453,23.11111111111111
2023,7,19805,AA,14635,13930,RSW,ORD,36,0,0,0,36,0,13,4,484.0,0.0,0.0,0.3611111111111111,0.1111111111111111,13.444444444444445
2023,7,19805,AA,14635,14100,RSW,PHL,87,3,0,0,84,0,24,13,3192.0,0.034482758620689655,0.0,0.2857142857142857,0.15476190476190477,38.0
2023,7,19805,AA,14679,11298,SAN,DFW,272,2,0,0,270,0,71,28,6824.0,0.007352941176470588,0.0,0.26296296296296295,0.1037037037037037,25.274074074074075
2023,7,19805,AA,14679,13303,SAN,MIA,31,0,0,0,31,0,6,3,341.0,0.0,0.0,0.1935483870967742,0.0967741935483871,11.0
2023,7,19805,AA,14679,13930,SAN,ORD,93,2,2,0,89,0,16,4,182.0,0.021505376344086023,0.021505376344086023,0.1797752808988764,0.0449438202247191,2.044943820224719
2023,7,19805,AA,14679,14100,SAN,PHL,88,4,0,0,84,0,11,3,-74.0,0.045454545454545456,0.0,0.13095238095238096,0.03571428571428571,-0.8809523809523809
2023,7,19805,AA,14679,14107,SAN,PHX,117,1,0,0,116,0,35,15,4363.0,0.008547008547008548,0.0,0.3017241379310345,0.12931034482758622,37.61206896551724
2023,7,19805,AA,14747,11298,SEA,DFW,223,3,0,0,220,0,53,29,7095.0,0.013452914798206279,0.0,0.2409090909090909,0.1318181818181818,32.25
2023,7,19805,AA,14747,13303,SEA,MIA,31,0,1,0,30,0,5,1,98.0,0.0,0.03225806451612903,0.16666666666666666,0.03333333333333333,3.2666666666666666
2023,7,19805,AA,14747,13930,SEA,ORD,91,3,0,0,88,0,22,11,1649.0,0.03296703296703297,0.0,0.25,0.125,18.738636363636363
2023,7,19805,AA,14747,14100,SEA,PHL,63,5,0,0,58,0,16,7,1696.0,0.07936507936507936,0.0,0.27586206896551724,0.1206896551724138,29.24137931034483
2023,7,19805,AA,14747,14107,SEA,PHX,90,0,0,0,90,0,14,7,1939.0,0.0,0.0,0.15555555555555556,0.07777777777777778,21.544444444444444
2023,7,19805,AA,14771,11298,SFO,DFW,269,0,0,0,269,0,64,26,3914.0,0.0,0.0,0.2379182156133829,0.09665427509293681,14.550185873605948
2023,7,19805,AA,14771,12478,SFO,JFK,119,2,2,0,115,0,29,10,-503.0,0.01680672268907563,0.01680672268907563,0.25217391304347825,0.08695652173913043,-4.373913043478261
2023,7,19805,AA,14771,13303,SFO,MIA,94,0,1,0,93,0,17,3,1174.0,0.0,0.010638297872340425,0.1827956989247312,0.03225806451612903,12.623655913978494
2023,7,19805,AA,14771,13930,SFO,ORD,85,1,0,0,84,0,13,5,-246.0,0.011764705882352941,0.0,0.15476190476190477,0.05952380952380952,-2.9285714285714284
2023,7,19805,AA,14771,14100,SFO,PHL,93,2,0,0,91,0,26,7,1333.0,0.021505376344086023,0.0,0.2857142857142857,0.07692307692307693,14.648351648351648
2023,7,19805,AA,14771,14107,SFO,PHX,92,0,0,0,92,0,20,8,335.0,0.0,0.0,0.21739130434782608,0.08695652173913043,3.641304347826087
2023,7,19805,AA,14869,11298,SLC,DFW,185,1,0,0,184,0,57,23,4558.0,0.005405405405405406,0.0,0.30978260869565216,0.125,24.77173913043478
2023,7,19805,AA,14869,13930,SLC,ORD,31,0,0,0,31,0,5,2,87.0,0.0,0.0,0.16129032258064516,0.06451612903225806,2.806451612903226
2023,7,19805,AA,14869,14107,SLC,PHX,43,0,0,0,43,0,12,4,514.0,0.0,0.0,0.27906976744186046,0.09302325581395349,11.953488372093023
2023,7,19805,AA,15016,11278,STL,DCA,31,2,1,0,28,0,13,5,1597.0,0.06451612903225806,0.03225806451612903,0.4642857142857143,0.17857142857142858,57.035714285714285
2023,7,19805,AA,15016,11298,STL,DFW,154,2,0,0,152,0,46,15,2927.0,0.012987012987012988,0.0,0.3026315789473684,0.09868421052631579,19.25657894736842
2023,7,19805,AA,15016,12892,STL,LAX,30,1,0,0,29,0,10,8,2528.0,0.03333333333333333,0.0,0.3448275862068966,0.27586206896551724,87.17241379310344
2023,7,19805,AA,15016,12953,STL,LGA,47,2,0,0,45,0,11,7,424.0,0.0425531914893617,0.0,0.24444444444444444,0.15555555555555556,9.422222222222222
2023,7,19805,AA,15016,13303,STL,MIA,31,0,0,0,31,0,2,0,-129.0,0.0,0.0,0.06451612903225806,0.0,-4.161290322580645
2023,7,19805,AA,15016,13930,STL,ORD,36,0,0,0,36,0,5,0,-119.0,0.0,0.0,0.1388888888888889,0.0,-3.3055555555555554
2023,7,19805,AA,15016,14100,STL,PHL,62,2,0,0,60,0,19,5,2534.0,0.03225806451612903,0.0,0.31666666666666665,0.08333333333333333,42.233333333333334
2023,7,19805,AA,15016,14107,STL,PHX,36,0,0,0,36,0,6,3,2884.0,0.0,0.0,0.16666666666666666,0.08333333333333333,80.11111111111111
2023,7,19805,AA,15304,11278,TPA,DCA,124,3,1,0,120,0,35,12,1439.0,0.024193548387096774,0.008064516129032258,0.2916666666666667,0.1,11.991666666666667
2023,7,19805,AA,15304,11298,TPA,DFW,212,1,0,0,211,0,82,37,5678.0,0.0047169811320754715,0.0,0.3886255924170616,0.17535545023696683,26.90995260663507
2023,7,19805,AA,15304,13303,TPA,MIA,145,3,0,0,142,0,39,12,2112.0,0.020689655172413793,0.0,0.2746478873239437,0.08450704225352113,14.873239436619718
2023,7,19805,AA,15304,13930,TPA,ORD,62,0,1,0,61,0,34,13,2056.0,0.0,0.016129032258064516,0.5573770491803278,0.21311475409836064,33.704918032786885
2023,7,19805,AA,15304,14100,TPA,PHL,122,1,1,0,120,0,39,15,6937.0,0.00819672131147541,0.00819672131147541,0.325,0.125,57.80833333333333
2023,7,19805,AA,15304,14107,TPA,PHX,65,1,0,0,64,0,16,5,987.0,0.015384615384615385,0.0,0.25,0.078125,15.421875
2023,7,19930,AS,10397,14747,ATL,SEA,124,2,1,0,121,0,48,6,1540.0,0.016129032258064516,0.008064516129032258,0.39669421487603307,0.049586776859504134,12.727272727272727
2023,7,19930,AS,10721,14679,BOS,SAN,31,0,0,0,31,0,15,7,754.0,0.0,0.0,0.4838709677419355,0.22580645161290322,24.322580645161292
2023,7,19930,AS,10721,14747,BOS,SEA,114,1,0,0,113,0,42,17,2710.0,0.008771929824561403,0.0,0.37168141592920356,0.1504424778761062,23.98230088495575
2023,7,19930,AS,10721,14771,BOS,SFO,55,1,0,0,54,0,20,8,837.0,0.01818181818181818,0.0,0.37037037037037035,0.14814814814814814,15.5
2023,7,19930,AS,10821,14747,BWI,SEA,61,0,0,0,61,0,21,5,789.0,0.0,0.0,0.3442622950819672,0.08196721311475409,12.934426229508198
2023,7,19930,AS,11278,12892,DCA,LAX,31,0,0,0,31,0,2,0,-123.0,0.0,0.0,0.06451612903225806,0.0,-3.967741935483871
2023,7,19930,AS,11278,14747,DCA,SEA,62,0,1,0,61,0,17,6,836.0,0.0,0.016129032258064516,0.2786885245901639,0.09836065573770492,13.704918032786885
2023,7,19930,AS,11278,14771,DCA,SFO,31,0,0,0,31,0,8,4,517.0,0.0,0.0,0.25806451612903225,0.12903225806451613,16.677419354838708
2023,7,19930,AS,11292,14747,DEN,SEA,155,2,0,0,153,0,56,19,3251.0,0.012903225806451613,0.0,0.3660130718954248,0.12418300653594772,21.248366013071895
2023,7,19930,AS,11298,14747,DFW,SEA,163,1,0,0,162,0,71,10,2815.0,0.006134969325153374,0.0,0.4382716049382716,0.06172839506172839,17.376543209876544
2023,7,19930,AS,11433,14747,DTW,SEA,62,0,0,0,62,0,18,4,541.0,0.0,0.0,0.2903225806451613,0.06451612903225806,8.725806451612904
2023,7,19930,AS,11618,12892,EWR,LAX,93,4,1,0,88,0,38,19,4858.0,0.043010752688172046,0.010752688172043012,0.4318181818181818,0.2159090909090909,55.20454545454545
2023,7,19930,AS,11618,14679,EWR,SAN,31,1,0,0,30,0,19,10,2716.0,0.03225806451612903,0.0,0.6333333333333333,0.3333333333333333,90.53333333333333
2023,7,19930,AS,11618,14747,EWR,SEA,93,1,0,0,92,0,44,21,3549.0,0.010752688172043012,0.0,0.4782608695652174,0.22826086956521738,38.57608695652174
2023,7,19930,AS,11618,14771,EWR,SFO,88,2,0,0,86,0,33,16,3041.0,0.022727272727272728,0.0,0.38372093023255816,0.18604651162790697,35.36046511627907
2023,7,19930,AS,11697,14747,FLL,SEA,31,0,1,0,30,0,12,4,667.0,0.0,0.03225806451612903,0.4,0.13333333333333333,22.233333333333334
2023,7,19930,AS,12173,12892,HNL,LAX,31,0,0,0,31,0,12,4,559.0,0.0,0.0,0.3870967741935484,0.12903225806451613,18.032258064516128
2023,7,19930,AS,12173,14679,HNL,SAN,31,0,0,0,31,0,6,2,176.0,0.0,0.0,0.1935483870967742,0.06451612903225806,5.67741935483871
2023,7,19930,AS,12173,14747,HNL,SEA,155,1,0,0,154,0,21,6,-1280.0,0.0064516129032258064,0.0,0.13636363636363635,0.03896103896103896,-8.311688311688311
2023,7,19930,AS,12173,14771,HNL,SFO,62,1,0,0,61,0,9,6,76.0,0.016129032258064516,0.0,0.14754098360655737,0.09836065573770492,1.2459016393442623
2023,7,19930,AS,12266,14747,IAH,SEA,88,0,0,0,88,0,12,5,147.0,0.0,0.0,0.13636363636363635,0.056818181818181816,1.6704545454545454
2023,7,19930,AS,12478,14679,JFK,SAN,59,0,0,0,59,0,20,10,2244.0,0.0,0.0,0.3389830508474576,0.1694915254237288,38.03389830508475
2023,7,19930,AS,12478,14747,JFK,SEA,124,1,0,0,123,0,27,16,1610.0,0.008064516129032258,0.0,0.21951219512195122,0.13008130081300814,13.089430894308943
2023,7,19930,AS,12478,14771,JFK,SFO,155,1,0,0,154,0,53,26,3693.0,0.0064516129032258064,0.0,0.34415584415584416,0.16883116883116883,23.98051948051948
2023,7,19930,AS,12889,12892,LAS,LAX,25,0,0,0,25,0,8,1,152.0,0.0,0.0,0.32,0.04,6.08
2023,7,19930,AS,12889,14747,LAS,SEA,210,1,0,0,209,0,50,14,3481.0,0.004761904761904762,0.0,0.23923444976076555,0.06698564593301436,16.6555023923445
2023,7,19930,AS,12889,14771,LAS,SFO,31,1,0,0,30,0,1,1,-76.0,0.03225806451612903,0.0,0.03333333333333333,0.03333333333333333,-2.533333333333333
2023,7,19930,AS,12892,11278,LAX,DCA,31,0,0,0,31,0,4,1,-286.0,0.0,0.0,0.12903225806451613,0.03225806451612903,-9.225806451612904
2023,7,19930,AS,12892,11618,LAX,EWR,93,3,2,0,88,0,32,14,3603.0,0.03225806451612903,0.021505376344086023,0.36363636363636365,0.1590909090909091,40.94318181818182
2023,7,19930,AS,12892,12173,LAX,HNL,31,0,0,0,31,0,4,0,-276.0,0.0,0.0,0.12903225806451613,0.0,-8.903225806451612
2023,7,19930,AS,12892,12889,LAX,LAS,25,0,0,0,25,0,1,0,-191.0,0.0,0.0,0.04,0.0,-7.64
2023,7,19930,AS,12892,14747,LAX,SEA,324,3,1,0,320,0,50,15,979.0,0.009259259259259259,0.0030864197530864196,0.15625,0.046875,3.059375
2023,7,19930,AS,12892,14771,LAX,SFO,31,2,0,0,29,0,2,1,-144.0,0.06451612903225806,0.0,0.06896551724137931,0.034482758620689655,-4.9655172413793105
2023,7,19930,AS,13204,14679,MCO,SAN,31,1,0,0,30,0,16,4,808.0,0.03225806451612903,0.0,0.5333333333333333,0.13333333333333333,26.933333333333334
2023,7,19930,AS,13204,14747,MCO,SEA,93,0,0,0,93,0,39,11,1939.0,0.0,0.0,0.41935483870967744,0.11827956989247312,20.849462365591396
2023,7,19930,AS,13204,14771,MCO,SFO,31,0,0,0,31,0,19,7,1196.0,0.0,0.0,0.6129032258064516,0.22580645161290322,38.58064516129032
2023,7,19930,AS,13303,14747,MIA,SEA,31,0,0,0,31,0,12,3,355.0,0.0,0.0,0.3870967741935484,0.0967741935483871,11.451612903225806
2023,7,19930,AS,13487,14747,MSP,SEA,83,0,0,0,83,0,23,2,444.0,0.0,0.0,0.27710843373493976,0.024096385542168676,5.349397590361446
2023,7,19930,AS,13796,14747,OAK,SEA,88,1,0,0,87,0,14,5,-61.0,0.011363636363636364,0.0,0.16091954022988506,0.05747126436781609,-0.7011494252873564
2023,7,19930,AS,13930,14747,ORD,SEA,197,2,0,0,195,0,63,26,4568.0,0.01015228426395939,0.0,0.3230769230769231,0.13333333333333333,23.425641025641024
2023,7,19930,AS,13930,14771,ORD,SFO,56,0,0,0,56,0,19,10,1520.0,0.0,0.0,0.3392857142857143,0.17857142857142858,27.142857142857142
2023,7,19930,AS,14100,14747,PHL,SEA,62,0,0,0,62,0,22,5,734.0,0.0,0.0,0.3548387096774194,0.08064516129032258,11.838709677419354
2023,7,19930,AS,14107,14747,PHX,SEA,248,2,0,0,246,0,38,7,493.0,0.008064516129032258,0.0,0.15447154471544716,0.028455284552845527,2.0040650406504064
2023,7,19930,AS,14635,14747,RSW,SEA,10,0,0,0,10,0,6,1,173.0,0.0,0.0,0.6,0.1,17.3
2023,7,19930,AS,14679,10721,SAN,BOS,31,0,2,0,29,0,12,7,732.0,0.0,0.06451612903225806,0.41379310344827586,0.2413793103448276,25.24137931034483
2023,7,19930,AS,14679,11618,SAN,EWR,31,0,0,0,31,0,16,10,2395.0,0.0,0.0,0.5161290322580645,0.3225806451612903,77.25806451612904
2023,7,19930,AS,14679,12173,SAN,HNL,31,0,2,0,29,0,6,1,221.0,0.0,0.06451612903225806,0.20689655172413793,0.034482758620689655,7.620689655172414
2023,7,19930,AS,14679,12478,SAN,JFK,59,0,2,0,57,0,19,9,1613.0,0.0,0.03389830508474576,0.3333333333333333,0.15789473684210525,28.29824561403509
2023,7,19930,AS,14679,13204,SAN,MCO,31,0,0,0,31,0,14,3,621.0,0.0,0.0,0.45161290322580644,0.0967741935483871,20.032258064516128
2023,7,19930,AS,14679,14747,SAN,SEA,272,1,0,0,271,0,40,14,306.0,0.003676470588235294,0.0,0.14760147601476015,0.05166051660516605,1.1291512915129152
2023,7,19930,AS,14747,10397,SEA,ATL,124,0,0,0,124,0,18,5,-507.0,0.0,0.0,0.14516129032258066,0.04032258064516129,-4.088709677419355
2023,7,19930,AS,14747,10721,SEA,BOS,114,0,0,0,114,0,32,15,1769.0,0.0,0.0,0.2807017543859649,0.13157894736842105,15.517543859649123
2023,7,19930,AS,14747,10821,SEA,BWI,61,0,0,0,61,0,6,1,-290.0,0.0,0.0,0.09836065573770492,0.01639344262295082,-4.754098360655738
2023,7,19930,AS,14747,11278,SEA,DCA,62,0,1,0,61,0,15,1,-58.0,0.0,0.016129032258064516,0.2459016393442623,0.01639344262295082,-0.9508196721311475
2023,7,19930,AS,14747,11292,SEA,DEN,155,0,2,0,153,0,35,13,641.0,0.0,0.012903225806451613,0.22875816993464052,0.08496732026143791,4.189542483660131
2023,7,19930,AS,14747,11298,SEA,DFW,163,0,0,0,163,0,40,5,895.0,0.0,0.0,0.24539877300613497,0.03067484662576687,5.49079754601227
2023,7,19930,AS,14747,11433,SEA,DTW,62,0,0,0,62,0,14,3,180.0,0.0,0.0,0.22580645161290322,0.04838709677419355,2.903225806451613
2023,7,19930,AS,14747,11618,SEA,EWR,93,1,3,0,89,0,20,7,594.0,0.010752688172043012,0.03225806451612903,0.2247191011235955,0.07865168539325842,6.674157303370786
2023,7,19930,AS,14747,11697,SEA,FLL,31,0,0,0,31,0,6,0,-155.0,0.0,0.0,0.1935483870967742,0.0,-5.0
2023,7,19930,AS,14747,12173,SEA,HNL,155,0,0,0,155,0,54,12,1884.0,0.0,0.0,0.34838709677419355,0.07741935483870968,12.154838709677419
2023,7,19930,AS,14747,12266,SEA,IAH,88,0,0,0,88,0,24,4,832.0,0.0,0.0,0.2727272727272727,0.045454545454545456,9.454545454545455
2023,7,19930,AS,14747,12478,SEA,JFK,124,0,1,0,123,0,40,24,2680.0,0.0,0.008064516129032258,0.3252032520325203,0.1951219512195122,21.788617886178862
2023,7,19930,AS,14747,12889,SEA,LAS,210,1,0,0,209,0,44,12,1446.0,0.004761904761904762,0.0,0.21052631578947367,0.05741626794258373,6.91866028708134
2023,7,19930,AS,14747,12892,SEA,LAX,322,1,0,0,321,0,77,15,2075.0,0.003105590062111801,0.0,0.2398753894080997,0.04672897196261682,6.464174454828661
2023,7,19930,AS,14747,13204,SEA,MCO,93,0,0,0,93,0,14,3,-180.0,0.0,0.0,0.15053763440860216,0.03225806451612903,-1.935483870967742
2023,7,19930,AS,14747,13303,SEA,MIA,31,0,0,0,31,0,6,0,-99.0,0.0,0.0,0.1935483870967742,0.0,-3.193548387096774
2023,7,19930,AS,14747,13487,SEA,MSP,83,0,0,0,83,0,21,4,717.0,0.0,0.0,0.25301204819277107,0.04819277108433735,8.63855421686747
2023,7,19930,AS,14747,13796,SEA,OAK,88,0,0,0,88,0,22,7,877.0,0.0,0.0,0.25,0.07954545454545454,9.965909090909092
2023,7,19930,AS,14747,13930,SEA,ORD,197,1,2,0,194,0,42,10,1007.0,0.005076142131979695,0.01015228426395939,0.21649484536082475,0.05154639175257732,5.190721649484536
2023,7,19930,AS,14747,14100,SEA,PHL,62,0,0,0,62,0,16,3,328.0,0.0,0.0,0.25806451612903225,0.04838709677419355,5.290322580645161
2023,7,19930,AS,14747,14107,SEA,PHX,248,1,1,0,246,0,59,6,898.0,0.004032258064516129,0.004032258064516129,0.23983739837398374,0.024390243902439025,3.6504065040650406
2023,7,19930,AS,14747,14635,SEA,RSW,9,0,0,0,9,0,3,1,42.0,0.0,0.0,0.3333333333333333,0.1111111111111111,4.666666666666667
2023,7,19930,AS,14747,14679,SEA,SAN,272,0,0,0,272,0,56,7,687.0,0.0,0.0,0.20588235294117646,0.025735294117647058,2.525735294117647
2023,7,19930,AS,14747,14771,SEA,SFO,306,0,0,0,306,0,72,12,2055.0,0.0,0.0,0.23529411764705882,0.0392156862745098,6.715686274509804
2023,7,19930,AS,14747,14869,SEA,SLC,93,0,0,0,93,0,18,2,112.0,0.0,0.0,0.1935483870967742,0.021505376344086023,1.2043010752688172
2023,7,19930,AS,14747,15016,SEA,STL,86,0,0,0,86,0,21,7,370.0,0.0,0.0,0.2441860465116279,0.08139534883720931,4.3023255813953485
2023,7,19930,AS,14747,15304,SEA,TPA,62,0,0,0,62,0,14,0,-149.0,0.0,0.0,0.22580645161290322,0.0,-2.403225806451613
2023,7,19930,AS,14771,10721,SFO,BOS,55,0,0,0,55,0,7,2,-221.0,0.0,0.0,0.12727272727272726,0.03636363636363636,-4.0181818181818185
2023,7,19930,AS,14771,11278,SFO,DCA,31,0,0,0,31,0,3,2,-58.0,0.0,0.0,0.0967741935483871,0.06451612903225806,-1.8709677419354838
2023,7,19930,AS,14771,11618,SFO,EWR,88,2,3,0,83,0,25,16,1914.0,0.022727272727272728,0.03409090909090909,0.30120481927710846,0.1927710843373494,23.06024096385542
2023,7,19930,AS,14771,12173,SFO,HNL,62,0,0,0,62,0,17,4,452.0,0.0,0.0,0.27419354838709675,0.06451612903225806,7.290322580645161
2023,7,19930,AS,14771,12478,SFO,JFK,155,1,1,0,153,0,52,28,3051.0,0.0064516129032258064,0.0064516129032258064,0.33986928104575165,0.1830065359477124,19.941176470588236
2023,7,19930,AS,14771,12889,SFO,LAS,26,1,0,0,25,0,4,1,406.0,0.038461538461538464,0.0,0.16,0.04,16.24
2023,7,19930,AS,14771,12892,SFO,LAX,31,0,1,0,30,0,11,1,140.0,0.0,0.03225806451612903,0.36666666666666664,0.03333333333333333,4.666666666666667
2023,7,19930,AS,14771,13204,SFO,MCO,31,0,0,0,31,0,9,3,454.0,0.0,0.0,0.2903225806451613,0.0967741935483871,14.64516129032258
2023,7,19930,AS,14771,13930,SFO,ORD,56,0,2,0,54,0,12,3,131.0,0.0,0.03571428571428571,0.2222222222222222,0.05555555555555555,2.425925925925926
2023,7,19930,AS,14771,14747,SFO,SEA,306,0,0,0,306,0,59,19,1090.0,0.0,0.0,0.19281045751633988,0.06209150326797386,3.5620915032679736
2023,7,19930,AS,14869,14747,SLC,SEA,93,0,0,0,93,0,28,2,911.0,0.0,0.0,0.3010752688172043,0.021505376344086023,9.795698924731182
2023,7,19930,AS,15016,14747,STL,SEA,86,0,0,0,86,0,24,5,763.0,0.0,0.0,0.27906976744186046,0.05813953488372093,8.872093023255815
2023,7,19930,AS,15304,14747,TPA,SEA,62,0,0,0,62,0,22,2,1572.0,0.0,0.0,0.3548387096774194,0.03225806451612903,25.35483870967742
2023,7,19977,UA,10397,11292,ATL,DEN,96,2,0,0,94,0,36,16,2460.0,0.020833333333333332,0.0,0.3829787234042553,0.1702127659574468,26.170212765957448
2023,7,19977,UA,10397,11618,ATL,EWR,196,16,0,0,180,0,80,38,6420.0,0.08163265306122448,0.0,0.4444444444444444,0.2111111111111111,35.666666666666664
2023,7,19977,UA,10397,12266,ATL,IAH,155,2,0,0,153,0,50,24,3278.0,0.012903225806451613,0.0,0.32679738562091504,0.1568627450980392,21.424836601307188
2023,7,19977,UA,10397,13930,ATL,ORD,138,4,2,0,132,0,47,15,2823.0,0.028985507246376812,0.014492753623188406,0.3560606060606061,0.11363636363636363,21.386363636363637
2023,7,19977,UA,10397,14771,ATL,SFO,62,2,0,0,60,0,30,10,2225.0,0.03225806451612903,0.0,0.5,0.16666666666666666,37.083333333333336
2023,7,19977,UA,10721,11292,BOS,DEN,178,8,2,0,168,0,59,28,3843.0,0.0449438202247191,0.011235955056179775,0.35119047619047616,0.16666666666666666,22.875
2023,7,19977,UA,10721,11618,BOS,EWR,270,34,0,0,236,0,83,49,7401.0,0.1259259259259259,0.0,0.3516949152542373,0.2076271186440678,31.360169491525422
2023,7,19977,UA,10721,12266,BOS,IAH,121,5,1,0,115,0,35,9,1505.0,0.04132231404958678,0.008264462809917356,0.30434782608695654,0.0782608695652174,13.08695652173913
2023,7,19977,UA,10721,12892,BOS,LAX,62,1,0,0,61,0,22,9,1030.0,0.016129032258064516,0.0,0.36065573770491804,0.14754098360655737,16.885245901639344
2023,7,19977,UA,10721,13930,BOS,ORD,193,12,0,0,181,0,77,51,7760.0,0.06217616580310881,0.0,0.425414364640884,0.281767955801105,42.87292817679558
2023,7,19977,UA,10721,14771,BOS,SFO,180,6,1,0,173,0,56,26,3257.0,0.03333333333333333,0.005555555555555556,0.3236994219653179,0.15028901734104047,18.826589595375722
2023,7,19977,UA,10821,11292,BWI,DEN,88,3,0,0,85,0,21,9,872.0,0.03409090909090909,0.0,0.24705882352941178,0.10588235294117647,10.258823529411766
2023,7,19977,UA,10821,12266,BWI,IAH,46,1,0,0,45,0,7,4,163.0,0.021739130434782608,0.0,0.15555555555555556,0.08888888888888889,3.6222222222222222
2023,7,19977,UA,10821,12892,BWI,LAX,31,0,0,0,31,0,3,2,-200.0,0.0,0.0,0.0967741935483871,0.06451612903225806,-6.451612903225806
2023,7,19977,UA,10821,13930,BWI,ORD,86,5,0,0,81,0,32,13,1777.0,0.05813953488372093,0.0,0.3950617283950617,0.16049382716049382,21.938271604938272
2023,7,19977,UA,10821,14771,BWI,SFO,62,3,0,0,59,0,19,4,529.0,0.04838709677419355,0.0,0.3220338983050847,0.06779661016949153,8.966101694915254
2023,7,19977,UA,11278,11292,DCA,DEN,31,0,2,0,29,0,11,6,701.0,0.0,0.06451612903225806,0.3793103448275862,0.20689655172413793,24.17241379310345
2023,7,19977,UA,11278,12266,DCA,IAH,166,4,1,0,161,0,42,11,1869.0,0.024096385542168676,0.006024096385542169,0.2608695652173913,0.06832298136645963,11.608695652173912
2023,7,19977,UA,11278,13930,DCA,ORD,199,10,2,0,187,0,46,26,3987.0,0.05025125628140704,0.010050251256281407,0.24598930481283424,0.13903743315508021,21.32085561497326
2023,7,19977,UA,11278,14771,DCA,SFO,31,3,1,0,27,0,13,5,838.0,0.0967741935483871,0.03225806451612903,0.48148148148148145,0.18518518518518517,31.037037037037038
2023,7,19977,UA,11292,10397,DEN,ATL,96,3,1,0,92,0,27,9,1397.0,0.03125,0.010416666666666666,0.29347826086956524,0.09782608695652174,15.184782608695652
2023,7,19977,UA,11292,10721,DEN,BOS,178,6,4,0,168,0,64,35,3478.0,0.033707865168539325,0.02247191011235955,0.38095238095238093,0.20833333333333334,20.702380952380953
2023,7,19977,UA,11292,10821,DEN,BWI,88,3,1,0,84,0,20,9,128.0,0.03409090909090909,0.011363636363636364,0.23809523809523808,0.10714285714285714,1.5238095238095237
2023,7,19977,UA,11292,11278,DEN,DCA,31,0,0,0,31,0,6,2,3.0,0.0,0.0,0.1935483870967742,0.06451612903225806,0.0967741935483871
2023,7,19977,UA,11292,11298,DEN,DFW,161,1,0,0,160,0,54,28,3334.0,0.006211180124223602,0.0,0.3375,0.175,20.8375
2023,7,19977,UA,11292,11433,DEN,DTW,62,4,1,0,57,0,21,10,1221.0,0.06451612903225806,0.016129032258064516,0.3684210526315789,0.17543859649122806,21.42105263157895
2023,7,19977,UA,11292,11618,DEN,EWR,279,37,7,0,235,0,103,50,6877.0,0.13261648745519714,0.025089605734767026,0.43829787234042555,0.2127659574468085,29.26382978723404
2023,7,19977,UA,11292,11697,DEN,FLL,62,1,0,0,61,0,28,12,1988.0,0.016129032258064516,0.0,0.45901639344262296,0.19672131147540983,32.59016393442623
2023,7,19977,UA,11292,12173,DEN,HNL,62,5,1,0,56,0,26,10,3089.0,0.08064516129032258,0.016129032258064516,0.4642857142857143,0.17857142857142858,55.160714285714285
2023,7,19977,UA,11292,12266,DEN,IAH,341,6,0,0,335,0,116,47,6733.0,0.017595307917888565,0.0,0.34626865671641793,0.14029850746268657,20.098507462686566
2023,7,19977,UA,11292,12889,DEN,LAS,232,9,0,0,223,0,82,35,4804.0,0.03879310344827586,0.0,0.36771300448430494,0.15695067264573992,21.542600896860986
2023,7,19977,UA,11292,12892,DEN,LAX,279,7,0,0,272,0,93,51,7285.0,0.025089605734767026,0.0,0.34191176470588236,0.1875,26.783088235294116
2023,7,19977,UA,11292,12953,DEN,LGA,202,6,1,0,195,0,79,33,4459.0,0.0297029702970297,0.0049504950495049506,0.40512820512820513,0.16923076923076924,22.866666666666667
2023,7,19977,UA,11292,13204,DEN,MCO,152,6,3,0,143,0,46,22,2294.0,0.039473684210526314,0.019736842105263157,0.32167832167832167,0.15384615384615385,16.041958041958043
2023,7,19977,UA,11292,13303,DEN,MIA,62,2,0,0,60,0,34,13,2166.0,0.03225806451612903,0.0,0.5666666666666667,0.21666666666666667,36.1
2023,7,19977,UA,11292,13487,DEN,MSP,131,2,0,0,129,0,39,21,2914.0,0.015267175572519083,0.0,0.3023255813953488,0.16279069767441862,22.589147286821706
2023,7,19977,UA,11292,13930,DEN,ORD,310,7,3,0,300,0,96,42,6103.0,0.02258064516129032,0.00967741935483871,0.32,0.14,20.343333333333334
2023,7,19977,UA,11292,14100,DEN,PHL,100,2,0,0,98,0,30,16,1443.0,0.02,0.0,0.30612244897959184,0.16326530612244897,14.724489795918368
2023,7,19977,UA,11292,14107,DEN,PHX,149,2,0,0,147,0,52,29,3359.0,0.013422818791946308,0.0,0.35374149659863946,0.19727891156462585,22.85034013605442
2023,7,19977,UA,11292,14635,DEN,RSW,31,0,0,0,31,0,8,5,438.0,0.0,0.0,0.25806451612903225,0.16129032258064516,14.129032258064516
2023,7,19977,UA,11292,14679,DEN,SAN,207,6,0,0,201,0,63,26,2608.0,0.028985507246376812,0.0,0.31343283582089554,0.12935323383084577,12.975124378109452
2023,7,19977,UA,11292,14747,DEN,SEA,208,3,0,0,205,0,78,34,4375.0,0.014423076923076924,0.0,0.3804878048780488,0.16585365853658537,21.341463414634145
2023,7,19977,UA,11292,14771,DEN,SFO,279,5,0,0,274,0,88,38,5518.0,0.017921146953405017,0.0,0.32116788321167883,0.1386861313868613,20.138686131386862
2023,7,19977,UA,11292,14869,DEN,SLC,59,3,0,0,56,0,14,4,512.0,0.05084745762711865,0.0,0.25,0.07142857142857142,9.142857142857142
2023,7,19977,UA,11292,15016,DEN,STL,112,4,0,0,108,0,46,26,2971.0,0.03571428571428571,0.0,0.42592592592592593,0.24074074074074073,27.50925925925926
2023,7,19977,UA,11292,15304,DEN,TPA,93,1,0,0,92,0,27,10,1262.0,0.010752688172043012,0.0,0.29347826086956524,0.10869565217391304,13.717391304347826
2023,7,19977,UA,11298,11292,DFW,DEN,161,2,1,0,158,0,54,20,3011.0,0.012422360248447204,0.006211180124223602,0.34177215189873417,0.12658227848101267,19.056962025316455
2023,7,19977,UA,11298,11618,DFW,EWR,160,14,2,0,144,0,36,14,1788.0,0.0875,0.0125,0.25,0.09722222222222222,12.416666666666666
2023,7,19977,UA,11298,12266,DFW,IAH,155,6,0,0,149,0,42,17,2816.0,0.03870967741935484,0.0,0.28187919463087246,0.11409395973154363,18.899328859060404
2023,7,19977,UA,11298,13930,DFW,ORD,142,3,1,0,138,0,47,14,1966.0,0.02112676056338028,0.007042253521126761,0.34057971014492755,0.10144927536231885,14.246376811594203
2023,7,19977,UA,11298,14771,DFW,SFO,61,1,0,0,60,0,27,16,3405.0,0.01639344262295082,0.0,0.45,0.26666666666666666,56.75
2023,7,19977,UA,11433,11292,DTW,DEN,62,4,0,0,58,0,16,6,579.0,0.06451612903225806,0.0,0.27586206896551724,0.10344827586206896,9.982758620689655
2023,7,19977,UA,11433,11618,DTW,EWR,49,5,0,0,44,0,16,11,1612.0,0.10204081632653061,0.0,0.36363636363636365,0.25,36.63636363636363
2023,7,19977,UA,11433,12266,DTW,IAH,35,0,0,0,35,0,13,7,1267.0,0.0,0.0,0.37142857142857144,0.2,36.2
2023,7,19977,UA,11433,13930,DTW,ORD,26,2,0,0,24,0,8,2,529.0,0.07692307692307693,0.0,0.3333333333333333,0.08333333333333333,22.041666666666668
2023,7,19977,UA,11618,10397,EWR,ATL,201,20,1,0,180,0,88,49,7403.0,0.09950248756218906,0.004975124378109453,0.4888888888888889,0.2722222222222222,41.12777777777778
2023,7,19977,UA,11618,10721,EWR,BOS,270,32,0,0,238,0,81,47,5948.0,0.11851851851851852,0.0,0.3403361344537815,0.19747899159663865,24.991596638655462
2023,7,19977,UA,11618,11292,EWR,DEN,279,34,3,0,242,0,109,59,8939.0,0.12186379928315412,0.010752688172043012,0.45041322314049587,0.24380165289256198,36.93801652892562
2023,7,19977,UA,11618,11298,EWR,DFW,160,16,0,0,144,0,61,28,4796.0,0.1,0.0,0.4236111111111111,0.19444444444444445,33.30555555555556
2023,7,19977,UA,11618,11433,EWR,DTW,49,5,0,0,44,0,19,9,963.0,0.10204081632653061,0.0,0.4318181818181818,0.20454545454545456,21.886363636363637
2023,7,19977,UA,11618,11697,EWR,FLL,186,20,0,0,166,0,80,49,6761.0,0.10752688172043011,0.0,0.4819277108433735,0.29518072289156627,40.7289156626506
2023,7,19977,UA,11618,12173,EWR,HNL,9,0,0,0,9,0,1,0,-88.0,0.0,0.0,0.1111111111111111,0.0,-9.777777777777779
2023,7,19977,UA,11618,12266,EWR,IAH,279,23,1,0,255,0,114,56,9005.0,0.08243727598566308,0.0035842293906810036,0.4470588235294118,0.2196078431372549,35.31372549019608
2023,7,19977,UA,11618,12889,EWR,LAS,206,17,0,0,189,0,110,62,9179.0,0.0825242718446602,0.0,0.582010582010582,0.328042328042328,48.56613756613756
2023,7,19977,UA,11618,12892,EWR,LAX,245,17,1,0,227,0,114,50,8972.0,0.06938775510204082,0.004081632653061225,0.5022026431718062,0.22026431718061673,39.52422907488987
2023,7,19977,UA,11618,13204,EWR,MCO,308,30,2,0,276,0,177,95,17399.0,0.09740259740259741,0.006493506493506494,0.6413043478260869,0.3442028985507246,63.039855072463766
2023,7,19977,UA,11618,13303,EWR,MIA,124,13,1,0,110,0,60,27,4603.0,0.10483870967741936,0.008064516129032258,0.5454545454545454,0.24545454545454545,41.845454545454544
2023,7,19977,UA,11618,13487,EWR,MSP,93,5,0,0,88,0,45,26,3809.0,0.053763440860215055,0.0,0.5113636363636364,0.29545454545454547,43.28409090909091
2023,7,19977,UA,11618,13930,EWR,ORD,327,40,1,0,286,0,154,79,13687.0,0.12232415902140673,0.0030581039755351682,0.5384615384615384,0.2762237762237762,47.85664335664335
2023,7,19977,UA,11618,14107,EWR,PHX,124,8,1,0,115,0,47,22,2917.0,0.06451612903225806,0.008064516129032258,0.40869565217391307,0.19130434782608696,25.36521739130435
2023,7,19977,UA,11618,14635,EWR,RSW,124,11,2,0,111,0,62,42,6540.0,0.08870967741935484,0.016129032258064516,0.5585585585585585,0.3783783783783784,58.91891891891892
2023,7,19977,UA,11618,14679,EWR,SAN,124,9,0,0,115,0,47,28,3521.0,0.07258064516129033,0.0,0.40869565217391307,0.24347826086956523,30.617391304347827
2023,7,19977,UA,11618,14747,EWR,SEA,124,6,0,0,118,0,80,41,7441.0,0.04838709677419355,0.0,0.6779661016949152,0.3474576271186441,63.059322033898304
2023,7,19977,UA,11618,14771,EWR,SFO,279,20,1,0,258,0,136,58,11027.0,0.07168458781362007,0.0035842293906810036,0.5271317829457365,0.2248062015503876,42.74031007751938
2023,7,19977,UA,11618,14869,EWR,SLC,31,1,0,0,30,0,20,11,1890.0,0.03225806451612903,0.0,0.6666666666666666,0.36666666666666664,63.0
2023,7,19977,UA,11618,15016,EWR,STL,31,2,2,0,27,0,12,7,1411.0,0.06451612903225806,0.06451612903225806,0.4444444444444444,0.25925925925925924,52.25925925925926
2023,7,19977,UA,11618,15304,EWR,TPA,186,14,2,0,170,0,84,43,6970.0,0.07526881720430108,0.010752688172043012,0.49411764705882355,0.2529411764705882,41.0
2023,7,19977,UA,11697,11292,FLL,DEN,62,1,2,0,59,0,13,4,702.0,0.016129032258064516,0.03225806451612903,0.22033898305084745,0.06779661016949153,11.898305084745763
2023,7,19977,UA,11697,11618,FLL,EWR,186,21,1,0,164,0,68,41,6550.0,0.11290322580645161,0.005376344086021506,0.4146341463414634,0.25,39.9390243902439
2023,7,19977,UA,11697,12266,FLL,IAH,93,1,0,0,92,0,26,13,854.0,0.010752688172043012,0.0,0.2826086956521739,0.14130434782608695,9.282608695652174
2023,7,19977,UA,11697,13930,FLL,ORD,60,1,1,0,58,0,28,9,3602.0,0.016666666666666666,0.016666666666666666,0.4827586206896552,0.15517241379310345,62.10344827586207
2023,7,19977,UA,11697,14771,FLL,SFO,31,0,0,0,31,0,3,2,-88.0,0.0,0.0,0.0967741935483871,0.06451612903225806,-2.838709677419355
2023,7,19977,UA,12173,11292,HNL,DEN,62,5,0,0,57,0,7,3,-9.0,0.08064516129032258,0.0,0.12280701754385964,0.05263157894736842,-0.15789473684210525
2023,7,19977,UA,12173,11618,HNL,EWR,9,0,0,0,9,0,3,1,66.0,0.0,0.0,0.3333333333333333,0.1111111111111111,7.333333333333333
2023,7,19977,UA,12173,12266,HNL,IAH,31,0,0,0,31,0,3,1,-78.0,0.0,0.0,0.0967741935483871,0.03225806451612903,-2.5161290322580645
2023,7,19977,UA,12173,12892,HNL,LAX,155,0,0,0,155,0,37,12,1936.0,0.0,0.0,0.23870967741935484,0.07741935483870968,12.490322580645161
2023,7,19977,UA,12173,13930,HNL,ORD,31,0,0,0,31,0,3,2,-127.0,0.0,0.0,0.0967741935483871,0.06451612903225806,-4.096774193548387
2023,7,19977,UA,12173,14771,HNL,SFO,155,1,1,0,153,0,20,2,-717.0,0.0064516129032258064,0.0064516129032258064,0.13071895424836602,0.013071895424836602,-4.686274509803922
2023,7,19977,UA,12266,10397,IAH,ATL,155,2,1,0,152,0,52,21,2943.0,0.012903225806451613,0.0064516129032258064,0.34210526315789475,0.13815789473684212,19.361842105263158
2023,7,19977,UA,12266,10721,IAH,BOS,121,4,2,0,115,0,40,24,3196.0,0.03305785123966942,0.01652892561983471,0.34782608695652173,0.20869565217391303,27.791304347826088
2023,7,19977,UA,12266,10821,IAH,BWI,46,1,0,0,45,0,16,9,893.0,0.021739130434782608,0.0,0.35555555555555557,0.2,19.844444444444445
2023,7,19977,UA,12266,11278,IAH,DCA,166,4,0,0,162,0,35,12,1853.0,0.024096385542168676,0.0,0.21604938271604937,0.07407407407407407,11.438271604938272
2023,7,19977,UA,12266,11292,IAH,DEN,342,6,3,0,333,0,101,39,5092.0,0.017543859649122806,0.008771929824561403,0.3033033033033033,0.11711711711711711,15.29129129129129
2023,7,19977,UA,12266,11298,IAH,DFW,155,5,0,0,150,0,54,18,3403.0,0.03225806451612903,0.0,0.36,0.12,22.686666666666667
2023,7,19977,UA,12266,11433,IAH,DTW,36,0,0,0,36,0,8,6,719.0,0.0,0.0,0.2222222222222222,0.16666666666666666,19.97222222222222
2023,7,19977,UA,12266,11618,IAH,EWR,279,22,3,0,254,0,99,35,6304.0,0.07885304659498207,0.010752688172043012,0.38976377952755903,0.1377952755905512,24.818897637795274
2023,7,19977,UA,12266,11697,IAH,FLL,93,1,1,0,91,0,21,9,770.0,0.010752688172043012,0.010752688172043012,0.23076923076923078,0.0989010989010989,8.461538461538462
2023,7,19977,UA,12266,12173,IAH,HNL,31,0,0,0,31,0,6,1,541.0,0.0,0.0,0.1935483870967742,0.03225806451612903,17.451612903225808
2023,7,19977,UA,12266,12889,IAH,LAS,183,1,0,0,182,0,36,16,983.0,0.00546448087431694,0.0,0.1978021978021978,0.08791208791208792,5.4010989010989015
2023,7,19977,UA,12266,12892,IAH,LAX,310,6,1,0,303,0,70,25,1618.0,0.01935483870967742,0.0032258064516129032,0.23102310231023102,0.08250825082508251,5.33993399339934
2023,7,19977,UA,12266,12953,IAH,LGA,139,11,2,0,126,0,40,16,1698.0,0.07913669064748201,0.014388489208633094,0.31746031746031744,0.12698412698412698,13.476190476190476
2023,7,19977,UA,12266,13204,IAH,MCO,183,3,4,0,176,0,61,30,4041.0,0.01639344262295082,0.02185792349726776,0.3465909090909091,0.17045454545454544,22.960227272727273
2023,7,19977,UA,12266,13303,IAH,MIA,91,1,1,0,89,0,25,8,971.0,0.01098901098901099,0.01098901098901099,0.2808988764044944,0.0898876404494382,10.910112359550562
2023,7,19977,UA,12266,13487,IAH,MSP,53,0,0,0,53,0,18,8,1016.0,0.0,0.0,0.33962264150943394,0.1509433962264151,19.169811320754718
2023,7,19977,UA,12266,13930,IAH,ORD,309,2,4,0,303,0,69,25,2800.0,0.006472491909385114,0.012944983818770227,0.22772277227722773,0.08250825082508251,9.24092409240924
2023,7,19977,UA,12266,14100,IAH,PHL,85,0,1,0,84,0,18,6,360.0,0.0,0.011764705882352941,0.21428571428571427,0.07142857142857142,4.285714285714286
2023,7,19977,UA,12266,14107,IAH,PHX,85,1,0,0,84,0,23,8,734.0,0.011764705882352941,0.0,0.27380952380952384,0.09523809523809523,8.738095238095237
2023,7,19977,UA,12266,14635,IAH,RSW,31,1,1,0,29,0,12,5,541.0,0.03225806451612903,0.03225806451612903,0.41379310344827586,0.1724137931034483,18.655172413793103
2023,7,19977,UA,12266,14679,IAH,SAN,152,2,0,0,150,0,31,8,397.0,0.013157894736842105,0.0,0.20666666666666667,0.05333333333333334,2.6466666666666665
2023,7,19977,UA,12266,14747,IAH,SEA,124,2,1,0,121,0,39,13,2829.0,0.016129032258064516,0.008064516129032258,0.32231404958677684,0.10743801652892562,23.380165289256198
2023,7,19977,UA,12266,14771,IAH,SFO,279,5,0,0,274,0,64,24,2985.0,0.017921146953405017,0.0,0.23357664233576642,0.08759124087591241,10.894160583941606
2023,7,19977,UA,12266,14869,IAH,SLC,93,0,0,0,93,0,19,4,657.0,0.0,0.0,0.20430107526881722,0.043010752688172046,7.064516129032258
2023,7,19977,UA,12266,15016,IAH,STL,60,1,0,0,59,0,23,7,1299.0,0.016666666666666666,0.0,0.3898305084745763,0.11864406779661017,22.016949152542374
2023,7,19977,UA,12266,15304,IAH,TPA,93,2,0,0,91,0,21,10,972.0,0.021505376344086023,0.0,0.23076923076923078,0.10989010989010989,10.68131868131868
2023,7,19977,UA,12889,11292,LAS,DEN,232,11,2,0,219,0,62,33,4607.0,0.04741379310344827,0.008620689655172414,0.2831050228310502,0.1506849315068493,21.036529680365298
2023,7,19977,UA,12889,11618,LAS,EWR,207,18,4,0,185,0,81,44,6035.0,0.08695652173913043,0.01932367149758454,0.43783783783783786,0.23783783783783785,32.62162162162162
2023,7,19977,UA,12889,12266,LAS,IAH,183,2,1,0,180,0,32,10,837.0,0.01092896174863388,0.00546448087431694,0.17777777777777778,0.05555555555555555,4.65
2023,7,19977,UA,12889,12892,LAS,LAX,88,0,0,0,88,0,25,10,2364.0,0.0,0.0,0.2840909090909091,0.11363636363636363,26.863636363636363
2023,7,19977,UA,12889,13930,LAS,ORD,180,6,2,0,172,0,50,23,1900.0,0.03333333333333333,0.011111111111111112,0.29069767441860467,0.13372093023255813,11.046511627906977
2023,7,19977,UA,12889,14771,LAS,SFO,186,7,0,0,179,0,50,19,1815.0,0.03763440860215054,0.0,0.27932960893854747,0.10614525139664804,10.139664804469273
2023,7,19977,UA,12892,10721,LAX,BOS,62,1,1,0,60,0,10,3,-388.0,0.016129032258064516,0.016129032258064516,0.16666666666666666,0.05,-6.466666666666667
2023,7,19977,UA,12892,10821,LAX,BWI,31,0,0,0,31,0,6,2,-86.0,0.0,0.0,0.1935483870967742,0.06451612903225806,-2.774193548387097
2023,7,19977,UA,12892,11292,LAX,DEN,279,5,1,0,273,0,68,29,3928.0,0.017921146953405017,0.0035842293906810036,0.2490842490842491,0.10622710622710622,14.388278388278389
2023,7,19977,UA,12892,11618,LAX,EWR,245,19,3,0,223,0,74,27,2784.0,0.07755102040816327,0.012244897959183673,0.33183856502242154,0.1210762331838565,12.484304932735427
2023,7,19977,UA,12892,12173,LAX,HNL,155,0,0,0,155,0,44,18,4050.0,0.0,0.0,0.2838709677419355,0.11612903225806452,26.129032258064516
2023,7,19977,UA,12892,12266,LAX,IAH,310,6,1,0,303,0,38,13,-468.0,0.01935483870967742,0.0032258064516129032,0.1254125412541254,0.0429042904290429,-1.5445544554455446
2023,7,19977,UA,12892,12889,LAX,LAS,88,0,0,0,88,0,15,7,444.0,0.0,0.0,0.17045454545454544,0.07954545454545454,5.045454545454546
2023,7,19977,UA,12892,13204,LAX,MCO,62,2,0,0,60,0,8,2,-418.0,0.03225806451612903,0.0,0.13333333333333333,0.03333333333333333,-6.966666666666667
2023,7,19977,UA,12892,13930,LAX,ORD,276,9,7,0,260,0,47,13,-341.0,0.03260869565217391,0.025362318840579712,0.18076923076923077,0.05,-1.3115384615384615
2023,7,19977,UA,12892,14107,LAX,PHX,37,0,0,0,37,0,7,3,205.0,0.0,0.0,0.1891891891891892,0.08108108108108109,5.54054054054054
2023,7,19977,UA,12892,14679,LAX,SAN,11,0,0,0,11,0,1,0,-59.0,0.0,0.0,0.09090909090909091,0.0,-5.363636363636363
2023,7,19977,UA,12892,14747,LAX,SEA,52,1,0,0,51,0,7,2,22.0,0.019230769230769232,0.0,0.13725490196078433,0.0392156862745098,0.43137254901960786
2023,7,19977,UA,12892,14771,LAX,SFO,265,7,0,0,258,0,41,14,-556.0,0.026415094339622643,0.0,0.15891472868217055,0.05426356589147287,-2.1550387596899223
2023,7,19977,UA,12892,15304,LAX,TPA,31,0,0,0,31,0,2,1,-336.0,0.0,0.0,0.06451612903225806,0.03225806451612903,-10.838709677419354
2023,7,19977,UA,12953,11292,LGA,DEN,202,5,3,0,194,0,64,27,5887.0,0.024752475247524754,0.01485148514851485,0.32989690721649484,0.13917525773195877,30.34536082474227
2023,7,19977,UA,12953,12266,LGA,IAH,140,11,1,0,128,0,24,9,698.0,0.07857142857142857,0.007142857142857143,0.1875,0.0703125,5.453125
2023,7,19977,UA,12953,13930,LGA,ORD,294,29,2,0,263,0,90,41,5696.0,0.09863945578231292,0.006802721088435374,0.34220532319391633,0.155893536121673,21.657794676806084
2023,7,19977,UA,13204,11292,MCO,DEN,152,6,2,0,144,0,50,18,2448.0,0.039473684210526314,0.013157894736842105,0.3472222222222222,0.125,17.0
2023,7,19977,UA,13204,11618,MCO,EWR,308,32,1,0,275,0,124,69,11507.0,0.1038961038961039,0.003246753246753247,0.4509090909090909,0.2509090909090909,41.843636363636364
2023,7,19977,UA,13204,12266,MCO,IAH,183,3,0,0,180,0,54,32,5973.0,0.01639344262295082,0.0,0.3,0.17777777777777778,33.18333333333333
2023,7,19977,UA,13204,12892,MCO,LAX,62,2,1,0,59,0,21,10,931.0,0.03225806451612903,0.016129032258064516,0.3559322033898305,0.1694915254237288,15.779661016949152
2023,7,19977,UA,13204,13930,MCO,ORD,148,2,0,0,146,0,60,32,4484.0,0.013513513513513514,0.0,0.410958904109589,0.2191780821917808,30.71232876712329
2023,7,19977,UA,13204,14771,MCO,SFO,62,0,0,0,62,0,22,11,1336.0,0.0,0.0,0.3548387096774194,0.1774193548387097,21.548387096774192
2023,7,19977,UA,13303,11292,MIA,DEN,62,2,1,0,59,0,15,9,1758.0,0.03225806451612903,0.016129032258064516,0.2542372881355932,0.15254237288135594,29.796610169491526
2023,7,19977,UA,13303,11618,MIA,EWR,124,13,0,0,111,0,45,25,3495.0,0.10483870967741936,0.0,0.40540540540540543,0.22522522522522523,31.486486486486488
2023,7,19977,UA,13303,12266,MIA,IAH,91,1,0,0,90,0,18,9,193.0,0.01098901098901099,0.0,0.2,0.1,2.1444444444444444
2023,7,19977,UA,13303,13930,MIA,ORD,60,4,0,0,56,0,26,14,1777.0,0.06666666666666667,0.0,0.4642857142857143,0.25,31.732142857142858
2023,7,19977,UA,13303,14771,MIA,SFO,31,0,0,0,31,0,4,1,-157.0,0.0,0.0,0.12903225806451613,0.03225806451612903,-5.064516129032258
2023,7,19977,UA,13487,11292,MSP,DEN,132,4,0,0,128,0,42,16,2098.0,0.030303030303030304,0.0,0.328125,0.125,16.390625
2023,7,19977,UA,13487,11618,MSP,EWR,93,6,0,0,87,0,29,17,2613.0,0.06451612903225806,0.0,0.3333333333333333,0.19540229885057472,30.03448275862069
2023,7,19977,UA,13487,12266,MSP,IAH,52,1,1,0,50,0,12,8,1271.0,0.019230769230769232,0.019230769230769232,0.24,0.16,25.42
2023,7,19977,UA,13487,13930,MSP,ORD,173,6,0,0,167,0,52,27,4042.0,0.03468208092485549,0.0,0.31137724550898205,0.16167664670658682,24.20359281437126
2023,7,19977,UA,13487,14771,MSP,SFO,31,2,0,0,29,0,2,1,-34.0,0.06451612903225806,0.0,0.06896551724137931,0.034482758620689655,-1.1724137931034482
2023,7,19977,UA,13930,10397,ORD,ATL,138,3,0,0,135,0,47,21,2996.0,0.021739130434782608,0.0,0.34814814814814815,0.15555555555555556,22.192592592592593
2023,7,19977,UA,13930,10721,ORD,BOS,193,12,2,0,179,0,64,41,3779.0,0.06217616580310881,0.010362694300518135,0.3575418994413408,0.22905027932960895,21.11173184357542
2023,7,19977,UA,13930,10821,ORD,BWI,86,4,1,0,81,0,25,14,1521.0,0.046511627906976744,0.011627906976744186,0.30864197530864196,0.1728395061728395,18.77777777777778
2023,7,19977,UA,13930,11278,ORD,DCA,199,9,3,0,187,0,55,23,3081.0,0.04522613065326633,0.01507537688442211,0.29411764705882354,0.12299465240641712,16.475935828877006
2023,7,19977,UA,13930,11292,ORD,DEN,310,5,1,0,304,0,102,41,6061.0,0.016129032258064516,0.0032258064516129032,0.3355263157894737,0.13486842105263158,19.9375
2023,7,19977,UA,13930,11298,ORD,DFW,142,3,0,0,139,0,49,16,2266.0,0.02112676056338028,0.0,0.35251798561151076,0.11510791366906475,16.302158273381295
2023,7,19977,UA,13930,11433,ORD,DTW,26,2,0,0,24,0,6,2,149.0,0.07692307692307693,0.0,0.25,0.08333333333333333,6.208333333333333
2023,7,19977,UA,13930,11618,ORD,EWR,327,40,0,0,287,0,126,72,12101.0,0.12232415902140673,0.0,0.43902439024390244,0.2508710801393728,42.163763066202094
2023,7,19977,UA,13930,11697,ORD,FLL,60,1,0,0,59,0,16,5,544.0,0.016666666666666666,0.0,0.2711864406779661,0.0847457627118644,9.220338983050848
2023,7,19977,UA,13930,12173,ORD,HNL,31,0,0,0,31,0,4,3,488.0,0.0,0.0,0.12903225806451613,0.0967741935483871,15.741935483870968
2023,7,19977,UA,13930,12266,ORD,IAH,308,4,1,0,303,0,99,46,7397.0,0.012987012987012988,0.003246753246753247,0.32673267326732675,0.15181518151815182,24.41254125412541
2023,7,19977,UA,13930,12889,ORD,LAS,180,2,1,0,177,0,58,26,3263.0,0.011111111111111112,0.005555555555555556,0.327683615819209,0.14689265536723164,18.43502824858757
2023,7,19977,UA,13930,12892,ORD,LAX,274,10,1,0,263,0,69,37,4280.0,0.0364963503649635,0.0036496350364963502,0.2623574144486692,0.14068441064638784,16.273764258555133
2023,7,19977,UA,13930,12953,ORD,LGA,294,27,2,0,265,0,96,40,4463.0,0.09183673469387756,0.006802721088435374,0.3622641509433962,0.1509433962264151,16.841509433962266
2023,7,19977,UA,13930,13204,ORD,MCO,148,2,2,0,144,0,55,24,2795.0,0.013513513513513514,0.013513513513513514,0.3819444444444444,0.16666666666666666,19.40972222222222
2023,7,19977,UA,13930,13303,ORD,MIA,60,4,0,0,56,0,15,9,984.0,0.06666666666666667,0.0,0.26785714285714285,0.16071428571428573,17.571428571428573
2023,7,19977,UA,13930,13487,ORD,MSP,175,6,0,0,169,0,68,31,5830.0,0.03428571428571429,0.0,0.40236686390532544,0.1834319526627219,34.49704142011834
2023,7,19977,UA,13930,14100,ORD,PHL,151,2,0,0,149,0,65,34,4905.0,0.013245033112582781,0.0,0.436241610738255,0.22818791946308725,32.919463087248324
2023,7,19977,UA,13930,14107,ORD,PHX,119,3,0,0,116,0,38,17,2204.0,0.025210084033613446,0.0,0.3275862068965517,0.14655172413793102,19.0
2023,7,19977,UA,13930,14635,ORD,RSW,88,1,0,0,87,0,26,15,1463.0,0.011363636363636364,0.0,0.2988505747126437,0.1724137931034483,16.816091954022987
2023,7,19977,UA,13930,14679,ORD,SAN,133,1,0,0,132,0,49,16,2398.0,0.007518796992481203,0.0,0.3712121212121212,0.12121212121212122,18.166666666666668
2023,7,19977,UA,13930,14747,ORD,SEA,173,4,0,0,169,0,57,22,3010.0,0.023121387283236993,0.0,0.33727810650887574,0.1301775147928994,17.810650887573964
2023,7,19977,UA,13930,14771,ORD,SFO,332,5,0,0,327,0,104,43,7665.0,0.015060240963855422,0.0,0.3180428134556575,0.13149847094801223,23.440366972477065
2023,7,19977,UA,13930,14869,ORD,SLC,87,1,0,0,86,0,35,16,2798.0,0.011494252873563218,0.0,0.4069767441860465,0.18604651162790697,32.53488372093023
2023,7,19977,UA,13930,15016,ORD,STL,60,1,2,0,57,0,13,5,657.0,0.016666666666666666,0.03333333333333333,0.22807017543859648,0.08771929824561403,11.526315789473685
2023,7,19977,UA,13930,15304,ORD,TPA,91,0,0,0,91,0,35,16,2116.0,0.0,0.0,0.38461538461538464,0.17582417582417584,23.252747252747252
2023,7,19977,UA,14100,11292,PHL,DEN,100,5,1,0,94,0,30,18,1815.0,0.05,0.01,0.3191489361702128,0.19148936170212766,19.30851063829787
2023,7,19977,UA,14100,12266,PHL,IAH,85,1,0,0,84,0,19,14,1479.0,0.011764705882352941,0.0,0.2261904761904762,0.16666666666666666,17.607142857142858
2023,7,19977,UA,14100,13930,PHL,ORD,151,1,0,0,150,0,33,13,1639.0,0.006622516556291391,0.0,0.22,0.08666666666666667,10.926666666666666
2023,7,19977,UA,14100,14771,PHL,SFO,31,0,1,0,30,0,7,4,297.0,0.0,0.03225806451612903,0.23333333333333334,0.13333333333333333,9.9
2023,7,19977,UA,14107,11292,PHX,DEN,145,6,0,0,139,0,36,18,2563.0,0.041379310344827586,0.0,0.2589928057553957,0.12949640287769784,18.43884892086331
2023,7,19977,UA,14107,11618,PHX,EWR,124,7,1,0,116,0,37,17,3126.0,0.056451612903225805,0.008064516129032258,0.31896551724137934,0.14655172413793102,26.948275862068964
2023,7,19977,UA,14107,12266,PHX,IAH,90,2,0,0,88,0,14,3,-63.0,0.022222222222222223,0.0,0.1590909090909091,0.03409090909090909,-0.7159090909090909
2023,7,19977,UA,14107,12892,PHX,LAX,36,0,0,0,36,0,12,6,2195.0,0.0,0.0,0.3333333333333333,0.16666666666666666,60.97222222222222
2023,7,19977,UA,14107,13930,PHX,ORD,119,5,1,0,113,0,36,13,2338.0,0.04201680672268908,0.008403361344537815,0.3185840707964602,0.11504424778761062,20.690265486725664
2023,7,19977,UA,14107,14771,PHX,SFO,93,1,0,0,92,0,20,6,1485.0,0.010752688172043012,0.0,0.21739130434782608,0.06521739130434782,16.141304347826086
2023,7,19977,UA,14635,11292,RSW,DEN,31,0,1,0,30,0,14,10,1326.0,0.0,0.03225806451612903,0.4666666666666667,0.3333333333333333,44.2
2023,7,19977,UA,14635,11618,RSW,EWR,124,14,0,0,110,0,39,27,5766.0,0.11290322580645161,0.0,0.35454545454545455,0.24545454545454545,52.41818181818182
2023,7,19977,UA,14635,12266,RSW,IAH,31,1,0,0,30,0,20,5,934.0,0.03225806451612903,0.0,0.6666666666666666,0.16666666666666666,31.133333333333333
2023,7,19977,UA,14635,13930,RSW,ORD,88,1,2,0,85,0,24,12,779.0,0.011363636363636364,0.022727272727272728,0.2823529411764706,0.1411764705882353,9.16470588235294
2023,7,19977,UA,14679,11292,SAN,DEN,207,7,1,0,199,0,39,17,590.0,0.033816425120772944,0.004830917874396135,0.19597989949748743,0.08542713567839195,2.9648241206030153
2023,7,19977,UA,14679,11618,SAN,EWR,124,7,2,0,115,0,33,18,3126.0,0.056451612903225805,0.016129032258064516,0.28695652173913044,0.1565217391304348,27.182608695652174
2023,7,19977,UA,14679,12266,SAN,IAH,152,2,0,0,150,0,40,13,2886.0,0.013157894736842105,0.0,0.26666666666666666,0.08666666666666667,19.24
2023,7,19977,UA,14679,12892,SAN,LAX,11,0,0,0,11,0,2,0,-3.0,0.0,0.0,0.18181818181818182,0.0,-0.2727272727272727
2023,7,19977,UA,14679,13930,SAN,ORD,133,2,2,0,129,0,27,13,793.0,0.015037593984962405,0.015037593984962405,0.20930232558139536,0.10077519379844961,6.147286821705427
2023,7,19977,UA,14679,14771,SAN,SFO,196,8,0,0,188,0,33,11,660.0,0.04081632653061224,0.0,0.17553191489361702,0.05851063829787234,3.5106382978723403
2023,7,19977,UA,14747,11292,SEA,DEN,208,3,1,0,204,0,49,22,2056.0,0.014423076923076924,0.004807692307692308,0.24019607843137256,0.10784313725490197,10.07843137254902
2023,7,19977,UA,14747,11618,SEA,EWR,124,8,0,0,116,0,34,19,2081.0,0.06451612903225806,0.0,0.29310344827586204,0.16379310344827586,17.939655172413794
2023,7,19977,UA,14747,12266,SEA,IAH,124,2,1,0,121,0,37,18,2502.0,0.016129032258064516,0.008064516129032258,0.30578512396694213,0.1487603305785124,20.677685950413224
2023,7,19977,UA,14747,12892,SEA,LAX,52,1,0,0,51,0,8,2,530.0,0.019230769230769232,0.0,0.1568627450980392,0.0392156862745098,10.392156862745098
2023,7,19977,UA,14747,13930,SEA,ORD,172,5,2,0,165,0,37,12,1664.0,0.029069767441860465,0.011627906976744186,0.22424242424242424,0.07272727272727272,10.084848484848484
2023,7,19977,UA,14747,14771,SEA,SFO,155,5,0,0,150,0,40,13,2163.0,0.03225806451612903,0.0,0.26666666666666666,0.08666666666666667,14.42
2023,7,19977,UA,14771,10397,SFO,ATL,62,2,0,0,60,0,19,5,782.0,0.03225806451612903,0.0,0.31666666666666665,0.08333333333333333,13.033333333333333
2023,7,19977,UA,14771,10721,SFO,BOS,180,6,4,0,170,0,51,24,1179.0,0.03333333333333333,0.022222222222222223,0.3,0.1411764705882353,6.935294117647059
2023,7,19977,UA,14771,10821,SFO,BWI,62,2,0,0,60,0,9,1,-467.0,0.03225806451612903,0.0,0.15,0.016666666666666666,-7.783333333333333
2023,7,19977,UA,14771,11278,SFO,DCA,31,3,1,0,27,0,3,1,-89.0,0.0967741935483871,0.03225806451612903,0.1111111111111111,0.037037037037037035,-3.2962962962962963
2023,7,19977,UA,14771,11292,SFO,DEN,279,3,1,0,275,0,77,22,3175.0,0.010752688172043012,0.0035842293906810036,0.28,0.08,11.545454545454545
2023,7,19977,UA,14771,11298,SFO,DFW,61,1,0,0,60,0,11,1,-170.0,0.01639344262295082,0.0,0.18333333333333332,0.016666666666666666,-2.8333333333333335
2023,7,19977,UA,14771,11618,SFO,EWR,279,17,3,0,259,0,96,37,5135.0,0.06093189964157706,0.010752688172043012,0.37065637065637064,0.14285714285714285,19.826254826254825
2023,7,19977,UA,14771,11697,SFO,FLL,31,1,0,0,30,0,11,2,297.0,0.03225806451612903,0.0,0.36666666666666664,0.06666666666666667,9.9
2023,7,19977,UA,14771,12173,SFO,HNL,155,1,0,0,154,0,53,21,3276.0,0.0064516129032258064,0.0,0.34415584415584416,0.13636363636363635,21.272727272727273
2023,7,19977,UA,14771,12266,SFO,IAH,280,3,0,0,277,0,75,19,2571.0,0.010714285714285714,0.0,0.27075812274368233,0.06859205776173286,9.28158844765343
2023,7,19977,UA,14771,12889,SFO,LAS,186,6,0,0,180,0,55,26,2989.0,0.03225806451612903,0.0,0.3055555555555556,0.14444444444444443,16.605555555555554
2023,7,19977,UA,14771,12892,SFO,LAX,264,7,0,0,257,0,42,19,616.0,0.026515151515151516,0.0,0.16342412451361868,0.07392996108949416,2.396887159533074
2023,7,19977,UA,14771,13204,SFO,MCO,62,0,0,0,62,0,16,7,860.0,0.0,0.0,0.25806451612903225,0.11290322580645161,13.870967741935484
2023,7,19977,UA,14771,13303,SFO,MIA,31,0,0,0,31,0,3,0,-268.0,0.0,0.0,0.0967741935483871,0.0,-8.64516129032258
2023,7,19977,UA,14771,13487,SFO,MSP,31,2,0,0,29,0,3,1,-58.0,0.06451612903225806,0.0,0.10344827586206896,0.034482758620689655,-2.0
2023,7,19977,UA,14771,13930,SFO,ORD,332,6,5,0,321,0,70,17,136.0,0.018072289156626505,0.015060240963855422,0.21806853582554517,0.0529595015576324,0.4236760124610592
2023,7,19977,UA,14771,14100,SFO,PHL,31,0,0,0,31,0,1,0,-401.0,0.0,0.0,0.03225806451612903,0.0,-12.935483870967742
2023,7,19977,UA,14771,14107,SFO,PHX,93,1,0,0,92,0,29,9,1056.0,0.010752688172043012,0.0,0.31521739130434784,0.09782608695652174,11.478260869565217
2023,7,19977,UA,14771,14679,SFO,SAN,196,7,0,0,189,0,36,13,1280.0,0.03571428571428571,0.0,0.19047619047619047,0.06878306878306878,6.772486772486772
2023,7,19977,UA,14771,14747,SFO,SEA,155,5,0,0,150,0,35,12,929.0,0.03225806451612903,0.0,0.23333333333333334,0.08,6.193333333333333
2023,7,19977,UA,14771,14869,SFO,SLC,53,3,0,0,50,0,8,5,438.0,0.05660377358490566,0.0,0.16,0.1,8.76
2023,7,19977,UA,14771,15304,SFO,TPA,31,0,0,0,31,0,8,1,11.0,0.0,0.0,0.25806451612903225,0.03225806451612903,0.3548387096774194
2023,7,19977,UA,14869,11292,SLC,DEN,59,3,0,0,56,0,17,7,865.0,0.05084745762711865,0.0,0.30357142857142855,0.125,15.446428571428571
2023,7,19977,UA,14869,11618,SLC,EWR,31,0,1,0,30,0,15,3,1768.0,0.0,0.03225806451612903,0.5,0.1,58.93333333333333
2023,7,19977,UA,14869,12266,SLC,IAH,93,2,0,0,91,0,15,6,431.0,0.021505376344086023,0.0,0.16483516483516483,0.06593406593406594,4.736263736263736
2023,7,19977,UA,14869,13930,SLC,ORD,87,2,1,0,84,0,20,8,532.0,0.022988505747126436,0.011494252873563218,0.23809523809523808,0.09523809523809523,6.333333333333333
2023,7,19977,UA,14869,14771,SLC,SFO,53,3,0,0,50,0,6,5,261.0,0.05660377358490566,0.0,0.12,0.1,5.22
2023,7,19977,UA,15016,11292,STL,DEN,111,2,0,0,109,0,41,23,3944.0,0.018018018018018018,0.0,0.3761467889908257,0.21100917431192662,36.18348623853211
2023,7,19977,UA,15016,11618,STL,EWR,31,6,0,0,25,0,12,5,779.0,0.1935483870967742,0.0,0.48,0.2,31.16
2023,7,19977,UA,15016,12266,STL,IAH,60,2,0,0,58,0,21,10,2191.0,0.03333333333333333,0.0,0.3620689655172414,0.1724137931034483,37.775862068965516
2023,7,19977,UA,15016,13930,STL,ORD,60,1,0,0,59,0,21,7,1832.0,0.016666666666666666,0.0,0.3559322033898305,0.11864406779661017,31.050847457627118
2023,7,19977,UA,15304,11292,TPA,DEN,93,1,1,0,91,0,25,10,1380.0,0.010752688172043012,0.010752688172043012,0.27472527472527475,0.10989010989010989,15.164835164835164
2023,7,19977,UA,15304,11618,TPA,EWR,186,13,0,0,173,0,58,28,3246.0,0.06989247311827956,0.0,0.3352601156069364,0.16184971098265896,18.76300578034682
2023,7,19977,UA,15304,12266,TPA,IAH,93,2,1,0,90,0,27,15,1665.0,0.021505376344086023,0.010752688172043012,0.3,0.16666666666666666,18.5
2023,7,19977,UA,15304,12892,TPA,LAX,31,0,1,0,30,0,5,1,-357.0,0.0,0.03225806451612903,0.16666666666666666,0.03333333333333333,-11.9
2023,7,19977,UA,15304,13930,TPA,ORD,91,0,2,0,89,0,26,11,2111.0,0.0,0.02197802197802198,0.29213483146067415,0.12359550561797752,23.719101123595507
2023,7,19977,UA,15304,14771,TPA,SFO,31,0,0,0,31,0,3,1,-169.0,0.0,0.0,0.0967741935483871,0.03225806451612903,-5.451612903225806
2023,7,20304,OO,10721,12478,BOS,JFK,45,9,0,0,36,0,15,7,583.0,0.2,0.0,0.4166666666666667,0.19444444444444445,16.194444444444443
2023,7,20304,OO,10721,13930,BOS,ORD,51,4,1,0,46,0,15,11,2540.0,0.0784313725490196,0.0196078431372549,0.32608695652173914,0.2391304347826087,55.21739130434783
2023,7,20304,OO,10821,13930,BWI,ORD,2,0,0,0,2,0,0,0,-7.0,0.0,0.0,0.0,0.0,-3.5
2023,7,20304,OO,11278,13930,DCA,ORD,95,7,0,0,88,0,20,10,1426.0,0.07368421052631578,0.0,0.22727272727272727,0.11363636363636363,16.204545454545453
2023,7,20304,OO,11292,12892,DEN,LAX,54,0,0,0,54,0,12,5,133.0,0.0,0.0,0.2222222222222222,0.09259259259259259,2.462962962962963
2023,7,20304,OO,11292,13487,DEN,MSP,1,0,0,0,1,0,0,0,5.0,0.0,0.0,0.0,0.0,5.0
2023,7,20304,OO,11292,14869,DEN,SLC,151,3,0,0,148,0,52,18,3896.0,0.019867549668874173,0.0,0.35135135135135137,0.12162162162162163,26.324324324324323
2023,7,20304,OO,11292,15016,DEN,STL,1,0,0,0,1,0,1,0,31.0,0.0,0.0,1.0,0.0,31.0
2023,7,20304,OO,11433,13232,DTW,MDW,83,0,0,0,83,0,20,10,1402.0,0.0,0.0,0.24096385542168675,0.12048192771084337,16.89156626506024
2023,7,20304,OO,11433,13930,DTW,ORD,199,5,1,0,193,0,43,21,1749.0,0.02512562814070352,0.005025125628140704,0.22279792746113988,0.10880829015544041,9.062176165803109
2023,7,20304,OO,11618,13487,EWR,MSP,1,0,0,0,1,0,1,0,41.0,0.0,0.0,1.0,0.0,41.0
2023,7,20304,OO,12266,12892,IAH,LAX,31,0,0,0,31,0,0,0,-683.0,0.0,0.0,0.0,0.0,-22.032258064516128
2023,7,20304,OO,12266,12953,IAH,LGA,1,0,0,0,1,0,0,0,-2.0,0.0,0.0,0.0,0.0,-2.0
2023,7,20304,OO,12266,14107,IAH,PHX,5,0,0,0,5,0,1,1,54.0,0.0,0.0,0.2,0.2,10.8
2023,7,20304,OO,12478,10721,JFK,BOS,45,5,1,0,39,0,17,11,1515.0,0.1111111111111111,0.022222222222222223,0.4358974358974359,0.28205128205128205,38.84615384615385
2023,7,20304,OO,12478,13930,JFK,ORD,124,18,1,0,105,0,42,20,5365.0,0.14516129032258066,0.008064516129032258,0.4,0.19047619047619047,51.095238095238095
2023,7,20304,OO,12889,12892,LAS,LAX,54,0,0,0,54,0,12,5,799.0,0.0,0.0,0.2222222222222222,0.09259259259259259,14.796296296296296
2023,7,20304,OO,12889,14771,LAS,SFO,31,0,0,0,31,0,7,1,296.0,0.0,0.0,0.22580645161290322,0.03225806451612903,9.548387096774194
2023,7,20304,OO,12892,11292,LAX,DEN,53,0,1,0,52,0,13,7,315.0,0.0,0.018867924528301886,0.25,0.1346153846153846,6.0576923076923075
2023,7,20304,OO,12892,12266,LAX,IAH,31,0,0,0,31,0,0,0,-175.0,0.0,0.0,0.0,0.0,-5.645161290322581
2023,7,20304,OO,12892,12889,LAX,LAS,54,0,0,0,54,0,10,4,768.0,0.0,0.0,0.18518518518518517,0.07407407407407407,14.222222222222221
2023,7,20304,OO,12892,13796,LAX,OAK,83,0,0,0,83,0,3,1,-489.0,0.0,0.0,0.03614457831325301,0.012048192771084338,-5.891566265060241
2023,7,20304,OO,12892,14107,LAX,PHX,166,0,0,0,166,0,13,3,-544.0,0.0,0.0,0.0783132530120482,0.018072289156626505,-3.2771084337349397
2023,7,20304,OO,12892,14679,LAX,SAN,175,0,0,0,175,0,18,6,-361.0,0.0,0.0,0.10285714285714286,0.03428571428571429,-2.0628571428571427
2023,7,20304,OO,12892,14747,LAX,SEA,93,0,0,0,93,0,6,2,-727.0,0.0,0.0,0.06451612903225806,0.021505376344086023,-7.817204301075269
2023,7,20304,OO,12892,14771,LAX,SFO,227,0,1,0,226,0,27,8,-241.0,0.0,0.004405286343612335,0.11946902654867257,0.035398230088495575,-1.0663716814159292
2023,7,20304,OO,12892,14869,LAX,SLC,31,0,0,0,31,0,2,2,-97.0,0.0,0.0,0.06451612903225806,0.06451612903225806,-3.129032258064516
2023,7,20304,OO,12953,13930,LGA,ORD,58,10,0,0,48,0,15,9,1592.0,0.1724137931034483,0.0,0.3125,0.1875,33.166666666666664
2023,7,20304,OO,13232,11433,MDW,DTW,83,0,1,0,82,0,24,9,2316.0,0.0,0.012048192771084338,0.2926829268292683,0.10975609756097561,28.24390243902439
2023,7,20304,OO,13232,13487,MDW,MSP,75,1,1,0,73,0,13,4,497.0,0.013333333333333334,0.013333333333333334,0.1780821917808219,0.0547945205479452,6.808219178082192
2023,7,20304,OO,13487,11618,MSP,EWR,1,0,0,0,1,0,0,0,-6.0,0.0,0.0,0.0,0.0,-6.0
2023,7,20304,OO,13487,13232,MSP,MDW,75,1,0,0,74,0,19,6,843.0,0.013333333333333334,0.0,0.25675675675675674,0.08108108108108109,11.391891891891891
2023,7,20304,OO,13487,13930,MSP,ORD,4,0,0,0,4,0,0,0,-41.0,0.0,0.0,0.0,0.0,-10.25
2023,7,20304,OO,13796,12892,OAK,LAX,83,0,1,0,82,0,5,1,-698.0,0.0,0.012048192771084338,0.06097560975609756,0.012195121951219513,-8.512195121951219
2023,7,20304,OO,13796,14747,OAK,SEA,31,0,0,0,31,0,7,3,501.0,0.0,0.0,0.22580645161290322,0.0967741935483871,16.161290322580644
2023,7,20304,OO,13796,14869,OAK,SLC,62,0,0,0,62,0,2,0,-672.0,0.0,0.0,0.03225806451612903,0.0,-10.838709677419354
2023,7,20304,OO,13930,10721,ORD,BOS,51,1,0,0,50,0,19,10,1654.0,0.0196078431372549,0.0,0.38,0.2,33.08
2023,7,20304,OO,13930,10821,ORD,BWI,2,0,0,0,2,0,0,0,-4.0,0.0,0.0,0.0,0.0,-2.0
2023,7,20304,OO,13930,11278,ORD,DCA,95,4,3,0,88,0,17,6,396.0,0.042105263157894736,0.031578947368421054,0.19318181818181818,0.06818181818181818,4.5
2023,7,20304,OO,13930,11433,ORD,DTW,199,7,0,0,192,0,51,22,2993.0,0.035175879396984924,0.0,0.265625,0.11458333333333333,15.588541666666666
2023,7,20304,OO,13930,12478,ORD,JFK,124,13,1,0,110,0,43,25,6375.0,0.10483870967741936,0.008064516129032258,0.39090909090909093,0.22727272727272727,57.95454545454545
2023,7,20304,OO,13930,12953,ORD,LGA,58,10,2,0,46,0,15,6,416.0,0.1724137931034483,0.034482758620689655,0.32608695652173914,0.13043478260869565,9.043478260869565
2023,7,20304,OO,13930,13487,ORD,MSP,3,0,0,0,3,0,0,0,-24.0,0.0,0.0,0.0,0.0,-8.0
2023,7,20304,OO,13930,14869,ORD,SLC,31,1,0,0,30,0,11,7,1065.0,0.03225806451612903,0.0,0.36666666666666664,0.23333333333333334,35.5
2023,7,20304,OO,14107,11292,PHX,DEN,4,0,0,0,4,0,1,0,35.0,0.0,0.0,0.25,0.0,8.75
2023,7,20304,OO,14107,12892,PHX,LAX,167,0,0,0,167,0,12,6,-621.0,0.0,0.0,0.0718562874251497,0.03592814371257485,-3.718562874251497
2023,7,20304,OO,14107,14771,PHX,SFO,61,0,0,0,61,0,5,2,-215.0,0.0,0.0,0.08196721311475409,0.03278688524590164,-3.5245901639344264
2023,7,20304,OO,14107,14869,PHX,SLC,47,0,0,0,47,0,3,2,-287.0,0.0,0.0,0.06382978723404255,0.0425531914893617,-6.1063829787234045
2023,7,20304,OO,14679,12892,SAN,LAX,175,0,0,0,175,0,14,1,-841.0,0.0,0.0,0.08,0.005714285714285714,-4.805714285714286
2023,7,20304,OO,14679,14771,SAN,SFO,220,0,0,0,220,0,31,5,45.0,0.0,0.0,0.1409090909090909,0.022727272727272728,0.20454545454545456
2023,7,20304,OO,14679,14869,SAN,SLC,18,0,0,0,18,0,6,2,311.0,0.0,0.0,0.3333333333333333,0.1111111111111111,17.27777777777778
2023,7,20304,OO,14747,12892,SEA,LAX,92,0,0,0,92,0,7,2,-630.0,0.0,0.0,0.07608695652173914,0.021739130434782608,-6.8478260869565215
2023,7,20304,OO,14747,13796,SEA,OAK,31,0,0,0,31,0,5,2,262.0,0.0,0.0,0.16129032258064516,0.06451612903225806,8.451612903225806
2023,7,20304,OO,14747,14869,SEA,SLC,62,0,0,0,62,0,10,3,94.0,0.0,0.0,0.16129032258064516,0.04838709677419355,1.5161290322580645
2023,7,20304,OO,14771,12889,SFO,LAS,36,0,0,0,36,0,1,0,-459.0,0.0,0.0,0.027777777777777776,0.0,-12.75
2023,7,20304,OO,14771,12892,SFO,LAX,247,0,0,0,247,0,27,5,-534.0,0.0,0.0,0.10931174089068826,0.020242914979757085,-2.161943319838057
2023,7,20304,OO,14771,14107,SFO,PHX,60,0,0,0,60,0,2,0,-568.0,0.0,0.0,0.03333333333333333,0.0,-9.466666666666667
2023,7,20304,OO,14771,14679,SFO,SAN,220,0,0,0,220,0,26,3,195.0,0.0,0.0,0.11818181818181818,0.013636363636363636,0.8863636363636364
2023,7,20304,OO,14771,14869,SFO,SLC,89,0,0,0,89,0,9,2,-206.0,0.0,0.0,0.10112359550561797,0.02247191011235955,-2.3146067415730336
2023,7,20304,OO,14869,11292,SLC,DEN,151,5,2,0,144,0,38,13,2329.0,0.033112582781456956,0.013245033112582781,0.2638888888888889,0.09027777777777778,16.17361111111111
2023,7,20304,OO,14869,12892,SLC,LAX,31,0,0,0,31,0,0,0,-251.0,0.0,0.0,0.0,0.0,-8.096774193548388
2023,7,20304,OO,14869,13796,SLC,OAK,62,0,0,0,62,0,3,0,-389.0,0.0,0.0,0.04838709677419355,0.0,-6.274193548387097
2023,7,20304,OO,14869,13930,SLC,ORD,31,0,1,0,30,0,4,2,372.0,0.0,0.03225806451612903,0.13333333333333333,0.06666666666666667,12.4
2023,7,20304,OO,14869,14107,SLC,PHX,47,0,0,0,47,0,3,0,-750.0,0.0,0.0,0.06382978723404255,0.0,-15.957446808510639
2023,7,20304,OO,14869,14679,SLC,SAN,18,0,0,0,18,0,3,0,20.0,0.0,0.0,0.16666666666666666,0.0,1.1111111111111112
2023,7,20304,OO,14869,14747,SLC,SEA,62,0,0,0,62,0,9,2,451.0,0.0,0.0,0.14516129032258066,0.03225806451612903,7.274193548387097
2023,7,20304,OO,14869,14771,SLC,SFO,89,0,0,0,89,0,22,4,937.0,0.0,0.0,0.24719101123595505,0.0449438202247191,10.52808988764045
2023,7,20304,OO,15016,11292,STL,DEN,1,0,0,0,1,0,0,0,-14.0,0.0,0.0,0.0,0.0,-14.0
2023,7,20363,9E,10821,12478,BWI,JFK,62,12,0,0,50,0,12,4,-172.0,0.1935483870967742,0.0,0.24,0.08,-3.44
2023,7,20363,9E,11278,12478,DCA,JFK,31,1,0,0,30,0,6,4,1275.0,0.03225806451612903,0.0,0.2,0.13333333333333333,42.5
2023,7,20363,9E,11433,12478,DTW,JFK,93,9,1,0,83,0,23,10,921.0,0.0967741935483871,0.010752688172043012,0.27710843373493976,0.12048192771084337,11.096385542168674
2023,7,20363,9E,12478,10821,JFK,BWI,62,12,0,0,50,0,18,11,2237.0,0.1935483870967742,0.0,0.36,0.22,44.74
2023,7,20363,9E,12478,11278,JFK,DCA,31,0,0,0,31,0,5,4,222.0,0.0,0.0,0.16129032258064516,0.12903225806451613,7.161290322580645
2023,7,20363,9E,12478,11433,JFK,DTW,93,10,0,0,83,0,35,17,2800.0,0.10752688172043011,0.0,0.42168674698795183,0.20481927710843373,33.734939759036145
2023,7,20363,9E,12478,13487,JFK,MSP,31,2,0,0,29,0,17,8,1800.0,0.06451612903225806,0.0,0.5862068965517241,0.27586206896551724,62.06896551724138
2023,7,20363,9E,12953,15016,LGA,STL,126,15,1,0,110,0,26,10,-171.0,0.11904761904761904,0.007936507936507936,0.23636363636363636,0.09090909090909091,-1.5545454545454545
2023,7,20363,9E,13487,12478,MSP,JFK,31,1,0,0,30,0,5,2,-237.0,0.03225806451612903,0.0,0.16666666666666666,0.06666666666666667,-7.9
2023,7,20363,9E,13487,15016,MSP,STL,3,0,0,0,3,0,1,0,30.0,0.0,0.0,0.3333333333333333,0.0,10.0
2023,7,20363,9E,15016,12953,STL,LGA,126,15,2,0,109,0,26,11,1655.0,0.11904761904761904,0.015873015873015872,0.23853211009174313,0.10091743119266056,15.18348623853211
2023,7,20363,9E,15016,13487,STL,MSP,3,0,0,0,3,0,1,0,14.0,0.0,0.0,0.3333333333333333,0.0,4.666666666666667
2023,7,20368,G4,12889,14679,LAS,SAN,9,0,0,0,9,0,2,0,57.0,0.0,0.0,0.2222222222222222,0.0,6.333333333333333
2023,7,20368,G4,14679,12889,SAN,LAS,9,0,0,0,9,0,6,3,468.0,0.0,0.0,0.6666666666666666,0.3333333333333333,52.0
2023,7,20397,OH,10397,11278,ATL,DCA,7,1,0,0,6,0,3,2,272.0,0.14285714285714285,0.0,0.5,0.3333333333333333,45.333333333333336
2023,7,20397,OH,11278,10397,DCA,ATL,7,1,0,0,6,0,3,2,274.0,0.14285714285714285,0.0,0.5,0.3333333333333333,45.666666666666664
2023,7,20397,OH,11278,11433,DCA,DTW,52,2,1,0,49,0,17,12,1021.0,0.038461538461538464,0.019230769230769232,0.3469387755102041,0.24489795918367346,20.836734693877553
2023,7,20397,OH,11278,13487,DCA,MSP,31,3,1,0,27,0,9,4,546.0,0.0967741935483871,0.03225806451612903,0.3333333333333333,0.14814814814814814,20.22222222222222
2023,7,20397,OH,11278,14100,DCA,PHL,58,0,0,0,58,0,23,13,1922.0,0.0,0.0,0.39655172413793105,0.22413793103448276,33.13793103448276
2023,7,20397,OH,11433,11278,DTW,DCA,52,3,0,0,49,0,17,11,4001.0,0.057692307692307696,0.0,0.3469387755102041,0.22448979591836735,81.65306122448979
2023,7,20397,OH,11433,14100,DTW,PHL,54,6,0,0,48,0,16,7,628.0,0.1111111111111111,0.0,0.3333333333333333,0.14583333333333334,13.083333333333334
2023,7,20397,OH,13487,11278,MSP,DCA,31,4,0,0,27,0,7,5,275.0,0.12903225806451613,0.0,0.25925925925925924,0.18518518518518517,10.185185185185185
2023,7,20397,OH,13487,14100,MSP,PHL,1,0,0,0,1,0,0,0,-25.0,0.0,0.0,0.0,0.0,-25.0
2023,7,20397,OH,14100,11278,PHL,DCA,57,1,0,0,56,0,14,10,828.0,0.017543859649122806,0.0,0.25,0.17857142857142858,14.785714285714286
2023,7,20397,OH,14100,11433,PHL,DTW,55,4,1,0,50,0,21,9,1527.0,0.07272727272727272,0.01818181818181818,0.42,0.18,30.54
2023,7,20397,OH,14100,13487,PHL,MSP,1,0,0,0,1,0,0,0,-13.0,0.0,0.0,0.0,0.0,-13.0
2023,7,20398,MQ,10397,13303,ATL,MIA,11,0,0,0,11,0,4,2,261.0,0.0,0.0,0.36363636363636365,0.18181818181818182,23.727272727272727
2023,7,20398,MQ,10397,13930,ATL,ORD,25,1,0,0,24,0,13,5,1702.0,0.04,0.0,0.5416666666666666,0.20833333333333334,70.91666666666667
2023,7,20398,MQ,10721,13930,BOS,ORD,24,0,0,0,24,0,12,5,664.0,0.0,0.0,0.5,0.20833333333333334,27.666666666666668
2023,7,20398,MQ,10721,15016,BOS,STL,50,2,0,0,48,0,14,8,1299.0,0.04,0.0,0.2916666666666667,0.16666666666666666,27.0625
2023,7,20398,MQ,10821,13303,BWI,MIA,8,0,0,0,8,0,0,0,-86.0,0.0,0.0,0.0,0.0,-10.75
2023,7,20398,MQ,10821,13930,BWI,ORD,29,0,0,0,29,0,8,6,256.0,0.0,0.0,0.27586206896551724,0.20689655172413793,8.827586206896552
2023,7,20398,MQ,11278,13487,DCA,MSP,30,0,0,0,30,0,5,1,118.0,0.0,0.0,0.16666666666666666,0.03333333333333333,3.933333333333333
2023,7,20398,MQ,11298,12266,DFW,IAH,53,0,0,0,53,0,6,2,31.0,0.0,0.0,0.11320754716981132,0.03773584905660377,0.5849056603773585
2023,7,20398,MQ,12266,11298,IAH,DFW,53,0,0,0,53,0,7,4,44.0,0.0,0.0,0.1320754716981132,0.07547169811320754,0.8301886792452831
2023,7,20398,MQ,12266,13303,IAH,MIA,4,0,0,0,4,0,1,0,22.0,0.0,0.0,0.25,0.0,5.5
2023,7,20398,MQ,13303,10397,MIA,ATL,12,0,0,0,12,0,8,2,320.0,0.0,0.0,0.6666666666666666,0.16666666666666666,26.666666666666668
2023,7,20398,MQ,13303,10821,MIA,BWI,8,0,0,0,8,0,6,2,368.0,0.0,0.0,0.75,0.25,46.0
2023,7,20398,MQ,13303,12266,MIA,IAH,4,0,0,0,4,0,0,0,-73.0,0.0,0.0,0.0,0.0,-18.25
2023,7,20398,MQ,13303,15304,MIA,TPA,15,0,0,0,15,0,3,0,72.0,0.0,0.0,0.2,0.0,4.8
2023,7,20398,MQ,13487,11278,MSP,DCA,30,0,1,0,29,0,5,2,-140.0,0.0,0.03333333333333333,0.1724137931034483,0.06896551724137931,-4.827586206896552
2023,7,20398,MQ,13487,13930,MSP,ORD,53,0,0,0,53,0,11,3,455.0,0.0,0.0,0.20754716981132076,0.05660377358490566,8.584905660377359
2023,7,20398,MQ,13930,10397,ORD,ATL,25,1,0,0,24,0,6,2,267.0,0.04,0.0,0.25,0.08333333333333333,11.125
2023,7,20398,MQ,13930,10721,ORD,BOS,31,0,0,0,31,0,6,3,-32.0,0.0,0.0,0.1935483870967742,0.0967741935483871,-1.032258064516129
2023,7,20398,MQ,13930,10821,ORD,BWI,29,0,0,0,29,0,7,2,40.0,0.0,0.0,0.2413793103448276,0.06896551724137931,1.3793103448275863
2023,7,20398,MQ,13930,13487,ORD,MSP,54,1,0,0,53,0,24,7,1337.0,0.018518518518518517,0.0,0.4528301886792453,0.1320754716981132,25.22641509433962
2023,7,20398,MQ,13930,15016,ORD,STL,84,3,0,0,81,0,21,6,748.0,0.03571428571428571,0.0,0.25925925925925924,0.07407407407407407,9.234567901234568
2023,7,20398,MQ,14107,14869,PHX,SLC,1,0,0,0,1,0,1,1,84.0,0.0,0.0,1.0,1.0,84.0
2023,7,20398,MQ,14869,14107,SLC,PHX,1,0,0,0,1,0,1,1,108.0,0.0,0.0,1.0,1.0,108.0
2023,7,20398,MQ,15016,10721,STL,BOS,43,1,0,0,42,0,18,8,1450.0,0.023255813953488372,0.0,0.42857142857142855,0.19047619047619047,34.523809523809526
2023,7,20398,MQ,15016,13930,STL,ORD,91,3,0,0,88,0,23,11,1712.0,0.03296703296703297,0.0,0.26136363636363635,0.125,19.454545454545453
2023,7,20398,MQ,15304,13303,TPA,MIA,15,0,0,0,15,0,6,1,182.0,0.0,0.0,0.4,0.06666666666666667,12.133333333333333
2023,7,20409,B6,10397,10721,ATL,BOS,84,4,0,0,80,0,38,21,4045.0,0.047619047619047616,0.0,0.475,0.2625,50.5625
2023,7,20409,B6,10397,11697,ATL,FLL,31,2,0,0,29,0,3,1,-21.0,0.06451612903225806,0.0,0.10344827586206896,0.034482758620689655,-0.7241379310344828
2023,7,20409,B6,10397,12478,ATL,JFK,62,6,0,0,56,0,35,19,3632.0,0.0967741935483871,0.0,0.625,0.3392857142857143,64.85714285714286
2023,7,20409,B6,10397,12953,ATL,LGA,124,8,1,0,115,0,54,27,5563.0,0.06451612903225806,0.008064516129032258,0.46956521739130436,0.23478260869565218,48.37391304347826
2023,7,20409,B6,10721,10397,BOS,ATL,84,5,1,0,78,0,35,16,3216.0,0.05952380952380952,0.011904761904761904,0.44871794871794873,0.20512820512820512,41.23076923076923
2023,7,20409,B6,10721,10821,BOS,BWI,62,6,0,0,56,0,24,13,1954.0,0.0967741935483871,0.0,0.42857142857142855,0.23214285714285715,34.892857142857146
2023,7,20409,B6,10721,11278,BOS,DCA,293,21,1,0,271,0,106,54,8041.0,0.07167235494880546,0.0034129692832764505,0.39114391143911437,0.1992619926199262,29.671586715867157
2023,7,20409,B6,10721,11292,BOS,DEN,62,1,0,0,61,0,41,22,3452.0,0.016129032258064516,0.0,0.6721311475409836,0.36065573770491804,56.59016393442623
2023,7,20409,B6,10721,11298,BOS,DFW,31,1,0,0,30,0,16,7,1191.0,0.03225806451612903,0.0,0.5333333333333333,0.23333333333333334,39.7
2023,7,20409,B6,10721,11433,BOS,DTW,80,4,0,0,76,0,28,20,2430.0,0.05,0.0,0.3684210526315789,0.2631578947368421,31.973684210526315
2023,7,20409,B6,10721,11697,BOS,FLL,93,2,2,0,89,0,43,20,2986.0,0.021505376344086023,0.021505376344086023,0.48314606741573035,0.2247191011235955,33.550561797752806
2023,7,20409,B6,10721,12266,BOS,IAH,62,2,1,0,59,0,33,13,2326.0,0.03225806451612903,0.016129032258064516,0.559322033898305,0.22033898305084745,39.42372881355932
2023,7,20409,B6,10721,12478,BOS,JFK,189,26,0,0,163,0,80,47,7430.0,0.13756613756613756,0.0,0.49079754601226994,0.2883435582822086,45.58282208588957
2023,7,20409,B6,10721,12889,BOS,LAS,62,1,1,0,60,0,34,19,3015.0,0.016129032258064516,0.016129032258064516,0.5666666666666667,0.31666666666666665,50.25
2023,7,20409,B6,10721,12892,BOS,LAX,146,2,0,0,144,0,62,25,3468.0,0.0136986301369863,0.0,0.4305555555555556,0.1736111111111111,24.083333333333332
2023,7,20409,B6,10721,12953,BOS,LGA,214,29,0,0,185,0,70,34,5658.0,0.13551401869158877,0.0,0.3783783783783784,0.1837837837837838,30.583783783783783
2023,7,20409,B6,10721,13204,BOS,MCO,175,17,3,0,155,0,69,38,6262.0,0.09714285714285714,0.017142857142857144,0.44516129032258067,0.24516129032258063,40.4
2023,7,20409,B6,10721,13303,BOS,MIA,31,3,0,0,28,0,19,9,1053.0,0.0967741935483871,0.0,0.6785714285714286,0.32142857142857145,37.607142857142854
2023,7,20409,B6,10721,13487,BOS,MSP,31,1,0,0,30,0,13,6,1216.0,0.03225806451612903,0.0,0.43333333333333335,0.2,40.53333333333333
2023,7,20409,B6,10721,13930,BOS,ORD,31,1,0,0,30,0,4,3,9.0,0.03225806451612903,0.0,0.13333333333333333,0.1,0.3
2023,7,20409,B6,10721,14100,BOS,PHL,57,4,0,0,53,0,23,13,1768.0,0.07017543859649122,0.0,0.4339622641509434,0.24528301886792453,33.35849056603774
2023,7,20409,B6,10721,14107,BOS,PHX,31,2,0,0,29,0,16,10,1447.0,0.06451612903225806,0.0,0.5517241379310345,0.3448275862068966,49.89655172413793
2023,7,20409,B6,10721,14635,BOS,RSW,58,3,1,0,54,0,24,15,2077.0,0.05172413793103448,0.017241379310344827,0.4444444444444444,0.2777777777777778,38.46296296296296
2023,7,20409,B6,10721,14679,BOS,SAN,57,0,0,0,57,0,14,5,475.0,0.0,0.0,0.24561403508771928,0.08771929824561403,8.333333333333334
2023,7,20409,B6,10721,14747,BOS,SEA,62,0,0,0,62,0,25,13,2030.0,0.0,0.0,0.4032258064516129,0.20967741935483872,32.74193548387097
2023,7,20409,B6,10721,14771,BOS,SFO,141,2,0,0,139,0,58,32,4798.0,0.014184397163120567,0.0,0.4172661870503597,0.2302158273381295,34.51798561151079
2023,7,20409,B6,10721,14869,BOS,SLC,31,0,0,0,31,0,22,9,1474.0,0.0,0.0,0.7096774193548387,0.2903225806451613,47.54838709677419
2023,7,20409,B6,10721,15304,BOS,TPA,120,13,0,0,107,0,51,33,5955.0,0.10833333333333334,0.0,0.4766355140186916,0.308411214953271,55.654205607476634
2023,7,20409,B6,10821,10721,BWI,BOS,62,5,0,0,57,0,24,15,2968.0,0.08064516129032258,0.0,0.42105263157894735,0.2631578947368421,52.07017543859649
2023,7,20409,B6,11278,10721,DCA,BOS,293,21,1,0,271,0,111,58,10243.0,0.07167235494880546,0.0034129692832764505,0.4095940959409594,0.2140221402214022,37.7970479704797
2023,7,20409,B6,11278,11697,DCA,FLL,147,9,0,0,138,0,64,36,5426.0,0.061224489795918366,0.0,0.463768115942029,0.2608695652173913,39.31884057971015
2023,7,20409,B6,11278,13204,DCA,MCO,116,6,3,0,107,0,43,24,5937.0,0.05172413793103448,0.02586206896551724,0.40186915887850466,0.22429906542056074,55.48598130841121
2023,7,20409,B6,11278,14635,DCA,RSW,31,1,1,0,29,0,13,8,1455.0,0.03225806451612903,0.03225806451612903,0.4482758620689655,0.27586206896551724,50.172413793103445
2023,7,20409,B6,11292,10721,DEN,BOS,62,1,0,0,61,0,46,26,5667.0,0.016129032258064516,0.0,0.7540983606557377,0.4262295081967213,92.90163934426229
2023,7,20409,B6,11292,12478,DEN,JFK,62,10,1,0,51,0,32,24,3594.0,0.16129032258064516,0.016129032258064516,0.6274509803921569,0.47058823529411764,70.47058823529412
2023,7,20409,B6,11292,12953,DEN,LGA,93,10,5,0,78,0,42,17,6389.0,0.10752688172043011,0.053763440860215055,0.5384615384615384,0.21794871794871795,81.91025641025641
2023,7,20409,B6,11298,10721,DFW,BOS,31,1,1,0,29,0,17,8,2315.0,0.03225806451612903,0.03225806451612903,0.5862068965517241,0.27586206896551724,79.82758620689656
2023,7,20409,B6,11433,10721,DTW,BOS,80,4,1,0,75,0,30,19,4683.0,0.05,0.0125,0.4,0.25333333333333335,62.44
2023,7,20409,B6,11433,12478,DTW,JFK,93,14,0,0,79,0,39,21,5902.0,0.15053763440860216,0.0,0.4936708860759494,0.26582278481012656,74.70886075949367
2023,7,20409,B6,11618,11697,EWR,FLL,67,5,1,0,61,0,24,16,2329.0,0.07462686567164178,0.014925373134328358,0.39344262295081966,0.26229508196721313,38.18032786885246
2023,7,20409,B6,11618,12892,EWR,LAX,114,7,0,0,107,0,44,14,2670.0,0.06140350877192982,0.0,0.411214953271028,0.1308411214953271,24.953271028037385
2023,7,20409,B6,11618,13204,EWR,MCO,124,10,2,0,112,0,30,10,1056.0,0.08064516129032258,0.016129032258064516,0.26785714285714285,0.08928571428571429,9.428571428571429
2023,7,20409,B6,11618,13303,EWR,MIA,31,1,0,0,30,0,3,1,3.0,0.03225806451612903,0.0,0.1,0.03333333333333333,0.1
2023,7,20409,B6,11618,14635,EWR,RSW,31,3,0,0,28,0,14,5,1250.0,0.0967741935483871,0.0,0.5,0.17857142857142858,44.642857142857146
2023,7,20409,B6,11618,15304,EWR,TPA,62,7,0,0,55,0,24,12,1781.0,0.11290322580645161,0.0,0.43636363636363634,0.21818181818181817,32.38181818181818
2023,7,20409,B6,11697,10397,FLL,ATL,31,2,0,0,29,0,27,15,2375.0,0.06451612903225806,0.0,0.9310344827586207,0.5172413793103449,81.89655172413794
2023,7,20409,B6,11697,10721,FLL,BOS,93,3,0,0,90,0,38,22,3178.0,0.03225806451612903,0.0,0.4222222222222222,0.24444444444444444,35.31111111111111
2023,7,20409,B6,11697,11278,FLL,DCA,147,8,3,0,136,0,59,28,4073.0,0.05442176870748299,0.02040816326530612,0.4338235294117647,0.20588235294117646,29.948529411764707
2023,7,20409,B6,11697,11618,FLL,EWR,67,3,0,0,64,0,24,15,2081.0,0.04477611940298507,0.0,0.375,0.234375,32.515625
2023,7,20409,B6,11697,12478,FLL,JFK,186,22,0,0,164,0,107,68,15704.0,0.11827956989247312,0.0,0.6524390243902439,0.4146341463414634,95.7560975609756
2023,7,20409,B6,11697,12889,FLL,LAS,31,1,0,0,30,0,18,8,1206.0,0.03225806451612903,0.0,0.6,0.26666666666666666,40.2
2023,7,20409,B6,11697,12892,FLL,LAX,93,3,0,0,90,0,39,16,1996.0,0.03225806451612903,0.0,0.43333333333333335,0.17777777777777778,22.177777777777777
2023,7,20409,B6,11697,12953,FLL,LGA,155,10,7,0,138,0,59,35,4974.0,0.06451612903225806,0.04516129032258064,0.427536231884058,0.2536231884057971,36.04347826086956
2023,7,20409,B6,11697,14679,FLL,SAN,31,1,0,0,30,0,16,6,822.0,0.03225806451612903,0.0,0.5333333333333333,0.2,27.4
2023,7,20409,B6,11697,14771,FLL,SFO,62,2,0,0,60,0,22,12,1555.0,0.03225806451612903,0.0,0.36666666666666664,0.2,25.916666666666668
2023,7,20409,B6,11697,14869,FLL,SLC,31,0,0,0,31,0,22,4,1033.0,0.0,0.0,0.7096774193548387,0.12903225806451613,33.32258064516129
2023,7,20409,B6,12266,10721,IAH,BOS,62,3,2,0,57,0,31,20,5811.0,0.04838709677419355,0.03225806451612903,0.543859649122807,0.3508771929824561,101.94736842105263
2023,7,20409,B6,12266,12478,IAH,JFK,30,5,0,0,25,0,17,12,4241.0,0.16666666666666666,0.0,0.68,0.48,169.64
2023,7,20409,B6,12478,10397,JFK,ATL,62,4,0,0,58,0,33,13,2263.0,0.06451612903225806,0.0,0.5689655172413793,0.22413793103448276,39.01724137931034
2023,7,20409,B6,12478,10721,JFK,BOS,189,25,0,0,164,0,80,47,8688.0,0.13227513227513227,0.0,0.4878048780487805,0.2865853658536585,52.97560975609756
2023,7,20409,B6,12478,11292,JFK,DEN,62,8,0,0,54,0,35,22,3658.0,0.12903225806451613,0.0,0.6481481481481481,0.4074074074074074,67.74074074074075
2023,7,20409,B6,12478,11433,JFK,DTW,93,14,0,0,79,0,40,24,5370.0,0.15053763440860216,0.0,0.5063291139240507,0.3037974683544304,67.9746835443038
2023,7,20409,B6,12478,11697,JFK,FLL,186,16,3,0,167,0,84,52,10773.0,0.08602150537634409,0.016129032258064516,0.5029940119760479,0.31137724550898205,64.50898203592814
2023,7,20409,B6,12478,12266,JFK,IAH,30,5,0,0,25,0,15,9,1396.0,0.16666666666666666,0.0,0.6,0.36,55.84
2023,7,20409,B6,12478,12889,JFK,LAS,124,11,1,0,112,0,69,36,5715.0,0.08870967741935484,0.008064516129032258,0.6160714285714286,0.32142857142857145,51.026785714285715
2023,7,20409,B6,12478,12892,JFK,LAX,299,11,0,0,288,0,122,63,8780.0,0.03678929765886288,0.0,0.4236111111111111,0.21875,30.48611111111111
2023,7,20409,B6,12478,13204,JFK,MCO,279,31,3,0,245,0,153,98,17666.0,0.1111111111111111,0.010752688172043012,0.6244897959183674,0.4,72.10612244897959
2023,7,20409,B6,12478,13303,JFK,MIA,62,12,0,0,50,0,40,26,4205.0,0.1935483870967742,0.0,0.8,0.52,84.1
2023,7,20409,B6,12478,13930,JFK,ORD,31,1,1,0,29,0,10,4,937.0,0.03225806451612903,0.03225806451612903,0.3448275862068966,0.13793103448275862,32.310344827586206
2023,7,20409,B6,12478,14107,JFK,PHX,31,3,1,0,27,0,19,10,1327.0,0.0967741935483871,0.03225806451612903,0.7037037037037037,0.37037037037037035,49.148148148148145
2023,7,20409,B6,12478,14635,JFK,RSW,62,10,0,0,52,0,26,18,2474.0,0.16129032258064516,0.0,0.5,0.34615384615384615,47.57692307692308
2023,7,20409,B6,12478,14679,JFK,SAN,62,3,0,0,59,0,19,7,848.0,0.04838709677419355,0.0,0.3220338983050847,0.11864406779661017,14.372881355932204
2023,7,20409,B6,12478,14747,JFK,SEA,57,4,0,0,53,0,22,11,1711.0,0.07017543859649122,0.0,0.41509433962264153,0.20754716981132076,32.283018867924525
2023,7,20409,B6,12478,14771,JFK,SFO,181,7,0,0,174,0,83,40,6196.0,0.03867403314917127,0.0,0.47701149425287354,0.22988505747126436,35.60919540229885
2023,7,20409,B6,12478,14869,JFK,SLC,62,3,0,0,59,0,38,20,3033.0,0.04838709677419355,0.0,0.6440677966101694,0.3389830508474576,51.40677966101695
2023,7,20409,B6,12478,15304,JFK,TPA,62,10,0,0,52,0,31,17,2822.0,0.16129032258064516,0.0,0.5961538461538461,0.3269230769230769,54.26923076923077
2023,7,20409,B6,12889,10721,LAS,BOS,62,3,3,0,56,0,42,29,10163.0,0.04838709677419355,0.04838709677419355,0.75,0.5178571428571429,181.48214285714286
2023,7,20409,B6,12889,11697,LAS,FLL,31,1,0,0,30,0,22,13,1874.0,0.03225806451612903,0.0,0.7333333333333333,0.43333333333333335,62.46666666666667
2023,7,20409,B6,12889,12478,LAS,JFK,124,11,3,0,110,0,82,56,11808.0,0.08870967741935484,0.024193548387096774,0.7454545454545455,0.509090909090909,107.34545454545454
2023,7,20409,B6,12889,12892,LAS,LAX,62,4,0,0,58,0,31,18,2895.0,0.06451612903225806,0.0,0.5344827586206896,0.3103448275862069,49.91379310344828
2023,7,20409,B6,12892,10721,LAX,BOS,146,2,3,0,141,0,50,28,2657.0,0.0136986301369863,0.02054794520547945,0.3546099290780142,0.19858156028368795,18.843971631205672
2023,7,20409,B6,12892,11618,LAX,EWR,114,7,2,0,105,0,30,18,1760.0,0.06140350877192982,0.017543859649122806,0.2857142857142857,0.17142857142857143,16.761904761904763
2023,7,20409,B6,12892,11697,LAX,FLL,93,3,0,0,90,0,34,12,2019.0,0.03225806451612903,0.0,0.37777777777777777,0.13333333333333333,22.433333333333334
2023,7,20409,B6,12892,12478,LAX,JFK,299,11,6,0,282,0,131,74,10790.0,0.03678929765886288,0.020066889632107024,0.4645390070921986,0.2624113475177305,38.262411347517734
2023,7,20409,B6,12892,12889,LAX,LAS,62,3,0,0,59,0,22,11,1545.0,0.04838709677419355,0.0,0.3728813559322034,0.1864406779661017,26.1864406779661
2023,7,20409,B6,12892,13204,LAX,MCO,31,0,1,0,30,0,19,10,1629.0,0.0,0.03225806451612903,0.6333333333333333,0.3333333333333333,54.3
2023,7,20409,B6,12892,13303,LAX,MIA,62,1,1,0,60,0,13,10,1357.0,0.016129032258064516,0.016129032258064516,0.21666666666666667,0.16666666666666666,22.616666666666667
2023,7,20409,B6,12892,14747,LAX,SEA,62,1,0,0,61,0,12,6,745.0,0.016129032258064516,0.0,0.19672131147540983,0.09836065573770492,12.21311475409836
2023,7,20409,B6,12892,14771,LAX,SFO,62,0,0,0,62,0,27,14,2729.0,0.0,0.0,0.43548387096774194,0.22580645161290322,44.016129032258064
2023,7,20409,B6,12892,14869,LAX,SLC,62,0,1,0,61,0,13,4,415.0,0.0,0.016129032258064516,0.21311475409836064,0.06557377049180328,6.80327868852459
2023,7,20409,B6,12953,10397,LGA,ATL,124,8,1,0,115,0,58,29,4433.0,0.06451612903225806,0.008064516129032258,0.5043478260869565,0.25217391304347825,38.54782608695652
2023,7,20409,B6,12953,10721,LGA,BOS,214,30,0,0,184,0,67,33,4959.0,0.14018691588785046,0.0,0.3641304347826087,0.1793478260869565,26.95108695652174
2023,7,20409,B6,12953,11292,LGA,DEN,93,6,6,0,81,0,32,9,2348.0,0.06451612903225806,0.06451612903225806,0.3950617283950617,0.1111111111111111,28.987654320987655
2023,7,20409,B6,12953,11697,LGA,FLL,155,11,1,0,143,0,69,33,5174.0,0.07096774193548387,0.0064516129032258064,0.4825174825174825,0.23076923076923078,36.18181818181818
2023,7,20409,B6,12953,13204,LGA,MCO,155,10,1,0,144,0,73,38,6756.0,0.06451612903225806,0.0064516129032258064,0.5069444444444444,0.2638888888888889,46.916666666666664
2023,7,20409,B6,12953,14635,LGA,RSW,62,9,0,0,53,0,24,11,1880.0,0.14516129032258066,0.0,0.4528301886792453,0.20754716981132076,35.471698113207545
2023,7,20409,B6,12953,15304,LGA,TPA,93,9,0,0,84,0,33,10,1610.0,0.0967741935483871,0.0,0.39285714285714285,0.11904761904761904,19.166666666666668
2023,7,20409,B6,13204,10721,MCO,BOS,176,17,0,0,159,0,96,68,11237.0,0.09659090909090909,0.0,0.6037735849056604,0.4276729559748428,70.67295597484276
2023,7,20409,B6,13204,11278,MCO,DCA,116,4,1,0,111,0,50,27,5009.0,0.034482758620689655,0.008620689655172414,0.45045045045045046,0.24324324324324326,45.126126126126124
2023,7,20409,B6,13204,11618,MCO,EWR,124,9,0,0,115,0,64,39,5871.0,0.07258064516129033,0.0,0.5565217391304348,0.3391304347826087,51.052173913043475
2023,7,20409,B6,13204,12478,MCO,JFK,279,30,1,0,248,0,137,91,18096.0,0.10752688172043011,0.0035842293906810036,0.5524193548387096,0.36693548387096775,72.96774193548387
2023,7,20409,B6,13204,12892,MCO,LAX,31,0,0,0,31,0,30,16,3171.0,0.0,0.0,0.967741935483871,0.5161290322580645,102.29032258064517
2023,7,20409,B6,13204,12953,MCO,LGA,155,14,7,0,134,0,66,46,6493.0,0.09032258064516129,0.04516129032258064,0.4925373134328358,0.34328358208955223,48.45522388059702
2023,7,20409,B6,13204,14869,MCO,SLC,31,0,0,0,31,0,24,19,3226.0,0.0,0.0,0.7741935483870968,0.6129032258064516,104.06451612903226
2023,7,20409,B6,13303,10721,MIA,BOS,31,3,0,0,28,0,22,12,2344.0,0.0967741935483871,0.0,0.7857142857142857,0.42857142857142855,83.71428571428571
2023,7,20409,B6,13303,11618,MIA,EWR,31,1,0,0,30,0,9,1,39.0,0.03225806451612903,0.0,0.3,0.03333333333333333,1.3
2023,7,20409,B6,13303,12478,MIA,JFK,62,13,1,0,48,0,39,32,5693.0,0.20967741935483872,0.016129032258064516,0.8125,0.6666666666666666,118.60416666666667
2023,7,20409,B6,13303,12892,MIA,LAX,62,1,0,0,61,0,23,11,1738.0,0.016129032258064516,0.0,0.3770491803278688,0.18032786885245902,28.491803278688526
2023,7,20409,B6,13487,10721,MSP,BOS,31,1,1,0,29,0,17,12,2619.0,0.03225806451612903,0.03225806451612903,0.5862068965517241,0.41379310344827586,90.3103448275862
2023,7,20409,B6,13930,10721,ORD,BOS,31,1,0,0,30,0,11,6,615.0,0.03225806451612903,0.0,0.36666666666666664,0.2,20.5
2023,7,20409,B6,13930,12478,ORD,JFK,31,1,1,0,29,0,10,4,1466.0,0.03225806451612903,0.03225806451612903,0.3448275862068966,0.13793103448275862,50.55172413793103
2023,7,20409,B6,14100,10721,PHL,BOS,57,4,1,0,52,0,24,14,1532.0,0.07017543859649122,0.017543859649122806,0.46153846153846156,0.2692307692307692,29.46153846153846
2023,7,20409,B6,14107,10721,PHX,BOS,31,2,0,0,29,0,20,14,3052.0,0.06451612903225806,0.0,0.6896551724137931,0.4827586206896552,105.24137931034483
2023,7,20409,B6,14107,12478,PHX,JFK,31,3,1,0,27,0,21,11,2451.0,0.0967741935483871,0.03225806451612903,0.7777777777777778,0.4074074074074074,90.77777777777777
2023,7,20409,B6,14635,10721,RSW,BOS,58,4,0,0,54,0,35,21,3715.0,0.06896551724137931,0.0,0.6481481481481481,0.3888888888888889,68.79629629629629
2023,7,20409,B6,14635,11278,RSW,DCA,31,4,1,0,26,0,16,9,3886.0,0.12903225806451613,0.03225806451612903,0.6153846153846154,0.34615384615384615,149.46153846153845
2023,7,20409,B6,14635,11618,RSW,EWR,31,6,0,0,25,0,15,9,1802.0,0.1935483870967742,0.0,0.6,0.36,72.08
2023,7,20409,B6,14635,12478,RSW,JFK,62,8,1,0,53,0,27,19,3676.0,0.12903225806451613,0.016129032258064516,0.5094339622641509,0.3584905660377358,69.35849056603773
2023,7,20409,B6,14635,12953,RSW,LGA,62,6,1,0,55,0,14,11,3279.0,0.0967741935483871,0.016129032258064516,0.2545454545454545,0.2,59.61818181818182
2023,7,20409,B6,14679,10721,SAN,BOS,57,0,1,0,56,0,16,7,763.0,0.0,0.017543859649122806,0.2857142857142857,0.125,13.625
2023,7,20409,B6,14679,11697,SAN,FLL,31,1,0,0,30,0,12,5,1388.0,0.03225806451612903,0.0,0.4,0.16666666666666666,46.266666666666666
2023,7,20409,B6,14679,12478,SAN,JFK,62,3,1,0,58,0,26,13,1455.0,0.04838709677419355,0.016129032258064516,0.4482758620689655,0.22413793103448276,25.086206896551722
2023,7,20409,B6,14747,10721,SEA,BOS,62,0,3,0,59,0,29,14,1901.0,0.0,0.04838709677419355,0.4915254237288136,0.23728813559322035,32.220338983050844
2023,7,20409,B6,14747,12478,SEA,JFK,57,5,2,0,50,0,36,20,6371.0,0.08771929824561403,0.03508771929824561,0.72,0.4,127.42
2023,7,20409,B6,14747,12892,SEA,LAX,62,3,0,0,59,0,24,10,2768.0,0.04838709677419355,0.0,0.4067796610169492,0.1694915254237288,46.91525423728814
2023,7,20409,B6,14771,10721,SFO,BOS,141,2,3,0,136,0,39,21,2566.0,0.014184397163120567,0.02127659574468085,0.2867647058823529,0.15441176470588236,18.86764705882353
2023,7,20409,B6,14771,11697,SFO,FLL,62,2,0,0,60,0,14,7,536.0,0.03225806451612903,0.0,0.23333333333333334,0.11666666666666667,8.933333333333334
2023,7,20409,B6,14771,12478,SFO,JFK,181,7,6,0,168,0,80,39,5861.0,0.03867403314917127,0.03314917127071823,0.47619047619047616,0.23214285714285715,34.88690476190476
2023,7,20409,B6,14771,12892,SFO,LAX,62,0,0,0,62,0,3,2,-356.0,0.0,0.0,0.04838709677419355,0.03225806451612903,-5.741935483870968
2023,7,20409,B6,14869,10721,SLC,BOS,31,1,0,0,30,0,14,4,1330.0,0.03225806451612903,0.0,0.4666666666666667,0.13333333333333333,44.333333333333336
2023,7,20409,B6,14869,11697,SLC,FLL,31,0,0,0,31,0,10,4,511.0,0.0,0.0,0.3225806451612903,0.12903225806451613,16.483870967741936
2023,7,20409,B6,14869,12478,SLC,JFK,62,5,0,0,57,0,44,33,6057.0,0.08064516129032258,0.0,0.7719298245614035,0.5789473684210527,106.26315789473684
2023,7,20409,B6,14869,12892,SLC,LAX,62,0,0,0,62,0,13,5,313.0,0.0,0.0,0.20967741935483872,0.08064516129032258,5.048387096774194
2023,7,20409,B6,14869,13204,SLC,MCO,31,1,2,0,28,0,4,0,-305.0,0.03225806451612903,0.06451612903225806,0.14285714285714285,0.0,-10.892857142857142
2023,7,20409,B6,15304,10721,TPA,BOS,120,13,2,0,105,0,58,37,6633.0,0.10833333333333334,0.016666666666666666,0.5523809523809524,0.3523809523809524,63.17142857142857
2023,7,20409,B6,15304,11618,TPA,EWR,62,10,0,0,52,0,19,11,1268.0,0.16129032258064516,0.0,0.36538461538461536,0.21153846153846154,24.384615384615383
2023,7,20409,B6,15304,12478,TPA,JFK,62,8,0,0,54,0,20,10,1706.0,0.12903225806451613,0.0,0.37037037037037035,0.18518518518518517,31.59259259259259
2023,7,20409,B6,15304,12953,TPA,LGA,93,7,0,0,86,0,24,11,883.0,0.07526881720430108,0.0,0.27906976744186046,0.12790697674418605,10.267441860465116
2023,7,20416,NK,10397,10721,ATL,BOS,31,0,0,0,31,0,12,6,767.0,0.0,0.0,0.3870967741935484,0.1935483870967742,24.741935483870968
2023,7,20416,NK,10397,10821,ATL,BWI,62,0,1,0,61,0,17,7,1110.0,0.0,0.016129032258064516,0.2786885245901639,0.11475409836065574,18.19672131147541
2023,7,20416,NK,10397,11298,ATL,DFW,61,0,0,0,61,0,18,1,442.0,0.0,0.0,0.29508196721311475,0.01639344262295082,7.245901639344262
2023,7,20416,NK,10397,11433,ATL,DTW,92,0,0,0,92,0,31,12,1446.0,0.0,0.0,0.33695652173913043,0.13043478260869565,15.717391304347826
2023,7,20416,NK,10397,11618,ATL,EWR,31,6,0,0,25,0,12,8,1617.0,0.1935483870967742,0.0,0.48,0.32,64.68
2023,7,20416,NK,10397,11697,ATL,FLL,146,3,0,0,143,0,59,18,3307.0,0.02054794520547945,0.0,0.4125874125874126,0.1258741258741259,23.125874125874127
2023,7,20416,NK,10397,12266,ATL,IAH,62,0,0,0,62,0,26,11,1359.0,0.0,0.0,0.41935483870967744,0.1774193548387097,21.919354838709676
2023,7,20416,NK,10397,12889,ATL,LAS,78,3,0,0,75,0,42,20,2987.0,0.038461538461538464,0.0,0.56,0.26666666666666666,39.82666666666667
2023,7,20416,NK,10397,12892,ATL,LAX,79,1,0,0,78,0,23,5,870.0,0.012658227848101266,0.0,0.2948717948717949,0.0641025641025641,11.153846153846153
2023,7,20416,NK,10397,13204,ATL,MCO,85,3,0,0,82,0,30,17,2355.0,0.03529411764705882,0.0,0.36585365853658536,0.2073170731707317,28.71951219512195
2023,7,20416,NK,10397,13303,ATL,MIA,62,1,0,0,61,0,36,15,2691.0,0.016129032258064516,0.0,0.5901639344262295,0.2459016393442623,44.114754098360656
2023,7,20416,NK,10397,13487,ATL,MSP,54,0,0,0,54,0,8,3,292.0,0.0,0.0,0.14814814814814814,0.05555555555555555,5.407407407407407
2023,7,20416,NK,10397,13930,ATL,ORD,78,0,0,0,78,0,27,15,2022.0,0.0,0.0,0.34615384615384615,0.19230769230769232,25.923076923076923
2023,7,20416,NK,10397,14100,ATL,PHL,31,0,0,0,31,0,15,7,1294.0,0.0,0.0,0.4838709677419355,0.22580645161290322,41.74193548387097
2023,7,20416,NK,10397,15304,ATL,TPA,30,1,0,0,29,0,10,3,337.0,0.03333333333333333,0.0,0.3448275862068966,0.10344827586206896,11.620689655172415
2023,7,20416,NK,10721,10397,BOS,ATL,31,0,0,0,31,0,15,9,1235.0,0.0,0.0,0.4838709677419355,0.2903225806451613,39.83870967741935
2023,7,20416,NK,10721,11298,BOS,DFW,31,1,0,0,30,0,14,10,1363.0,0.03225806451612903,0.0,0.4666666666666667,0.3333333333333333,45.43333333333333
2023,7,20416,NK,10721,11697,BOS,FLL,38,1,0,0,37,0,15,7,2495.0,0.02631578947368421,0.0,0.40540540540540543,0.1891891891891892,67.43243243243244
2023,7,20416,NK,10721,12889,BOS,LAS,30,0,0,0,30,0,17,7,1558.0,0.0,0.0,0.5666666666666667,0.23333333333333334,51.93333333333333
2023,7,20416,NK,10721,12892,BOS,LAX,27,1,0,0,26,0,20,17,1950.0,0.037037037037037035,0.0,0.7692307692307693,0.6538461538461539,75.0
2023,7,20416,NK,10721,13204,BOS,MCO,84,6,1,0,77,0,56,31,5446.0,0.07142857142857142,0.011904761904761904,0.7272727272727273,0.4025974025974026,70.72727272727273
2023,7,20416,NK,10721,13303,BOS,MIA,31,0,0,0,31,0,11,6,524.0,0.0,0.0,0.3548387096774194,0.1935483870967742,16.903225806451612
2023,7,20416,NK,10821,10397,BWI,ATL,62,0,0,0,62,0,15,5,534.0,0.0,0.0,0.24193548387096775,0.08064516129032258,8.612903225806452
2023,7,20416,NK,10821,11298,BWI,DFW,30,1,0,0,29,0,11,3,418.0,0.03333333333333333,0.0,0.3793103448275862,0.10344827586206896,14.413793103448276
2023,7,20416,NK,10821,11697,BWI,FLL,84,3,0,0,81,0,30,15,2280.0,0.03571428571428571,0.0,0.37037037037037035,0.18518518518518517,28.14814814814815
2023,7,20416,NK,10821,12266,BWI,IAH,31,0,0,0,31,0,9,3,620.0,0.0,0.0,0.2903225806451613,0.0967741935483871,20.0
2023,7,20416,NK,10821,12889,BWI,LAS,30,1,0,0,29,0,11,3,596.0,0.03333333333333333,0.0,0.3793103448275862,0.10344827586206896,20.551724137931036
2023,7,20416,NK,10821,12892,BWI,LAX,61,1,0,0,60,0,20,7,1058.0,0.01639344262295082,0.0,0.3333333333333333,0.11666666666666667,17.633333333333333
2023,7,20416,NK,10821,13204,BWI,MCO,85,0,0,0,85,0,43,22,4389.0,0.0,0.0,0.5058823529411764,0.25882352941176473,51.63529411764706
2023,7,20416,NK,10821,13303,BWI,MIA,31,2,0,0,29,0,18,10,1355.0,0.06451612903225806,0.0,0.6206896551724138,0.3448275862068966,46.724137931034484
2023,7,20416,NK,10821,15304,BWI,TPA,30,0,0,0,30,0,7,0,26.0,0.0,0.0,0.23333333333333334,0.0,0.8666666666666667
2023,7,20416,NK,11292,11697,DEN,FLL,30,0,0,0,30,0,3,0,-168.0,0.0,0.0,0.1,0.0,-5.6
2023,7,20416,NK,11292,12889,DEN,LAS,31,1,0,0,30,0,14,7,2046.0,0.03225806451612903,0.0,0.4666666666666667,0.23333333333333334,68.2
2023,7,20416,NK,11292,13303,DEN,MIA,30,0,1,0,29,0,5,2,-136.0,0.0,0.03333333333333333,0.1724137931034483,0.06896551724137931,-4.689655172413793
2023,7,20416,NK,11298,10397,DFW,ATL,61,0,1,0,60,0,25,8,2075.0,0.0,0.01639344262295082,0.4166666666666667,0.13333333333333333,34.583333333333336
2023,7,20416,NK,11298,10721,DFW,BOS,31,0,0,0,31,0,19,10,1349.0,0.0,0.0,0.6129032258064516,0.3225806451612903,43.516129032258064
2023,7,20416,NK,11298,10821,DFW,BWI,30,1,0,0,29,0,11,6,893.0,0.03333333333333333,0.0,0.3793103448275862,0.20689655172413793,30.79310344827586
2023,7,20416,NK,11298,11433,DFW,DTW,31,0,0,0,31,0,9,2,250.0,0.0,0.0,0.2903225806451613,0.06451612903225806,8.064516129032258
2023,7,20416,NK,11298,11618,DFW,EWR,31,1,1,0,29,0,3,1,138.0,0.03225806451612903,0.03225806451612903,0.10344827586206896,0.034482758620689655,4.758620689655173
2023,7,20416,NK,11298,11697,DFW,FLL,66,0,0,0,66,0,20,9,1216.0,0.0,0.0,0.30303030303030304,0.13636363636363635,18.424242424242426
2023,7,20416,NK,11298,12889,DFW,LAS,81,0,0,0,81,0,32,7,1630.0,0.0,0.0,0.3950617283950617,0.08641975308641975,20.123456790123456
2023,7,20416,NK,11298,12892,DFW,LAX,96,0,0,0,96,0,49,20,2987.0,0.0,0.0,0.5104166666666666,0.20833333333333334,31.114583333333332
2023,7,20416,NK,11298,12953,DFW,LGA,30,0,0,0,30,0,10,0,127.0,0.0,0.0,0.3333333333333333,0.0,4.233333333333333
2023,7,20416,NK,11298,13204,DFW,MCO,116,7,1,0,108,0,60,26,3514.0,0.0603448275862069,0.008620689655172414,0.5555555555555556,0.24074074074074073,32.53703703703704
2023,7,20416,NK,11298,13303,DFW,MIA,31,1,0,0,30,0,11,6,1109.0,0.03225806451612903,0.0,0.36666666666666664,0.2,36.96666666666667
2023,7,20416,NK,11298,13796,DFW,OAK,31,1,0,0,30,0,13,4,633.0,0.03225806451612903,0.0,0.43333333333333335,0.13333333333333333,21.1
2023,7,20416,NK,11298,13930,DFW,ORD,34,0,1,0,33,0,5,1,111.0,0.0,0.029411764705882353,0.15151515151515152,0.030303030303030304,3.3636363636363638
2023,7,20416,NK,11298,14100,DFW,PHL,30,1,1,0,28,0,0,0,-220.0,0.03333333333333333,0.03333333333333333,0.0,0.0,-7.857142857142857
2023,7,20416,NK,11298,14107,DFW,PHX,31,0,0,0,31,0,24,7,1493.0,0.0,0.0,0.7741935483870968,0.22580645161290322,48.16129032258065
2023,7,20416,NK,11298,15304,DFW,TPA,31,0,1,0,30,0,5,1,-69.0,0.0,0.03225806451612903,0.16666666666666666,0.03333333333333333,-2.3
2023,7,20416,NK,11433,10397,DTW,ATL,92,0,0,0,92,0,24,8,830.0,0.0,0.0,0.2608695652173913,0.08695652173913043,9.021739130434783
2023,7,20416,NK,11433,11298,DTW,DFW,31,0,0,0,31,0,7,0,139.0,0.0,0.0,0.22580645161290322,0.0,4.483870967741935
2023,7,20416,NK,11433,11697,DTW,FLL,30,0,0,0,30,0,13,2,575.0,0.0,0.0,0.43333333333333335,0.06666666666666667,19.166666666666668
2023,7,20416,NK,11433,12266,DTW,IAH,31,0,0,0,31,0,3,0,-153.0,0.0,0.0,0.0967741935483871,0.0,-4.935483870967742
2023,7,20416,NK,11433,12889,DTW,LAS,54,0,0,0,54,0,5,0,-230.0,0.0,0.0,0.09259259259259259,0.0,-4.2592592592592595
2023,7,20416,NK,11433,12892,DTW,LAX,61,0,0,0,61,0,29,9,1758.0,0.0,0.0,0.47540983606557374,0.14754098360655737,28.81967213114754
2023,7,20416,NK,11433,12953,DTW,LGA,94,7,1,0,86,0,24,14,1358.0,0.07446808510638298,0.010638297872340425,0.27906976744186046,0.16279069767441862,15.790697674418604
2023,7,20416,NK,11433,13204,DTW,MCO,115,1,0,0,114,0,27,12,868.0,0.008695652173913044,0.0,0.23684210526315788,0.10526315789473684,7.614035087719298
2023,7,20416,NK,11433,13303,DTW,MIA,30,1,0,0,29,0,19,10,1403.0,0.03333333333333333,0.0,0.6551724137931034,0.3448275862068966,48.37931034482759
2023,7,20416,NK,11433,13487,DTW,MSP,31,0,0,0,31,0,2,0,-265.0,0.0,0.0,0.06451612903225806,0.0,-8.548387096774194
2023,7,20416,NK,11433,14100,DTW,PHL,31,0,0,0,31,0,0,0,-417.0,0.0,0.0,0.0,0.0,-13.451612903225806
2023,7,20416,NK,11433,14635,DTW,RSW,30,0,0,0,30,0,8,4,168.0,0.0,0.0,0.26666666666666666,0.13333333333333333,5.6
2023,7,20416,NK,11433,15304,DTW,TPA,31,0,0,0,31,0,12,4,628.0,0.0,0.0,0.3870967741935484,0.12903225806451613,20.258064516129032
2023,7,20416,NK,11618,10397,EWR,ATL,31,1,0,0,30,0,6,3,198.0,0.03225806451612903,0.0,0.2,0.1,6.6
2023,7,20416,NK,11618,11298,EWR,DFW,31,1,0,0,30,0,16,6,1115.0,0.03225806451612903,0.0,0.5333333333333333,0.2,37.166666666666664
2023,7,20416,NK,11618,11697,EWR,FLL,124,9,0,0,115,0,52,24,4572.0,0.07258064516129033,0.0,0.45217391304347826,0.20869565217391303,39.756521739130434
2023,7,20416,NK,11618,12266,EWR,IAH,30,0,0,0,30,0,16,9,1613.0,0.0,0.0,0.5333333333333333,0.3,53.766666666666666
2023,7,20416,NK,11618,12889,EWR,LAS,62,2,0,0,60,0,31,13,2058.0,0.03225806451612903,0.0,0.5166666666666667,0.21666666666666667,34.3
2023,7,20416,NK,11618,12892,EWR,LAX,61,3,0,0,58,0,26,11,1478.0,0.04918032786885246,0.0,0.4482758620689655,0.1896551724137931,25.482758620689655
2023,7,20416,NK,11618,13204,EWR,MCO,124,10,1,0,113,0,36,17,2207.0,0.08064516129032258,0.008064516129032258,0.3185840707964602,0.1504424778761062,19.530973451327434
2023,7,20416,NK,11618,13303,EWR,MIA,31,8,0,0,23,0,13,11,2144.0,0.25806451612903225,0.0,0.5652173913043478,0.4782608695652174,93.21739130434783
2023,7,20416,NK,11618,13796,EWR,OAK,31,0,0,0,31,0,5,1,-233.0,0.0,0.0,0.16129032258064516,0.03225806451612903,-7.516129032258065
2023,7,20416,NK,11618,14869,EWR,SLC,26,0,0,0,26,0,2,1,-98.0,0.0,0.0,0.07692307692307693,0.038461538461538464,-3.769230769230769
2023,7,20416,NK,11697,10397,FLL,ATL,146,3,1,0,142,0,86,42,6124.0,0.02054794520547945,0.00684931506849315,0.6056338028169014,0.29577464788732394,43.12676056338028
2023,7,20416,NK,11697,10721,FLL,BOS,37,0,0,0,37,0,33,19,2711.0,0.0,0.0,0.8918918918918919,0.5135135135135135,73.27027027027027
2023,7,20416,NK,11697,10821,FLL,BWI,84,3,0,0,81,0,32,14,1941.0,0.03571428571428571,0.0,0.3950617283950617,0.1728395061728395,23.962962962962962
2023,7,20416,NK,11697,11292,FLL,DEN,30,0,0,0,30,0,21,8,1187.0,0.0,0.0,0.7,0.26666666666666666,39.56666666666667
2023,7,20416,NK,11697,11298,FLL,DFW,67,0,0,0,67,0,28,9,1622.0,0.0,0.0,0.417910447761194,0.13432835820895522,24.208955223880597
2023,7,20416,NK,11697,11433,FLL,DTW,30,0,0,0,30,0,2,0,-107.0,0.0,0.0,0.06666666666666667,0.0,-3.566666666666667
2023,7,20416,NK,11697,11618,FLL,EWR,124,10,1,0,113,0,59,33,4246.0,0.08064516129032258,0.008064516129032258,0.5221238938053098,0.2920353982300885,37.575221238938056
2023,7,20416,NK,11697,12266,FLL,IAH,85,2,0,0,83,0,51,15,3169.0,0.023529411764705882,0.0,0.6144578313253012,0.18072289156626506,38.18072289156626
2023,7,20416,NK,11697,12889,FLL,LAS,30,0,0,0,30,0,13,6,927.0,0.0,0.0,0.43333333333333335,0.2,30.9
2023,7,20416,NK,11697,12892,FLL,LAX,29,0,0,0,29,0,14,6,806.0,0.0,0.0,0.4827586206896552,0.20689655172413793,27.79310344827586
2023,7,20416,NK,11697,12953,FLL,LGA,93,3,0,0,90,0,40,19,2766.0,0.03225806451612903,0.0,0.4444444444444444,0.2111111111111111,30.733333333333334
2023,7,20416,NK,11697,13204,FLL,MCO,62,0,0,0,62,0,36,23,3290.0,0.0,0.0,0.5806451612903226,0.3709677419354839,53.064516129032256
2023,7,20416,NK,11697,13930,FLL,ORD,84,0,1,0,83,0,48,26,3658.0,0.0,0.011904761904761904,0.5783132530120482,0.3132530120481928,44.0722891566265
2023,7,20416,NK,11697,14100,FLL,PHL,61,1,0,0,60,0,29,16,2105.0,0.01639344262295082,0.0,0.48333333333333334,0.26666666666666666,35.083333333333336
2023,7,20416,NK,11697,15304,FLL,TPA,62,0,0,0,62,0,25,11,2009.0,0.0,0.0,0.4032258064516129,0.1774193548387097,32.403225806451616
2023,7,20416,NK,12266,10397,IAH,ATL,62,0,0,0,62,0,25,11,1480.0,0.0,0.0,0.4032258064516129,0.1774193548387097,23.870967741935484
2023,7,20416,NK,12266,10821,IAH,BWI,31,0,0,0,31,0,4,3,342.0,0.0,0.0,0.12903225806451613,0.0967741935483871,11.03225806451613
2023,7,20416,NK,12266,11433,IAH,DTW,31,0,0,0,31,0,10,5,995.0,0.0,0.0,0.3225806451612903,0.16129032258064516,32.096774193548384
2023,7,20416,NK,12266,11618,IAH,EWR,31,0,1,0,30,0,4,2,-139.0,0.0,0.03225806451612903,0.13333333333333333,0.06666666666666667,-4.633333333333334
2023,7,20416,NK,12266,11697,IAH,FLL,84,2,0,0,82,0,31,16,2575.0,0.023809523809523808,0.0,0.3780487804878049,0.1951219512195122,31.402439024390244
2023,7,20416,NK,12266,12889,IAH,LAS,79,0,0,0,79,0,19,5,818.0,0.0,0.0,0.24050632911392406,0.06329113924050633,10.354430379746836
2023,7,20416,NK,12266,12892,IAH,LAX,79,1,0,0,78,0,21,6,833.0,0.012658227848101266,0.0,0.2692307692307692,0.07692307692307693,10.679487179487179
2023,7,20416,NK,12266,12953,IAH,LGA,26,3,0,0,23,0,10,6,680.0,0.11538461538461539,0.0,0.43478260869565216,0.2608695652173913,29.565217391304348
2023,7,20416,NK,12266,13204,IAH,MCO,89,1,0,0,88,0,28,13,1854.0,0.011235955056179775,0.0,0.3181818181818182,0.14772727272727273,21.068181818181817
2023,7,20416,NK,12266,13303,IAH,MIA,61,1,0,0,60,0,18,6,1288.0,0.01639344262295082,0.0,0.3,0.1,21.466666666666665
2023,7,20416,NK,12266,13930,IAH,ORD,29,1,0,0,28,0,15,3,767.0,0.034482758620689655,0.0,0.5357142857142857,0.10714285714285714,27.392857142857142
2023,7,20416,NK,12266,14100,IAH,PHL,31,0,0,0,31,0,7,2,60.0,0.0,0.0,0.22580645161290322,0.06451612903225806,1.935483870967742
2023,7,20416,NK,12889,10397,LAS,ATL,78,4,1,0,73,0,22,6,898.0,0.05128205128205128,0.01282051282051282,0.3013698630136986,0.0821917808219178,12.301369863013699
2023,7,20416,NK,12889,10721,LAS,BOS,30,2,0,0,28,0,13,4,644.0,0.06666666666666667,0.0,0.4642857142857143,0.14285714285714285,23.0
2023,7,20416,NK,12889,10821,LAS,BWI,30,0,1,0,29,0,3,0,-56.0,0.0,0.03333333333333333,0.10344827586206896,0.0,-1.9310344827586208
2023,7,20416,NK,12889,11292,LAS,DEN,30,1,0,0,29,0,12,5,899.0,0.03333333333333333,0.0,0.41379310344827586,0.1724137931034483,31.0
2023,7,20416,NK,12889,11298,LAS,DFW,80,0,1,0,79,0,25,8,1672.0,0.0,0.0125,0.31645569620253167,0.10126582278481013,21.164556962025316
2023,7,20416,NK,12889,11433,LAS,DTW,54,0,0,0,54,0,12,3,144.0,0.0,0.0,0.2222222222222222,0.05555555555555555,2.6666666666666665
2023,7,20416,NK,12889,11618,LAS,EWR,62,1,0,0,61,0,27,10,1498.0,0.016129032258064516,0.0,0.4426229508196721,0.16393442622950818,24.557377049180328
2023,7,20416,NK,12889,11697,LAS,FLL,30,0,0,0,30,0,15,8,1055.0,0.0,0.0,0.5,0.26666666666666666,35.166666666666664
2023,7,20416,NK,12889,12266,LAS,IAH,79,0,1,0,78,0,31,7,2298.0,0.0,0.012658227848101266,0.3974358974358974,0.08974358974358974,29.46153846153846
2023,7,20416,NK,12889,12892,LAS,LAX,95,0,0,0,95,0,25,7,820.0,0.0,0.0,0.2631578947368421,0.07368421052631578,8.631578947368421
2023,7,20416,NK,12889,13204,LAS,MCO,34,0,0,0,34,0,14,7,1391.0,0.0,0.0,0.4117647058823529,0.20588235294117646,40.911764705882355
2023,7,20416,NK,12889,13303,LAS,MIA,62,0,0,0,62,0,16,6,229.0,0.0,0.0,0.25806451612903225,0.0967741935483871,3.693548387096774
2023,7,20416,NK,12889,13487,LAS,MSP,23,0,0,0,23,0,8,4,642.0,0.0,0.0,0.34782608695652173,0.17391304347826086,27.91304347826087
2023,7,20416,NK,12889,13796,LAS,OAK,80,1,1,0,78,0,28,10,1675.0,0.0125,0.0125,0.358974358974359,0.1282051282051282,21.474358974358974
2023,7,20416,NK,12889,13930,LAS,ORD,61,3,1,0,57,0,10,2,63.0,0.04918032786885246,0.01639344262295082,0.17543859649122806,0.03508771929824561,1.105263157894737
2023,7,20416,NK,12889,14100,LAS,PHL,30,2,0,0,28,0,9,2,332.0,0.06666666666666667,0.0,0.32142857142857145,0.07142857142857142,11.857142857142858
2023,7,20416,NK,12889,14107,LAS,PHX,62,1,0,0,61,0,15,5,835.0,0.016129032258064516,0.0,0.2459016393442623,0.08196721311475409,13.688524590163935
2023,7,20416,NK,12889,14679,LAS,SAN,87,0,0,0,87,0,31,3,532.0,0.0,0.0,0.3563218390804598,0.034482758620689655,6.114942528735632
2023,7,20416,NK,12889,14747,LAS,SEA,64,0,0,0,64,0,13,4,573.0,0.0,0.0,0.203125,0.0625,8.953125
2023,7,20416,NK,12889,14869,LAS,SLC,62,1,0,0,61,0,31,9,1420.0,0.016129032258064516,0.0,0.5081967213114754,0.14754098360655737,23.278688524590162
2023,7,20416,NK,12889,15016,LAS,STL,23,1,0,0,22,0,7,1,149.0,0.043478260869565216,0.0,0.3181818181818182,0.045454545454545456,6.7727272727272725
2023,7,20416,NK,12889,15304,LAS,TPA,33,0,0,0,33,0,14,3,819.0,0.0,0.0,0.42424242424242425,0.09090909090909091,24.818181818181817
2023,7,20416,NK,12892,10397,LAX,ATL,79,1,1,0,77,0,28,10,1485.0,0.012658227848101266,0.012658227848101266,0.36363636363636365,0.12987012987012986,19.285714285714285
2023,7,20416,NK,12892,10721,LAX,BOS,27,0,0,0,27,0,14,11,1294.0,0.0,0.0,0.5185185185185185,0.4074074074074074,47.925925925925924
2023,7,20416,NK,12892,10821,LAX,BWI,61,1,0,0,60,0,22,5,1271.0,0.01639344262295082,0.0,0.36666666666666664,0.08333333333333333,21.183333333333334
2023,7,20416,NK,12892,11298,LAX,DFW,96,0,0,0,96,0,36,16,2458.0,0.0,0.0,0.375,0.16666666666666666,25.604166666666668
2023,7,20416,NK,12892,11433,LAX,DTW,61,0,0,0,61,0,9,2,-149.0,0.0,0.0,0.14754098360655737,0.03278688524590164,-2.442622950819672
2023,7,20416,NK,12892,11618,LAX,EWR,62,3,1,0,58,0,11,4,415.0,0.04838709677419355,0.016129032258064516,0.1896551724137931,0.06896551724137931,7.155172413793103
2023,7,20416,NK,12892,11697,LAX,FLL,30,1,0,0,29,0,13,7,710.0,0.03333333333333333,0.0,0.4482758620689655,0.2413793103448276,24.482758620689655
2023,7,20416,NK,12892,12266,LAX,IAH,79,0,0,0,79,0,27,11,2171.0,0.0,0.0,0.34177215189873417,0.13924050632911392,27.481012658227847
2023,7,20416,NK,12892,12889,LAX,LAS,95,1,0,0,94,0,39,20,3109.0,0.010526315789473684,0.0,0.4148936170212766,0.2127659574468085,33.07446808510638
2023,7,20416,NK,12892,13204,LAX,MCO,31,2,0,0,29,0,13,6,863.0,0.06451612903225806,0.0,0.4482758620689655,0.20689655172413793,29.75862068965517
2023,7,20416,NK,12892,13796,LAX,OAK,31,0,0,0,31,0,8,4,528.0,0.0,0.0,0.25806451612903225,0.12903225806451613,17.032258064516128
2023,7,20416,NK,12892,13930,LAX,ORD,78,2,0,0,76,0,26,8,1058.0,0.02564102564102564,0.0,0.34210526315789475,0.10526315789473684,13.921052631578947
2023,7,20416,NK,12892,14100,LAX,PHL,29,0,0,0,29,0,12,3,541.0,0.0,0.0,0.41379310344827586,0.10344827586206896,18.655172413793103
2023,7,20416,NK,12892,14869,LAX,SLC,31,0,0,0,31,0,10,5,654.0,0.0,0.0,0.3225806451612903,0.16129032258064516,21.096774193548388
2023,7,20416,NK,12953,11298,LGA,DFW,31,2,0,0,29,0,6,1,-84.0,0.06451612903225806,0.0,0.20689655172413793,0.034482758620689655,-2.896551724137931
2023,7,20416,NK,12953,11433,LGA,DTW,93,7,0,0,86,0,28,21,1773.0,0.07526881720430108,0.0,0.32558139534883723,0.2441860465116279,20.61627906976744
2023,7,20416,NK,12953,11697,LGA,FLL,93,7,1,0,85,0,38,20,2846.0,0.07526881720430108,0.010752688172043012,0.4470588235294118,0.23529411764705882,33.48235294117647
2023,7,20416,NK,12953,12266,LGA,IAH,26,3,0,0,23,0,11,10,2125.0,0.11538461538461539,0.0,0.4782608695652174,0.43478260869565216,92.3913043478261
2023,7,20416,NK,12953,13204,LGA,MCO,93,8,0,0,85,0,28,17,1266.0,0.08602150537634409,0.0,0.32941176470588235,0.2,14.894117647058824
2023,7,20416,NK,12953,13303,LGA,MIA,31,0,0,0,31,0,12,7,734.0,0.0,0.0,0.3870967741935484,0.22580645161290322,23.677419354838708
2023,7,20416,NK,13204,10397,MCO,ATL,85,3,1,0,81,0,44,26,3909.0,0.03529411764705882,0.011764705882352941,0.5432098765432098,0.32098765432098764,48.25925925925926
2023,7,20416,NK,13204,10721,MCO,BOS,84,6,1,0,77,0,42,26,3915.0,0.07142857142857142,0.011904761904761904,0.5454545454545454,0.33766233766233766,50.84415584415584
2023,7,20416,NK,13204,10821,MCO,BWI,85,1,1,0,83,0,60,33,5733.0,0.011764705882352941,0.011764705882352941,0.7228915662650602,0.39759036144578314,69.07228915662651
2023,7,20416,NK,13204,11298,MCO,DFW,116,4,0,0,112,0,76,36,5610.0,0.034482758620689655,0.0,0.6785714285714286,0.32142857142857145,50.089285714285715
2023,7,20416,NK,13204,11433,MCO,DTW,116,2,1,0,113,0,59,34,5415.0,0.017241379310344827,0.008620689655172414,0.5221238938053098,0.3008849557522124,47.92035398230089
2023,7,20416,NK,13204,11618,MCO,EWR,124,2,1,0,121,0,43,22,3415.0,0.016129032258064516,0.008064516129032258,0.35537190082644626,0.18181818181818182,28.223140495867767
2023,7,20416,NK,13204,11697,MCO,FLL,63,1,0,0,62,0,31,19,2599.0,0.015873015873015872,0.0,0.5,0.3064516129032258,41.91935483870968
2023,7,20416,NK,13204,12266,MCO,IAH,89,2,0,0,87,0,37,16,3348.0,0.02247191011235955,0.0,0.42528735632183906,0.1839080459770115,38.48275862068966
2023,7,20416,NK,13204,12889,MCO,LAS,33,0,0,0,33,0,23,12,1747.0,0.0,0.0,0.696969696969697,0.36363636363636365,52.93939393939394
2023,7,20416,NK,13204,12892,MCO,LAX,31,2,0,0,29,0,22,16,2135.0,0.06451612903225806,0.0,0.7586206896551724,0.5517241379310345,73.62068965517241
2023,7,20416,NK,13204,12953,MCO,LGA,93,6,0,0,87,0,32,11,1485.0,0.06451612903225806,0.0,0.367816091954023,0.12643678160919541,17.06896551724138
2023,7,20416,NK,13204,13930,MCO,ORD,95,3,4,0,88,0,46,24,3738.0,0.031578947368421054,0.042105263157894736,0.5227272727272727,0.2727272727272727,42.47727272727273
2023,7,20416,NK,13204,14100,MCO,PHL,110,3,0,0,107,0,61,35,6102.0,0.02727272727272727,0.0,0.5700934579439252,0.32710280373831774,57.02803738317757
2023,7,20416,NK,13204,14107,MCO,PHX,30,4,0,0,26,0,19,8,1585.0,0.13333333333333333,0.0,0.7307692307692307,0.3076923076923077,60.96153846153846
2023,7,20416,NK,13204,14869,MCO,SLC,23,0,0,0,23,0,12,7,1156.0,0.0,0.0,0.5217391304347826,0.30434782608695654,50.26086956521739
2023,7,20416,NK,13204,15016,MCO,STL,30,0,0,0,30,0,15,5,983.0,0.0,0.0,0.5,0.16666666666666666,32.766666666666666
2023,7,20416,NK,13303,10397,MIA,ATL,62,1,0,0,61,0,24,11,1428.0,0.016129032258064516,0.0,0.39344262295081966,0.18032786885245902,23.40983606557377
2023,7,20416,NK,13303,10721,MIA,BOS,31,0,0,0,31,0,3,1,-431.0,0.0,0.0,0.0967741935483871,0.03225806451612903,-13.903225806451612
2023,7,20416,NK,13303,10821,MIA,BWI,31,2,0,0,29,0,2,2,-188.0,0.06451612903225806,0.0,0.06896551724137931,0.06896551724137931,-6.482758620689655
2023,7,20416,NK,13303,11292,MIA,DEN,30,0,0,0,30,0,6,2,126.0,0.0,0.0,0.2,0.06666666666666667,4.2
2023,7,20416,NK,13303,11298,MIA,DFW,31,1,0,0,30,0,21,9,1461.0,0.03225806451612903,0.0,0.7,0.3,48.7
2023,7,20416,NK,13303,11433,MIA,DTW,30,1,0,0,29,0,12,7,867.0,0.03333333333333333,0.0,0.41379310344827586,0.2413793103448276,29.896551724137932
2023,7,20416,NK,13303,11618,MIA,EWR,31,4,0,0,27,0,17,13,1983.0,0.12903225806451613,0.0,0.6296296296296297,0.48148148148148145,73.44444444444444
2023,7,20416,NK,13303,12266,MIA,IAH,61,2,0,0,59,0,33,19,3091.0,0.03278688524590164,0.0,0.559322033898305,0.3220338983050847,52.389830508474574
2023,7,20416,NK,13303,12889,MIA,LAS,61,0,0,0,61,0,20,13,1207.0,0.0,0.0,0.32786885245901637,0.21311475409836064,19.78688524590164
2023,7,20416,NK,13303,12953,MIA,LGA,31,3,0,0,28,0,15,9,1405.0,0.0967741935483871,0.0,0.5357142857142857,0.32142857142857145,50.17857142857143
2023,7,20416,NK,13303,13930,MIA,ORD,61,0,0,0,61,0,32,18,2379.0,0.0,0.0,0.5245901639344263,0.29508196721311475,39.0
2023,7,20416,NK,13303,14100,MIA,PHL,31,1,0,0,30,0,15,6,1133.0,0.03225806451612903,0.0,0.5,0.2,37.766666666666666
2023,7,20416,NK,13487,10397,MSP,ATL,54,0,0,0,54,0,9,3,535.0,0.0,0.0,0.16666666666666666,0.05555555555555555,9.907407407407407
2023,7,20416,NK,13487,11433,MSP,DTW,31,0,0,0,31,0,2,1,33.0,0.0,0.0,0.06451612903225806,0.03225806451612903,1.064516129032258
2023,7,20416,NK,13487,12889,MSP,LAS,23,0,0,0,23,0,5,4,280.0,0.0,0.0,0.21739130434782608,0.17391304347826086,12.173913043478262
2023,7,20416,NK,13796,11298,OAK,DFW,31,2,0,0,29,0,9,4,322.0,0.06451612903225806,0.0,0.3103448275862069,0.13793103448275862,11.10344827586207
2023,7,20416,NK,13796,11618,OAK,EWR,31,0,0,0,31,0,5,0,-445.0,0.0,0.0,0.16129032258064516,0.0,-14.35483870967742
2023,7,20416,NK,13796,12889,OAK,LAS,79,2,0,0,77,0,27,11,2200.0,0.02531645569620253,0.0,0.35064935064935066,0.14285714285714285,28.571428571428573
2023,7,20416,NK,13796,12892,OAK,LAX,31,0,0,0,31,0,7,0,77.0,0.0,0.0,0.22580645161290322,0.0,2.4838709677419355
2023,7,20416,NK,13796,14100,OAK,PHL,23,1,0,0,22,0,5,2,188.0,0.043478260869565216,0.0,0.22727272727272727,0.09090909090909091,8.545454545454545
2023,7,20416,NK,13796,14679,OAK,SAN,30,0,0,0,30,0,7,1,355.0,0.0,0.0,0.23333333333333334,0.03333333333333333,11.833333333333334
2023,7,20416,NK,13930,10397,ORD,ATL,79,1,0,0,78,0,17,6,704.0,0.012658227848101266,0.0,0.21794871794871795,0.07692307692307693,9.025641025641026
2023,7,20416,NK,13930,11298,ORD,DFW,34,0,0,0,34,0,18,5,1291.0,0.0,0.0,0.5294117647058824,0.14705882352941177,37.970588235294116
2023,7,20416,NK,13930,11697,ORD,FLL,84,0,1,0,83,0,29,14,1393.0,0.0,0.011904761904761904,0.3493975903614458,0.1686746987951807,16.783132530120483
2023,7,20416,NK,13930,12266,ORD,IAH,30,1,0,0,29,0,5,2,216.0,0.03333333333333333,0.0,0.1724137931034483,0.06896551724137931,7.448275862068965
2023,7,20416,NK,13930,12889,ORD,LAS,61,3,1,0,57,0,18,7,1108.0,0.04918032786885246,0.01639344262295082,0.3157894736842105,0.12280701754385964,19.43859649122807
2023,7,20416,NK,13930,12892,ORD,LAX,79,2,0,0,77,0,30,11,1596.0,0.02531645569620253,0.0,0.38961038961038963,0.14285714285714285,20.727272727272727
2023,7,20416,NK,13930,13204,ORD,MCO,95,3,0,0,92,0,40,27,3933.0,0.031578947368421054,0.0,0.43478260869565216,0.29347826086956524,42.75
2023,7,20416,NK,13930,13303,ORD,MIA,62,1,1,0,60,0,33,20,2744.0,0.016129032258064516,0.016129032258064516,0.55,0.3333333333333333,45.733333333333334
2023,7,20416,NK,13930,14635,ORD,RSW,30,1,0,0,29,0,12,6,699.0,0.03333333333333333,0.0,0.41379310344827586,0.20689655172413793,24.103448275862068
2023,7,20416,NK,13930,15304,ORD,TPA,31,0,0,0,31,0,14,6,783.0,0.0,0.0,0.45161290322580644,0.1935483870967742,25.258064516129032
2023,7,20416,NK,14100,10397,PHL,ATL,31,0,0,0,31,0,3,0,-329.0,0.0,0.0,0.0967741935483871,0.0,-10.612903225806452
2023,7,20416,NK,14100,11298,PHL,DFW,30,1,0,0,29,0,17,8,1127.0,0.03333333333333333,0.0,0.5862068965517241,0.27586206896551724,38.86206896551724
2023,7,20416,NK,14100,11433,PHL,DTW,31,0,0,0,31,0,21,12,2249.0,0.0,0.0,0.6774193548387096,0.3870967741935484,72.54838709677419
2023,7,20416,NK,14100,11697,PHL,FLL,61,1,0,0,60,0,24,8,929.0,0.01639344262295082,0.0,0.4,0.13333333333333333,15.483333333333333
2023,7,20416,NK,14100,12266,PHL,IAH,31,1,0,0,30,0,17,10,1404.0,0.03225806451612903,0.0,0.5666666666666667,0.3333333333333333,46.8
2023,7,20416,NK,14100,12889,PHL,LAS,30,2,0,0,28,0,16,6,742.0,0.06666666666666667,0.0,0.5714285714285714,0.21428571428571427,26.5
2023,7,20416,NK,14100,12892,PHL,LAX,30,0,0,0,30,0,15,6,801.0,0.0,0.0,0.5,0.2,26.7
2023,7,20416,NK,14100,13204,PHL,MCO,110,3,0,0,107,0,55,41,6899.0,0.02727272727272727,0.0,0.514018691588785,0.38317757009345793,64.4766355140187
2023,7,20416,NK,14100,13303,PHL,MIA,31,0,0,0,31,0,9,1,-118.0,0.0,0.0,0.2903225806451613,0.03225806451612903,-3.806451612903226
2023,7,20416,NK,14100,13796,PHL,OAK,23,1,0,0,22,0,11,3,751.0,0.043478260869565216,0.0,0.5,0.13636363636363635,34.13636363636363
2023,7,20416,NK,14107,11298,PHX,DFW,30,0,0,0,30,0,20,11,1471.0,0.0,0.0,0.6666666666666666,0.36666666666666664,49.03333333333333
2023,7,20416,NK,14107,12889,PHX,LAS,62,2,0,0,60,0,13,4,535.0,0.03225806451612903,0.0,0.21666666666666667,0.06666666666666667,8.916666666666666
2023,7,20416,NK,14107,13204,PHX,MCO,31,4,0,0,27,0,9,5,1131.0,0.12903225806451613,0.0,0.3333333333333333,0.18518518518518517,41.888888888888886
2023,7,20416,NK,14107,14100,PHX,PHL,1,0,0,0,1,0,0,0,5.0,0.0,0.0,0.0,0.0,5.0
2023,7,20416,NK,14635,11433,RSW,DTW,30,0,1,0,29,0,10,3,434.0,0.0,0.03333333333333333,0.3448275862068966,0.10344827586206896,14.96551724137931
2023,7,20416,NK,14635,13930,RSW,ORD,30,1,0,0,29,0,7,3,1269.0,0.03333333333333333,0.0,0.2413793103448276,0.10344827586206896,43.758620689655174
2023,7,20416,NK,14679,12889,SAN,LAS,87,0,0,0,87,0,11,3,642.0,0.0,0.0,0.12643678160919541,0.034482758620689655,7.379310344827586
2023,7,20416,NK,14679,13796,SAN,OAK,30,0,0,0,30,0,8,1,155.0,0.0,0.0,0.26666666666666666,0.03333333333333333,5.166666666666667
2023,7,20416,NK,14747,12889,SEA,LAS,64,0,0,0,64,0,16,8,942.0,0.0,0.0,0.25,0.125,14.71875
2023,7,20416,NK,14869,11618,SLC,EWR,26,1,2,0,23,0,11,6,1109.0,0.038461538461538464,0.07692307692307693,0.4782608695652174,0.2608695652173913,48.21739130434783
2023,7,20416,NK,14869,12889,SLC,LAS,62,1,0,0,61,0,22,8,869.0,0.016129032258064516,0.0,0.36065573770491804,0.13114754098360656,14.245901639344263
2023,7,20416,NK,14869,12892,SLC,LAX,31,0,0,0,31,0,15,8,2082.0,0.0,0.0,0.4838709677419355,0.25806451612903225,67.16129032258064
2023,7,20416,NK,14869,13204,SLC,MCO,23,0,0,0,23,0,4,0,-140.0,0.0,0.0,0.17391304347826086,0.0,-6.086956521739131
2023,7,20416,NK,15016,12889,STL,LAS,24,1,0,0,23,0,11,1,469.0,0.041666666666666664,0.0,0.4782608695652174,0.043478260869565216,20.391304347826086
2023,7,20416,NK,15016,13204,STL,MCO,30,1,0,0,29,0,15,8,1210.0,0.03333333333333333,0.0,0.5172413793103449,0.27586206896551724,41.724137931034484
2023,7,20416,NK,15304,10397,TPA,ATL,30,1,0,0,29,0,10,2,268.0,0.03333333333333333,0.0,0.3448275862068966,0.06896551724137931,9.241379310344827
2023,7,20416,NK,15304,10821,TPA,BWI,29,0,0,0,29,0,10,4,427.0,0.0,0.0,0.3448275862068966,0.13793103448275862,14.724137931034482
2023,7,20416,NK,15304,11298,TPA,DFW,30,1,0,0,29,0,4,2,20.0,0.03333333333333333,0.0,0.13793103448275862,0.06896551724137931,0.6896551724137931
2023,7,20416,NK,15304,11433,TPA,DTW,31,0,0,0,31,0,2,2,-19.0,0.0,0.0,0.06451612903225806,0.06451612903225806,-0.6129032258064516
2023,7,20416,NK,15304,11697,TPA,FLL,62,0,0,0,62,0,19,6,659.0,0.0,0.0,0.3064516129032258,0.0967741935483871,10.629032258064516
2023,7,20416,NK,15304,12889,TPA,LAS,33,0,0,0,33,0,2,2,-59.0,0.0,0.0,0.06060606060606061,0.06060606060606061,-1.7878787878787878
2023,7,20416,NK,15304,13930,TPA,ORD,31,0,1,0,30,0,12,3,892.0,0.0,0.03225806451612903,0.4,0.1,29.733333333333334
2023,7,20436,F9,10397,10821,ATL,BWI,57,0,0,0,57,0,31,17,3420.0,0.0,0.0,0.543859649122807,0.2982456140350877,60.0
2023,7,20436,F9,10397,11292,ATL,DEN,61,0,0,0,61,0,31,19,2589.0,0.0,0.0,0.5081967213114754,0.3114754098360656,42.442622950819676
2023,7,20436,F9,10397,11298,ATL,DFW,26,1,0,0,25,0,11,7,681.0,0.038461538461538464,0.0,0.44,0.28,27.24
2023,7,20436,F9,10397,11433,ATL,DTW,24,2,0,0,22,0,8,1,273.0,0.08333333333333333,0.0,0.36363636363636365,0.045454545454545456,12.409090909090908
2023,7,20436,F9,10397,11697,ATL,FLL,44,3,0,0,41,0,27,15,2939.0,0.06818181818181818,0.0,0.6585365853658537,0.36585365853658536,71.6829268292683
2023,7,20436,F9,10397,12266,ATL,IAH,31,2,0,0,29,0,20,12,1567.0,0.06451612903225806,0.0,0.6896551724137931,0.41379310344827586,54.03448275862069
2023,7,20436,F9,10397,12889,ATL,LAS,62,0,1,0,61,0,34,16,2611.0,0.0,0.016129032258064516,0.5573770491803278,0.26229508196721313,42.80327868852459
2023,7,20436,F9,10397,12953,ATL,LGA,46,7,0,0,39,0,15,6,810.0,0.15217391304347827,0.0,0.38461538461538464,0.15384615384615385,20.76923076923077
2023,7,20436,F9,10397,13204,ATL,MCO,76,3,0,0,73,0,35,24,6251.0,0.039473684210526314,0.0,0.4794520547945205,0.3287671232876712,85.63013698630137
2023,7,20436,F9,10397,13232,ATL,MDW,31,6,0,0,25,0,18,9,1669.0,0.1935483870967742,0.0,0.72,0.36,66.76
2023,7,20436,F9,10397,13303,ATL,MIA,28,5,0,0,23,0,13,7,1400.0,0.17857142857142858,0.0,0.5652173913043478,0.30434782608695654,60.869565217391305
2023,7,20436,F9,10397,13930,ATL,ORD,31,5,0,0,26,0,11,5,728.0,0.16129032258064516,0.0,0.4230769230769231,0.19230769230769232,28.0
2023,7,20436,F9,10397,14100,ATL,PHL,62,0,0,0,62,0,37,22,3201.0,0.0,0.0,0.5967741935483871,0.3548387096774194,51.62903225806452
2023,7,20436,F9,10397,14107,ATL,PHX,13,0,1,0,12,0,7,5,592.0,0.0,0.07692307692307693,0.5833333333333334,0.4166666666666667,49.333333333333336
2023,7,20436,F9,10397,14679,ATL,SAN,31,0,0,0,31,0,16,4,822.0,0.0,0.0,0.5161290322580645,0.12903225806451613,26.516129032258064
2023,7,20436,F9,10397,14771,ATL,SFO,31,4,0,0,27,0,16,4,815.0,0.12903225806451613,0.0,0.5925925925925926,0.14814814814814814,30.185185185185187
2023,7,20436,F9,10397,14869,ATL,SLC,9,1,0,0,8,0,4,0,111.0,0.1111111111111111,0.0,0.5,0.0,13.875
2023,7,20436,F9,10397,15304,ATL,TPA,28,2,0,0,26,0,13,4,724.0,0.07142857142857142,0.0,0.5,0.15384615384615385,27.846153846153847
2023,7,20436,F9,10721,13204,BOS,MCO,12,0,1,0,11,0,5,0,76.0,0.0,0.08333333333333333,0.45454545454545453,0.0,6.909090909090909
2023,7,20436,F9,10721,14100,BOS,PHL,18,1,0,0,17,0,6,2,616.0,0.05555555555555555,0.0,0.35294117647058826,0.11764705882352941,36.23529411764706
2023,7,20436,F9,10821,10397,BWI,ATL,57,1,1,0,55,0,20,7,2253.0,0.017543859649122806,0.017543859649122806,0.36363636363636365,0.12727272727272726,40.96363636363636
2023,7,20436,F9,10821,11292,BWI,DEN,29,0,0,0,29,0,14,8,1939.0,0.0,0.0,0.4827586206896552,0.27586206896551724,66.86206896551724
2023,7,20436,F9,10821,11298,BWI,DFW,17,2,0,0,15,0,6,2,297.0,0.11764705882352941,0.0,0.4,0.13333333333333333,19.8
2023,7,20436,F9,10821,13204,BWI,MCO,31,0,0,0,31,0,13,8,1161.0,0.0,0.0,0.41935483870967744,0.25806451612903225,37.45161290322581
2023,7,20436,F9,10821,13303,BWI,MIA,13,0,0,0,13,0,4,0,52.0,0.0,0.0,0.3076923076923077,0.0,4.0
2023,7,20436,F9,10821,14107,BWI,PHX,31,0,0,0,31,0,11,5,1574.0,0.0,0.0,0.3548387096774194,0.16129032258064516,50.774193548387096
2023,7,20436,F9,11278,11292,DCA,DEN,92,4,1,0,87,0,23,9,865.0,0.043478260869565216,0.010869565217391304,0.26436781609195403,0.10344827586206896,9.942528735632184
2023,7,20436,F9,11292,10397,DEN,ATL,61,0,0,0,61,0,26,10,2050.0,0.0,0.0,0.4262295081967213,0.16393442622950818,33.60655737704918
2023,7,20436,F9,11292,10821,DEN,BWI,29,0,0,0,29,0,12,4,703.0,0.0,0.0,0.41379310344827586,0.13793103448275862,24.24137931034483
2023,7,20436,F9,11292,11278,DEN,DCA,92,4,0,0,88,0,12,6,-217.0,0.043478260869565216,0.0,0.13636363636363635,0.06818181818181818,-2.465909090909091
2023,7,20436,F9,11292,11298,DEN,DFW,75,3,0,0,72,0,35,16,2469.0,0.04,0.0,0.4861111111111111,0.2222222222222222,34.291666666666664
2023,7,20436,F9,11292,11433,DEN,DTW,33,1,0,0,32,0,5,3,430.0,0.030303030303030304,0.0,0.15625,0.09375,13.4375
2023,7,20436,F9,11292,12266,DEN,IAH,31,0,0,0,31,0,12,5,541.0,0.0,0.0,0.3870967741935484,0.16129032258064516,17.451612903225808
2023,7,20436,F9,11292,12889,DEN,LAS,154,3,0,0,151,0,51,19,2644.0,0.01948051948051948,0.0,0.33774834437086093,0.12582781456953643,17.509933774834437
2023,7,20436,F9,11292,13204,DEN,MCO,83,4,1,0,78,0,27,6,802.0,0.04819277108433735,0.012048192771084338,0.34615384615384615,0.07692307692307693,10.282051282051283
2023,7,20436,F9,11292,13232,DEN,MDW,38,1,1,0,36,0,15,5,788.0,0.02631578947368421,0.02631578947368421,0.4166666666666667,0.1388888888888889,21.88888888888889
2023,7,20436,F9,11292,13303,DEN,MIA,57,1,1,0,55,0,26,4,1700.0,0.017543859649122806,0.017543859649122806,0.4727272727272727,0.07272727272727272,30.90909090909091
2023,7,20436,F9,11292,13487,DEN,MSP,62,0,1,0,61,0,22,9,1183.0,0.0,0.016129032258064516,0.36065573770491804,0.14754098360655737,19.39344262295082
2023,7,20436,F9,11292,14100,DEN,PHL,61,4,0,0,57,0,25,14,1779.0,0.06557377049180328,0.0,0.43859649122807015,0.24561403508771928,31.210526315789473
2023,7,20436,F9,11292,14107,DEN,PHX,93,1,0,0,92,0,32,13,2193.0,0.010752688172043012,0.0,0.34782608695652173,0.14130434782608695,23.83695652173913
2023,7,20436,F9,11292,14635,DEN,RSW,13,0,0,0,13,0,4,0,84.0,0.0,0.0,0.3076923076923077,0.0,6.461538461538462
2023,7,20436,F9,11292,14679,DEN,SAN,75,3,0,0,72,0,37,11,1987.0,0.04,0.0,0.5138888888888888,0.1527777777777778,27.59722222222222
2023,7,20436,F9,11292,14747,DEN,SEA,30,0,0,0,30,0,18,10,1435.0,0.0,0.0,0.6,0.3333333333333333,47.833333333333336
2023,7,20436,F9,11292,14771,DEN,SFO,62,2,0,0,60,0,24,10,1312.0,0.03225806451612903,0.0,0.4,0.16666666666666666,21.866666666666667
2023,7,20436,F9,11292,14869,DEN,SLC,62,2,0,0,60,0,22,8,961.0,0.03225806451612903,0.0,0.36666666666666664,0.13333333333333333,16.016666666666666
2023,7,20436,F9,11292,15016,DEN,STL,62,1,0,0,61,0,17,7,796.0,0.016129032258064516,0.0,0.2786885245901639,0.11475409836065574,13.049180327868852
2023,7,20436,F9,11292,15304,DEN,TPA,62,3,0,0,59,0,33,12,1848.0,0.04838709677419355,0.0,0.559322033898305,0.2033898305084746,31.322033898305083
2023,7,20436,F9,11298,10397,DFW,ATL,26,1,0,0,25,0,12,7,1057.0,0.038461538461538464,0.0,0.48,0.28,42.28
2023,7,20436,F9,11298,10821,DFW,BWI,17,2,0,0,15,0,7,1,264.0,0.11764705882352941,0.0,0.4666666666666667,0.06666666666666667,17.6
2023,7,20436,F9,11298,11292,DFW,DEN,75,4,0,0,71,0,34,21,3465.0,0.05333333333333334,0.0,0.4788732394366197,0.29577464788732394,48.80281690140845
2023,7,20436,F9,11298,12889,DFW,LAS,83,2,0,0,81,0,40,18,2633.0,0.024096385542168676,0.0,0.49382716049382713,0.2222222222222222,32.50617283950617
2023,7,20436,F9,11298,12953,DFW,LGA,28,2,0,0,26,0,12,4,617.0,0.07142857142857142,0.0,0.46153846153846156,0.15384615384615385,23.73076923076923
2023,7,20436,F9,11298,13204,DFW,MCO,59,2,0,0,57,0,19,7,892.0,0.03389830508474576,0.0,0.3333333333333333,0.12280701754385964,15.649122807017545
2023,7,20436,F9,11298,13232,DFW,MDW,31,0,1,0,30,0,19,10,1627.0,0.0,0.03225806451612903,0.6333333333333333,0.3333333333333333,54.233333333333334
2023,7,20436,F9,11298,13303,DFW,MIA,17,1,0,0,16,0,8,1,249.0,0.058823529411764705,0.0,0.5,0.0625,15.5625
2023,7,20436,F9,11298,14100,DFW,PHL,31,1,0,0,30,0,17,9,1135.0,0.03225806451612903,0.0,0.5666666666666667,0.3,37.833333333333336
2023,7,20436,F9,11298,14107,DFW,PHX,31,0,0,0,31,0,16,5,805.0,0.0,0.0,0.5161290322580645,0.16129032258064516,25.967741935483872
2023,7,20436,F9,11298,14679,DFW,SAN,31,0,0,0,31,0,4,2,60.0,0.0,0.0,0.12903225806451613,0.06451612903225806,1.935483870967742
2023,7,20436,F9,11298,14771,DFW,SFO,31,0,0,0,31,0,3,0,-97.0,0.0,0.0,0.0967741935483871,0.0,-3.129032258064516
2023,7,20436,F9,11298,15304,DFW,TPA,31,1,0,0,30,0,22,11,2151.0,0.03225806451612903,0.0,0.7333333333333333,0.36666666666666664,71.7
2023,7,20436,F9,11433,10397,DTW,ATL,24,1,0,0,23,0,13,7,912.0,0.041666666666666664,0.0,0.5652173913043478,0.30434782608695654,39.65217391304348
2023,7,20436,F9,11433,11292,DTW,DEN,33,2,0,0,31,0,10,4,716.0,0.06060606060606061,0.0,0.3225806451612903,0.12903225806451613,23.096774193548388
2023,7,20436,F9,11433,12889,DTW,LAS,31,0,0,0,31,0,11,4,371.0,0.0,0.0,0.3548387096774194,0.12903225806451613,11.96774193548387
2023,7,20436,F9,11433,13204,DTW,MCO,29,0,1,0,28,0,10,5,623.0,0.0,0.034482758620689655,0.35714285714285715,0.17857142857142858,22.25
2023,7,20436,F9,11433,14107,DTW,PHX,31,1,0,0,30,0,7,2,433.0,0.03225806451612903,0.0,0.23333333333333334,0.06666666666666667,14.433333333333334
2023,7,20436,F9,11433,14771,DTW,SFO,13,0,0,0,13,0,6,1,261.0,0.0,0.0,0.46153846153846156,0.07692307692307693,20.076923076923077
2023,7,20436,F9,11697,10397,FLL,ATL,44,3,1,0,40,0,17,7,1501.0,0.06818181818181818,0.022727272727272728,0.425,0.175,37.525
2023,7,20436,F9,11697,14100,FLL,PHL,62,2,0,0,60,0,16,5,1166.0,0.03225806451612903,0.0,0.26666666666666666,0.08333333333333333,19.433333333333334
2023,7,20436,F9,12266,10397,IAH,ATL,31,0,0,0,31,0,18,10,1486.0,0.0,0.0,0.5806451612903226,0.3225806451612903,47.935483870967744
2023,7,20436,F9,12266,11292,IAH,DEN,31,2,0,0,29,0,19,9,2362.0,0.06451612903225806,0.0,0.6551724137931034,0.3103448275862069,81.44827586206897
2023,7,20436,F9,12266,12889,IAH,LAS,31,1,0,0,30,0,13,6,1001.0,0.03225806451612903,0.0,0.43333333333333335,0.2,33.36666666666667
2023,7,20436,F9,12266,13204,IAH,MCO,17,0,0,0,17,0,9,5,605.0,0.0,0.0,0.5294117647058824,0.29411764705882354,35.588235294117645
2023,7,20436,F9,12266,14107,IAH,PHX,13,0,0,0,13,0,6,4,1258.0,0.0,0.0,0.46153846153846156,0.3076923076923077,96.76923076923077
2023,7,20436,F9,12889,10397,LAS,ATL,62,1,0,0,61,0,19,6,1052.0,0.016129032258064516,0.0,0.3114754098360656,0.09836065573770492,17.24590163934426
2023,7,20436,F9,12889,11292,LAS,DEN,153,2,0,0,151,0,73,36,5901.0,0.013071895424836602,0.0,0.48344370860927155,0.23841059602649006,39.079470198675494
2023,7,20436,F9,12889,11298,LAS,DFW,82,0,0,0,82,0,33,12,1585.0,0.0,0.0,0.4024390243902439,0.14634146341463414,19.329268292682926
2023,7,20436,F9,12889,11433,LAS,DTW,31,0,0,0,31,0,20,6,860.0,0.0,0.0,0.6451612903225806,0.1935483870967742,27.741935483870968
2023,7,20436,F9,12889,12266,LAS,IAH,31,0,0,0,31,0,9,2,211.0,0.0,0.0,0.2903225806451613,0.06451612903225806,6.806451612903226
2023,7,20436,F9,12889,13204,LAS,MCO,62,2,0,0,60,0,37,17,3283.0,0.03225806451612903,0.0,0.6166666666666667,0.2833333333333333,54.71666666666667
2023,7,20436,F9,12889,13232,LAS,MDW,31,0,1,0,30,0,6,0,34.0,0.0,0.03225806451612903,0.2,0.0,1.1333333333333333
2023,7,20436,F9,12889,13303,LAS,MIA,30,0,0,0,30,0,17,7,913.0,0.0,0.0,0.5666666666666667,0.23333333333333334,30.433333333333334
2023,7,20436,F9,12889,14100,LAS,PHL,31,0,0,0,31,0,7,5,715.0,0.0,0.0,0.22580645161290322,0.16129032258064516,23.06451612903226
2023,7,20436,F9,12889,14107,LAS,PHX,51,1,0,0,50,0,27,18,2915.0,0.0196078431372549,0.0,0.54,0.36,58.3
2023,7,20436,F9,12889,14679,LAS,SAN,31,0,0,0,31,0,17,6,1028.0,0.0,0.0,0.5483870967741935,0.1935483870967742,33.16129032258065
2023,7,20436,F9,12889,14747,LAS,SEA,17,1,0,0,16,0,6,3,256.0,0.058823529411764705,0.0,0.375,0.1875,16.0
2023,7,20436,F9,12889,14771,LAS,SFO,60,4,0,0,56,0,21,4,1049.0,0.06666666666666667,0.0,0.375,0.07142857142857142,18.732142857142858
2023,7,20436,F9,12889,14869,LAS,SLC,31,1,0,0,30,0,11,8,727.0,0.03225806451612903,0.0,0.36666666666666664,0.26666666666666666,24.233333333333334
2023,7,20436,F9,12889,15016,LAS,STL,31,1,0,0,30,0,5,3,123.0,0.03225806451612903,0.0,0.16666666666666666,0.1,4.1
2023,7,20436,F9,12889,15304,LAS,TPA,31,0,0,0,31,0,16,8,1099.0,0.0,0.0,0.5161290322580645,0.25806451612903225,35.45161290322581
2023,7,20436,F9,12953,10397,LGA,ATL,46,7,0,0,39,0,15,9,1831.0,0.15217391304347827,0.0,0.38461538461538464,0.23076923076923078,46.94871794871795
2023,7,20436,F9,12953,11298,LGA,DFW,28,2,0,0,26,0,10,4,297.0,0.07142857142857142,0.0,0.38461538461538464,0.15384615384615385,11.423076923076923
2023,7,20436,F9,12953,13204,LGA,MCO,30,4,0,0,26,0,22,16,2406.0,0.13333333333333333,0.0,0.8461538461538461,0.6153846153846154,92.53846153846153
2023,7,20436,F9,13204,10397,MCO,ATL,74,3,0,0,71,0,42,26,4013.0,0.04054054054054054,0.0,0.5915492957746479,0.36619718309859156,56.521126760563384
2023,7,20436,F9,13204,10721,MCO,BOS,12,0,0,0,12,0,2,0,-56.0,0.0,0.0,0.16666666666666666,0.0,-4.666666666666667
2023,7,20436,F9,13204,10821,MCO,BWI,31,2,1,0,28,0,17,10,1319.0,0.06451612903225806,0.03225806451612903,0.6071428571428571,0.35714285714285715,47.107142857142854
2023,7,20436,F9,13204,11292,MCO,DEN,83,4,0,0,79,0,36,20,2627.0,0.04819277108433735,0.0,0.45569620253164556,0.25316455696202533,33.25316455696203
2023,7,20436,F9,13204,11298,MCO,DFW,59,4,0,0,55,0,33,19,2475.0,0.06779661016949153,0.0,0.6,0.34545454545454546,45.0
2023,7,20436,F9,13204,11433,MCO,DTW,29,0,0,0,29,0,9,3,378.0,0.0,0.0,0.3103448275862069,0.10344827586206896,13.03448275862069
2023,7,20436,F9,13204,12266,MCO,IAH,17,0,0,0,17,0,6,2,168.0,0.0,0.0,0.35294117647058826,0.11764705882352941,9.882352941176471
2023,7,20436,F9,13204,12889,MCO,LAS,62,4,0,0,58,0,26,14,1704.0,0.06451612903225806,0.0,0.4482758620689655,0.2413793103448276,29.379310344827587
2023,7,20436,F9,13204,12953,MCO,LGA,31,4,0,0,27,0,20,14,2132.0,0.12903225806451613,0.0,0.7407407407407407,0.5185185185185185,78.96296296296296
2023,7,20436,F9,13204,13232,MCO,MDW,18,0,0,0,18,0,5,1,127.0,0.0,0.0,0.2777777777777778,0.05555555555555555,7.055555555555555
2023,7,20436,F9,13204,13930,MCO,ORD,31,0,0,0,31,0,10,5,635.0,0.0,0.0,0.3225806451612903,0.16129032258064516,20.483870967741936
2023,7,20436,F9,13204,14100,MCO,PHL,169,12,0,0,157,0,84,44,8023.0,0.07100591715976332,0.0,0.535031847133758,0.2802547770700637,51.10191082802548
2023,7,20436,F9,13204,14107,MCO,PHX,31,1,0,0,30,0,19,11,1443.0,0.03225806451612903,0.0,0.6333333333333333,0.36666666666666664,48.1
2023,7,20436,F9,13204,14679,MCO,SAN,31,5,0,0,26,0,19,7,1044.0,0.16129032258064516,0.0,0.7307692307692307,0.2692307692307692,40.15384615384615
2023,7,20436,F9,13204,14771,MCO,SFO,31,4,0,0,27,0,21,15,1735.0,0.12903225806451613,0.0,0.7777777777777778,0.5555555555555556,64.25925925925925
2023,7,20436,F9,13204,15016,MCO,STL,31,1,0,0,30,0,24,15,1795.0,0.03225806451612903,0.0,0.8,0.5,59.833333333333336
2023,7,20436,F9,13232,10397,MDW,ATL,31,2,0,0,29,0,8,1,187.0,0.06451612903225806,0.0,0.27586206896551724,0.034482758620689655,6.448275862068965
2023,7,20436,F9,13232,11292,MDW,DEN,38,1,0,0,37,0,17,7,1002.0,0.02631578947368421,0.0,0.4594594594594595,0.1891891891891892,27.08108108108108
2023,7,20436,F9,13232,11298,MDW,DFW,31,1,0,0,30,0,23,13,1917.0,0.03225806451612903,0.0,0.7666666666666667,0.43333333333333335,63.9
2023,7,20436,F9,13232,12889,MDW,LAS,31,0,0,0,31,0,17,10,1847.0,0.0,0.0,0.5483870967741935,0.3225806451612903,59.58064516129032
2023,7,20436,F9,13232,13204,MDW,MCO,18,2,0,0,16,0,1,1,80.0,0.1111111111111111,0.0,0.0625,0.0625,5.0
2023,7,20436,F9,13232,13303,MDW,MIA,31,3,0,0,28,0,10,4,812.0,0.0967741935483871,0.0,0.35714285714285715,0.14285714285714285,29.0
2023,7,20436,F9,13232,14100,MDW,PHL,18,5,0,0,13,0,5,5,614.0,0.2777777777777778,0.0,0.38461538461538464,0.38461538461538464,47.23076923076923
2023,7,20436,F9,13232,14107,MDW,PHX,30,1,0,0,29,0,11,6,1483.0,0.03333333333333333,0.0,0.3793103448275862,0.20689655172413793,51.13793103448276
2023,7,20436,F9,13232,14771,MDW,SFO,31,2,0,0,29,0,15,8,1499.0,0.06451612903225806,0.0,0.5172413793103449,0.27586206896551724,51.689655172413794
2023,7,20436,F9,13232,15304,MDW,TPA,31,0,0,0,31,0,12,6,692.0,0.0,0.0,0.3870967741935484,0.1935483870967742,22.322580645161292
2023,7,20436,F9,13303,10397,MIA,ATL,28,5,0,0,23,0,15,7,1509.0,0.17857142857142858,0.0,0.6521739130434783,0.30434782608695654,65.6086956521739
2023,7,20436,F9,13303,10821,MIA,BWI,13,1,1,0,11,0,3,1,61.0,0.07692307692307693,0.07692307692307693,0.2727272727272727,0.09090909090909091,5.545454545454546
2023,7,20436,F9,13303,11292,MIA,DEN,58,4,0,0,54,0,27,11,3108.0,0.06896551724137931,0.0,0.5,0.2037037037037037,57.55555555555556
2023,7,20436,F9,13303,11298,MIA,DFW,17,1,0,0,16,0,7,2,201.0,0.058823529411764705,0.0,0.4375,0.125,12.5625
2023,7,20436,F9,13303,12889,MIA,LAS,31,1,0,0,30,0,16,8,1812.0,0.03225806451612903,0.0,0.5333333333333333,0.26666666666666666,60.4
2023,7,20436,F9,13303,13232,MIA,MDW,30,1,0,0,29,0,9,3,-26.0,0.03333333333333333,0.0,0.3103448275862069,0.10344827586206896,-0.896551724137931
2023,7,20436,F9,13303,14100,MIA,PHL,31,3,0,0,28,0,18,11,1596.0,0.0967741935483871,0.0,0.6428571428571429,0.39285714285714285,57.0
2023,7,20436,F9,13487,11292,MSP,DEN,62,0,0,0,62,0,16,11,868.0,0.0,0.0,0.25806451612903225,0.1774193548387097,14.0
2023,7,20436,F9,13930,10397,ORD,ATL,31,3,0,0,28,0,19,13,3431.0,0.0967741935483871,0.0,0.6785714285714286,0.4642857142857143,122.53571428571429
2023,7,20436,F9,13930,13204,ORD,MCO,31,1,0,0,30,0,17,9,1082.0,0.03225806451612903,0.0,0.5666666666666667,0.3,36.06666666666667
2023,7,20436,F9,14100,10397,PHL,ATL,62,4,0,0,58,0,31,13,2029.0,0.06451612903225806,0.0,0.5344827586206896,0.22413793103448276,34.98275862068966
2023,7,20436,F9,14100,10721,PHL,BOS,18,0,1,0,17,0,4,2,652.0,0.0,0.05555555555555555,0.23529411764705882,0.11764705882352941,38.35294117647059
2023,7,20436,F9,14100,11292,PHL,DEN,62,6,0,0,56,0,32,15,3252.0,0.0967741935483871,0.0,0.5714285714285714,0.26785714285714285,58.07142857142857
2023,7,20436,F9,14100,11298,PHL,DFW,31,0,0,0,31,0,18,10,1144.0,0.0,0.0,0.5806451612903226,0.3225806451612903,36.903225806451616
2023,7,20436,F9,14100,11697,PHL,FLL,62,1,0,0,61,0,29,15,2556.0,0.016129032258064516,0.0,0.47540983606557374,0.2459016393442623,41.90163934426229
2023,7,20436,F9,14100,12889,PHL,LAS,31,0,1,0,30,0,18,9,1703.0,0.0,0.03225806451612903,0.6,0.3,56.766666666666666
2023,7,20436,F9,14100,13204,PHL,MCO,168,15,2,0,151,0,92,63,9662.0,0.08928571428571429,0.011904761904761904,0.609271523178808,0.41721854304635764,63.98675496688742
2023,7,20436,F9,14100,13232,PHL,MDW,18,3,1,0,14,0,8,7,1049.0,0.16666666666666666,0.05555555555555555,0.5714285714285714,0.5,74.92857142857143
2023,7,20436,F9,14100,13303,PHL,MIA,31,2,0,0,29,0,18,15,2086.0,0.06451612903225806,0.0,0.6206896551724138,0.5172413793103449,71.93103448275862
2023,7,20436,F9,14100,14635,PHL,RSW,31,1,0,0,30,0,17,12,1739.0,0.03225806451612903,0.0,0.5666666666666667,0.4,57.96666666666667
2023,7,20436,F9,14100,15304,PHL,TPA,60,2,0,0,58,0,26,11,1665.0,0.03333333333333333,0.0,0.4482758620689655,0.1896551724137931,28.70689655172414
2023,7,20436,F9,14107,10397,PHX,ATL,13,0,0,0,13,0,9,7,1084.0,0.0,0.0,0.6923076923076923,0.5384615384615384,83.38461538461539
2023,7,20436,F9,14107,10821,PHX,BWI,31,0,0,0,31,0,15,8,1140.0,0.0,0.0,0.4838709677419355,0.25806451612903225,36.774193548387096
2023,7,20436,F9,14107,11292,PHX,DEN,93,1,0,0,92,0,47,22,3771.0,0.010752688172043012,0.0,0.5108695652173914,0.2391304347826087,40.98913043478261
2023,7,20436,F9,14107,11298,PHX,DFW,31,0,0,0,31,0,2,1,-284.0,0.0,0.0,0.06451612903225806,0.03225806451612903,-9.161290322580646
2023,7,20436,F9,14107,11433,PHX,DTW,31,1,0,0,30,0,5,2,-62.0,0.03225806451612903,0.0,0.16666666666666666,0.06666666666666667,-2.066666666666667
2023,7,20436,F9,14107,12266,PHX,IAH,13,0,0,0,13,0,8,5,1290.0,0.0,0.0,0.6153846153846154,0.38461538461538464,99.23076923076923
2023,7,20436,F9,14107,12889,PHX,LAS,51,1,0,0,50,0,14,8,1291.0,0.0196078431372549,0.0,0.28,0.16,25.82
2023,7,20436,F9,14107,13204,PHX,MCO,31,2,1,0,28,0,11,4,508.0,0.06451612903225806,0.03225806451612903,0.39285714285714285,0.14285714285714285,18.142857142857142
2023,7,20436,F9,14107,13232,PHX,MDW,30,1,0,0,29,0,10,7,2292.0,0.03333333333333333,0.0,0.3448275862068966,0.2413793103448276,79.03448275862068
2023,7,20436,F9,14107,14679,PHX,SAN,31,2,0,0,29,0,12,4,461.0,0.06451612903225806,0.0,0.41379310344827586,0.13793103448275862,15.89655172413793
2023,7,20436,F9,14107,14747,PHX,SEA,14,0,0,0,14,0,1,0,-101.0,0.0,0.0,0.07142857142857142,0.0,-7.214285714285714
2023,7,20436,F9,14107,14771,PHX,SFO,36,1,0,0,35,0,12,4,541.0,0.027777777777777776,0.0,0.34285714285714286,0.11428571428571428,15.457142857142857
2023,7,20436,F9,14107,14869,PHX,SLC,18,0,0,0,18,0,5,2,663.0,0.0,0.0,0.2777777777777778,0.1111111111111111,36.833333333333336
2023,7,20436,F9,14107,15304,PHX,TPA,31,0,1,0,30,0,0,0,-448.0,0.0,0.03225806451612903,0.0,0.0,-14.933333333333334
2023,7,20436,F9,14635,11292,RSW,DEN,13,0,0,0,13,0,5,1,120.0,0.0,0.0,0.38461538461538464,0.07692307692307693,9.23076923076923
2023,7,20436,F9,14635,14100,RSW,PHL,31,3,0,0,28,0,12,5,2158.0,0.0967741935483871,0.0,0.42857142857142855,0.17857142857142858,77.07142857142857
2023,7,20436,F9,14679,10397,SAN,ATL,31,3,0,0,28,0,11,3,1906.0,0.0967741935483871,0.0,0.39285714285714285,0.10714285714285714,68.07142857142857
2023,7,20436,F9,14679,11292,SAN,DEN,75,1,0,0,74,0,31,12,2854.0,0.013333333333333334,0.0,0.4189189189189189,0.16216216216216217,38.567567567567565
2023,7,20436,F9,14679,11298,SAN,DFW,31,1,0,0,30,0,11,1,463.0,0.03225806451612903,0.0,0.36666666666666664,0.03333333333333333,15.433333333333334
2023,7,20436,F9,14679,12889,SAN,LAS,31,0,0,0,31,0,16,7,949.0,0.0,0.0,0.5161290322580645,0.22580645161290322,30.612903225806452
2023,7,20436,F9,14679,13204,SAN,MCO,31,5,0,0,26,0,17,10,4352.0,0.16129032258064516,0.0,0.6538461538461539,0.38461538461538464,167.3846153846154
2023,7,20436,F9,14679,14107,SAN,PHX,31,1,0,0,30,0,16,5,721.0,0.03225806451612903,0.0,0.5333333333333333,0.16666666666666666,24.033333333333335
2023,7,20436,F9,14747,11292,SEA,DEN,30,0,0,0,30,0,17,12,1776.0,0.0,0.0,0.5666666666666667,0.4,59.2
2023,7,20436,F9,14747,12889,SEA,LAS,17,1,0,0,16,0,5,5,417.0,0.058823529411764705,0.0,0.3125,0.3125,26.0625
2023,7,20436,F9,14747,14107,SEA,PHX,14,1,0,0,13,0,5,0,109.0,0.07142857142857142,0.0,0.38461538461538464,0.0,8.384615384615385
2023,7,20436,F9,14771,10397,SFO,ATL,31,4,0,0,27,0,9,3,325.0,0.12903225806451613,0.0,0.3333333333333333,0.1111111111111111,12.037037037037036
2023,7,20436,F9,14771,11292,SFO,DEN,62,3,0,0,59,0,12,4,1277.0,0.04838709677419355,0.0,0.2033898305084746,0.06779661016949153,21.64406779661017
2023,7,20436,F9,14771,11298,SFO,DFW,31,2,0,0,29,0,20,8,1695.0,0.06451612903225806,0.0,0.6896551724137931,0.27586206896551724,58.44827586206897
2023,7,20436,F9,14771,11433,SFO,DTW,13,0,0,0,13,0,5,3,462.0,0.0,0.0,0.38461538461538464,0.23076923076923078,35.53846153846154
2023,7,20436,F9,14771,12889,SFO,LAS,60,3,0,0,57,0,18,7,1129.0,0.05,0.0,0.3157894736842105,0.12280701754385964,19.80701754385965
2023,7,20436,F9,14771,13204,SFO,MCO,32,4,0,0,28,0,22,15,1887.0,0.125,0.0,0.7857142857142857,0.5357142857142857,67.39285714285714
2023,7,20436,F9,14771,13232,SFO,MDW,31,0,0,0,31,0,8,2,258.0,0.0,0.0,0.25806451612903225,0.06451612903225806,8.32258064516129
2023,7,20436,F9,14771,14107,SFO,PHX,36,2,0,0,34,0,9,4,477.0,0.05555555555555555,0.0,0.2647058823529412,0.11764705882352941,14.029411764705882
2023,7,20436,F9,14869,10397,SLC,ATL,9,1,0,0,8,0,6,1,218.0,0.1111111111111111,0.0,0.75,0.125,27.25
2023,7,20436,F9,14869,11292,SLC,DEN,62,2,0,0,60,0,26,15,2619.0,0.03225806451612903,0.0,0.43333333333333335,0.25,43.65
2023,7,20436,F9,14869,12889,SLC,LAS,31,1,0,0,30,0,9,4,272.0,0.03225806451612903,0.0,0.3,0.13333333333333333,9.066666666666666
2023,7,20436,F9,14869,14107,SLC,PHX,18,0,0,0,18,0,5,3,741.0,0.0,0.0,0.2777777777777778,0.16666666666666666,41.166666666666664
2023,7,20436,F9,15016,11292,STL,DEN,62,0,0,0,62,0,23,12,2475.0,0.0,0.0,0.3709677419354839,0.1935483870967742,39.91935483870968
2023,7,20436,F9,15016,12889,STL,LAS,31,1,0,0,30,0,16,6,1041.0,0.03225806451612903,0.0,0.5333333333333333,0.2,34.7
2023,7,20436,F9,15016,13204,STL,MCO,31,0,0,0,31,0,16,8,1127.0,0.0,0.0,0.5161290322580645,0.25806451612903225,36.354838709677416
2023,7,20436,F9,15304,10397,TPA,ATL,28,1,0,0,27,0,14,5,789.0,0.03571428571428571,0.0,0.5185185185185185,0.18518518518518517,29.22222222222222
2023,7,20436,F9,15304,11292,TPA,DEN,62,2,0,0,60,0,25,9,1562.0,0.03225806451612903,0.0,0.4166666666666667,0.15,26.033333333333335
2023,7,20436,F9,15304,11298,TPA,DFW,31,1,0,0,30,0,9,3,110.0,0.03225806451612903,0.0,0.3,0.1,3.6666666666666665
2023,7,20436,F9,15304,12889,TPA,LAS,31,0,0,0,31,0,16,6,810.0,0.0,0.0,0.5161290322580645,0.1935483870967742,26.129032258064516
2023,7,20436,F9,15304,13232,TPA,MDW,31,0,1,0,30,0,13,6,1008.0,0.0,0.03225806451612903,0.43333333333333335,0.2,33.6
2023,7,20436,F9,15304,14100,TPA,PHL,60,1,0,0,59,0,18,10,1759.0,0.016666666666666666,0.0,0.3050847457627119,0.1694915254237288,29.8135593220339
2023,7,20436,F9,15304,14107,TPA,PHX,31,0,0,0,31,0,6,2,-53.0,0.0,0.0,0.1935483870967742,0.06451612903225806,-1.7096774193548387
2023,7,20452,YX,10397,11278,ATL,DCA,111,6,0,0,105,0,15,5,-56.0,0.05405405405405406,0.0,0.14285714285714285,0.047619047619047616,-0.5333333333333333
2023,7,20452,YX,10397,11618,ATL,EWR,14,6,0,0,8,0,4,2,158.0,0.42857142857142855,0.0,0.5,0.25,19.75
2023,7,20452,YX,10397,13930,ATL,ORD,1,0,0,0,1,0,1,1,63.0,0.0,0.0,1.0,1.0,63.0
2023,7,20452,YX,10721,10821,BOS,BWI,67,6,0,0,61,0,10,2,-336.0,0.08955223880597014,0.0,0.16393442622950818,0.03278688524590164,-5.508196721311475
2023,7,20452,YX,10721,11278,BOS,DCA,269,17,1,0,251,0,59,32,4662.0,0.06319702602230483,0.0037174721189591076,0.2350597609561753,0.12749003984063745,18.573705179282868
2023,7,20452,YX,10721,11618,BOS,EWR,65,11,1,0,53,0,11,6,604.0,0.16923076923076924,0.015384615384615385,0.20754716981132076,0.11320754716981132,11.39622641509434
2023,7,20452,YX,10721,12478,BOS,JFK,234,31,1,0,202,0,55,25,3463.0,0.13247863247863248,0.004273504273504274,0.2722772277227723,0.12376237623762376,17.143564356435643
2023,7,20452,YX,10721,12953,BOS,LGA,278,38,1,0,239,0,47,32,2170.0,0.1366906474820144,0.0035971223021582736,0.19665271966527198,0.13389121338912133,9.07949790794979
2023,7,20452,YX,10721,13930,BOS,ORD,17,1,1,0,15,0,3,0,-44.0,0.058823529411764705,0.058823529411764705,0.2,0.0,-2.933333333333333
2023,7,20452,YX,10721,14100,BOS,PHL,68,7,0,0,61,0,10,5,-293.0,0.10294117647058823,0.0,0.16393442622950818,0.08196721311475409,-4.80327868852459
2023,7,20452,YX,10821,10721,BWI,BOS,67,6,0,0,61,0,21,10,3609.0,0.08955223880597014,0.0,0.3442622950819672,0.16393442622950818,59.16393442622951
2023,7,20452,YX,11278,10397,DCA,ATL,111,6,0,0,105,0,23,7,260.0,0.05405405405405406,0.0,0.21904761904761905,0.06666666666666667,2.4761904761904763
2023,7,20452,YX,11278,10721,DCA,BOS,269,18,1,0,250,0,53,28,1994.0,0.06691449814126393,0.0037174721189591076,0.212,0.112,7.976
2023,7,20452,YX,11278,11433,DCA,DTW,34,2,0,0,32,0,6,0,-121.0,0.058823529411764705,0.0,0.1875,0.0,-3.78125
2023,7,20452,YX,11278,11618,DCA,EWR,35,4,0,0,31,0,5,1,-34.0,0.11428571428571428,0.0,0.16129032258064516,0.03225806451612903,-1.096774193548387
2023,7,20452,YX,11278,12478,DCA,JFK,152,29,0,0,123,0,45,24,3608.0,0.19078947368421054,0.0,0.36585365853658536,0.1951219512195122,29.333333333333332
2023,7,20452,YX,11278,12953,DCA,LGA,208,24,0,0,184,0,40,20,1534.0,0.11538461538461539,0.0,0.21739130434782608,0.10869565217391304,8.33695652173913
2023,7,20452,YX,11278,14100,DCA,PHL,64,2,0,0,62,0,6,5,-112.0,0.03125,0.0,0.0967741935483871,0.08064516129032258,-1.8064516129032258
2023,7,20452,YX,11278,15016,DCA,STL,43,4,0,0,39,0,8,5,458.0,0.09302325581395349,0.0,0.20512820512820512,0.1282051282051282,11.743589743589743
2023,7,20452,YX,11433,11278,DTW,DCA,34,1,0,0,33,0,5,1,-234.0,0.029411764705882353,0.0,0.15151515151515152,0.030303030303030304,-7.090909090909091
2023,7,20452,YX,11433,11618,DTW,EWR,79,17,0,0,62,0,22,8,1435.0,0.21518987341772153,0.0,0.3548387096774194,0.12903225806451613,23.14516129032258
2023,7,20452,YX,11433,12953,DTW,LGA,102,16,2,0,84,0,11,7,-77.0,0.1568627450980392,0.0196078431372549,0.13095238095238096,0.08333333333333333,-0.9166666666666666
2023,7,20452,YX,11433,14100,DTW,PHL,9,0,0,0,9,0,1,1,-52.0,0.0,0.0,0.1111111111111111,0.1111111111111111,-5.777777777777778
2023,7,20452,YX,11618,10397,EWR,ATL,9,2,0,0,7,0,6,2,324.0,0.2222222222222222,0.0,0.8571428571428571,0.2857142857142857,46.285714285714285
2023,7,20452,YX,11618,10721,EWR,BOS,65,11,1,0,53,0,15,8,766.0,0.16923076923076924,0.015384615384615385,0.2830188679245283,0.1509433962264151,14.452830188679245
2023,7,20452,YX,11618,11278,EWR,DCA,36,6,0,0,30,0,8,1,138.0,0.16666666666666666,0.0,0.26666666666666666,0.03333333333333333,4.6
2023,7,20452,YX,11618,11433,EWR,DTW,79,18,0,0,61,0,27,12,1526.0,0.22784810126582278,0.0,0.4426229508196721,0.19672131147540983,25.016393442622952
2023,7,20452,YX,11618,14100,EWR,PHL,54,11,0,0,43,0,27,7,1568.0,0.2037037037037037,0.0,0.627906976744186,0.16279069767441862,36.46511627906977
2023,7,20452,YX,11618,15016,EWR,STL,26,4,0,0,22,0,4,1,192.0,0.15384615384615385,0.0,0.18181818181818182,0.045454545454545456,8.727272727272727
2023,7,20452,YX,12266,12953,IAH,LGA,43,6,2,0,35,0,9,5,236.0,0.13953488372093023,0.046511627906976744,0.2571428571428571,0.14285714285714285,6.742857142857143
2023,7,20452,YX,12478,10721,JFK,BOS,234,28,0,0,206,0,55,23,1698.0,0.11965811965811966,0.0,0.2669902912621359,0.11165048543689321,8.242718446601941
2023,7,20452,YX,12478,11278,JFK,DCA,152,24,0,0,128,0,35,16,1183.0,0.15789473684210525,0.0,0.2734375,0.125,9.2421875
2023,7,20452,YX,12953,10721,LGA,BOS,277,31,0,0,246,0,48,29,802.0,0.11191335740072202,0.0,0.1951219512195122,0.11788617886178862,3.2601626016260163
2023,7,20452,YX,12953,11278,LGA,DCA,208,20,1,0,187,0,37,12,171.0,0.09615384615384616,0.004807692307692308,0.19786096256684493,0.06417112299465241,0.9144385026737968
2023,7,20452,YX,12953,11433,LGA,DTW,102,9,0,0,93,0,26,14,1506.0,0.08823529411764706,0.0,0.27956989247311825,0.15053763440860216,16.193548387096776
2023,7,20452,YX,12953,12266,LGA,IAH,43,5,2,0,36,0,6,2,-170.0,0.11627906976744186,0.046511627906976744,0.16666666666666666,0.05555555555555555,-4.722222222222222
2023,7,20452,YX,12953,13487,LGA,MSP,50,3,0,0,47,0,7,4,0.0,0.06,0.0,0.14893617021276595,0.0851063829787234,0.0
2023,7,20452,YX,12953,13930,LGA,ORD,5,0,0,0,5,0,1,1,35.0,0.0,0.0,0.2,0.2,7.0
2023,7,20452,YX,12953,15016,LGA,STL,29,3,0,0,26,0,3,3,53.0,0.10344827586206896,0.0,0.11538461538461539,0.11538461538461539,2.0384615384615383
2023,7,20452,YX,13303,15304,MIA,TPA,5,0,0,0,5,0,3,0,52.0,0.0,0.0,0.6,0.0,10.4
2023,7,20452,YX,13487,12953,MSP,LGA,50,6,0,0,44,0,8,4,1303.0,0.12,0.0,0.18181818181818182,0.09090909090909091,29.613636363636363
2023,7,20452,YX,13487,14100,MSP,PHL,26,2,0,0,24,0,1,0,-466.0,0.07692307692307693,0.0,0.041666666666666664,0.0,-19.416666666666668
2023,7,20452,YX,13930,10397,ORD,ATL,1,0,0,0,1,0,1,0,45.0,0.0,0.0,1.0,0.0,45.0
2023,7,20452,YX,13930,10721,ORD,BOS,10,0,1,0,9,0,5,3,599.0,0.0,0.1,0.5555555555555556,0.3333333333333333,66.55555555555556
2023,7,20452,YX,13930,12953,ORD,LGA,5,0,0,0,5,0,1,1,22.0,0.0,0.0,0.2,0.2,4.4
2023,7,20452,YX,13930,15016,ORD,STL,18,1,0,0,17,0,6,1,248.0,0.05555555555555555,0.0,0.35294117647058826,0.058823529411764705,14.588235294117647
2023,7,20452,YX,14100,10721,PHL,BOS,68,6,0,0,62,0,9,4,-344.0,0.08823529411764706,0.0,0.14516129032258066,0.06451612903225806,-5.548387096774194
2023,7,20452,YX,14100,11278,PHL,DCA,64,0,1,0,63,0,12,5,259.0,0.0,0.015625,0.19047619047619047,0.07936507936507936,4.111111111111111
2023,7,20452,YX,14100,11433,PHL,DTW,8,0,0,0,8,0,1,0,-45.0,0.0,0.0,0.125,0.0,-5.625
2023,7,20452,YX,14100,11618,PHL,EWR,54,5,0,0,49,0,7,1,100.0,0.09259259259259259,0.0,0.14285714285714285,0.02040816326530612,2.0408163265306123
2023,7,20452,YX,14100,13487,PHL,MSP,27,3,0,0,24,0,9,1,342.0,0.1111111111111111,0.0,0.375,0.041666666666666664,14.25
2023,7,20452,YX,15016,10721,STL,BOS,7,0,0,0,7,0,2,0,-9.0,0.0,0.0,0.2857142857142857,0.0,-1.2857142857142858
2023,7,20452,YX,15016,11278,STL,DCA,43,3,0,0,40,0,8,3,301.0,0.06976744186046512,0.0,0.2,0.075,7.525
2023,7,20452,YX,15016,11618,STL,EWR,26,6,0,0,20,0,7,4,454.0,0.23076923076923078,0.0,0.35,0.2,22.7
2023,7,20452,YX,15016,12953,STL,LGA,29,3,1,0,25,0,9,4,423.0,0.10344827586206896,0.034482758620689655,0.36,0.16,16.92
2023,7,20452,YX,15016,13930,STL,ORD,42,2,0,0,40,0,4,3,-133.0,0.047619047619047616,0.0,0.1,0.075,-3.325
2023,7,20452,YX,15304,13303,TPA,MIA,5,0,0,0,5,0,3,0,94.0,0.0,0.0,0.6,0.0,18.8
2023,8,19393,WN,10397,10821,ATL,BWI,213,2,0,0,211,0,60,22,3346.0,0.009389671361502348,0.0,0.2843601895734597,0.10426540284360189,15.85781990521327
2023,8,19393,WN,10397,11278,ATL,DCA,124,3,0,0,121,0,32,8,1564.0,0.024193548387096774,0.0,0.2644628099173554,0.06611570247933884,12.925619834710744
2023,8,19393,WN,10397,11292,ATL,DEN,117,1,0,0,116,0,40,12,1960.0,0.008547008547008548,0.0,0.3448275862068966,0.10344827586206896,16.896551724137932
2023,8,19393,WN,10397,11697,ATL,FLL,103,0,0,0,103,0,36,14,1863.0,0.0,0.0,0.34951456310679613,0.13592233009708737,18.0873786407767
2023,8,19393,WN,10397,12889,ATL,LAS,60,2,1,0,57,0,28,11,1205.0,0.03333333333333333,0.016666666666666666,0.49122807017543857,0.19298245614035087,21.140350877192983
2023,8,19393,WN,10397,12892,ATL,LAX,4,0,0,0,4,0,2,2,205.0,0.0,0.0,0.5,0.5,51.25
2023,8,19393,WN,10397,12953,ATL,LGA,120,1,1,0,118,0,28,10,930.0,0.008333333333333333,0.008333333333333333,0.23728813559322035,0.0847457627118644,7.88135593220339
2023,8,19393,WN,10397,13204,ATL,MCO,151,1,1,0,149,0,40,13,1737.0,0.006622516556291391,0.006622516556291391,0.2684563758389262,0.087248322147651,11.657718120805368
2023,8,19393,WN,10397,13232,ATL,MDW,179,1,0,0,178,0,47,17,3087.0,0.00558659217877095,0.0,0.2640449438202247,0.09550561797752809,17.34269662921348
2023,8,19393,WN,10397,13303,ATL,MIA,58,0,0,0,58,0,16,8,856.0,0.0,0.0,0.27586206896551724,0.13793103448275862,14.758620689655173
2023,8,19393,WN,10397,13796,ATL,OAK,4,0,0,0,4,0,3,1,162.0,0.0,0.0,0.75,0.25,40.5
2023,8,19393,WN,10397,14100,ATL,PHL,58,0,0,0,58,0,21,9,1166.0,0.0,0.0,0.3620689655172414,0.15517241379310345,20.103448275862068
2023,8,19393,WN,10397,14107,ATL,PHX,37,0,0,0,37,0,6,2,280.0,0.0,0.0,0.16216216216216217,0.05405405405405406,7.5675675675675675
2023,8,19393,WN,10397,14635,ATL,RSW,33,1,0,0,32,0,4,2,23.0,0.030303030303030304,0.0,0.125,0.0625,0.71875
2023,8,19393,WN,10397,14679,ATL,SAN,4,0,0,0,4,0,1,0,16.0,0.0,0.0,0.25,0.0,4.0
2023,8,19393,WN,10397,15016,ATL,STL,101,0,0,0,101,0,37,13,2477.0,0.0,0.0,0.36633663366336633,0.12871287128712872,24.524752475247524
2023,8,19393,WN,10397,15304,ATL,TPA,109,5,0,0,104,0,32,10,1108.0,0.045871559633027525,0.0,0.3076923076923077,0.09615384615384616,10.653846153846153
2023,8,19393,WN,10721,10821,BOS,BWI,246,5,0,0,241,0,78,31,3537.0,0.02032520325203252,0.0,0.3236514522821577,0.12863070539419086,14.676348547717842
2023,8,19393,WN,10721,11292,BOS,DEN,66,0,0,0,66,0,24,6,1006.0,0.0,0.0,0.36363636363636365,0.09090909090909091,15.242424242424242
2023,8,19393,WN,10721,13204,BOS,MCO,4,0,0,0,4,0,1,0,15.0,0.0,0.0,0.25,0.0,3.75
2023,8,19393,WN,10721,13232,BOS,MDW,132,1,0,0,131,0,45,17,2314.0,0.007575757575757576,0.0,0.3435114503816794,0.1297709923664122,17.66412213740458
2023,8,19393,WN,10721,15016,BOS,STL,93,0,0,0,93,0,25,9,1379.0,0.0,0.0,0.26881720430107525,0.0967741935483871,14.827956989247312
2023,8,19393,WN,10821,10397,BWI,ATL,210,3,1,0,206,0,68,20,3362.0,0.014285714285714285,0.004761904761904762,0.3300970873786408,0.0970873786407767,16.320388349514563
2023,8,19393,WN,10821,10721,BWI,BOS,231,3,1,0,227,0,91,36,4983.0,0.012987012987012988,0.004329004329004329,0.4008810572687225,0.15859030837004406,21.951541850220263
2023,8,19393,WN,10821,11292,BWI,DEN,155,1,0,0,154,0,53,10,1986.0,0.0064516129032258064,0.0,0.34415584415584416,0.06493506493506493,12.896103896103897
2023,8,19393,WN,10821,11433,BWI,DTW,62,1,0,0,61,0,27,6,1453.0,0.016129032258064516,0.0,0.4426229508196721,0.09836065573770492,23.81967213114754
2023,8,19393,WN,10821,11697,BWI,FLL,262,2,5,0,255,0,87,29,4028.0,0.007633587786259542,0.019083969465648856,0.3411764705882353,0.11372549019607843,15.79607843137255
2023,8,19393,WN,10821,12889,BWI,LAS,97,3,0,0,94,0,39,9,1760.0,0.030927835051546393,0.0,0.4148936170212766,0.09574468085106383,18.72340425531915
2023,8,19393,WN,10821,12892,BWI,LAX,62,1,0,0,61,0,29,8,1384.0,0.016129032258064516,0.0,0.47540983606557374,0.13114754098360656,22.688524590163933
2023,8,19393,WN,10821,13204,BWI,MCO,325,8,3,0,314,0,107,28,4520.0,0.024615384615384615,0.009230769230769232,0.34076433121019106,0.08917197452229299,14.394904458598726
2023,8,19393,WN,10821,13232,BWI,MDW,174,4,1,0,169,0,46,7,1272.0,0.022988505747126436,0.005747126436781609,0.27218934911242604,0.04142011834319527,7.5266272189349115
2023,8,19393,WN,10821,13303,BWI,MIA,95,1,0,0,94,0,30,9,1100.0,0.010526315789473684,0.0,0.3191489361702128,0.09574468085106383,11.702127659574469
2023,8,19393,WN,10821,13487,BWI,MSP,62,1,0,0,61,0,23,4,967.0,0.016129032258064516,0.0,0.3770491803278688,0.06557377049180328,15.852459016393443
2023,8,19393,WN,10821,13930,BWI,ORD,106,1,1,0,104,0,34,6,1169.0,0.009433962264150943,0.009433962264150943,0.3269230769230769,0.057692307692307696,11.240384615384615
2023,8,19393,WN,10821,14107,BWI,PHX,68,1,1,0,66,0,21,5,762.0,0.014705882352941176,0.014705882352941176,0.3181818181818182,0.07575757575757576,11.545454545454545
2023,8,19393,WN,10821,14635,BWI,RSW,121,3,2,0,116,0,33,10,1097.0,0.024793388429752067,0.01652892561983471,0.28448275862068967,0.08620689655172414,9.456896551724139
2023,8,19393,WN,10821,14679,BWI,SAN,62,5,1,0,56,0,20,4,640.0,0.08064516129032258,0.016129032258064516,0.35714285714285715,0.07142857142857142,11.428571428571429
2023,8,19393,WN,10821,14869,BWI,SLC,6,0,0,0,6,0,3,1,162.0,0.0,0.0,0.5,0.16666666666666666,27.0
2023,8,19393,WN,10821,15016,BWI,STL,122,1,0,0,121,0,32,4,1059.0,0.00819672131147541,0.0,0.2644628099173554,0.03305785123966942,8.75206611570248
2023,8,19393,WN,10821,15304,BWI,TPA,208,13,2,0,193,0,54,13,1808.0,0.0625,0.009615384615384616,0.27979274611398963,0.06735751295336788,9.367875647668393
2023,8,19393,WN,11278,10397,DCA,ATL,124,2,0,0,122,0,25,13,1192.0,0.016129032258064516,0.0,0.20491803278688525,0.10655737704918032,9.770491803278688
2023,8,19393,WN,11278,11697,DCA,FLL,62,0,1,0,61,0,6,2,-136.0,0.0,0.016129032258064516,0.09836065573770492,0.03278688524590164,-2.2295081967213113
2023,8,19393,WN,11278,13204,DCA,MCO,70,1,0,0,69,0,17,6,816.0,0.014285714285714285,0.0,0.2463768115942029,0.08695652173913043,11.826086956521738
2023,8,19393,WN,11278,13232,DCA,MDW,186,4,0,0,182,0,39,12,1689.0,0.021505376344086023,0.0,0.21428571428571427,0.06593406593406594,9.280219780219781
2023,8,19393,WN,11278,15016,DCA,STL,120,2,0,0,118,0,34,6,1293.0,0.016666666666666666,0.0,0.288135593220339,0.05084745762711865,10.957627118644067
2023,8,19393,WN,11278,15304,DCA,TPA,66,4,0,0,62,0,17,8,1136.0,0.06060606060606061,0.0,0.27419354838709675,0.12903225806451613,18.322580645161292
2023,8,19393,WN,11292,10397,DEN,ATL,119,1,0,0,118,0,38,7,1560.0,0.008403361344537815,0.0,0.3220338983050847,0.059322033898305086,13.220338983050848
2023,8,19393,WN,11292,10721,DEN,BOS,66,0,0,0,66,0,30,10,1441.0,0.0,0.0,0.45454545454545453,0.15151515151515152,21.833333333333332
2023,8,19393,WN,11292,10821,DEN,BWI,155,3,0,0,152,0,55,17,2480.0,0.01935483870967742,0.0,0.3618421052631579,0.1118421052631579,16.31578947368421
2023,8,19393,WN,11292,11433,DEN,DTW,33,0,0,0,33,0,18,2,652.0,0.0,0.0,0.5454545454545454,0.06060606060606061,19.757575757575758
2023,8,19393,WN,11292,11697,DEN,FLL,35,0,5,0,30,0,13,2,523.0,0.0,0.14285714285714285,0.43333333333333335,0.06666666666666667,17.433333333333334
2023,8,19393,WN,11292,12266,DEN,IAH,89,2,1,0,86,0,15,5,98.0,0.02247191011235955,0.011235955056179775,0.1744186046511628,0.05813953488372093,1.1395348837209303
2023,8,19393,WN,11292,12889,DEN,LAS,384,11,0,0,373,0,123,22,4362.0,0.028645833333333332,0.0,0.3297587131367292,0.058981233243967826,11.694369973190348
2023,8,19393,WN,11292,12892,DEN,LAX,205,3,0,0,202,0,70,25,3761.0,0.014634146341463415,0.0,0.3465346534653465,0.12376237623762376,18.61881188118812
2023,8,19393,WN,11292,12953,DEN,LGA,114,1,1,0,112,0,41,2,982.0,0.008771929824561403,0.008771929824561403,0.36607142857142855,0.017857142857142856,8.767857142857142
2023,8,19393,WN,11292,13204,DEN,MCO,134,1,0,0,133,0,47,9,2112.0,0.007462686567164179,0.0,0.3533834586466165,0.06766917293233082,15.8796992481203
2023,8,19393,WN,11292,13232,DEN,MDW,331,5,0,0,326,0,84,24,3579.0,0.015105740181268883,0.0,0.25766871165644173,0.0736196319018405,10.978527607361963
2023,8,19393,WN,11292,13303,DEN,MIA,6,0,0,0,6,0,2,0,41.0,0.0,0.0,0.3333333333333333,0.0,6.833333333333333
2023,8,19393,WN,11292,13487,DEN,MSP,211,1,0,0,210,0,78,18,3130.0,0.004739336492890996,0.0,0.37142857142857144,0.08571428571428572,14.904761904761905
2023,8,19393,WN,11292,13796,DEN,OAK,165,1,0,0,164,0,61,19,2886.0,0.006060606060606061,0.0,0.3719512195121951,0.11585365853658537,17.597560975609756
2023,8,19393,WN,11292,13930,DEN,ORD,174,2,1,0,171,0,53,15,1942.0,0.011494252873563218,0.005747126436781609,0.30994152046783624,0.08771929824561403,11.35672514619883
2023,8,19393,WN,11292,14100,DEN,PHL,51,0,1,0,50,0,16,4,459.0,0.0,0.0196078431372549,0.32,0.08,9.18
2023,8,19393,WN,11292,14107,DEN,PHX,404,7,2,0,395,0,109,28,4418.0,0.017326732673267328,0.0049504950495049506,0.2759493670886076,0.07088607594936709,11.184810126582278
2023,8,19393,WN,11292,14635,DEN,RSW,4,0,0,0,4,0,1,0,45.0,0.0,0.0,0.25,0.0,11.25
2023,8,19393,WN,11292,14679,DEN,SAN,192,8,1,0,183,0,60,15,2904.0,0.041666666666666664,0.005208333333333333,0.32786885245901637,0.08196721311475409,15.868852459016393
2023,8,19393,WN,11292,14747,DEN,SEA,157,0,0,0,157,0,53,13,1955.0,0.0,0.0,0.3375796178343949,0.08280254777070063,12.452229299363058
2023,8,19393,WN,11292,14771,DEN,SFO,143,1,0,0,142,0,50,17,2727.0,0.006993006993006993,0.0,0.352112676056338,0.11971830985915492,19.204225352112676
2023,8,19393,WN,11292,14869,DEN,SLC,261,4,1,0,256,0,82,18,3074.0,0.01532567049808429,0.0038314176245210726,0.3203125,0.0703125,12.0078125
2023,8,19393,WN,11292,15016,DEN,STL,213,1,0,0,212,0,67,17,3028.0,0.004694835680751174,0.0,0.3160377358490566,0.08018867924528301,14.283018867924529
2023,8,19393,WN,11292,15304,DEN,TPA,105,5,0,0,100,0,34,6,1385.0,0.047619047619047616,0.0,0.34,0.06,13.85
2023,8,19393,WN,11433,10821,DTW,BWI,62,0,0,0,62,0,5,4,70.0,0.0,0.0,0.08064516129032258,0.06451612903225806,1.1290322580645162
2023,8,19393,WN,11433,11292,DTW,DEN,33,0,0,0,33,0,9,1,204.0,0.0,0.0,0.2727272727272727,0.030303030303030304,6.181818181818182
2023,8,19393,WN,11433,12889,DTW,LAS,4,0,0,0,4,0,0,0,1.0,0.0,0.0,0.0,0.0,0.25
2023,8,19393,WN,11433,13232,DTW,MDW,139,2,0,0,137,0,28,6,837.0,0.014388489208633094,0.0,0.20437956204379562,0.043795620437956206,6.109489051094891
2023,8,19393,WN,11433,14107,DTW,PHX,4,0,0,0,4,0,0,0,-16.0,0.0,0.0,0.0,0.0,-4.0
2023,8,19393,WN,11433,15016,DTW,STL,54,1,0,0,53,0,15,0,344.0,0.018518518518518517,0.0,0.2830188679245283,0.0,6.490566037735849
2023,8,19393,WN,11697,10397,FLL,ATL,103,0,0,0,103,0,27,10,1395.0,0.0,0.0,0.2621359223300971,0.0970873786407767,13.54368932038835
2023,8,19393,WN,11697,10821,FLL,BWI,262,6,1,0,255,0,77,28,4266.0,0.022900763358778626,0.003816793893129771,0.30196078431372547,0.10980392156862745,16.729411764705883
2023,8,19393,WN,11697,11278,FLL,DCA,62,0,1,0,61,0,21,6,833.0,0.0,0.016129032258064516,0.3442622950819672,0.09836065573770492,13.655737704918034
2023,8,19393,WN,11697,11292,FLL,DEN,33,0,0,0,33,0,12,5,529.0,0.0,0.0,0.36363636363636365,0.15151515151515152,16.03030303030303
2023,8,19393,WN,11697,13204,FLL,MCO,56,0,0,0,56,0,17,6,727.0,0.0,0.0,0.30357142857142855,0.10714285714285714,12.982142857142858
2023,8,19393,WN,11697,13232,FLL,MDW,80,1,0,0,79,0,29,12,1632.0,0.0125,0.0,0.3670886075949367,0.1518987341772152,20.658227848101266
2023,8,19393,WN,11697,13930,FLL,ORD,4,0,0,0,4,0,0,0,-82.0,0.0,0.0,0.0,0.0,-20.5
2023,8,19393,WN,11697,14100,FLL,PHL,4,0,0,0,4,0,1,0,51.0,0.0,0.0,0.25,0.0,12.75
2023,8,19393,WN,11697,14107,FLL,PHX,4,0,0,0,4,0,2,1,88.0,0.0,0.0,0.5,0.25,22.0
2023,8,19393,WN,11697,15016,FLL,STL,43,0,0,0,43,0,20,4,779.0,0.0,0.0,0.46511627906976744,0.09302325581395349,18.11627906976744
2023,8,19393,WN,11697,15304,FLL,TPA,58,4,0,0,54,0,13,6,624.0,0.06896551724137931,0.0,0.24074074074074073,0.1111111111111111,11.555555555555555
2023,8,19393,WN,12173,12889,HNL,LAS,62,0,0,0,62,0,1,0,-781.0,0.0,0.0,0.016129032258064516,0.0,-12.596774193548388
2023,8,19393,WN,12173,12892,HNL,LAX,31,0,0,0,31,0,3,0,-125.0,0.0,0.0,0.0967741935483871,0.0,-4.032258064516129
2023,8,19393,WN,12173,13796,HNL,OAK,62,0,0,0,62,0,6,1,-339.0,0.0,0.0,0.0967741935483871,0.016129032258064516,-5.467741935483871
2023,8,19393,WN,12173,14107,HNL,PHX,31,0,0,0,31,0,3,0,-249.0,0.0,0.0,0.0967741935483871,0.0,-8.03225806451613
2023,8,19393,WN,12173,14679,HNL,SAN,62,2,0,0,60,0,8,5,-139.0,0.03225806451612903,0.0,0.13333333333333333,0.08333333333333333,-2.316666666666667
2023,8,19393,WN,12266,11292,IAH,DEN,87,2,0,0,85,0,17,2,-5.0,0.022988505747126436,0.0,0.2,0.023529411764705882,-0.058823529411764705
2023,8,19393,WN,12266,12889,IAH,LAS,62,2,0,0,60,0,5,1,-82.0,0.03225806451612903,0.0,0.08333333333333333,0.016666666666666666,-1.3666666666666667
2023,8,19393,WN,12266,13204,IAH,MCO,37,0,0,0,37,0,11,4,460.0,0.0,0.0,0.2972972972972973,0.10810810810810811,12.432432432432432
2023,8,19393,WN,12266,13232,IAH,MDW,56,0,0,0,56,0,5,0,58.0,0.0,0.0,0.08928571428571429,0.0,1.0357142857142858
2023,8,19393,WN,12889,10397,LAS,ATL,60,2,0,0,58,0,16,4,447.0,0.03333333333333333,0.0,0.27586206896551724,0.06896551724137931,7.706896551724138
2023,8,19393,WN,12889,10821,LAS,BWI,95,2,0,0,93,0,28,5,741.0,0.021052631578947368,0.0,0.3010752688172043,0.053763440860215055,7.967741935483871
2023,8,19393,WN,12889,11292,LAS,DEN,360,13,1,0,346,0,105,36,5437.0,0.03611111111111111,0.002777777777777778,0.30346820809248554,0.10404624277456648,15.713872832369942
2023,8,19393,WN,12889,11433,LAS,DTW,4,0,0,0,4,0,2,0,73.0,0.0,0.0,0.5,0.0,18.25
2023,8,19393,WN,12889,12173,LAS,HNL,62,0,2,0,60,0,26,5,1205.0,0.0,0.03225806451612903,0.43333333333333335,0.08333333333333333,20.083333333333332
2023,8,19393,WN,12889,12266,LAS,IAH,60,2,0,0,58,0,14,1,295.0,0.03333333333333333,0.0,0.2413793103448276,0.017241379310344827,5.086206896551724
2023,8,19393,WN,12889,12892,LAS,LAX,284,11,0,0,273,0,89,22,4561.0,0.03873239436619718,0.0,0.326007326007326,0.08058608058608059,16.706959706959708
2023,8,19393,WN,12889,13204,LAS,MCO,8,0,0,0,8,0,2,0,45.0,0.0,0.0,0.25,0.0,5.625
2023,8,19393,WN,12889,13232,LAS,MDW,260,7,0,0,253,0,71,16,2226.0,0.026923076923076925,0.0,0.28063241106719367,0.06324110671936758,8.798418972332016
2023,8,19393,WN,12889,13796,LAS,OAK,345,9,0,0,336,0,102,27,4604.0,0.02608695652173913,0.0,0.30357142857142855,0.08035714285714286,13.702380952380953
2023,8,19393,WN,12889,13930,LAS,ORD,81,4,1,0,76,0,26,7,777.0,0.04938271604938271,0.012345679012345678,0.34210526315789475,0.09210526315789473,10.223684210526315
2023,8,19393,WN,12889,14107,LAS,PHX,307,14,2,0,291,0,73,17,2489.0,0.04560260586319218,0.006514657980456026,0.2508591065292096,0.058419243986254296,8.553264604810996
2023,8,19393,WN,12889,14679,LAS,SAN,408,26,0,0,382,0,143,36,6571.0,0.06372549019607843,0.0,0.3743455497382199,0.09424083769633508,17.201570680628272
2023,8,19393,WN,12889,14747,LAS,SEA,93,1,0,0,92,0,27,7,1461.0,0.010752688172043012,0.0,0.29347826086956524,0.07608695652173914,15.880434782608695
2023,8,19393,WN,12889,14771,LAS,SFO,122,4,0,0,118,0,61,13,2775.0,0.03278688524590164,0.0,0.5169491525423728,0.11016949152542373,23.516949152542374
2023,8,19393,WN,12889,14869,LAS,SLC,149,3,1,0,145,0,41,11,1585.0,0.020134228187919462,0.006711409395973154,0.2827586206896552,0.07586206896551724,10.931034482758621
2023,8,19393,WN,12889,15016,LAS,STL,149,5,0,0,144,0,40,5,1185.0,0.03355704697986577,0.0,0.2777777777777778,0.034722222222222224,8.229166666666666
2023,8,19393,WN,12889,15304,LAS,TPA,10,0,0,0,10,0,2,0,35.0,0.0,0.0,0.2,0.0,3.5
2023,8,19393,WN,12892,10397,LAX,ATL,4,0,0,0,4,0,1,0,-28.0,0.0,0.0,0.25,0.0,-7.0
2023,8,19393,WN,12892,10821,LAX,BWI,62,2,0,0,60,0,21,4,491.0,0.03225806451612903,0.0,0.35,0.06666666666666667,8.183333333333334
2023,8,19393,WN,12892,11292,LAX,DEN,205,3,2,0,200,0,52,19,2120.0,0.014634146341463415,0.00975609756097561,0.26,0.095,10.6
2023,8,19393,WN,12892,12173,LAX,HNL,31,0,0,0,31,0,10,1,292.0,0.0,0.0,0.3225806451612903,0.03225806451612903,9.419354838709678
2023,8,19393,WN,12892,12889,LAX,LAS,286,9,0,0,277,0,73,17,2644.0,0.03146853146853147,0.0,0.26353790613718414,0.061371841155234655,9.545126353790614
2023,8,19393,WN,12892,13232,LAX,MDW,142,1,0,0,141,0,33,4,593.0,0.007042253521126761,0.0,0.23404255319148937,0.028368794326241134,4.205673758865248
2023,8,19393,WN,12892,13796,LAX,OAK,274,3,0,0,271,0,70,16,2033.0,0.010948905109489052,0.0,0.25830258302583026,0.05904059040590406,7.501845018450185
2023,8,19393,WN,12892,14107,LAX,PHX,220,4,1,0,215,0,63,12,1603.0,0.01818181818181818,0.004545454545454545,0.2930232558139535,0.05581395348837209,7.455813953488372
2023,8,19393,WN,12892,14771,LAX,SFO,168,2,0,0,166,0,51,16,2811.0,0.011904761904761904,0.0,0.3072289156626506,0.0963855421686747,16.933734939759034
2023,8,19393,WN,12892,14869,LAX,SLC,31,0,0,0,31,0,3,1,23.0,0.0,0.0,0.0967741935483871,0.03225806451612903,0.7419354838709677
2023,8,19393,WN,12892,15016,LAX,STL,72,0,0,0,72,0,19,4,634.0,0.0,0.0,0.2638888888888889,0.05555555555555555,8.805555555555555
2023,8,19393,WN,12953,10397,LGA,ATL,120,1,2,0,117,0,21,6,321.0,0.008333333333333333,0.016666666666666666,0.1794871794871795,0.05128205128205128,2.7435897435897436
2023,8,19393,WN,12953,11292,LGA,DEN,114,2,0,0,112,0,30,7,996.0,0.017543859649122806,0.0,0.26785714285714285,0.0625,8.892857142857142
2023,8,19393,WN,12953,13232,LGA,MDW,230,4,0,0,226,0,56,10,1443.0,0.017391304347826087,0.0,0.24778761061946902,0.04424778761061947,6.384955752212389
2023,8,19393,WN,12953,15016,LGA,STL,141,2,0,0,139,0,32,5,610.0,0.014184397163120567,0.0,0.2302158273381295,0.03597122302158273,4.388489208633094
2023,8,19393,WN,12953,15304,LGA,TPA,33,1,0,0,32,0,12,6,550.0,0.030303030303030304,0.0,0.375,0.1875,17.1875
2023,8,19393,WN,13204,10397,MCO,ATL,151,1,2,0,148,0,48,14,1690.0,0.006622516556291391,0.013245033112582781,0.32432432432432434,0.0945945945945946,11.41891891891892
2023,8,19393,WN,13204,10721,MCO,BOS,4,0,0,0,4,0,1,0,15.0,0.0,0.0,0.25,0.0,3.75
2023,8,19393,WN,13204,10821,MCO,BWI,324,11,2,0,311,0,72,19,2369.0,0.033950617283950615,0.006172839506172839,0.2315112540192926,0.06109324758842444,7.617363344051447
2023,8,19393,WN,13204,11278,MCO,DCA,70,0,1,0,69,0,20,6,1070.0,0.0,0.014285714285714285,0.2898550724637681,0.08695652173913043,15.507246376811594
2023,8,19393,WN,13204,11292,MCO,DEN,147,1,1,0,145,0,49,16,2366.0,0.006802721088435374,0.006802721088435374,0.33793103448275863,0.1103448275862069,16.317241379310346
2023,8,19393,WN,13204,11697,MCO,FLL,56,0,0,0,56,0,5,0,-317.0,0.0,0.0,0.08928571428571429,0.0,-5.660714285714286
2023,8,19393,WN,13204,12266,MCO,IAH,37,0,0,0,37,0,6,1,-57.0,0.0,0.0,0.16216216216216217,0.02702702702702703,-1.5405405405405406
2023,8,19393,WN,13204,12889,MCO,LAS,8,1,0,0,7,0,3,1,174.0,0.125,0.0,0.42857142857142855,0.14285714285714285,24.857142857142858
2023,8,19393,WN,13204,13232,MCO,MDW,220,4,2,0,214,0,78,20,3359.0,0.01818181818181818,0.00909090909090909,0.3644859813084112,0.09345794392523364,15.69626168224299
2023,8,19393,WN,13204,13930,MCO,ORD,51,2,0,0,49,0,15,1,280.0,0.0392156862745098,0.0,0.30612244897959184,0.02040816326530612,5.714285714285714
2023,8,19393,WN,13204,14100,MCO,PHL,18,0,0,0,18,0,4,0,137.0,0.0,0.0,0.2222222222222222,0.0,7.611111111111111
2023,8,19393,WN,13204,14107,MCO,PHX,35,0,1,0,34,0,3,0,-184.0,0.0,0.02857142857142857,0.08823529411764706,0.0,-5.411764705882353
2023,8,19393,WN,13204,14635,MCO,RSW,31,1,0,0,30,0,9,1,210.0,0.03225806451612903,0.0,0.3,0.03333333333333333,7.0
2023,8,19393,WN,13204,15016,MCO,STL,138,0,0,0,138,0,40,11,1568.0,0.0,0.0,0.2898550724637681,0.07971014492753623,11.36231884057971
2023,8,19393,WN,13232,10397,MDW,ATL,179,0,0,0,179,0,45,13,1914.0,0.0,0.0,0.25139664804469275,0.07262569832402235,10.692737430167599
2023,8,19393,WN,13232,10721,MDW,BOS,147,0,0,0,147,0,46,20,2312.0,0.0,0.0,0.3129251700680272,0.1360544217687075,15.727891156462585
2023,8,19393,WN,13232,10821,MDW,BWI,174,6,1,0,167,0,38,7,1024.0,0.034482758620689655,0.005747126436781609,0.2275449101796407,0.041916167664670656,6.131736526946108
2023,8,19393,WN,13232,11278,MDW,DCA,186,5,0,0,181,0,47,9,1475.0,0.026881720430107527,0.0,0.2596685082872928,0.049723756906077346,8.149171270718233
2023,8,19393,WN,13232,11292,MDW,DEN,316,0,1,0,315,0,89,27,3546.0,0.0,0.0031645569620253164,0.28253968253968254,0.08571428571428572,11.257142857142858
2023,8,19393,WN,13232,11433,MDW,DTW,137,3,1,0,133,0,45,6,1727.0,0.021897810218978103,0.0072992700729927005,0.3383458646616541,0.045112781954887216,12.984962406015038
2023,8,19393,WN,13232,11697,MDW,FLL,80,1,3,0,76,0,15,7,557.0,0.0125,0.0375,0.19736842105263158,0.09210526315789473,7.328947368421052
2023,8,19393,WN,13232,12266,MDW,IAH,56,0,0,0,56,0,13,0,-18.0,0.0,0.0,0.23214285714285715,0.0,-0.32142857142857145
2023,8,19393,WN,13232,12889,MDW,LAS,264,4,3,0,257,0,90,15,2647.0,0.015151515151515152,0.011363636363636364,0.35019455252918286,0.058365758754863814,10.299610894941635
2023,8,19393,WN,13232,12892,MDW,LAX,157,1,1,0,155,0,57,9,2324.0,0.006369426751592357,0.006369426751592357,0.36774193548387096,0.05806451612903226,14.993548387096775
2023,8,19393,WN,13232,12953,MDW,LGA,230,4,0,0,226,0,61,8,1182.0,0.017391304347826087,0.0,0.26991150442477874,0.035398230088495575,5.230088495575221
2023,8,19393,WN,13232,13204,MDW,MCO,205,5,1,0,199,0,50,10,1472.0,0.024390243902439025,0.004878048780487805,0.25125628140703515,0.05025125628140704,7.396984924623116
2023,8,19393,WN,13232,13303,MDW,MIA,51,1,0,0,50,0,15,4,410.0,0.0196078431372549,0.0,0.3,0.08,8.2
2023,8,19393,WN,13232,13487,MDW,MSP,238,1,1,0,236,0,55,14,1815.0,0.004201680672268907,0.004201680672268907,0.2330508474576271,0.059322033898305086,7.690677966101695
2023,8,19393,WN,13232,13796,MDW,OAK,72,0,0,0,72,0,23,5,802.0,0.0,0.0,0.3194444444444444,0.06944444444444445,11.13888888888889
2023,8,19393,WN,13232,14100,MDW,PHL,129,3,0,0,126,0,43,9,1433.0,0.023255813953488372,0.0,0.3412698412698413,0.07142857142857142,11.373015873015873
2023,8,19393,WN,13232,14107,MDW,PHX,258,2,3,0,253,0,89,15,3044.0,0.007751937984496124,0.011627906976744186,0.35177865612648224,0.05928853754940711,12.031620553359684
2023,8,19393,WN,13232,14635,MDW,RSW,89,2,0,0,87,0,23,7,951.0,0.02247191011235955,0.0,0.26436781609195403,0.08045977011494253,10.931034482758621
2023,8,19393,WN,13232,14679,MDW,SAN,116,5,2,0,109,0,40,6,1407.0,0.04310344827586207,0.017241379310344827,0.3669724770642202,0.05504587155963303,12.908256880733944
2023,8,19393,WN,13232,14747,MDW,SEA,62,0,2,0,60,0,22,5,819.0,0.0,0.03225806451612903,0.36666666666666664,0.08333333333333333,13.65
2023,8,19393,WN,13232,14771,MDW,SFO,4,0,0,0,4,0,1,0,47.0,0.0,0.0,0.25,0.0,11.75
2023,8,19393,WN,13232,14869,MDW,SLC,62,0,0,0,62,0,13,3,280.0,0.0,0.0,0.20967741935483872,0.04838709677419355,4.516129032258065
2023,8,19393,WN,13232,15016,MDW,STL,209,0,0,0,209,0,56,13,2743.0,0.0,0.0,0.2679425837320574,0.06220095693779904,13.124401913875598
2023,8,19393,WN,13232,15304,MDW,TPA,114,6,1,0,107,0,29,10,1544.0,0.05263157894736842,0.008771929824561403,0.27102803738317754,0.09345794392523364,14.429906542056075
2023,8,19393,WN,13303,10397,MIA,ATL,43,0,0,0,43,0,9,4,427.0,0.0,0.0,0.20930232558139536,0.09302325581395349,9.930232558139535
2023,8,19393,WN,13303,10821,MIA,BWI,93,0,0,0,93,0,21,9,1040.0,0.0,0.0,0.22580645161290322,0.0967741935483871,11.182795698924732
2023,8,19393,WN,13303,11292,MIA,DEN,8,0,0,0,8,0,3,2,168.0,0.0,0.0,0.375,0.25,21.0
2023,8,19393,WN,13303,13232,MIA,MDW,66,0,0,0,66,0,24,10,1460.0,0.0,0.0,0.36363636363636365,0.15151515151515152,22.12121212121212
2023,8,19393,WN,13303,15016,MIA,STL,10,0,0,0,10,0,4,0,153.0,0.0,0.0,0.4,0.0,15.3
2023,8,19393,WN,13487,10821,MSP,BWI,62,0,0,0,62,0,14,2,115.0,0.0,0.0,0.22580645161290322,0.03225806451612903,1.8548387096774193
2023,8,19393,WN,13487,11292,MSP,DEN,211,2,1,0,208,0,51,8,1623.0,0.009478672985781991,0.004739336492890996,0.24519230769230768,0.038461538461538464,7.802884615384615
2023,8,19393,WN,13487,13232,MSP,MDW,238,2,0,0,236,0,50,10,810.0,0.008403361344537815,0.0,0.211864406779661,0.0423728813559322,3.4322033898305087
2023,8,19393,WN,13487,14107,MSP,PHX,35,0,0,0,35,0,3,0,-3.0,0.0,0.0,0.08571428571428572,0.0,-0.08571428571428572
2023,8,19393,WN,13487,15016,MSP,STL,56,0,0,0,56,0,4,0,-108.0,0.0,0.0,0.07142857142857142,0.0,-1.9285714285714286
2023,8,19393,WN,13796,10397,OAK,ATL,4,0,2,0,2,0,0,0,-25.0,0.0,0.5,0.0,0.0,-12.5
2023,8,19393,WN,13796,11292,OAK,DEN,180,1,0,0,179,0,51,11,1945.0,0.005555555555555556,0.0,0.2849162011173184,0.061452513966480445,10.865921787709498
2023,8,19393,WN,13796,12173,OAK,HNL,62,0,0,0,62,0,15,1,442.0,0.0,0.0,0.24193548387096775,0.016129032258064516,7.129032258064516
2023,8,19393,WN,13796,12889,OAK,LAS,313,10,2,0,301,0,103,21,4303.0,0.03194888178913738,0.006389776357827476,0.34219269102990035,0.06976744186046512,14.295681063122924
2023,8,19393,WN,13796,12892,OAK,LAX,276,5,0,0,271,0,66,11,1677.0,0.018115942028985508,0.0,0.24354243542435425,0.04059040590405904,6.1881918819188195
2023,8,19393,WN,13796,13232,OAK,MDW,72,0,1,0,71,0,16,3,374.0,0.0,0.013888888888888888,0.22535211267605634,0.04225352112676056,5.267605633802817
2023,8,19393,WN,13796,14107,OAK,PHX,180,2,1,0,177,0,36,7,983.0,0.011111111111111112,0.005555555555555556,0.2033898305084746,0.03954802259887006,5.553672316384181
2023,8,19393,WN,13796,14679,OAK,SAN,312,13,0,0,299,0,71,15,2259.0,0.041666666666666664,0.0,0.23745819397993312,0.05016722408026756,7.555183946488294
2023,8,19393,WN,13796,14747,OAK,SEA,200,2,1,0,197,0,64,17,2378.0,0.01,0.005,0.3248730964467005,0.08629441624365482,12.071065989847716
2023,8,19393,WN,13796,14869,OAK,SLC,87,0,1,0,86,0,18,1,495.0,0.0,0.011494252873563218,0.20930232558139536,0.011627906976744186,5.755813953488372
2023,8,19393,WN,13796,15016,OAK,STL,31,0,0,0,31,0,3,0,-36.0,0.0,0.0,0.0967741935483871,0.0,-1.1612903225806452
2023,8,19393,WN,13930,10821,ORD,BWI,106,2,0,0,104,0,27,8,994.0,0.018867924528301886,0.0,0.25961538461538464,0.07692307692307693,9.557692307692308
2023,8,19393,WN,13930,11292,ORD,DEN,174,2,0,0,172,0,50,19,2597.0,0.011494252873563218,0.0,0.29069767441860467,0.11046511627906977,15.098837209302326
2023,8,19393,WN,13930,11697,ORD,FLL,4,0,0,0,4,0,2,1,91.0,0.0,0.0,0.5,0.25,22.75
2023,8,19393,WN,13930,12889,ORD,LAS,81,3,0,0,78,0,28,4,1329.0,0.037037037037037035,0.0,0.358974358974359,0.05128205128205128,17.03846153846154
2023,8,19393,WN,13930,13204,ORD,MCO,51,1,2,0,48,0,15,2,367.0,0.0196078431372549,0.0392156862745098,0.3125,0.041666666666666664,7.645833333333333
2023,8,19393,WN,13930,14107,ORD,PHX,91,2,0,0,89,0,24,7,1168.0,0.02197802197802198,0.0,0.2696629213483146,0.07865168539325842,13.123595505617978
2023,8,19393,WN,13930,14635,ORD,RSW,4,0,0,0,4,0,1,0,25.0,0.0,0.0,0.25,0.0,6.25
2023,8,19393,WN,13930,15304,ORD,TPA,35,3,1,0,31,0,13,2,521.0,0.08571428571428572,0.02857142857142857,0.41935483870967744,0.06451612903225806,16.806451612903224
2023,8,19393,WN,14100,10397,PHL,ATL,58,0,1,0,57,0,13,3,269.0,0.0,0.017241379310344827,0.22807017543859648,0.05263157894736842,4.719298245614035
2023,8,19393,WN,14100,11292,PHL,DEN,51,0,0,0,51,0,8,5,105.0,0.0,0.0,0.1568627450980392,0.09803921568627451,2.0588235294117645
2023,8,19393,WN,14100,11697,PHL,FLL,4,0,0,0,4,0,0,0,-19.0,0.0,0.0,0.0,0.0,-4.75
2023,8,19393,WN,14100,13204,PHL,MCO,18,0,0,0,18,0,5,0,-97.0,0.0,0.0,0.2777777777777778,0.0,-5.388888888888889
2023,8,19393,WN,14100,13232,PHL,MDW,130,2,1,0,127,0,34,8,1194.0,0.015384615384615385,0.007692307692307693,0.2677165354330709,0.06299212598425197,9.401574803149606
2023,8,19393,WN,14100,15016,PHL,STL,58,0,0,0,58,0,9,4,445.0,0.0,0.0,0.15517241379310345,0.06896551724137931,7.672413793103448
2023,8,19393,WN,14100,15304,PHL,TPA,8,0,0,0,8,0,0,0,-132.0,0.0,0.0,0.0,0.0,-16.5
2023,8,19393,WN,14107,10397,PHX,ATL,37,0,1,0,36,0,7,0,134.0,0.0,0.02702702702702703,0.19444444444444445,0.0,3.7222222222222223
2023,8,19393,WN,14107,10821,PHX,BWI,68,1,1,0,66,0,21,3,473.0,0.014705882352941176,0.014705882352941176,0.3181818181818182,0.045454545454545456,7.166666666666667
2023,8,19393,WN,14107,11292,PHX,DEN,398,13,1,0,384,0,92,30,3622.0,0.032663316582914576,0.002512562814070352,0.23958333333333334,0.078125,9.432291666666666
2023,8,19393,WN,14107,11433,PHX,DTW,4,0,0,0,4,0,0,0,35.0,0.0,0.0,0.0,0.0,8.75
2023,8,19393,WN,14107,11697,PHX,FLL,4,0,0,0,4,0,1,0,38.0,0.0,0.0,0.25,0.0,9.5
2023,8,19393,WN,14107,12173,PHX,HNL,31,0,0,0,31,0,8,1,385.0,0.0,0.0,0.25806451612903225,0.03225806451612903,12.419354838709678
2023,8,19393,WN,14107,12889,PHX,LAS,330,14,0,0,316,0,79,18,2512.0,0.04242424242424243,0.0,0.25,0.056962025316455694,7.949367088607595
2023,8,19393,WN,14107,12892,PHX,LAX,220,7,0,0,213,0,68,14,2534.0,0.031818181818181815,0.0,0.3192488262910798,0.06572769953051644,11.896713615023474
2023,8,19393,WN,14107,13204,PHX,MCO,35,0,0,0,35,0,18,6,1221.0,0.0,0.0,0.5142857142857142,0.17142857142857143,34.885714285714286
2023,8,19393,WN,14107,13232,PHX,MDW,243,2,0,0,241,0,63,9,1285.0,0.00823045267489712,0.0,0.26141078838174275,0.03734439834024896,5.331950207468879
2023,8,19393,WN,14107,13487,PHX,MSP,35,0,0,0,35,0,7,2,217.0,0.0,0.0,0.2,0.05714285714285714,6.2
2023,8,19393,WN,14107,13796,PHX,OAK,165,3,0,0,162,0,45,15,1659.0,0.01818181818181818,0.0,0.2777777777777778,0.09259259259259259,10.24074074074074
2023,8,19393,WN,14107,13930,PHX,ORD,91,2,0,0,89,0,21,4,307.0,0.02197802197802198,0.0,0.23595505617977527,0.0449438202247191,3.449438202247191
2023,8,19393,WN,14107,14679,PHX,SAN,275,11,0,0,264,0,44,8,1247.0,0.04,0.0,0.16666666666666666,0.030303030303030304,4.723484848484849
2023,8,19393,WN,14107,14747,PHX,SEA,70,1,0,0,69,0,20,4,697.0,0.014285714285714285,0.0,0.2898550724637681,0.057971014492753624,10.101449275362318
2023,8,19393,WN,14107,14771,PHX,SFO,81,0,0,0,81,0,27,7,1097.0,0.0,0.0,0.3333333333333333,0.08641975308641975,13.54320987654321
2023,8,19393,WN,14107,14869,PHX,SLC,145,2,0,0,143,0,14,3,-265.0,0.013793103448275862,0.0,0.0979020979020979,0.02097902097902098,-1.8531468531468531
2023,8,19393,WN,14107,15016,PHX,STL,97,1,1,0,95,0,24,3,753.0,0.010309278350515464,0.010309278350515464,0.25263157894736843,0.031578947368421054,7.926315789473684
2023,8,19393,WN,14107,15304,PHX,TPA,31,2,0,0,29,0,9,1,182.0,0.06451612903225806,0.0,0.3103448275862069,0.034482758620689655,6.275862068965517
2023,8,19393,WN,14635,10397,RSW,ATL,31,1,0,0,30,0,2,1,-144.0,0.03225806451612903,0.0,0.06666666666666667,0.03333333333333333,-4.8
2023,8,19393,WN,14635,10821,RSW,BWI,119,4,0,0,115,0,30,9,1249.0,0.03361344537815126,0.0,0.2608695652173913,0.0782608695652174,10.860869565217392
2023,8,19393,WN,14635,11292,RSW,DEN,4,0,0,0,4,0,2,1,92.0,0.0,0.0,0.5,0.25,23.0
2023,8,19393,WN,14635,13204,RSW,MCO,31,1,0,0,30,0,0,0,-344.0,0.03225806451612903,0.0,0.0,0.0,-11.466666666666667
2023,8,19393,WN,14635,13232,RSW,MDW,93,2,0,0,91,0,27,9,1101.0,0.021505376344086023,0.0,0.2967032967032967,0.0989010989010989,12.098901098901099
2023,8,19393,WN,14635,13930,RSW,ORD,4,0,0,0,4,0,1,0,4.0,0.0,0.0,0.25,0.0,1.0
2023,8,19393,WN,14635,15016,RSW,STL,49,1,0,0,48,0,8,3,226.0,0.02040816326530612,0.0,0.16666666666666666,0.0625,4.708333333333333
2023,8,19393,WN,14679,10397,SAN,ATL,4,0,0,0,4,0,1,0,44.0,0.0,0.0,0.25,0.0,11.0
2023,8,19393,WN,14679,10821,SAN,BWI,47,1,0,0,46,0,9,1,135.0,0.02127659574468085,0.0,0.1956521739130435,0.021739130434782608,2.9347826086956523
2023,8,19393,WN,14679,11292,SAN,DEN,192,9,2,0,181,0,45,10,1367.0,0.046875,0.010416666666666666,0.24861878453038674,0.055248618784530384,7.552486187845304
2023,8,19393,WN,14679,12173,SAN,HNL,62,2,0,0,60,0,25,2,883.0,0.03225806451612903,0.0,0.4166666666666667,0.03333333333333333,14.716666666666667
2023,8,19393,WN,14679,12889,SAN,LAS,410,30,0,0,380,0,79,26,2546.0,0.07317073170731707,0.0,0.20789473684210527,0.06842105263157895,6.7
2023,8,19393,WN,14679,13232,SAN,MDW,118,5,2,0,111,0,19,3,200.0,0.0423728813559322,0.01694915254237288,0.17117117117117117,0.02702702702702703,1.8018018018018018
2023,8,19393,WN,14679,13796,SAN,OAK,327,18,0,0,309,0,79,16,2247.0,0.05504587155963303,0.0,0.255663430420712,0.05177993527508091,7.271844660194175
2023,8,19393,WN,14679,14107,SAN,PHX,275,13,1,0,261,0,52,12,818.0,0.04727272727272727,0.0036363636363636364,0.19923371647509577,0.04597701149425287,3.1340996168582373
2023,8,19393,WN,14679,14771,SAN,SFO,132,5,0,0,127,0,39,6,1168.0,0.03787878787878788,0.0,0.30708661417322836,0.047244094488188976,9.196850393700787
2023,8,19393,WN,14679,14869,SAN,SLC,33,1,0,0,32,0,7,0,99.0,0.030303030303030304,0.0,0.21875,0.0,3.09375
2023,8,19393,WN,14679,15016,SAN,STL,47,1,0,0,46,0,9,1,26.0,0.02127659574468085,0.0,0.1956521739130435,0.021739130434782608,0.5652173913043478
2023,8,19393,WN,14747,11292,SEA,DEN,161,2,2,0,157,0,52,13,2731.0,0.012422360248447204,0.012422360248447204,0.33121019108280253,0.08280254777070063,17.394904458598727
2023,8,19393,WN,14747,12889,SEA,LAS,93,2,1,0,90,0,43,8,1830.0,0.021505376344086023,0.010752688172043012,0.4777777777777778,0.08888888888888889,20.333333333333332
2023,8,19393,WN,14747,13232,SEA,MDW,60,0,0,0,60,0,18,2,597.0,0.0,0.0,0.3,0.03333333333333333,9.95
2023,8,19393,WN,14747,13796,SEA,OAK,184,0,0,0,184,0,54,14,2302.0,0.0,0.0,0.29347826086956524,0.07608695652173914,12.51086956521739
2023,8,19393,WN,14747,14107,SEA,PHX,70,2,0,0,68,0,26,2,644.0,0.02857142857142857,0.0,0.38235294117647056,0.029411764705882353,9.470588235294118
2023,8,19393,WN,14747,15016,SEA,STL,4,0,0,0,4,0,0,0,-20.0,0.0,0.0,0.0,0.0,-5.0
2023,8,19393,WN,14771,11292,SFO,DEN,143,0,0,0,143,0,44,10,2133.0,0.0,0.0,0.3076923076923077,0.06993006993006994,14.916083916083917
2023,8,19393,WN,14771,12889,SFO,LAS,122,4,0,0,118,0,37,11,1650.0,0.03278688524590164,0.0,0.3135593220338983,0.09322033898305085,13.983050847457626
2023,8,19393,WN,14771,12892,SFO,LAX,151,1,0,0,150,0,43,7,1452.0,0.006622516556291391,0.0,0.2866666666666667,0.04666666666666667,9.68
2023,8,19393,WN,14771,13232,SFO,MDW,4,0,0,0,4,0,0,0,-2.0,0.0,0.0,0.0,0.0,-0.5
2023,8,19393,WN,14771,14107,SFO,PHX,81,0,0,0,81,0,27,10,1258.0,0.0,0.0,0.3333333333333333,0.12345679012345678,15.530864197530864
2023,8,19393,WN,14771,14679,SFO,SAN,132,5,0,0,127,0,29,6,1195.0,0.03787878787878788,0.0,0.2283464566929134,0.047244094488188976,9.409448818897637
2023,8,19393,WN,14869,10821,SLC,BWI,8,0,0,0,8,0,2,0,32.0,0.0,0.0,0.25,0.0,4.0
2023,8,19393,WN,14869,11292,SLC,DEN,261,4,1,0,256,0,82,26,3011.0,0.01532567049808429,0.0038314176245210726,0.3203125,0.1015625,11.76171875
2023,8,19393,WN,14869,12889,SLC,LAS,149,2,0,0,147,0,25,6,592.0,0.013422818791946308,0.0,0.17006802721088435,0.04081632653061224,4.0272108843537415
2023,8,19393,WN,14869,12892,SLC,LAX,31,0,0,0,31,0,8,1,227.0,0.0,0.0,0.25806451612903225,0.03225806451612903,7.32258064516129
2023,8,19393,WN,14869,13232,SLC,MDW,62,1,0,0,61,0,11,0,-30.0,0.016129032258064516,0.0,0.18032786885245902,0.0,-0.4918032786885246
2023,8,19393,WN,14869,13796,SLC,OAK,85,0,0,0,85,0,17,2,402.0,0.0,0.0,0.2,0.023529411764705882,4.729411764705882
2023,8,19393,WN,14869,14107,SLC,PHX,145,1,2,0,142,0,30,4,658.0,0.006896551724137931,0.013793103448275862,0.2112676056338028,0.028169014084507043,4.633802816901408
2023,8,19393,WN,14869,14679,SLC,SAN,33,1,0,0,32,0,6,1,424.0,0.030303030303030304,0.0,0.1875,0.03125,13.25
2023,8,19393,WN,14869,15016,SLC,STL,8,0,0,0,8,0,2,0,27.0,0.0,0.0,0.25,0.0,3.375
2023,8,19393,WN,15016,10397,STL,ATL,116,0,0,0,116,0,23,5,638.0,0.0,0.0,0.19827586206896552,0.04310344827586207,5.5
2023,8,19393,WN,15016,10721,STL,BOS,93,0,0,0,93,0,33,9,1725.0,0.0,0.0,0.3548387096774194,0.0967741935483871,18.548387096774192
2023,8,19393,WN,15016,10821,STL,BWI,122,1,0,0,121,0,24,5,750.0,0.00819672131147541,0.0,0.19834710743801653,0.04132231404958678,6.198347107438017
2023,8,19393,WN,15016,11278,STL,DCA,120,2,0,0,118,0,29,2,508.0,0.016666666666666666,0.0,0.2457627118644068,0.01694915254237288,4.305084745762712
2023,8,19393,WN,15016,11292,STL,DEN,211,0,0,0,211,0,65,21,2837.0,0.0,0.0,0.3080568720379147,0.0995260663507109,13.445497630331754
2023,8,19393,WN,15016,11433,STL,DTW,56,0,0,0,56,0,15,2,252.0,0.0,0.0,0.26785714285714285,0.03571428571428571,4.5
2023,8,19393,WN,15016,11697,STL,FLL,43,0,2,0,41,0,15,1,539.0,0.0,0.046511627906976744,0.36585365853658536,0.024390243902439025,13.146341463414634
2023,8,19393,WN,15016,12889,STL,LAS,149,5,1,0,143,0,41,7,1445.0,0.03355704697986577,0.006711409395973154,0.2867132867132867,0.04895104895104895,10.104895104895105
2023,8,19393,WN,15016,12892,STL,LAX,70,0,0,0,70,0,18,1,610.0,0.0,0.0,0.2571428571428571,0.014285714285714285,8.714285714285714
2023,8,19393,WN,15016,12953,STL,LGA,141,1,0,0,140,0,29,4,540.0,0.0070921985815602835,0.0,0.20714285714285716,0.02857142857142857,3.857142857142857
2023,8,19393,WN,15016,13204,STL,MCO,138,1,0,0,137,0,35,5,623.0,0.007246376811594203,0.0,0.25547445255474455,0.0364963503649635,4.547445255474453
2023,8,19393,WN,15016,13232,STL,MDW,209,3,0,0,206,0,48,12,1245.0,0.014354066985645933,0.0,0.23300970873786409,0.05825242718446602,6.043689320388349
2023,8,19393,WN,15016,13303,STL,MIA,10,0,0,0,10,0,1,0,-13.0,0.0,0.0,0.1,0.0,-1.3
2023,8,19393,WN,15016,13487,STL,MSP,56,0,0,0,56,0,15,3,678.0,0.0,0.0,0.26785714285714285,0.05357142857142857,12.107142857142858
2023,8,19393,WN,15016,13796,STL,OAK,31,0,0,0,31,0,11,1,378.0,0.0,0.0,0.3548387096774194,0.03225806451612903,12.193548387096774
2023,8,19393,WN,15016,14100,STL,PHL,58,0,0,0,58,0,10,1,87.0,0.0,0.0,0.1724137931034483,0.017241379310344827,1.5
2023,8,19393,WN,15016,14107,STL,PHX,82,2,1,0,79,0,31,1,843.0,0.024390243902439025,0.012195121951219513,0.3924050632911392,0.012658227848101266,10.670886075949367
2023,8,19393,WN,15016,14635,STL,RSW,47,1,0,0,46,0,5,0,49.0,0.02127659574468085,0.0,0.10869565217391304,0.0,1.065217391304348
2023,8,19393,WN,15016,14679,STL,SAN,47,1,0,0,46,0,15,5,626.0,0.02127659574468085,0.0,0.32608695652173914,0.10869565217391304,13.608695652173912
2023,8,19393,WN,15016,14747,STL,SEA,4,0,0,0,4,0,1,0,11.0,0.0,0.0,0.25,0.0,2.75
2023,8,19393,WN,15016,14869,STL,SLC,8,0,0,0,8,0,2,0,60.0,0.0,0.0,0.25,0.0,7.5
2023,8,19393,WN,15016,15304,STL,TPA,72,4,0,0,68,0,16,0,380.0,0.05555555555555555,0.0,0.23529411764705882,0.0,5.588235294117647
2023,8,19393,WN,15304,10397,TPA,ATL,125,9,0,0,116,0,30,17,1740.0,0.072,0.0,0.25862068965517243,0.14655172413793102,15.0
2023,8,19393,WN,15304,10821,TPA,BWI,206,14,0,0,192,0,46,11,1685.0,0.06796116504854369,0.0,0.23958333333333334,0.057291666666666664,8.776041666666666
2023,8,19393,WN,15304,11278,TPA,DCA,66,5,0,0,61,0,8,3,351.0,0.07575757575757576,0.0,0.13114754098360656,0.04918032786885246,5.754098360655738
2023,8,19393,WN,15304,11292,TPA,DEN,103,7,1,0,95,0,23,6,623.0,0.06796116504854369,0.009708737864077669,0.24210526315789474,0.06315789473684211,6.557894736842106
2023,8,19393,WN,15304,11697,TPA,FLL,43,2,0,0,41,0,10,5,309.0,0.046511627906976744,0.0,0.24390243902439024,0.12195121951219512,7.536585365853658
2023,8,19393,WN,15304,12889,TPA,LAS,10,1,0,0,9,0,1,0,12.0,0.1,0.0,0.1111111111111111,0.0,1.3333333333333333
2023,8,19393,WN,15304,12953,TPA,LGA,33,2,0,0,31,0,4,2,316.0,0.06060606060606061,0.0,0.12903225806451613,0.06451612903225806,10.193548387096774
2023,8,19393,WN,15304,13232,TPA,MDW,115,6,0,0,109,0,32,7,1101.0,0.05217391304347826,0.0,0.29357798165137616,0.06422018348623854,10.100917431192661
2023,8,19393,WN,15304,13930,TPA,ORD,35,2,1,0,32,0,8,3,515.0,0.05714285714285714,0.02857142857142857,0.25,0.09375,16.09375
2023,8,19393,WN,15304,14100,TPA,PHL,8,0,0,0,8,0,0,0,-60.0,0.0,0.0,0.0,0.0,-7.5
2023,8,19393,WN,15304,14107,TPA,PHX,31,2,0,0,29,0,1,0,-290.0,0.06451612903225806,0.0,0.034482758620689655,0.0,-10.0
2023,8,19393,WN,15304,15016,TPA,STL,72,4,0,0,68,0,20,4,699.0,0.05555555555555555,0.0,0.29411764705882354,0.058823529411764705,10.279411764705882
2023,8,19690,HA,10721,12173,BOS,HNL,22,0,0,0,22,0,11,2,997.0,0.0,0.0,0.5,0.09090909090909091,45.31818181818182
2023,8,19690,HA,12173,10721,HNL,BOS,20,0,0,0,20,0,7,0,181.0,0.0,0.0,0.35,0.0,9.05
2023,8,19690,HA,12173,12478,HNL,JFK,31,0,0,0,31,0,9,0,239.0,0.0,0.0,0.2903225806451613,0.0,7.709677419354839
2023,8,19690,HA,12173,12889,HNL,LAS,84,0,0,0,84,0,20,11,1235.0,0.0,0.0,0.23809523809523808,0.13095238095238096,14.702380952380953
2023,8,19690,HA,12173,12892,HNL,LAX,95,4,0,0,91,0,28,10,1744.0,0.042105263157894736,0.0,0.3076923076923077,0.10989010989010989,19.164835164835164
2023,8,19690,HA,12173,13796,HNL,OAK,36,5,0,0,31,0,6,0,-38.0,0.1388888888888889,0.0,0.1935483870967742,0.0,-1.2258064516129032
2023,8,19690,HA,12173,14107,HNL,PHX,31,0,1,0,30,0,15,10,4032.0,0.0,0.03225806451612903,0.5,0.3333333333333333,134.4
2023,8,19690,HA,12173,14679,HNL,SAN,31,1,0,0,30,0,2,1,41.0,0.03225806451612903,0.0,0.06666666666666667,0.03333333333333333,1.3666666666666667
2023,8,19690,HA,12173,14747,HNL,SEA,31,0,0,0,31,0,15,1,498.0,0.0,0.0,0.4838709677419355,0.03225806451612903,16.06451612903226
2023,8,19690,HA,12173,14771,HNL,SFO,33,4,0,0,29,0,11,1,465.0,0.12121212121212122,0.0,0.3793103448275862,0.034482758620689655,16.03448275862069
2023,8,19690,HA,12478,12173,JFK,HNL,31,0,0,0,31,0,10,1,167.0,0.0,0.0,0.3225806451612903,0.03225806451612903,5.387096774193548
2023,8,19690,HA,12889,12173,LAS,HNL,83,0,0,0,83,0,31,12,2176.0,0.0,0.0,0.37349397590361444,0.14457831325301204,26.216867469879517
2023,8,19690,HA,12892,12173,LAX,HNL,94,4,0,0,90,0,42,15,2586.0,0.0425531914893617,0.0,0.4666666666666667,0.16666666666666666,28.733333333333334
2023,8,19690,HA,13796,12173,OAK,HNL,36,5,0,0,31,0,12,2,751.0,0.1388888888888889,0.0,0.3870967741935484,0.06451612903225806,24.225806451612904
2023,8,19690,HA,14107,12173,PHX,HNL,31,0,0,0,31,0,15,5,1364.0,0.0,0.0,0.4838709677419355,0.16129032258064516,44.0
2023,8,19690,HA,14679,12173,SAN,HNL,31,1,0,0,30,0,12,2,519.0,0.03225806451612903,0.0,0.4,0.06666666666666667,17.3
2023,8,19690,HA,14747,12173,SEA,HNL,31,0,0,0,31,0,9,1,313.0,0.0,0.0,0.2903225806451613,0.03225806451612903,10.096774193548388
2023,8,19690,HA,14771,12173,SFO,HNL,33,4,0,0,29,0,14,3,904.0,0.12121212121212122,0.0,0.4827586206896552,0.10344827586206896,31.17241379310345
2023,8,19790,DL,10397,10721,ATL,BOS,324,4,0,0,320,0,66,21,1075.0,0.012345679012345678,0.0,0.20625,0.065625,3.359375
2023,8,19790,DL,10397,10821,ATL,BWI,254,5,0,0,249,0,61,25,3887.0,0.01968503937007874,0.0,0.24497991967871485,0.10040160642570281,15.610441767068274
2023,8,19790,DL,10397,11278,ATL,DCA,329,7,5,0,317,0,91,30,3259.0,0.02127659574468085,0.015197568389057751,0.2870662460567823,0.0946372239747634,10.280757097791797
2023,8,19790,DL,10397,11292,ATL,DEN,261,4,0,0,257,0,71,22,2142.0,0.01532567049808429,0.0,0.27626459143968873,0.08560311284046693,8.334630350194553
2023,8,19790,DL,10397,11298,ATL,DFW,248,7,0,0,241,0,63,19,2882.0,0.028225806451612902,0.0,0.26141078838174275,0.07883817427385892,11.95850622406639
2023,8,19790,DL,10397,11433,ATL,DTW,321,6,2,0,313,0,73,23,3686.0,0.018691588785046728,0.006230529595015576,0.23322683706070288,0.07348242811501597,11.776357827476039
2023,8,19790,DL,10397,11618,ATL,EWR,253,5,0,0,248,0,54,19,1860.0,0.019762845849802372,0.0,0.21774193548387097,0.07661290322580645,7.5
2023,8,19790,DL,10397,11697,ATL,FLL,329,3,3,0,323,0,101,39,3950.0,0.00911854103343465,0.00911854103343465,0.3126934984520124,0.12074303405572756,12.229102167182663
2023,8,19790,DL,10397,12173,ATL,HNL,31,0,0,0,31,0,7,2,504.0,0.0,0.0,0.22580645161290322,0.06451612903225806,16.258064516129032
2023,8,19790,DL,10397,12266,ATL,IAH,203,5,1,0,197,0,56,18,3107.0,0.024630541871921183,0.0049261083743842365,0.28426395939086296,0.09137055837563451,15.771573604060913
2023,8,19790,DL,10397,12478,ATL,JFK,226,1,0,0,225,0,60,25,2576.0,0.004424778761061947,0.0,0.26666666666666666,0.1111111111111111,11.448888888888888
2023,8,19790,DL,10397,12889,ATL,LAS,256,4,1,0,251,0,74,21,2804.0,0.015625,0.00390625,0.2948207171314741,0.08366533864541832,11.171314741035857
2023,8,19790,DL,10397,12892,ATL,LAX,380,6,0,0,374,0,107,32,3637.0,0.015789473684210527,0.0,0.28609625668449196,0.0855614973262032,9.724598930481283
2023,8,19790,DL,10397,12953,ATL,LGA,375,6,0,0,369,0,76,16,519.0,0.016,0.0,0.20596205962059622,0.04336043360433604,1.4065040650406504
2023,8,19790,DL,10397,13204,ATL,MCO,447,7,3,0,437,0,130,53,7852.0,0.015659955257270694,0.006711409395973154,0.2974828375286041,0.12128146453089245,17.96796338672769
2023,8,19790,DL,10397,13232,ATL,MDW,120,4,1,0,115,0,30,11,1311.0,0.03333333333333333,0.008333333333333333,0.2608695652173913,0.09565217391304348,11.4
2023,8,19790,DL,10397,13303,ATL,MIA,233,2,4,0,227,0,83,27,4903.0,0.008583690987124463,0.017167381974248927,0.3656387665198238,0.11894273127753303,21.599118942731277
2023,8,19790,DL,10397,13487,ATL,MSP,281,0,0,0,281,0,64,20,1993.0,0.0,0.0,0.2277580071174377,0.0711743772241993,7.092526690391459
2023,8,19790,DL,10397,13930,ATL,ORD,201,4,2,0,195,0,79,28,4238.0,0.01990049751243781,0.009950248756218905,0.40512820512820513,0.14358974358974358,21.733333333333334
2023,8,19790,DL,10397,14100,ATL,PHL,246,8,1,0,237,0,59,19,1749.0,0.032520325203252036,0.0040650406504065045,0.2489451476793249,0.08016877637130802,7.379746835443038
2023,8,19790,DL,10397,14107,ATL,PHX,182,4,1,0,177,0,37,11,1016.0,0.02197802197802198,0.005494505494505495,0.20903954802259886,0.062146892655367235,5.740112994350283
2023,8,19790,DL,10397,14635,ATL,RSW,212,9,1,0,202,0,45,18,1335.0,0.04245283018867924,0.0047169811320754715,0.22277227722772278,0.0891089108910891,6.608910891089109
2023,8,19790,DL,10397,14679,ATL,SAN,193,5,2,0,186,0,49,15,1544.0,0.025906735751295335,0.010362694300518135,0.26344086021505375,0.08064516129032258,8.301075268817204
2023,8,19790,DL,10397,14747,ATL,SEA,256,5,1,0,250,0,45,13,465.0,0.01953125,0.00390625,0.18,0.052,1.86
2023,8,19790,DL,10397,14771,ATL,SFO,215,7,0,0,208,0,34,10,52.0,0.03255813953488372,0.0,0.16346153846153846,0.04807692307692308,0.25
2023,8,19790,DL,10397,14869,ATL,SLC,280,3,0,0,277,0,60,22,1115.0,0.010714285714285714,0.0,0.21660649819494585,0.07942238267148015,4.025270758122744
2023,8,19790,DL,10397,15016,ATL,STL,195,2,0,0,193,0,41,11,974.0,0.010256410256410256,0.0,0.21243523316062177,0.05699481865284974,5.046632124352332
2023,8,19790,DL,10397,15304,ATL,TPA,356,30,0,0,326,0,94,39,5163.0,0.08426966292134831,0.0,0.2883435582822086,0.1196319018404908,15.837423312883436
2023,8,19790,DL,10721,10397,BOS,ATL,323,3,2,0,318,0,70,30,4026.0,0.009287925696594427,0.006191950464396285,0.22012578616352202,0.09433962264150944,12.660377358490566
2023,8,19790,DL,10721,11292,BOS,DEN,48,0,0,0,48,0,22,6,896.0,0.0,0.0,0.4583333333333333,0.125,18.666666666666668
2023,8,19790,DL,10721,11298,BOS,DFW,62,2,1,0,59,0,12,0,-218.0,0.03225806451612903,0.016129032258064516,0.2033898305084746,0.0,-3.694915254237288
2023,8,19790,DL,10721,11433,BOS,DTW,151,1,0,0,150,0,32,14,1691.0,0.006622516556291391,0.0,0.21333333333333335,0.09333333333333334,11.273333333333333
2023,8,19790,DL,10721,11697,BOS,FLL,62,0,1,0,61,0,12,5,-233.0,0.0,0.016129032258064516,0.19672131147540983,0.08196721311475409,-3.819672131147541
2023,8,19790,DL,10721,12478,BOS,JFK,31,0,0,0,31,0,1,1,747.0,0.0,0.0,0.03225806451612903,0.03225806451612903,24.096774193548388
2023,8,19790,DL,10721,12889,BOS,LAS,48,1,0,0,47,0,7,3,-150.0,0.020833333333333332,0.0,0.14893617021276595,0.06382978723404255,-3.1914893617021276
2023,8,19790,DL,10721,12892,BOS,LAX,104,2,0,0,102,0,23,5,471.0,0.019230769230769232,0.0,0.22549019607843138,0.049019607843137254,4.617647058823529
2023,8,19790,DL,10721,12953,BOS,LGA,77,1,0,0,76,0,9,5,-171.0,0.012987012987012988,0.0,0.11842105263157894,0.06578947368421052,-2.25
2023,8,19790,DL,10721,13204,BOS,MCO,93,0,0,0,93,0,24,9,283.0,0.0,0.0,0.25806451612903225,0.0967741935483871,3.043010752688172
2023,8,19790,DL,10721,13303,BOS,MIA,62,0,1,0,61,0,17,8,675.0,0.0,0.016129032258064516,0.2786885245901639,0.13114754098360656,11.065573770491802
2023,8,19790,DL,10721,13487,BOS,MSP,182,0,0,0,182,0,32,9,22.0,0.0,0.0,0.17582417582417584,0.04945054945054945,0.12087912087912088
2023,8,19790,DL,10721,13930,BOS,ORD,81,1,1,0,79,0,31,14,2390.0,0.012345679012345678,0.012345679012345678,0.3924050632911392,0.17721518987341772,30.253164556962027
2023,8,19790,DL,10721,14107,BOS,PHX,31,0,1,0,30,0,6,3,-96.0,0.0,0.03225806451612903,0.2,0.1,-3.2
2023,8,19790,DL,10721,14635,BOS,RSW,31,1,0,0,30,0,6,3,340.0,0.03225806451612903,0.0,0.2,0.1,11.333333333333334
2023,8,19790,DL,10721,14679,BOS,SAN,31,0,0,0,31,0,13,2,420.0,0.0,0.0,0.41935483870967744,0.06451612903225806,13.548387096774194
2023,8,19790,DL,10721,14747,BOS,SEA,93,0,0,0,93,0,15,6,122.0,0.0,0.0,0.16129032258064516,0.06451612903225806,1.3118279569892473
2023,8,19790,DL,10721,14771,BOS,SFO,62,0,0,0,62,0,16,5,320.0,0.0,0.0,0.25806451612903225,0.08064516129032258,5.161290322580645
2023,8,19790,DL,10721,14869,BOS,SLC,101,0,1,0,100,0,14,7,46.0,0.0,0.009900990099009901,0.14,0.07,0.46
2023,8,19790,DL,10721,15304,BOS,TPA,79,5,0,0,74,0,17,8,383.0,0.06329113924050633,0.0,0.22972972972972974,0.10810810810810811,5.175675675675675
2023,8,19790,DL,10821,10397,BWI,ATL,254,5,0,0,249,0,47,21,3176.0,0.01968503937007874,0.0,0.18875502008032127,0.08433734939759036,12.755020080321286
2023,8,19790,DL,10821,11433,BWI,DTW,89,1,0,0,88,0,20,11,1374.0,0.011235955056179775,0.0,0.22727272727272727,0.125,15.613636363636363
2023,8,19790,DL,10821,13487,BWI,MSP,92,0,0,0,92,0,15,5,505.0,0.0,0.0,0.16304347826086957,0.05434782608695652,5.489130434782608
2023,8,19790,DL,10821,14869,BWI,SLC,31,0,0,0,31,0,5,1,-42.0,0.0,0.0,0.16129032258064516,0.03225806451612903,-1.3548387096774193
2023,8,19790,DL,11278,10397,DCA,ATL,329,7,2,0,320,0,76,31,3528.0,0.02127659574468085,0.0060790273556231,0.2375,0.096875,11.025
2023,8,19790,DL,11278,11433,DCA,DTW,151,5,1,0,145,0,30,14,1268.0,0.033112582781456956,0.006622516556291391,0.20689655172413793,0.09655172413793103,8.744827586206897
2023,8,19790,DL,11278,12892,DCA,LAX,31,1,1,0,29,0,4,2,-137.0,0.03225806451612903,0.03225806451612903,0.13793103448275862,0.06896551724137931,-4.724137931034483
2023,8,19790,DL,11278,13487,DCA,MSP,155,1,0,0,154,0,30,16,1500.0,0.0064516129032258064,0.0,0.19480519480519481,0.1038961038961039,9.74025974025974
2023,8,19790,DL,11278,14869,DCA,SLC,31,0,0,0,31,0,5,3,-76.0,0.0,0.0,0.16129032258064516,0.0967741935483871,-2.4516129032258065
2023,8,19790,DL,11292,10397,DEN,ATL,261,4,2,0,255,0,44,10,504.0,0.01532567049808429,0.007662835249042145,0.17254901960784313,0.0392156862745098,1.9764705882352942
2023,8,19790,DL,11292,10721,DEN,BOS,48,0,0,0,48,0,16,5,959.0,0.0,0.0,0.3333333333333333,0.10416666666666667,19.979166666666668
2023,8,19790,DL,11292,11433,DEN,DTW,120,1,1,0,118,0,16,7,412.0,0.008333333333333333,0.008333333333333333,0.13559322033898305,0.059322033898305086,3.4915254237288136
2023,8,19790,DL,11292,12478,DEN,JFK,93,0,0,0,93,0,10,6,-1180.0,0.0,0.0,0.10752688172043011,0.06451612903225806,-12.688172043010752
2023,8,19790,DL,11292,12892,DEN,LAX,93,0,0,0,93,0,19,6,335.0,0.0,0.0,0.20430107526881722,0.06451612903225806,3.6021505376344085
2023,8,19790,DL,11292,12953,DEN,LGA,79,1,1,0,77,0,11,5,-453.0,0.012658227848101266,0.012658227848101266,0.14285714285714285,0.06493506493506493,-5.883116883116883
2023,8,19790,DL,11292,13487,DEN,MSP,169,0,1,0,168,0,24,8,996.0,0.0,0.005917159763313609,0.14285714285714285,0.047619047619047616,5.928571428571429
2023,8,19790,DL,11292,14747,DEN,SEA,93,1,0,0,92,0,13,6,-160.0,0.010752688172043012,0.0,0.14130434782608695,0.06521739130434782,-1.7391304347826086
2023,8,19790,DL,11292,14869,DEN,SLC,140,2,0,0,138,0,14,4,-662.0,0.014285714285714285,0.0,0.10144927536231885,0.028985507246376812,-4.797101449275362
2023,8,19790,DL,11298,10397,DFW,ATL,248,6,2,0,240,0,35,11,-20.0,0.024193548387096774,0.008064516129032258,0.14583333333333334,0.04583333333333333,-0.08333333333333333
2023,8,19790,DL,11298,10721,DFW,BOS,62,2,0,0,60,0,8,3,204.0,0.03225806451612903,0.0,0.13333333333333333,0.05,3.4
2023,8,19790,DL,11298,11433,DFW,DTW,124,4,2,0,118,0,28,13,1288.0,0.03225806451612903,0.016129032258064516,0.23728813559322035,0.11016949152542373,10.915254237288135
2023,8,19790,DL,11298,12478,DFW,JFK,62,1,0,0,61,0,7,3,-622.0,0.016129032258064516,0.0,0.11475409836065574,0.04918032786885246,-10.19672131147541
2023,8,19790,DL,11298,12892,DFW,LAX,62,1,0,0,61,0,15,7,956.0,0.016129032258064516,0.0,0.2459016393442623,0.11475409836065574,15.672131147540984
2023,8,19790,DL,11298,12953,DFW,LGA,143,0,1,0,142,0,10,4,-2129.0,0.0,0.006993006993006993,0.07042253521126761,0.028169014084507043,-14.992957746478874
2023,8,19790,DL,11298,13487,DFW,MSP,124,1,0,0,123,0,16,5,-587.0,0.008064516129032258,0.0,0.13008130081300814,0.04065040650406504,-4.772357723577236
2023,8,19790,DL,11298,14869,DFW,SLC,128,0,2,0,126,0,14,6,-361.0,0.0,0.015625,0.1111111111111111,0.047619047619047616,-2.865079365079365
2023,8,19790,DL,11433,10397,DTW,ATL,321,7,2,0,312,0,63,28,4488.0,0.021806853582554516,0.006230529595015576,0.20192307692307693,0.08974358974358974,14.384615384615385
2023,8,19790,DL,11433,10721,DTW,BOS,151,1,0,0,150,0,42,14,1759.0,0.006622516556291391,0.0,0.28,0.09333333333333334,11.726666666666667
2023,8,19790,DL,11433,10821,DTW,BWI,89,1,0,0,88,0,28,13,1567.0,0.011235955056179775,0.0,0.3181818181818182,0.14772727272727273,17.806818181818183
2023,8,19790,DL,11433,11278,DTW,DCA,151,5,0,0,146,0,44,18,2154.0,0.033112582781456956,0.0,0.3013698630136986,0.1232876712328767,14.753424657534246
2023,8,19790,DL,11433,11292,DTW,DEN,120,0,0,0,120,0,31,12,1022.0,0.0,0.0,0.25833333333333336,0.1,8.516666666666667
2023,8,19790,DL,11433,11298,DTW,DFW,124,4,1,0,119,0,40,21,2605.0,0.03225806451612903,0.008064516129032258,0.33613445378151263,0.17647058823529413,21.89075630252101
2023,8,19790,DL,11433,11618,DTW,EWR,151,5,0,0,146,0,29,14,921.0,0.033112582781456956,0.0,0.19863013698630136,0.0958904109589041,6.308219178082192
2023,8,19790,DL,11433,11697,DTW,FLL,116,2,1,0,113,0,34,15,1769.0,0.017241379310344827,0.008620689655172414,0.3008849557522124,0.13274336283185842,15.654867256637168
2023,8,19790,DL,11433,12173,DTW,HNL,22,0,0,0,22,0,3,1,113.0,0.0,0.0,0.13636363636363635,0.045454545454545456,5.136363636363637
2023,8,19790,DL,11433,12266,DTW,IAH,120,3,0,0,117,0,27,16,2929.0,0.025,0.0,0.23076923076923078,0.13675213675213677,25.034188034188034
2023,8,19790,DL,11433,12478,DTW,JFK,31,0,0,0,31,0,4,3,49.0,0.0,0.0,0.12903225806451613,0.0967741935483871,1.5806451612903225
2023,8,19790,DL,11433,12889,DTW,LAS,171,1,0,0,170,0,41,20,2059.0,0.005847953216374269,0.0,0.2411764705882353,0.11764705882352941,12.111764705882353
2023,8,19790,DL,11433,12892,DTW,LAX,181,3,0,0,178,0,40,17,1834.0,0.016574585635359115,0.0,0.2247191011235955,0.09550561797752809,10.303370786516854
2023,8,19790,DL,11433,12953,DTW,LGA,178,5,1,0,172,0,36,16,807.0,0.028089887640449437,0.0056179775280898875,0.20930232558139536,0.09302325581395349,4.691860465116279
2023,8,19790,DL,11433,13204,DTW,MCO,186,0,2,0,184,0,48,16,1767.0,0.0,0.010752688172043012,0.2608695652173913,0.08695652173913043,9.603260869565217
2023,8,19790,DL,11433,13303,DTW,MIA,62,1,0,0,61,0,22,11,1576.0,0.016129032258064516,0.0,0.36065573770491804,0.18032786885245902,25.83606557377049
2023,8,19790,DL,11433,13487,DTW,MSP,172,4,0,0,168,0,35,8,824.0,0.023255813953488372,0.0,0.20833333333333334,0.047619047619047616,4.904761904761905
2023,8,19790,DL,11433,13930,DTW,ORD,178,4,2,0,172,0,33,17,1117.0,0.02247191011235955,0.011235955056179775,0.19186046511627908,0.09883720930232558,6.494186046511628
2023,8,19790,DL,11433,14100,DTW,PHL,149,3,0,0,146,0,22,13,748.0,0.020134228187919462,0.0,0.1506849315068493,0.08904109589041095,5.123287671232877
2023,8,19790,DL,11433,14107,DTW,PHX,110,3,1,0,106,0,28,11,1421.0,0.02727272727272727,0.00909090909090909,0.2641509433962264,0.10377358490566038,13.40566037735849
2023,8,19790,DL,11433,14635,DTW,RSW,62,2,0,0,60,0,8,5,53.0,0.03225806451612903,0.0,0.13333333333333333,0.08333333333333333,0.8833333333333333
2023,8,19790,DL,11433,14679,DTW,SAN,110,1,1,0,108,0,33,14,2769.0,0.00909090909090909,0.00909090909090909,0.3055555555555556,0.12962962962962962,25.63888888888889
2023,8,19790,DL,11433,14747,DTW,SEA,162,1,1,0,160,0,16,10,-1447.0,0.006172839506172839,0.006172839506172839,0.1,0.0625,-9.04375
2023,8,19790,DL,11433,14771,DTW,SFO,124,2,0,0,122,0,16,3,-860.0,0.016129032258064516,0.0,0.13114754098360656,0.02459016393442623,-7.049180327868853
2023,8,19790,DL,11433,14869,DTW,SLC,142,1,1,0,140,0,18,7,433.0,0.007042253521126761,0.007042253521126761,0.12857142857142856,0.05,3.092857142857143
2023,8,19790,DL,11433,15016,DTW,STL,119,3,1,0,115,0,20,8,978.0,0.025210084033613446,0.008403361344537815,0.17391304347826086,0.06956521739130435,8.504347826086956
2023,8,19790,DL,11433,15304,DTW,TPA,112,7,2,0,103,0,27,9,944.0,0.0625,0.017857142857142856,0.2621359223300971,0.08737864077669903,9.16504854368932
2023,8,19790,DL,11618,10397,EWR,ATL,253,5,1,0,247,0,48,19,2395.0,0.019762845849802372,0.003952569169960474,0.19433198380566802,0.07692307692307693,9.696356275303645
2023,8,19790,DL,11618,11433,EWR,DTW,151,5,0,0,146,0,21,11,146.0,0.033112582781456956,0.0,0.14383561643835616,0.07534246575342465,1.0
2023,8,19790,DL,11618,13487,EWR,MSP,120,1,0,0,119,0,19,9,439.0,0.008333333333333333,0.0,0.15966386554621848,0.07563025210084033,3.689075630252101
2023,8,19790,DL,11618,14869,EWR,SLC,62,0,0,0,62,0,10,3,-79.0,0.0,0.0,0.16129032258064516,0.04838709677419355,-1.2741935483870968
2023,8,19790,DL,11697,10397,FLL,ATL,329,3,3,0,323,0,85,41,5283.0,0.00911854103343465,0.00911854103343465,0.2631578947368421,0.12693498452012383,16.356037151702786
2023,8,19790,DL,11697,10721,FLL,BOS,62,0,1,0,61,0,17,13,1153.0,0.0,0.016129032258064516,0.2786885245901639,0.21311475409836064,18.901639344262296
2023,8,19790,DL,11697,11433,FLL,DTW,116,3,1,0,112,0,35,15,3077.0,0.02586206896551724,0.008620689655172414,0.3125,0.13392857142857142,27.473214285714285
2023,8,19790,DL,11697,12478,FLL,JFK,124,1,0,0,123,0,28,12,1460.0,0.008064516129032258,0.0,0.22764227642276422,0.0975609756097561,11.869918699186991
2023,8,19790,DL,11697,12892,FLL,LAX,31,0,0,0,31,0,3,0,-16.0,0.0,0.0,0.0967741935483871,0.0,-0.5161290322580645
2023,8,19790,DL,11697,12953,FLL,LGA,124,3,0,0,121,0,28,16,824.0,0.024193548387096774,0.0,0.23140495867768596,0.1322314049586777,6.809917355371901
2023,8,19790,DL,11697,13487,FLL,MSP,31,0,0,0,31,0,8,4,196.0,0.0,0.0,0.25806451612903225,0.12903225806451613,6.32258064516129
2023,8,19790,DL,11697,14747,FLL,SEA,31,0,0,0,31,0,11,5,18.0,0.0,0.0,0.3548387096774194,0.16129032258064516,0.5806451612903226
2023,8,19790,DL,11697,14869,FLL,SLC,31,1,0,0,30,0,1,1,-15.0,0.03225806451612903,0.0,0.03333333333333333,0.03333333333333333,-0.5
2023,8,19790,DL,12173,10397,HNL,ATL,31,1,0,0,30,0,7,4,387.0,0.03225806451612903,0.0,0.23333333333333334,0.13333333333333333,12.9
2023,8,19790,DL,12173,11433,HNL,DTW,22,0,0,0,22,0,2,1,-87.0,0.0,0.0,0.09090909090909091,0.045454545454545456,-3.9545454545454546
2023,8,19790,DL,12173,12478,HNL,JFK,21,0,0,0,21,0,1,1,-661.0,0.0,0.0,0.047619047619047616,0.047619047619047616,-31.476190476190474
2023,8,19790,DL,12173,12892,HNL,LAX,93,1,0,0,92,0,7,2,-790.0,0.010752688172043012,0.0,0.07608695652173914,0.021739130434782608,-8.58695652173913
2023,8,19790,DL,12173,13487,HNL,MSP,31,0,0,0,31,0,3,2,-199.0,0.0,0.0,0.0967741935483871,0.06451612903225806,-6.419354838709677
2023,8,19790,DL,12173,14747,HNL,SEA,62,1,0,0,61,0,4,0,-702.0,0.016129032258064516,0.0,0.06557377049180328,0.0,-11.508196721311476
2023,8,19790,DL,12173,14869,HNL,SLC,31,0,0,0,31,0,2,1,-353.0,0.0,0.0,0.06451612903225806,0.03225806451612903,-11.387096774193548
2023,8,19790,DL,12266,10397,IAH,ATL,203,5,0,0,198,0,39,17,1411.0,0.024630541871921183,0.0,0.19696969696969696,0.08585858585858586,7.126262626262626
2023,8,19790,DL,12266,11433,IAH,DTW,120,3,0,0,117,0,24,6,584.0,0.025,0.0,0.20512820512820512,0.05128205128205128,4.9914529914529915
2023,8,19790,DL,12266,12892,IAH,LAX,58,0,0,0,58,0,6,3,-432.0,0.0,0.0,0.10344827586206896,0.05172413793103448,-7.448275862068965
2023,8,19790,DL,12266,12953,IAH,LGA,112,2,1,0,109,0,17,10,886.0,0.017857142857142856,0.008928571428571428,0.1559633027522936,0.09174311926605505,8.128440366972477
2023,8,19790,DL,12266,13487,IAH,MSP,120,2,0,0,118,0,23,11,2479.0,0.016666666666666666,0.0,0.19491525423728814,0.09322033898305085,21.008474576271187
2023,8,19790,DL,12266,14869,IAH,SLC,93,0,0,0,93,0,12,6,363.0,0.0,0.0,0.12903225806451613,0.06451612903225806,3.903225806451613
2023,8,19790,DL,12478,10397,JFK,ATL,224,1,2,0,221,0,32,10,-1542.0,0.004464285714285714,0.008928571428571428,0.14479638009049775,0.04524886877828054,-6.97737556561086
2023,8,19790,DL,12478,10721,JFK,BOS,31,0,0,0,31,0,9,1,-98.0,0.0,0.0,0.2903225806451613,0.03225806451612903,-3.161290322580645
2023,8,19790,DL,12478,11292,JFK,DEN,93,0,1,0,92,0,12,6,-1218.0,0.0,0.010752688172043012,0.13043478260869565,0.06521739130434782,-13.23913043478261
2023,8,19790,DL,12478,11298,JFK,DFW,62,0,0,0,62,0,14,5,-83.0,0.0,0.0,0.22580645161290322,0.08064516129032258,-1.3387096774193548
2023,8,19790,DL,12478,11433,JFK,DTW,31,1,0,0,30,0,3,1,-234.0,0.03225806451612903,0.0,0.1,0.03333333333333333,-7.8
2023,8,19790,DL,12478,11697,JFK,FLL,124,1,0,0,123,0,29,12,-236.0,0.008064516129032258,0.0,0.23577235772357724,0.0975609756097561,-1.91869918699187
2023,8,19790,DL,12478,12173,JFK,HNL,21,0,0,0,21,0,2,1,-297.0,0.0,0.0,0.09523809523809523,0.047619047619047616,-14.142857142857142
2023,8,19790,DL,12478,12889,JFK,LAS,124,0,0,0,124,0,12,2,-1960.0,0.0,0.0,0.0967741935483871,0.016129032258064516,-15.806451612903226
2023,8,19790,DL,12478,12892,JFK,LAX,282,0,1,0,281,0,70,24,1622.0,0.0,0.0035460992907801418,0.2491103202846975,0.08540925266903915,5.772241992882562
2023,8,19790,DL,12478,13204,JFK,MCO,155,1,1,0,153,0,24,11,-898.0,0.0064516129032258064,0.0064516129032258064,0.1568627450980392,0.0718954248366013,-5.869281045751634
2023,8,19790,DL,12478,13303,JFK,MIA,124,0,1,0,123,0,26,11,323.0,0.0,0.008064516129032258,0.21138211382113822,0.08943089430894309,2.6260162601626016
2023,8,19790,DL,12478,13487,JFK,MSP,62,0,0,0,62,0,15,6,139.0,0.0,0.0,0.24193548387096775,0.0967741935483871,2.2419354838709675
2023,8,19790,DL,12478,14107,JFK,PHX,62,0,0,0,62,0,11,2,167.0,0.0,0.0,0.1774193548387097,0.03225806451612903,2.693548387096774
2023,8,19790,DL,12478,14635,JFK,RSW,31,1,0,0,30,0,0,0,-364.0,0.03225806451612903,0.0,0.0,0.0,-12.133333333333333
2023,8,19790,DL,12478,14679,JFK,SAN,79,0,0,0,79,0,12,5,-1038.0,0.0,0.0,0.1518987341772152,0.06329113924050633,-13.139240506329115
2023,8,19790,DL,12478,14747,JFK,SEA,110,0,0,0,110,0,13,7,-1081.0,0.0,0.0,0.11818181818181818,0.06363636363636363,-9.827272727272728
2023,8,19790,DL,12478,14771,JFK,SFO,202,0,0,0,202,0,26,11,-3869.0,0.0,0.0,0.12871287128712872,0.054455445544554455,-19.153465346534652
2023,8,19790,DL,12478,14869,JFK,SLC,124,0,0,0,124,0,9,4,-1989.0,0.0,0.0,0.07258064516129033,0.03225806451612903,-16.04032258064516
2023,8,19790,DL,12478,15304,JFK,TPA,93,6,0,0,87,0,13,5,-285.0,0.06451612903225806,0.0,0.14942528735632185,0.05747126436781609,-3.2758620689655173
2023,8,19790,DL,12889,10397,LAS,ATL,256,4,3,0,249,0,44,19,1525.0,0.015625,0.01171875,0.17670682730923695,0.07630522088353414,6.124497991967871
2023,8,19790,DL,12889,10721,LAS,BOS,48,1,0,0,47,0,9,2,-79.0,0.020833333333333332,0.0,0.19148936170212766,0.0425531914893617,-1.6808510638297873
2023,8,19790,DL,12889,11433,LAS,DTW,171,1,2,0,168,0,26,15,699.0,0.005847953216374269,0.011695906432748537,0.15476190476190477,0.08928571428571429,4.160714285714286
2023,8,19790,DL,12889,12478,LAS,JFK,124,0,1,0,123,0,11,4,-2040.0,0.0,0.008064516129032258,0.08943089430894309,0.032520325203252036,-16.585365853658537
2023,8,19790,DL,12889,12892,LAS,LAX,152,0,0,0,152,0,35,17,5206.0,0.0,0.0,0.23026315789473684,0.1118421052631579,34.25
2023,8,19790,DL,12889,13487,LAS,MSP,203,1,1,0,201,0,30,11,42.0,0.0049261083743842365,0.0049261083743842365,0.14925373134328357,0.05472636815920398,0.208955223880597
2023,8,19790,DL,12889,14747,LAS,SEA,148,0,0,0,148,0,17,7,-824.0,0.0,0.0,0.11486486486486487,0.0472972972972973,-5.5675675675675675
2023,8,19790,DL,12889,14869,LAS,SLC,155,2,0,0,153,0,28,15,905.0,0.012903225806451613,0.0,0.1830065359477124,0.09803921568627451,5.915032679738562
2023,8,19790,DL,12892,10397,LAX,ATL,380,6,5,0,369,0,75,21,1771.0,0.015789473684210527,0.013157894736842105,0.2032520325203252,0.056910569105691054,4.799457994579946
2023,8,19790,DL,12892,10721,LAX,BOS,104,2,0,0,102,0,11,6,-785.0,0.019230769230769232,0.0,0.10784313725490197,0.058823529411764705,-7.696078431372549
2023,8,19790,DL,12892,11278,LAX,DCA,31,1,0,0,30,0,3,1,-530.0,0.03225806451612903,0.0,0.1,0.03333333333333333,-17.666666666666668
2023,8,19790,DL,12892,11292,LAX,DEN,93,0,0,0,93,0,38,17,2225.0,0.0,0.0,0.40860215053763443,0.1827956989247312,23.9247311827957
2023,8,19790,DL,12892,11298,LAX,DFW,62,1,1,0,60,0,21,8,1271.0,0.016129032258064516,0.016129032258064516,0.35,0.13333333333333333,21.183333333333334
2023,8,19790,DL,12892,11433,LAX,DTW,181,3,0,0,178,0,26,9,255.0,0.016574585635359115,0.0,0.14606741573033707,0.05056179775280899,1.4325842696629214
2023,8,19790,DL,12892,11697,LAX,FLL,31,0,0,0,31,0,3,0,-210.0,0.0,0.0,0.0967741935483871,0.0,-6.774193548387097
2023,8,19790,DL,12892,12173,LAX,HNL,93,0,0,0,93,0,30,10,1820.0,0.0,0.0,0.3225806451612903,0.10752688172043011,19.56989247311828
2023,8,19790,DL,12892,12266,LAX,IAH,58,0,0,0,58,0,14,5,368.0,0.0,0.0,0.2413793103448276,0.08620689655172414,6.344827586206897
2023,8,19790,DL,12892,12478,LAX,JFK,281,0,1,0,280,0,65,21,4221.0,0.0,0.0035587188612099642,0.23214285714285715,0.075,15.075
2023,8,19790,DL,12892,12889,LAX,LAS,152,0,1,0,151,0,27,9,715.0,0.0,0.006578947368421052,0.17880794701986755,0.059602649006622516,4.735099337748345
2023,8,19790,DL,12892,13204,LAX,MCO,122,0,1,0,121,0,14,4,-1151.0,0.0,0.00819672131147541,0.11570247933884298,0.03305785123966942,-9.512396694214877
2023,8,19790,DL,12892,13303,LAX,MIA,31,0,0,0,31,0,9,2,7.0,0.0,0.0,0.2903225806451613,0.06451612903225806,0.22580645161290322
2023,8,19790,DL,12892,13487,LAX,MSP,235,2,0,0,233,0,32,8,-876.0,0.00851063829787234,0.0,0.13733905579399142,0.034334763948497854,-3.759656652360515
2023,8,19790,DL,12892,14747,LAX,SEA,198,0,1,0,197,0,22,5,-1527.0,0.0,0.005050505050505051,0.1116751269035533,0.025380710659898477,-7.751269035532995
2023,8,19790,DL,12892,14771,LAX,SFO,199,1,0,0,198,0,48,18,2099.0,0.005025125628140704,0.0,0.24242424242424243,0.09090909090909091,10.6010101010101
2023,8,19790,DL,12892,14869,LAX,SLC,217,0,0,0,217,0,27,10,-869.0,0.0,0.0,0.12442396313364056,0.04608294930875576,-4.0046082949308754
2023,8,19790,DL,12892,15304,LAX,TPA,58,3,1,0,54,0,8,2,-184.0,0.05172413793103448,0.017241379310344827,0.14814814814814814,0.037037037037037035,-3.4074074074074074
2023,8,19790,DL,12953,10397,LGA,ATL,375,6,3,0,366,0,60,16,-2102.0,0.016,0.008,0.16393442622950818,0.04371584699453552,-5.743169398907104
2023,8,19790,DL,12953,10721,LGA,BOS,77,1,0,0,76,0,26,10,867.0,0.012987012987012988,0.0,0.34210526315789475,0.13157894736842105,11.407894736842104
2023,8,19790,DL,12953,11292,LGA,DEN,79,1,0,0,78,0,9,5,-364.0,0.012658227848101266,0.0,0.11538461538461539,0.0641025641025641,-4.666666666666667
2023,8,19790,DL,12953,11298,LGA,DFW,143,0,1,0,142,0,25,8,33.0,0.0,0.006993006993006993,0.176056338028169,0.056338028169014086,0.2323943661971831
2023,8,19790,DL,12953,11433,LGA,DTW,178,5,0,0,173,0,24,16,-521.0,0.028089887640449437,0.0,0.13872832369942195,0.09248554913294797,-3.0115606936416186
2023,8,19790,DL,12953,11697,LGA,FLL,124,3,0,0,121,0,24,10,-880.0,0.024193548387096774,0.0,0.19834710743801653,0.08264462809917356,-7.2727272727272725
2023,8,19790,DL,12953,12266,LGA,IAH,112,3,0,0,109,0,15,9,-332.0,0.026785714285714284,0.0,0.13761467889908258,0.08256880733944955,-3.0458715596330275
2023,8,19790,DL,12953,13204,LGA,MCO,155,2,0,0,153,0,42,20,1212.0,0.012903225806451613,0.0,0.27450980392156865,0.13071895424836602,7.921568627450981
2023,8,19790,DL,12953,13303,LGA,MIA,120,2,0,0,118,0,24,6,-949.0,0.016666666666666666,0.0,0.2033898305084746,0.05084745762711865,-8.042372881355933
2023,8,19790,DL,12953,13487,LGA,MSP,147,1,0,0,146,0,22,9,-667.0,0.006802721088435374,0.0,0.1506849315068493,0.06164383561643835,-4.568493150684931
2023,8,19790,DL,12953,13930,LGA,ORD,219,4,1,0,214,0,39,17,184.0,0.0182648401826484,0.0045662100456621,0.1822429906542056,0.0794392523364486,0.8598130841121495
2023,8,19790,DL,12953,14635,LGA,RSW,62,2,0,0,60,0,13,5,-267.0,0.03225806451612903,0.0,0.21666666666666667,0.08333333333333333,-4.45
2023,8,19790,DL,12953,14869,LGA,SLC,4,0,0,0,4,0,0,0,-92.0,0.0,0.0,0.0,0.0,-23.0
2023,8,19790,DL,12953,15304,LGA,TPA,120,9,2,0,109,0,15,7,-808.0,0.075,0.016666666666666666,0.13761467889908258,0.06422018348623854,-7.412844036697248
2023,8,19790,DL,13204,10397,MCO,ATL,447,8,4,0,435,0,114,53,7223.0,0.017897091722595078,0.008948545861297539,0.2620689655172414,0.12183908045977011,16.604597701149427
2023,8,19790,DL,13204,10721,MCO,BOS,93,0,0,0,93,0,21,11,407.0,0.0,0.0,0.22580645161290322,0.11827956989247312,4.376344086021505
2023,8,19790,DL,13204,11433,MCO,DTW,186,0,1,0,185,0,63,22,3755.0,0.0,0.005376344086021506,0.34054054054054056,0.11891891891891893,20.2972972972973
2023,8,19790,DL,13204,12478,MCO,JFK,155,1,0,0,154,0,30,9,-124.0,0.0064516129032258064,0.0,0.19480519480519481,0.05844155844155844,-0.8051948051948052
2023,8,19790,DL,13204,12892,MCO,LAX,122,0,0,0,122,0,17,4,-590.0,0.0,0.0,0.13934426229508196,0.03278688524590164,-4.836065573770492
2023,8,19790,DL,13204,12953,MCO,LGA,155,1,1,0,153,0,30,14,545.0,0.0064516129032258064,0.0064516129032258064,0.19607843137254902,0.0915032679738562,3.5620915032679736
2023,8,19790,DL,13204,13303,MCO,MIA,93,1,0,0,92,0,18,10,1058.0,0.010752688172043012,0.0,0.1956521739130435,0.10869565217391304,11.5
2023,8,19790,DL,13204,13487,MCO,MSP,145,0,0,0,145,0,30,13,808.0,0.0,0.0,0.20689655172413793,0.0896551724137931,5.572413793103448
2023,8,19790,DL,13204,14747,MCO,SEA,62,0,0,0,62,0,10,4,-63.0,0.0,0.0,0.16129032258064516,0.06451612903225806,-1.0161290322580645
2023,8,19790,DL,13204,14869,MCO,SLC,124,1,1,0,122,0,19,8,-369.0,0.008064516129032258,0.008064516129032258,0.1557377049180328,0.06557377049180328,-3.0245901639344264
2023,8,19790,DL,13232,10397,MDW,ATL,120,4,2,0,114,0,22,9,703.0,0.03333333333333333,0.016666666666666666,0.19298245614035087,0.07894736842105263,6.166666666666667
2023,8,19790,DL,13303,10397,MIA,ATL,233,2,1,0,230,0,66,30,4822.0,0.008583690987124463,0.004291845493562232,0.28695652173913044,0.13043478260869565,20.965217391304346
2023,8,19790,DL,13303,10721,MIA,BOS,62,0,0,0,62,0,29,10,1572.0,0.0,0.0,0.46774193548387094,0.16129032258064516,25.35483870967742
2023,8,19790,DL,13303,11433,MIA,DTW,62,1,1,0,60,0,12,1,208.0,0.016129032258064516,0.016129032258064516,0.2,0.016666666666666666,3.466666666666667
2023,8,19790,DL,13303,12478,MIA,JFK,124,0,0,0,124,0,36,15,2129.0,0.0,0.0,0.2903225806451613,0.12096774193548387,17.169354838709676
2023,8,19790,DL,13303,12892,MIA,LAX,31,0,0,0,31,0,2,0,-430.0,0.0,0.0,0.06451612903225806,0.0,-13.870967741935484
2023,8,19790,DL,13303,12953,MIA,LGA,120,2,0,0,118,0,30,18,1050.0,0.016666666666666666,0.0,0.2542372881355932,0.15254237288135594,8.898305084745763
2023,8,19790,DL,13303,13204,MIA,MCO,93,1,0,0,92,0,23,11,1275.0,0.010752688172043012,0.0,0.25,0.11956521739130435,13.858695652173912
2023,8,19790,DL,13303,13487,MIA,MSP,53,0,0,0,53,0,12,8,1100.0,0.0,0.0,0.22641509433962265,0.1509433962264151,20.754716981132077
2023,8,19790,DL,13303,14869,MIA,SLC,31,0,0,0,31,0,9,4,1193.0,0.0,0.0,0.2903225806451613,0.12903225806451613,38.483870967741936
2023,8,19790,DL,13487,10397,MSP,ATL,281,1,4,0,276,0,41,15,412.0,0.0035587188612099642,0.014234875444839857,0.14855072463768115,0.05434782608695652,1.4927536231884058
2023,8,19790,DL,13487,10721,MSP,BOS,182,0,0,0,182,0,28,9,-875.0,0.0,0.0,0.15384615384615385,0.04945054945054945,-4.8076923076923075
2023,8,19790,DL,13487,10821,MSP,BWI,92,0,0,0,92,0,12,3,-500.0,0.0,0.0,0.13043478260869565,0.03260869565217391,-5.434782608695652
2023,8,19790,DL,13487,11278,MSP,DCA,155,1,3,0,151,0,31,10,665.0,0.0064516129032258064,0.01935483870967742,0.2052980132450331,0.06622516556291391,4.403973509933775
2023,8,19790,DL,13487,11292,MSP,DEN,169,0,1,0,168,0,37,8,650.0,0.0,0.005917159763313609,0.22023809523809523,0.047619047619047616,3.869047619047619
2023,8,19790,DL,13487,11298,MSP,DFW,124,1,1,0,122,0,18,5,-53.0,0.008064516129032258,0.008064516129032258,0.14754098360655737,0.040983606557377046,-0.4344262295081967
2023,8,19790,DL,13487,11433,MSP,DTW,172,5,1,0,166,0,26,8,827.0,0.029069767441860465,0.005813953488372093,0.1566265060240964,0.04819277108433735,4.981927710843373
2023,8,19790,DL,13487,11618,MSP,EWR,120,1,0,0,119,0,18,6,-214.0,0.008333333333333333,0.0,0.15126050420168066,0.05042016806722689,-1.7983193277310925
2023,8,19790,DL,13487,11697,MSP,FLL,31,0,0,0,31,0,4,3,31.0,0.0,0.0,0.12903225806451613,0.0967741935483871,1.0
2023,8,19790,DL,13487,12173,MSP,HNL,31,0,0,0,31,0,5,2,75.0,0.0,0.0,0.16129032258064516,0.06451612903225806,2.4193548387096775
2023,8,19790,DL,13487,12266,MSP,IAH,120,2,0,0,118,0,16,5,1043.0,0.016666666666666666,0.0,0.13559322033898305,0.0423728813559322,8.838983050847459
2023,8,19790,DL,13487,12478,MSP,JFK,62,0,0,0,62,0,11,5,-346.0,0.0,0.0,0.1774193548387097,0.08064516129032258,-5.580645161290323
2023,8,19790,DL,13487,12889,MSP,LAS,203,1,0,0,202,0,35,6,-703.0,0.0049261083743842365,0.0,0.17326732673267325,0.0297029702970297,-3.48019801980198
2023,8,19790,DL,13487,12892,MSP,LAX,235,2,0,0,233,0,27,3,-1314.0,0.00851063829787234,0.0,0.11587982832618025,0.012875536480686695,-5.639484978540772
2023,8,19790,DL,13487,12953,MSP,LGA,147,1,0,0,146,0,18,4,-876.0,0.006802721088435374,0.0,0.1232876712328767,0.0273972602739726,-6.0
2023,8,19790,DL,13487,13204,MSP,MCO,145,0,0,0,145,0,35,6,406.0,0.0,0.0,0.2413793103448276,0.041379310344827586,2.8
2023,8,19790,DL,13487,13303,MSP,MIA,53,0,1,0,52,0,12,0,91.0,0.0,0.018867924528301886,0.23076923076923078,0.0,1.75
2023,8,19790,DL,13487,13930,MSP,ORD,175,2,1,0,172,0,41,17,1609.0,0.011428571428571429,0.005714285714285714,0.23837209302325582,0.09883720930232558,9.354651162790697
2023,8,19790,DL,13487,14100,MSP,PHL,120,0,1,0,119,0,23,10,31.0,0.0,0.008333333333333333,0.19327731092436976,0.08403361344537816,0.2605042016806723
2023,8,19790,DL,13487,14107,MSP,PHX,173,1,0,0,172,0,25,10,406.0,0.005780346820809248,0.0,0.14534883720930233,0.05813953488372093,2.36046511627907
2023,8,19790,DL,13487,14635,MSP,RSW,62,2,0,0,60,0,9,1,-394.0,0.03225806451612903,0.0,0.15,0.016666666666666666,-6.566666666666666
2023,8,19790,DL,13487,14679,MSP,SAN,124,2,0,0,122,0,17,6,-373.0,0.016129032258064516,0.0,0.13934426229508196,0.04918032786885246,-3.057377049180328
2023,8,19790,DL,13487,14747,MSP,SEA,171,0,0,0,171,0,14,4,-2083.0,0.0,0.0,0.08187134502923976,0.023391812865497075,-12.181286549707602
2023,8,19790,DL,13487,14771,MSP,SFO,143,1,0,0,142,0,13,3,-676.0,0.006993006993006993,0.0,0.09154929577464789,0.02112676056338028,-4.76056338028169
2023,8,19790,DL,13487,14869,MSP,SLC,136,0,1,0,135,0,12,4,-556.0,0.0,0.007352941176470588,0.08888888888888889,0.02962962962962963,-4.118518518518519
2023,8,19790,DL,13487,15016,MSP,STL,119,1,0,0,118,0,14,5,-42.0,0.008403361344537815,0.0,0.11864406779661017,0.0423728813559322,-0.3559322033898305
2023,8,19790,DL,13487,15304,MSP,TPA,93,6,0,0,87,0,7,2,-493.0,0.06451612903225806,0.0,0.08045977011494253,0.022988505747126436,-5.666666666666667
2023,8,19790,DL,13796,14869,OAK,SLC,31,0,0,0,31,0,1,1,-55.0,0.0,0.0,0.03225806451612903,0.03225806451612903,-1.7741935483870968
2023,8,19790,DL,13930,10397,ORD,ATL,201,4,1,0,196,0,66,27,3870.0,0.01990049751243781,0.004975124378109453,0.336734693877551,0.1377551020408163,19.744897959183675
2023,8,19790,DL,13930,10721,ORD,BOS,81,1,0,0,80,0,31,12,2399.0,0.012345679012345678,0.0,0.3875,0.15,29.9875
2023,8,19790,DL,13930,11433,ORD,DTW,178,3,1,0,174,0,31,23,1559.0,0.016853932584269662,0.0056179775280898875,0.1781609195402299,0.13218390804597702,8.959770114942529
2023,8,19790,DL,13930,12953,ORD,LGA,219,4,0,0,215,0,34,15,-309.0,0.0182648401826484,0.0,0.15813953488372093,0.06976744186046512,-1.4372093023255814
2023,8,19790,DL,13930,13487,ORD,MSP,175,2,0,0,173,0,31,15,1176.0,0.011428571428571429,0.0,0.1791907514450867,0.08670520231213873,6.797687861271676
2023,8,19790,DL,13930,14747,ORD,SEA,93,0,0,0,93,0,12,6,-561.0,0.0,0.0,0.12903225806451613,0.06451612903225806,-6.032258064516129
2023,8,19790,DL,13930,14869,ORD,SLC,93,1,0,0,92,0,18,9,1420.0,0.010752688172043012,0.0,0.1956521739130435,0.09782608695652174,15.434782608695652
2023,8,19790,DL,14100,10397,PHL,ATL,246,8,1,0,237,0,36,12,1117.0,0.032520325203252036,0.0040650406504065045,0.1518987341772152,0.05063291139240506,4.713080168776371
2023,8,19790,DL,14100,11433,PHL,DTW,149,3,0,0,146,0,17,12,85.0,0.020134228187919462,0.0,0.11643835616438356,0.0821917808219178,0.5821917808219178
2023,8,19790,DL,14100,13487,PHL,MSP,120,0,0,0,120,0,25,6,983.0,0.0,0.0,0.20833333333333334,0.05,8.191666666666666
2023,8,19790,DL,14100,14869,PHL,SLC,49,0,0,0,49,0,11,3,-60.0,0.0,0.0,0.22448979591836735,0.061224489795918366,-1.2244897959183674
2023,8,19790,DL,14107,10397,PHX,ATL,182,4,4,0,174,0,12,4,-696.0,0.02197802197802198,0.02197802197802198,0.06896551724137931,0.022988505747126436,-4.0
2023,8,19790,DL,14107,10721,PHX,BOS,31,0,0,0,31,0,3,0,-797.0,0.0,0.0,0.0967741935483871,0.0,-25.70967741935484
2023,8,19790,DL,14107,11433,PHX,DTW,110,3,0,0,107,0,10,6,69.0,0.02727272727272727,0.0,0.09345794392523364,0.056074766355140186,0.6448598130841121
2023,8,19790,DL,14107,12478,PHX,JFK,62,0,0,0,62,0,7,2,318.0,0.0,0.0,0.11290322580645161,0.03225806451612903,5.129032258064516
2023,8,19790,DL,14107,13487,PHX,MSP,173,1,0,0,172,0,14,8,-498.0,0.005780346820809248,0.0,0.08139534883720931,0.046511627906976744,-2.895348837209302
2023,8,19790,DL,14107,14747,PHX,SEA,151,1,0,0,150,0,12,6,158.0,0.006622516556291391,0.0,0.08,0.04,1.0533333333333332
2023,8,19790,DL,14107,14869,PHX,SLC,155,1,0,0,154,0,21,9,6.0,0.0064516129032258064,0.0,0.13636363636363635,0.05844155844155844,0.03896103896103896
2023,8,19790,DL,14635,10397,RSW,ATL,212,10,2,0,200,0,33,18,719.0,0.04716981132075472,0.009433962264150943,0.165,0.09,3.595
2023,8,19790,DL,14635,10721,RSW,BOS,31,1,0,0,30,0,4,2,-15.0,0.03225806451612903,0.0,0.13333333333333333,0.06666666666666667,-0.5
2023,8,19790,DL,14635,11433,RSW,DTW,62,2,1,0,59,0,8,4,152.0,0.03225806451612903,0.016129032258064516,0.13559322033898305,0.06779661016949153,2.5762711864406778
2023,8,19790,DL,14635,12478,RSW,JFK,31,1,0,0,30,0,10,4,381.0,0.03225806451612903,0.0,0.3333333333333333,0.13333333333333333,12.7
2023,8,19790,DL,14635,12953,RSW,LGA,62,2,0,0,60,0,12,4,-201.0,0.03225806451612903,0.0,0.2,0.06666666666666667,-3.35
2023,8,19790,DL,14635,13487,RSW,MSP,62,2,0,0,60,0,2,1,-741.0,0.03225806451612903,0.0,0.03333333333333333,0.016666666666666666,-12.35
2023,8,19790,DL,14679,10397,SAN,ATL,193,5,5,0,183,0,28,10,667.0,0.025906735751295335,0.025906735751295335,0.15300546448087432,0.0546448087431694,3.6448087431693987
2023,8,19790,DL,14679,10721,SAN,BOS,31,0,0,0,31,0,1,0,-433.0,0.0,0.0,0.03225806451612903,0.0,-13.96774193548387
2023,8,19790,DL,14679,11433,SAN,DTW,110,1,0,0,109,0,31,6,1285.0,0.00909090909090909,0.0,0.28440366972477066,0.05504587155963303,11.788990825688073
2023,8,19790,DL,14679,12478,SAN,JFK,79,0,0,0,79,0,12,7,272.0,0.0,0.0,0.1518987341772152,0.08860759493670886,3.4430379746835444
2023,8,19790,DL,14679,13487,SAN,MSP,124,2,2,0,120,0,19,4,943.0,0.016129032258064516,0.016129032258064516,0.15833333333333333,0.03333333333333333,7.858333333333333
2023,8,19790,DL,14679,14747,SAN,SEA,155,3,0,0,152,0,20,9,765.0,0.01935483870967742,0.0,0.13157894736842105,0.05921052631578947,5.032894736842105
2023,8,19790,DL,14679,14869,SAN,SLC,151,2,0,0,149,0,24,13,823.0,0.013245033112582781,0.0,0.1610738255033557,0.087248322147651,5.523489932885906
2023,8,19790,DL,14747,10397,SEA,ATL,256,5,4,0,247,0,42,14,2114.0,0.01953125,0.015625,0.1700404858299595,0.05668016194331984,8.558704453441296
2023,8,19790,DL,14747,10721,SEA,BOS,93,0,0,0,93,0,4,4,-551.0,0.0,0.0,0.043010752688172046,0.043010752688172046,-5.924731182795699
2023,8,19790,DL,14747,11292,SEA,DEN,93,1,1,0,91,0,28,4,667.0,0.010752688172043012,0.010752688172043012,0.3076923076923077,0.04395604395604396,7.329670329670329
2023,8,19790,DL,14747,11433,SEA,DTW,163,2,0,0,161,0,14,5,-1446.0,0.012269938650306749,0.0,0.08695652173913043,0.031055900621118012,-8.98136645962733
2023,8,19790,DL,14747,11697,SEA,FLL,31,0,0,0,31,0,2,1,-206.0,0.0,0.0,0.06451612903225806,0.03225806451612903,-6.645161290322581
2023,8,19790,DL,14747,12173,SEA,HNL,62,0,0,0,62,0,3,2,-557.0,0.0,0.0,0.04838709677419355,0.03225806451612903,-8.983870967741936
2023,8,19790,DL,14747,12478,SEA,JFK,110,0,0,0,110,0,19,7,482.0,0.0,0.0,0.17272727272727273,0.06363636363636363,4.381818181818182
2023,8,19790,DL,14747,12889,SEA,LAS,148,0,1,0,147,0,18,9,39.0,0.0,0.006756756756756757,0.12244897959183673,0.061224489795918366,0.2653061224489796
2023,8,19790,DL,14747,12892,SEA,LAX,198,0,0,0,198,0,36,7,767.0,0.0,0.0,0.18181818181818182,0.03535353535353535,3.8737373737373737
2023,8,19790,DL,14747,13204,SEA,MCO,62,0,1,0,61,0,7,0,-467.0,0.0,0.016129032258064516,0.11475409836065574,0.0,-7.655737704918033
2023,8,19790,DL,14747,13487,SEA,MSP,171,0,0,0,171,0,18,7,486.0,0.0,0.0,0.10526315789473684,0.04093567251461988,2.8421052631578947
2023,8,19790,DL,14747,13930,SEA,ORD,93,0,1,0,92,0,20,9,630.0,0.0,0.010752688172043012,0.21739130434782608,0.09782608695652174,6.8478260869565215
2023,8,19790,DL,14747,14107,SEA,PHX,151,1,0,0,150,0,22,4,149.0,0.006622516556291391,0.0,0.14666666666666667,0.02666666666666667,0.9933333333333333
2023,8,19790,DL,14747,14679,SEA,SAN,155,3,2,0,150,0,29,9,711.0,0.01935483870967742,0.012903225806451613,0.19333333333333333,0.06,4.74
2023,8,19790,DL,14747,14771,SEA,SFO,155,4,0,0,151,0,39,8,846.0,0.025806451612903226,0.0,0.2582781456953642,0.052980132450331126,5.602649006622516
2023,8,19790,DL,14747,14869,SEA,SLC,198,2,1,0,195,0,42,8,1069.0,0.010101010101010102,0.005050505050505051,0.2153846153846154,0.041025641025641026,5.482051282051282
2023,8,19790,DL,14747,15304,SEA,TPA,31,2,0,0,29,0,3,0,20.0,0.06451612903225806,0.0,0.10344827586206896,0.0,0.6896551724137931
2023,8,19790,DL,14771,10397,SFO,ATL,215,7,3,0,205,0,25,9,81.0,0.03255813953488372,0.013953488372093023,0.12195121951219512,0.04390243902439024,0.3951219512195122
2023,8,19790,DL,14771,10721,SFO,BOS,62,0,0,0,62,0,11,7,155.0,0.0,0.0,0.1774193548387097,0.11290322580645161,2.5
2023,8,19790,DL,14771,11433,SFO,DTW,124,2,1,0,121,0,5,1,-1260.0,0.016129032258064516,0.008064516129032258,0.04132231404958678,0.008264462809917356,-10.413223140495868
2023,8,19790,DL,14771,12478,SFO,JFK,202,0,0,0,202,0,22,6,-3601.0,0.0,0.0,0.10891089108910891,0.0297029702970297,-17.826732673267326
2023,8,19790,DL,14771,12892,SFO,LAX,199,1,0,0,198,0,32,14,1439.0,0.005025125628140704,0.0,0.16161616161616163,0.0707070707070707,7.267676767676767
2023,8,19790,DL,14771,13487,SFO,MSP,143,1,0,0,142,0,11,3,-872.0,0.006993006993006993,0.0,0.07746478873239436,0.02112676056338028,-6.140845070422535
2023,8,19790,DL,14771,14747,SFO,SEA,155,4,0,0,151,0,14,4,-1632.0,0.025806451612903226,0.0,0.09271523178807947,0.026490066225165563,-10.80794701986755
2023,8,19790,DL,14771,14869,SFO,SLC,143,1,0,0,142,0,17,10,300.0,0.006993006993006993,0.0,0.11971830985915492,0.07042253521126761,2.112676056338028
2023,8,19790,DL,14869,10397,SLC,ATL,280,3,3,0,274,0,46,9,51.0,0.010714285714285714,0.010714285714285714,0.1678832116788321,0.032846715328467155,0.18613138686131386
2023,8,19790,DL,14869,10721,SLC,BOS,101,0,0,0,101,0,11,2,-908.0,0.0,0.0,0.10891089108910891,0.019801980198019802,-8.990099009900991
2023,8,19790,DL,14869,10821,SLC,BWI,31,0,0,0,31,0,5,0,113.0,0.0,0.0,0.16129032258064516,0.0,3.6451612903225805
2023,8,19790,DL,14869,11278,SLC,DCA,31,0,0,0,31,0,2,0,-458.0,0.0,0.0,0.06451612903225806,0.0,-14.774193548387096
2023,8,19790,DL,14869,11292,SLC,DEN,140,1,1,0,138,0,33,16,1842.0,0.007142857142857143,0.007142857142857143,0.2391304347826087,0.11594202898550725,13.347826086956522
2023,8,19790,DL,14869,11298,SLC,DFW,128,0,0,0,128,0,26,8,506.0,0.0,0.0,0.203125,0.0625,3.953125
2023,8,19790,DL,14869,11433,SLC,DTW,142,1,0,0,141,0,15,6,-658.0,0.007042253521126761,0.0,0.10638297872340426,0.0425531914893617,-4.666666666666667
2023,8,19790,DL,14869,11618,SLC,EWR,62,0,0,0,62,0,7,3,-267.0,0.0,0.0,0.11290322580645161,0.04838709677419355,-4.306451612903226
2023,8,19790,DL,14869,11697,SLC,FLL,31,1,0,0,30,0,4,0,-288.0,0.03225806451612903,0.0,0.13333333333333333,0.0,-9.6
2023,8,19790,DL,14869,12173,SLC,HNL,31,0,0,0,31,0,3,1,195.0,0.0,0.0,0.0967741935483871,0.03225806451612903,6.290322580645161
2023,8,19790,DL,14869,12266,SLC,IAH,93,0,0,0,93,0,15,8,703.0,0.0,0.0,0.16129032258064516,0.08602150537634409,7.559139784946237
2023,8,19790,DL,14869,12478,SLC,JFK,124,0,1,0,123,0,17,5,-1925.0,0.0,0.008064516129032258,0.13821138211382114,0.04065040650406504,-15.65040650406504
2023,8,19790,DL,14869,12889,SLC,LAS,155,2,0,0,153,0,37,14,1640.0,0.012903225806451613,0.0,0.24183006535947713,0.0915032679738562,10.718954248366012
2023,8,19790,DL,14869,12892,SLC,LAX,217,0,0,0,217,0,46,15,3118.0,0.0,0.0,0.2119815668202765,0.06912442396313365,14.368663594470046
2023,8,19790,DL,14869,12953,SLC,LGA,4,0,0,0,4,0,2,1,139.0,0.0,0.0,0.5,0.25,34.75
2023,8,19790,DL,14869,13204,SLC,MCO,124,1,0,0,123,0,26,12,864.0,0.008064516129032258,0.0,0.21138211382113822,0.0975609756097561,7.024390243902439
2023,8,19790,DL,14869,13303,SLC,MIA,31,0,0,0,31,0,3,0,-271.0,0.0,0.0,0.0967741935483871,0.0,-8.741935483870968
2023,8,19790,DL,14869,13487,SLC,MSP,136,0,0,0,136,0,23,4,500.0,0.0,0.0,0.16911764705882354,0.029411764705882353,3.676470588235294
2023,8,19790,DL,14869,13796,SLC,OAK,31,0,0,0,31,0,4,4,655.0,0.0,0.0,0.12903225806451613,0.12903225806451613,21.129032258064516
2023,8,19790,DL,14869,13930,SLC,ORD,93,1,1,0,91,0,22,12,715.0,0.010752688172043012,0.010752688172043012,0.24175824175824176,0.13186813186813187,7.857142857142857
2023,8,19790,DL,14869,14100,SLC,PHL,49,0,0,0,49,0,8,2,186.0,0.0,0.0,0.16326530612244897,0.04081632653061224,3.795918367346939
2023,8,19790,DL,14869,14107,SLC,PHX,155,1,0,0,154,0,29,13,1093.0,0.0064516129032258064,0.0,0.18831168831168832,0.08441558441558442,7.097402597402597
2023,8,19790,DL,14869,14679,SLC,SAN,151,2,1,0,148,0,33,6,720.0,0.013245033112582781,0.006622516556291391,0.22297297297297297,0.04054054054054054,4.864864864864865
2023,8,19790,DL,14869,14747,SLC,SEA,198,2,0,0,196,0,31,13,948.0,0.010101010101010102,0.0,0.15816326530612246,0.0663265306122449,4.836734693877551
2023,8,19790,DL,14869,14771,SLC,SFO,143,0,0,0,143,0,34,14,1636.0,0.0,0.0,0.23776223776223776,0.0979020979020979,11.44055944055944
2023,8,19790,DL,14869,15016,SLC,STL,93,1,0,0,92,0,12,5,-62.0,0.010752688172043012,0.0,0.13043478260869565,0.05434782608695652,-0.6739130434782609
2023,8,19790,DL,14869,15304,SLC,TPA,31,2,0,0,29,0,3,1,-136.0,0.06451612903225806,0.0,0.10344827586206896,0.034482758620689655,-4.689655172413793
2023,8,19790,DL,15016,10397,STL,ATL,195,2,1,0,192,0,31,10,812.0,0.010256410256410256,0.005128205128205128,0.16145833333333334,0.052083333333333336,4.229166666666667
2023,8,19790,DL,15016,11433,STL,DTW,118,3,0,0,115,0,11,4,73.0,0.025423728813559324,0.0,0.09565217391304348,0.034782608695652174,0.6347826086956522
2023,8,19790,DL,15016,13487,STL,MSP,120,1,0,0,119,0,14,5,35.0,0.008333333333333333,0.0,0.11764705882352941,0.04201680672268908,0.29411764705882354
2023,8,19790,DL,15016,14869,STL,SLC,93,1,0,0,92,0,8,3,-563.0,0.010752688172043012,0.0,0.08695652173913043,0.03260869565217391,-6.119565217391305
2023,8,19790,DL,15304,10397,TPA,ATL,356,30,1,0,325,0,77,32,3987.0,0.08426966292134831,0.0028089887640449437,0.23692307692307693,0.09846153846153846,12.267692307692307
2023,8,19790,DL,15304,10721,TPA,BOS,79,6,0,0,73,0,10,3,-95.0,0.0759493670886076,0.0,0.136986301369863,0.0410958904109589,-1.3013698630136987
2023,8,19790,DL,15304,11433,TPA,DTW,112,8,1,0,103,0,19,7,662.0,0.07142857142857142,0.008928571428571428,0.18446601941747573,0.06796116504854369,6.427184466019417
2023,8,19790,DL,15304,12478,TPA,JFK,93,7,0,0,86,0,11,3,-338.0,0.07526881720430108,0.0,0.12790697674418605,0.03488372093023256,-3.9302325581395348
2023,8,19790,DL,15304,12892,TPA,LAX,58,3,0,0,55,0,9,4,261.0,0.05172413793103448,0.0,0.16363636363636364,0.07272727272727272,4.745454545454545
2023,8,19790,DL,15304,12953,TPA,LGA,120,9,1,0,110,0,16,8,-457.0,0.075,0.008333333333333333,0.14545454545454545,0.07272727272727272,-4.154545454545454
2023,8,19790,DL,15304,13487,TPA,MSP,93,7,0,0,86,0,8,4,-265.0,0.07526881720430108,0.0,0.09302325581395349,0.046511627906976744,-3.0813953488372094
2023,8,19790,DL,15304,14747,TPA,SEA,31,2,0,0,29,0,5,2,15.0,0.06451612903225806,0.0,0.1724137931034483,0.06896551724137931,0.5172413793103449
2023,8,19790,DL,15304,14869,TPA,SLC,31,2,0,0,29,0,5,1,-181.0,0.06451612903225806,0.0,0.1724137931034483,0.034482758620689655,-6.241379310344827
2023,8,19805,AA,10397,11278,ATL,DCA,27,0,0,0,27,0,4,2,1260.0,0.0,0.0,0.14814814814814814,0.07407407407407407,46.666666666666664
2023,8,19805,AA,10397,11298,ATL,DFW,248,4,0,0,244,0,59,32,1912.0,0.016129032258064516,0.0,0.24180327868852458,0.13114754098360656,7.836065573770492
2023,8,19805,AA,10397,12892,ATL,LAX,45,1,0,0,44,0,7,3,218.0,0.022222222222222223,0.0,0.1590909090909091,0.06818181818181818,4.954545454545454
2023,8,19805,AA,10397,13303,ATL,MIA,121,4,0,0,117,0,38,24,3936.0,0.03305785123966942,0.0,0.3247863247863248,0.20512820512820512,33.64102564102564
2023,8,19805,AA,10397,13930,ATL,ORD,60,1,0,0,59,0,11,1,-446.0,0.016666666666666666,0.0,0.1864406779661017,0.01694915254237288,-7.559322033898305
2023,8,19805,AA,10397,14100,ATL,PHL,93,1,0,0,92,0,23,11,2274.0,0.010752688172043012,0.0,0.25,0.11956521739130435,24.717391304347824
2023,8,19805,AA,10397,14107,ATL,PHX,60,0,0,0,60,0,15,9,645.0,0.0,0.0,0.25,0.15,10.75
2023,8,19805,AA,10721,11278,BOS,DCA,178,3,2,0,173,0,40,22,1635.0,0.016853932584269662,0.011235955056179775,0.23121387283236994,0.12716763005780346,9.45086705202312
2023,8,19805,AA,10721,11298,BOS,DFW,216,1,0,0,215,0,62,23,2497.0,0.004629629629629629,0.0,0.28837209302325584,0.10697674418604651,11.613953488372093
2023,8,19805,AA,10721,12892,BOS,LAX,90,0,0,0,90,0,32,12,1507.0,0.0,0.0,0.35555555555555557,0.13333333333333333,16.744444444444444
2023,8,19805,AA,10721,13303,BOS,MIA,178,3,2,0,173,0,39,17,2344.0,0.016853932584269662,0.011235955056179775,0.2254335260115607,0.09826589595375723,13.54913294797688
2023,8,19805,AA,10721,13930,BOS,ORD,172,4,0,0,168,0,28,12,1894.0,0.023255813953488372,0.0,0.16666666666666666,0.07142857142857142,11.273809523809524
2023,8,19805,AA,10721,14100,BOS,PHL,242,2,1,0,239,0,59,24,4910.0,0.008264462809917356,0.004132231404958678,0.24686192468619247,0.100418410041841,20.543933054393307
2023,8,19805,AA,10721,14107,BOS,PHX,97,0,1,0,96,0,22,11,1257.0,0.0,0.010309278350515464,0.22916666666666666,0.11458333333333333,13.09375
2023,8,19805,AA,10821,11298,BWI,DFW,93,0,2,0,91,0,19,12,3951.0,0.0,0.021505376344086023,0.2087912087912088,0.13186813186813187,43.417582417582416
2023,8,19805,AA,10821,13303,BWI,MIA,31,1,0,0,30,0,3,1,-48.0,0.03225806451612903,0.0,0.1,0.03333333333333333,-1.6
2023,8,19805,AA,10821,13930,BWI,ORD,31,0,0,0,31,0,3,1,-275.0,0.0,0.0,0.0967741935483871,0.03225806451612903,-8.870967741935484
2023,8,19805,AA,11278,10397,DCA,ATL,27,0,0,0,27,0,6,2,19.0,0.0,0.0,0.2222222222222222,0.07407407407407407,0.7037037037037037
2023,8,19805,AA,11278,10721,DCA,BOS,178,3,0,0,175,0,57,31,2789.0,0.016853932584269662,0.0,0.32571428571428573,0.17714285714285713,15.937142857142858
2023,8,19805,AA,11278,11298,DCA,DFW,277,4,2,0,271,0,56,24,821.0,0.01444043321299639,0.007220216606498195,0.2066420664206642,0.08856088560885608,3.029520295202952
2023,8,19805,AA,11278,12889,DCA,LAS,31,0,0,0,31,0,4,3,329.0,0.0,0.0,0.12903225806451613,0.0967741935483871,10.612903225806452
2023,8,19805,AA,11278,12892,DCA,LAX,62,1,0,0,61,0,14,9,528.0,0.016129032258064516,0.0,0.22950819672131148,0.14754098360655737,8.655737704918034
2023,8,19805,AA,11278,12953,DCA,LGA,199,3,0,0,196,0,46,25,2309.0,0.01507537688442211,0.0,0.23469387755102042,0.12755102040816327,11.78061224489796
2023,8,19805,AA,11278,13204,DCA,MCO,155,3,4,0,148,0,27,15,2371.0,0.01935483870967742,0.025806451612903226,0.18243243243243243,0.10135135135135136,16.02027027027027
2023,8,19805,AA,11278,13303,DCA,MIA,271,6,3,0,262,0,78,35,4607.0,0.02214022140221402,0.01107011070110701,0.29770992366412213,0.13358778625954199,17.583969465648856
2023,8,19805,AA,11278,13930,DCA,ORD,240,6,0,0,234,0,41,21,578.0,0.025,0.0,0.1752136752136752,0.08974358974358974,2.47008547008547
2023,8,19805,AA,11278,14107,DCA,PHX,93,2,0,0,91,0,9,3,-997.0,0.021505376344086023,0.0,0.0989010989010989,0.03296703296703297,-10.956043956043956
2023,8,19805,AA,11278,14635,DCA,RSW,62,1,0,0,61,0,11,3,-378.0,0.016129032258064516,0.0,0.18032786885245902,0.04918032786885246,-6.19672131147541
2023,8,19805,AA,11278,15016,DCA,STL,31,0,0,0,31,0,5,2,-33.0,0.0,0.0,0.16129032258064516,0.06451612903225806,-1.064516129032258
2023,8,19805,AA,11278,15304,DCA,TPA,123,9,0,0,114,0,20,9,769.0,0.07317073170731707,0.0,0.17543859649122806,0.07894736842105263,6.745614035087719
2023,8,19805,AA,11292,11298,DEN,DFW,278,6,1,0,271,0,74,42,6149.0,0.02158273381294964,0.0035971223021582736,0.2730627306273063,0.15498154981549817,22.690036900369005
2023,8,19805,AA,11292,13303,DEN,MIA,59,0,1,0,58,0,11,2,230.0,0.0,0.01694915254237288,0.1896551724137931,0.034482758620689655,3.9655172413793105
2023,8,19805,AA,11292,13930,DEN,ORD,91,0,0,0,91,0,18,9,1134.0,0.0,0.0,0.1978021978021978,0.0989010989010989,12.461538461538462
2023,8,19805,AA,11292,14100,DEN,PHL,64,1,0,0,63,0,8,1,177.0,0.015625,0.0,0.12698412698412698,0.015873015873015872,2.8095238095238093
2023,8,19805,AA,11292,14107,DEN,PHX,93,2,0,0,91,0,17,10,467.0,0.021505376344086023,0.0,0.18681318681318682,0.10989010989010989,5.131868131868132
2023,8,19805,AA,11298,10397,DFW,ATL,248,4,1,0,243,0,69,36,3719.0,0.016129032258064516,0.004032258064516129,0.2839506172839506,0.14814814814814814,15.304526748971194
2023,8,19805,AA,11298,10721,DFW,BOS,216,0,0,0,216,0,63,25,3929.0,0.0,0.0,0.2916666666666667,0.11574074074074074,18.189814814814813
2023,8,19805,AA,11298,10821,DFW,BWI,93,0,0,0,93,0,15,10,230.0,0.0,0.0,0.16129032258064516,0.10752688172043011,2.4731182795698925
2023,8,19805,AA,11298,11278,DFW,DCA,277,4,3,0,270,0,67,30,2710.0,0.01444043321299639,0.010830324909747292,0.24814814814814815,0.1111111111111111,10.037037037037036
2023,8,19805,AA,11298,11292,DFW,DEN,278,6,0,0,272,0,100,44,7086.0,0.02158273381294964,0.0,0.36764705882352944,0.16176470588235295,26.051470588235293
2023,8,19805,AA,11298,11433,DFW,DTW,155,1,1,0,153,0,34,16,1955.0,0.0064516129032258064,0.0064516129032258064,0.2222222222222222,0.10457516339869281,12.777777777777779
2023,8,19805,AA,11298,11618,DFW,EWR,152,1,0,0,151,0,29,8,-250.0,0.006578947368421052,0.0,0.19205298013245034,0.052980132450331126,-1.6556291390728477
2023,8,19805,AA,11298,11697,DFW,FLL,186,1,2,0,183,0,51,26,2926.0,0.005376344086021506,0.010752688172043012,0.2786885245901639,0.14207650273224043,15.989071038251366
2023,8,19805,AA,11298,12173,DFW,HNL,62,0,0,0,62,0,13,4,534.0,0.0,0.0,0.20967741935483872,0.06451612903225806,8.612903225806452
2023,8,19805,AA,11298,12266,DFW,IAH,233,2,1,0,230,0,74,29,5227.0,0.008583690987124463,0.004291845493562232,0.3217391304347826,0.12608695652173912,22.72608695652174
2023,8,19805,AA,11298,12478,DFW,JFK,94,0,0,0,94,0,21,6,248.0,0.0,0.0,0.22340425531914893,0.06382978723404255,2.6382978723404253
2023,8,19805,AA,11298,12889,DFW,LAS,309,3,0,0,306,0,140,62,13283.0,0.009708737864077669,0.0,0.45751633986928103,0.20261437908496732,43.408496732026144
2023,8,19805,AA,11298,12892,DFW,LAX,448,3,4,0,441,0,150,62,9210.0,0.006696428571428571,0.008928571428571428,0.3401360544217687,0.14058956916099774,20.8843537414966
2023,8,19805,AA,11298,12953,DFW,LGA,317,2,2,0,313,0,56,21,-437.0,0.006309148264984227,0.006309148264984227,0.17891373801916932,0.0670926517571885,-1.3961661341853036
2023,8,19805,AA,11298,13204,DFW,MCO,262,3,3,0,256,0,89,41,8384.0,0.011450381679389313,0.011450381679389313,0.34765625,0.16015625,32.75
2023,8,19805,AA,11298,13303,DFW,MIA,309,3,0,0,306,0,91,36,5126.0,0.009708737864077669,0.0,0.2973856209150327,0.11764705882352941,16.751633986928105
2023,8,19805,AA,11298,13487,DFW,MSP,172,1,0,0,171,0,27,14,680.0,0.005813953488372093,0.0,0.15789473684210525,0.08187134502923976,3.9766081871345027
2023,8,19805,AA,11298,13930,DFW,ORD,326,4,1,0,321,0,80,39,3580.0,0.012269938650306749,0.003067484662576687,0.24922118380062305,0.12149532710280374,11.152647975077882
2023,8,19805,AA,11298,14100,DFW,PHL,280,4,0,0,276,0,83,40,7534.0,0.014285714285714285,0.0,0.3007246376811594,0.14492753623188406,27.297101449275363
2023,8,19805,AA,11298,14107,DFW,PHX,339,3,1,0,335,0,103,41,6850.0,0.008849557522123894,0.0029498525073746312,0.3074626865671642,0.12238805970149254,20.44776119402985
2023,8,19805,AA,11298,14635,DFW,RSW,107,0,1,0,106,0,36,13,1717.0,0.0,0.009345794392523364,0.33962264150943394,0.12264150943396226,16.19811320754717
2023,8,19805,AA,11298,14679,DFW,SAN,278,3,1,0,274,0,105,37,9007.0,0.01079136690647482,0.0035971223021582736,0.38321167883211676,0.13503649635036497,32.872262773722625
2023,8,19805,AA,11298,14747,DFW,SEA,245,0,0,0,245,0,74,32,3265.0,0.0,0.0,0.3020408163265306,0.1306122448979592,13.326530612244898
2023,8,19805,AA,11298,14771,DFW,SFO,274,1,0,0,273,0,104,49,7917.0,0.0036496350364963502,0.0,0.38095238095238093,0.1794871794871795,29.0
2023,8,19805,AA,11298,14869,DFW,SLC,186,1,1,0,184,0,85,40,7212.0,0.005376344086021506,0.005376344086021506,0.46195652173913043,0.21739130434782608,39.19565217391305
2023,8,19805,AA,11298,15016,DFW,STL,155,0,0,0,155,0,56,21,3894.0,0.0,0.0,0.36129032258064514,0.13548387096774195,25.12258064516129
2023,8,19805,AA,11298,15304,DFW,TPA,199,11,2,0,186,0,65,26,5042.0,0.05527638190954774,0.010050251256281407,0.34946236559139787,0.13978494623655913,27.107526881720432
2023,8,19805,AA,11433,11298,DTW,DFW,155,1,1,0,153,0,36,17,4111.0,0.0064516129032258064,0.0064516129032258064,0.23529411764705882,0.1111111111111111,26.869281045751634
2023,8,19805,AA,11433,13303,DTW,MIA,31,0,0,0,31,0,3,2,-133.0,0.0,0.0,0.0967741935483871,0.06451612903225806,-4.290322580645161
2023,8,19805,AA,11433,14100,DTW,PHL,46,0,1,0,45,0,7,4,279.0,0.0,0.021739130434782608,0.15555555555555556,0.08888888888888889,6.2
2023,8,19805,AA,11433,14107,DTW,PHX,47,0,0,0,47,0,5,2,-301.0,0.0,0.0,0.10638297872340426,0.0425531914893617,-6.404255319148936
2023,8,19805,AA,11618,11298,EWR,DFW,152,1,0,0,151,0,18,4,-260.0,0.006578947368421052,0.0,0.11920529801324503,0.026490066225165563,-1.7218543046357615
2023,8,19805,AA,11618,13303,EWR,MIA,119,4,3,0,112,0,19,8,278.0,0.03361344537815126,0.025210084033613446,0.16964285714285715,0.07142857142857142,2.482142857142857
2023,8,19805,AA,11618,13930,EWR,ORD,124,1,0,0,123,0,27,14,853.0,0.008064516129032258,0.0,0.21951219512195122,0.11382113821138211,6.934959349593496
2023,8,19805,AA,11618,14107,EWR,PHX,79,1,0,0,78,0,11,4,-114.0,0.012658227848101266,0.0,0.14102564102564102,0.05128205128205128,-1.4615384615384615
2023,8,19805,AA,11697,11298,FLL,DFW,186,1,0,0,185,0,43,26,2821.0,0.005376344086021506,0.0,0.23243243243243245,0.14054054054054055,15.248648648648649
2023,8,19805,AA,11697,12892,FLL,LAX,15,0,0,0,15,0,3,1,673.0,0.0,0.0,0.2,0.06666666666666667,44.86666666666667
2023,8,19805,AA,11697,14100,FLL,PHL,93,2,0,0,91,0,22,12,918.0,0.021505376344086023,0.0,0.24175824175824176,0.13186813186813187,10.087912087912088
2023,8,19805,AA,12173,11298,HNL,DFW,62,0,0,0,62,0,7,3,597.0,0.0,0.0,0.11290322580645161,0.04838709677419355,9.629032258064516
2023,8,19805,AA,12173,12892,HNL,LAX,92,0,0,0,92,0,10,6,66.0,0.0,0.0,0.10869565217391304,0.06521739130434782,0.717391304347826
2023,8,19805,AA,12173,14107,HNL,PHX,31,0,0,0,31,0,1,0,-507.0,0.0,0.0,0.03225806451612903,0.0,-16.35483870967742
2023,8,19805,AA,12266,11298,IAH,DFW,233,2,0,0,231,0,47,24,2126.0,0.008583690987124463,0.0,0.20346320346320346,0.1038961038961039,9.203463203463203
2023,8,19805,AA,12266,13303,IAH,MIA,154,4,0,0,150,0,22,6,-210.0,0.025974025974025976,0.0,0.14666666666666667,0.04,-1.4
2023,8,19805,AA,12266,13930,IAH,ORD,55,0,0,0,55,0,16,7,273.0,0.0,0.0,0.2909090909090909,0.12727272727272726,4.963636363636364
2023,8,19805,AA,12266,14100,IAH,PHL,59,0,1,0,58,0,9,4,143.0,0.0,0.01694915254237288,0.15517241379310345,0.06896551724137931,2.4655172413793105
2023,8,19805,AA,12266,14107,IAH,PHX,59,0,0,0,59,0,6,1,-131.0,0.0,0.0,0.1016949152542373,0.01694915254237288,-2.2203389830508473
2023,8,19805,AA,12478,11298,JFK,DFW,93,0,1,0,92,0,10,3,-652.0,0.0,0.010752688172043012,0.10869565217391304,0.03260869565217391,-7.086956521739131
2023,8,19805,AA,12478,12892,JFK,LAX,279,3,2,0,274,0,56,19,-673.0,0.010752688172043012,0.007168458781362007,0.20437956204379562,0.06934306569343066,-2.4562043795620436
2023,8,19805,AA,12478,13303,JFK,MIA,295,4,1,0,290,0,69,40,4483.0,0.013559322033898305,0.003389830508474576,0.23793103448275862,0.13793103448275862,15.458620689655172
2023,8,19805,AA,12478,13930,JFK,ORD,62,0,0,0,62,0,15,9,1579.0,0.0,0.0,0.24193548387096775,0.14516129032258066,25.467741935483872
2023,8,19805,AA,12478,14107,JFK,PHX,93,0,0,0,93,0,15,7,1163.0,0.0,0.0,0.16129032258064516,0.07526881720430108,12.505376344086022
2023,8,19805,AA,12478,14771,JFK,SFO,120,1,1,0,118,0,14,6,-140.0,0.008333333333333333,0.008333333333333333,0.11864406779661017,0.05084745762711865,-1.1864406779661016
2023,8,19805,AA,12889,11278,LAS,DCA,31,0,0,0,31,0,12,5,2022.0,0.0,0.0,0.3870967741935484,0.16129032258064516,65.2258064516129
2023,8,19805,AA,12889,11298,LAS,DFW,310,3,4,0,303,0,76,34,4095.0,0.00967741935483871,0.012903225806451613,0.2508250825082508,0.11221122112211221,13.514851485148515
2023,8,19805,AA,12889,12892,LAS,LAX,103,0,0,0,103,0,30,16,4042.0,0.0,0.0,0.2912621359223301,0.1553398058252427,39.24271844660194
2023,8,19805,AA,12889,13303,LAS,MIA,93,1,3,0,89,0,28,8,450.0,0.010752688172043012,0.03225806451612903,0.3146067415730337,0.0898876404494382,5.056179775280899
2023,8,19805,AA,12889,13930,LAS,ORD,150,0,1,0,149,0,33,12,709.0,0.0,0.006666666666666667,0.2214765100671141,0.08053691275167785,4.758389261744966
2023,8,19805,AA,12889,14100,LAS,PHL,91,1,0,0,90,0,19,7,431.0,0.01098901098901099,0.0,0.2111111111111111,0.07777777777777778,4.788888888888889
2023,8,19805,AA,12889,14107,LAS,PHX,151,0,0,0,151,0,30,16,3096.0,0.0,0.0,0.1986754966887417,0.10596026490066225,20.503311258278146
2023,8,19805,AA,12892,10397,LAX,ATL,46,1,0,0,45,0,10,5,545.0,0.021739130434782608,0.0,0.2222222222222222,0.1111111111111111,12.11111111111111
2023,8,19805,AA,12892,10721,LAX,BOS,89,0,0,0,89,0,18,7,904.0,0.0,0.0,0.20224719101123595,0.07865168539325842,10.157303370786517
2023,8,19805,AA,12892,11278,LAX,DCA,62,1,0,0,61,0,12,5,-175.0,0.016129032258064516,0.0,0.19672131147540983,0.08196721311475409,-2.8688524590163933
2023,8,19805,AA,12892,11298,LAX,DFW,447,3,1,0,443,0,105,50,8091.0,0.006711409395973154,0.0022371364653243847,0.23702031602708803,0.11286681715575621,18.26410835214447
2023,8,19805,AA,12892,11697,LAX,FLL,14,0,0,0,14,0,2,1,644.0,0.0,0.0,0.14285714285714285,0.07142857142857142,46.0
2023,8,19805,AA,12892,12173,LAX,HNL,93,0,0,0,93,0,21,10,873.0,0.0,0.0,0.22580645161290322,0.10752688172043011,9.387096774193548
2023,8,19805,AA,12892,12478,LAX,JFK,279,3,0,0,276,0,63,34,4826.0,0.010752688172043012,0.0,0.22826086956521738,0.12318840579710146,17.485507246376812
2023,8,19805,AA,12892,12889,LAX,LAS,103,0,0,0,103,0,33,19,2864.0,0.0,0.0,0.32038834951456313,0.18446601941747573,27.805825242718445
2023,8,19805,AA,12892,13204,LAX,MCO,62,0,2,0,60,0,17,9,1057.0,0.0,0.03225806451612903,0.2833333333333333,0.15,17.616666666666667
2023,8,19805,AA,12892,13303,LAX,MIA,217,2,2,0,213,0,42,7,648.0,0.009216589861751152,0.009216589861751152,0.19718309859154928,0.03286384976525822,3.0422535211267605
2023,8,19805,AA,12892,13930,LAX,ORD,245,1,2,0,242,0,47,25,4987.0,0.004081632653061225,0.00816326530612245,0.19421487603305784,0.10330578512396695,20.607438016528924
2023,8,19805,AA,12892,14100,LAX,PHL,217,1,0,0,216,0,35,10,-289.0,0.004608294930875576,0.0,0.16203703703703703,0.046296296296296294,-1.337962962962963
2023,8,19805,AA,12892,14107,LAX,PHX,156,0,0,0,156,0,31,17,2679.0,0.0,0.0,0.1987179487179487,0.10897435897435898,17.173076923076923
2023,8,19805,AA,12892,15016,LAX,STL,31,0,0,0,31,0,11,3,681.0,0.0,0.0,0.3548387096774194,0.0967741935483871,21.967741935483872
2023,8,19805,AA,12953,11278,LGA,DCA,199,3,1,0,195,0,47,20,1721.0,0.01507537688442211,0.005025125628140704,0.24102564102564103,0.10256410256410256,8.825641025641026
2023,8,19805,AA,12953,11298,LGA,DFW,317,2,1,0,314,0,50,17,-1154.0,0.006309148264984227,0.0031545741324921135,0.1592356687898089,0.054140127388535034,-3.6751592356687897
2023,8,19805,AA,12953,13303,LGA,MIA,271,7,2,0,262,0,72,33,2739.0,0.025830258302583026,0.007380073800738007,0.2748091603053435,0.12595419847328243,10.454198473282442
2023,8,19805,AA,12953,13930,LGA,ORD,230,6,0,0,224,0,61,28,4388.0,0.02608695652173913,0.0,0.27232142857142855,0.125,19.589285714285715
2023,8,19805,AA,12953,15016,LGA,STL,50,0,0,0,50,0,14,7,1257.0,0.0,0.0,0.28,0.14,25.14
2023,8,19805,AA,13204,11278,MCO,DCA,155,3,1,0,151,0,42,21,3990.0,0.01935483870967742,0.0064516129032258064,0.2781456953642384,0.1390728476821192,26.423841059602648
2023,8,19805,AA,13204,11298,MCO,DFW,264,3,0,0,261,0,66,29,5695.0,0.011363636363636364,0.0,0.25287356321839083,0.1111111111111111,21.81992337164751
2023,8,19805,AA,13204,12892,MCO,LAX,62,0,0,0,62,0,23,16,3737.0,0.0,0.0,0.3709677419354839,0.25806451612903225,60.274193548387096
2023,8,19805,AA,13204,13303,MCO,MIA,277,7,1,0,269,0,84,40,9665.0,0.02527075812274368,0.0036101083032490976,0.31226765799256506,0.14869888475836432,35.92936802973978
2023,8,19805,AA,13204,13930,MCO,ORD,105,1,0,0,104,0,27,13,4735.0,0.009523809523809525,0.0,0.25961538461538464,0.125,45.52884615384615
2023,8,19805,AA,13204,14100,MCO,PHL,218,2,1,0,215,0,72,34,7355.0,0.009174311926605505,0.0045871559633027525,0.33488372093023255,0.15813953488372093,34.2093023255814
2023,8,19805,AA,13204,14107,MCO,PHX,64,0,0,0,64,0,16,11,1542.0,0.0,0.0,0.25,0.171875,24.09375
2023,8,19805,AA,13303,10397,MIA,ATL,121,4,1,0,116,0,57,35,5471.0,0.03305785123966942,0.008264462809917356,0.49137931034482757,0.3017241379310345,47.16379310344828
2023,8,19805,AA,13303,10721,MIA,BOS,178,3,0,0,175,0,69,28,5120.0,0.016853932584269662,0.0,0.3942857142857143,0.16,29.257142857142856
2023,8,19805,AA,13303,10821,MIA,BWI,31,1,0,0,30,0,14,3,534.0,0.03225806451612903,0.0,0.4666666666666667,0.1,17.8
2023,8,19805,AA,13303,11278,MIA,DCA,271,5,5,0,261,0,73,27,3412.0,0.01845018450184502,0.01845018450184502,0.2796934865900383,0.10344827586206896,13.0727969348659
2023,8,19805,AA,13303,11292,MIA,DEN,59,0,0,0,59,0,15,4,569.0,0.0,0.0,0.2542372881355932,0.06779661016949153,9.64406779661017
2023,8,19805,AA,13303,11298,MIA,DFW,312,3,1,0,308,0,103,55,7904.0,0.009615384615384616,0.003205128205128205,0.3344155844155844,0.17857142857142858,25.662337662337663
2023,8,19805,AA,13303,11433,MIA,DTW,31,0,0,0,31,0,15,3,464.0,0.0,0.0,0.4838709677419355,0.0967741935483871,14.96774193548387
2023,8,19805,AA,13303,11618,MIA,EWR,119,4,0,0,115,0,39,14,1994.0,0.03361344537815126,0.0,0.3391304347826087,0.12173913043478261,17.339130434782607
2023,8,19805,AA,13303,12266,MIA,IAH,154,4,0,0,150,0,43,18,2757.0,0.025974025974025976,0.0,0.2866666666666667,0.12,18.38
2023,8,19805,AA,13303,12478,MIA,JFK,294,4,0,0,290,0,91,33,5000.0,0.013605442176870748,0.0,0.3137931034482759,0.11379310344827587,17.24137931034483
2023,8,19805,AA,13303,12889,MIA,LAS,93,1,0,0,92,0,29,11,1276.0,0.010752688172043012,0.0,0.31521739130434784,0.11956521739130435,13.869565217391305
2023,8,19805,AA,13303,12892,MIA,LAX,216,2,1,0,213,0,70,30,4142.0,0.009259259259259259,0.004629629629629629,0.3286384976525822,0.14084507042253522,19.44600938967136
2023,8,19805,AA,13303,12953,MIA,LGA,271,7,3,0,261,0,93,40,4797.0,0.025830258302583026,0.01107011070110701,0.3563218390804598,0.1532567049808429,18.379310344827587
2023,8,19805,AA,13303,13204,MIA,MCO,277,6,1,0,270,0,67,32,6940.0,0.021660649819494584,0.0036101083032490976,0.24814814814814815,0.11851851851851852,25.703703703703702
2023,8,19805,AA,13303,13487,MIA,MSP,31,0,0,0,31,0,15,6,1492.0,0.0,0.0,0.4838709677419355,0.1935483870967742,48.12903225806452
2023,8,19805,AA,13303,13930,MIA,ORD,217,3,0,0,214,0,57,22,1975.0,0.013824884792626729,0.0,0.26635514018691586,0.102803738317757,9.228971962616823
2023,8,19805,AA,13303,14100,MIA,PHL,216,3,1,0,212,0,66,29,6517.0,0.013888888888888888,0.004629629629629629,0.3113207547169811,0.13679245283018868,30.74056603773585
2023,8,19805,AA,13303,14107,MIA,PHX,124,1,0,0,123,0,27,8,1941.0,0.008064516129032258,0.0,0.21951219512195122,0.06504065040650407,15.78048780487805
2023,8,19805,AA,13303,14679,MIA,SAN,31,0,0,0,31,0,11,5,734.0,0.0,0.0,0.3548387096774194,0.16129032258064516,23.677419354838708
2023,8,19805,AA,13303,14747,MIA,SEA,31,0,0,0,31,0,14,5,717.0,0.0,0.0,0.45161290322580644,0.16129032258064516,23.129032258064516
2023,8,19805,AA,13303,14771,MIA,SFO,93,1,0,0,92,0,28,13,1390.0,0.010752688172043012,0.0,0.30434782608695654,0.14130434782608695,15.108695652173912
2023,8,19805,AA,13303,15016,MIA,STL,31,0,1,0,30,0,10,4,1155.0,0.0,0.03225806451612903,0.3333333333333333,0.13333333333333333,38.5
2023,8,19805,AA,13303,15304,MIA,TPA,151,10,0,0,141,0,43,22,3545.0,0.06622516556291391,0.0,0.3049645390070922,0.15602836879432624,25.141843971631207
2023,8,19805,AA,13487,11298,MSP,DFW,172,1,1,0,170,0,19,9,396.0,0.005813953488372093,0.005813953488372093,0.11176470588235295,0.052941176470588235,2.3294117647058825
2023,8,19805,AA,13487,13303,MSP,MIA,31,0,0,0,31,0,3,3,516.0,0.0,0.0,0.0967741935483871,0.0967741935483871,16.64516129032258
2023,8,19805,AA,13487,13930,MSP,ORD,27,1,0,0,26,0,2,2,331.0,0.037037037037037035,0.0,0.07692307692307693,0.07692307692307693,12.73076923076923
2023,8,19805,AA,13487,14100,MSP,PHL,31,0,0,0,31,0,5,4,102.0,0.0,0.0,0.16129032258064516,0.12903225806451613,3.2903225806451615
2023,8,19805,AA,13487,14107,MSP,PHX,31,0,0,0,31,0,6,3,280.0,0.0,0.0,0.1935483870967742,0.0967741935483871,9.03225806451613
2023,8,19805,AA,13930,10397,ORD,ATL,60,1,1,0,58,0,15,7,1927.0,0.016666666666666666,0.016666666666666666,0.25862068965517243,0.1206896551724138,33.224137931034484
2023,8,19805,AA,13930,10721,ORD,BOS,172,3,0,0,169,0,51,22,3642.0,0.01744186046511628,0.0,0.30177514792899407,0.1301775147928994,21.550295857988164
2023,8,19805,AA,13930,10821,ORD,BWI,31,0,0,0,31,0,15,7,1015.0,0.0,0.0,0.4838709677419355,0.22580645161290322,32.74193548387097
2023,8,19805,AA,13930,11278,ORD,DCA,240,8,2,0,230,0,62,31,6462.0,0.03333333333333333,0.008333333333333333,0.26956521739130435,0.13478260869565217,28.095652173913045
2023,8,19805,AA,13930,11292,ORD,DEN,91,0,0,0,91,0,21,9,1430.0,0.0,0.0,0.23076923076923078,0.0989010989010989,15.714285714285714
2023,8,19805,AA,13930,11298,ORD,DFW,327,4,0,0,323,0,66,31,3663.0,0.012232415902140673,0.0,0.2043343653250774,0.09597523219814241,11.340557275541796
2023,8,19805,AA,13930,11618,ORD,EWR,124,1,0,0,123,0,46,19,2273.0,0.008064516129032258,0.0,0.37398373983739835,0.15447154471544716,18.479674796747968
2023,8,19805,AA,13930,12266,ORD,IAH,55,0,0,0,55,0,12,5,386.0,0.0,0.0,0.21818181818181817,0.09090909090909091,7.0181818181818185
2023,8,19805,AA,13930,12478,ORD,JFK,62,0,0,0,62,0,20,10,1159.0,0.0,0.0,0.3225806451612903,0.16129032258064516,18.693548387096776
2023,8,19805,AA,13930,12889,ORD,LAS,150,0,0,0,150,0,40,14,1486.0,0.0,0.0,0.26666666666666666,0.09333333333333334,9.906666666666666
2023,8,19805,AA,13930,12892,ORD,LAX,243,1,0,0,242,0,70,29,4431.0,0.00411522633744856,0.0,0.2892561983471074,0.11983471074380166,18.3099173553719
2023,8,19805,AA,13930,12953,ORD,LGA,230,6,1,0,223,0,63,26,5399.0,0.02608695652173913,0.004347826086956522,0.2825112107623318,0.11659192825112108,24.210762331838566
2023,8,19805,AA,13930,13204,ORD,MCO,105,1,0,0,104,0,18,9,707.0,0.009523809523809525,0.0,0.17307692307692307,0.08653846153846154,6.798076923076923
2023,8,19805,AA,13930,13303,ORD,MIA,216,3,4,0,209,0,57,16,2982.0,0.013888888888888888,0.018518518518518517,0.2727272727272727,0.07655502392344497,14.267942583732058
2023,8,19805,AA,13930,13487,ORD,MSP,28,0,0,0,28,0,10,6,1208.0,0.0,0.0,0.35714285714285715,0.21428571428571427,43.142857142857146
2023,8,19805,AA,13930,14100,ORD,PHL,267,8,1,0,258,0,66,32,10823.0,0.0299625468164794,0.003745318352059925,0.2558139534883721,0.12403100775193798,41.94961240310077
2023,8,19805,AA,13930,14107,ORD,PHX,248,2,1,0,245,0,52,18,3175.0,0.008064516129032258,0.004032258064516129,0.21224489795918366,0.07346938775510205,12.959183673469388
2023,8,19805,AA,13930,14635,ORD,RSW,33,0,0,0,33,0,7,4,318.0,0.0,0.0,0.21212121212121213,0.12121212121212122,9.636363636363637
2023,8,19805,AA,13930,14679,ORD,SAN,93,3,0,0,90,0,32,18,3593.0,0.03225806451612903,0.0,0.35555555555555557,0.2,39.922222222222224
2023,8,19805,AA,13930,14747,ORD,SEA,93,0,0,0,93,0,25,7,1260.0,0.0,0.0,0.26881720430107525,0.07526881720430108,13.548387096774194
2023,8,19805,AA,13930,14771,ORD,SFO,91,0,0,0,91,0,12,5,-40.0,0.0,0.0,0.13186813186813187,0.054945054945054944,-0.43956043956043955
2023,8,19805,AA,13930,14869,ORD,SLC,31,0,0,0,31,0,6,3,330.0,0.0,0.0,0.1935483870967742,0.0967741935483871,10.64516129032258
2023,8,19805,AA,13930,15016,ORD,STL,54,0,0,0,54,0,18,7,1111.0,0.0,0.0,0.3333333333333333,0.12962962962962962,20.574074074074073
2023,8,19805,AA,13930,15304,ORD,TPA,62,4,0,0,58,0,14,4,548.0,0.06451612903225806,0.0,0.2413793103448276,0.06896551724137931,9.448275862068966
2023,8,19805,AA,14100,10397,PHL,ATL,93,2,1,0,90,0,20,5,532.0,0.021505376344086023,0.010752688172043012,0.2222222222222222,0.05555555555555555,5.911111111111111
2023,8,19805,AA,14100,10721,PHL,BOS,242,2,0,0,240,0,68,33,4409.0,0.008264462809917356,0.0,0.2833333333333333,0.1375,18.370833333333334
2023,8,19805,AA,14100,11292,PHL,DEN,64,1,0,0,63,0,19,7,1068.0,0.015625,0.0,0.30158730158730157,0.1111111111111111,16.952380952380953
2023,8,19805,AA,14100,11298,PHL,DFW,280,4,0,0,276,0,52,19,428.0,0.014285714285714285,0.0,0.18840579710144928,0.06884057971014493,1.5507246376811594
2023,8,19805,AA,14100,11433,PHL,DTW,46,0,0,0,46,0,4,3,-49.0,0.0,0.0,0.08695652173913043,0.06521739130434782,-1.065217391304348
2023,8,19805,AA,14100,11697,PHL,FLL,93,1,1,0,91,0,18,10,247.0,0.010752688172043012,0.010752688172043012,0.1978021978021978,0.10989010989010989,2.7142857142857144
2023,8,19805,AA,14100,12266,PHL,IAH,59,0,0,0,59,0,14,7,403.0,0.0,0.0,0.23728813559322035,0.11864406779661017,6.830508474576271
2023,8,19805,AA,14100,12889,PHL,LAS,91,1,0,0,90,0,35,15,3290.0,0.01098901098901099,0.0,0.3888888888888889,0.16666666666666666,36.55555555555556
2023,8,19805,AA,14100,12892,PHL,LAX,217,1,0,0,216,0,32,7,-1528.0,0.004608294930875576,0.0,0.14814814814814814,0.032407407407407406,-7.074074074074074
2023,8,19805,AA,14100,13204,PHL,MCO,217,3,0,0,214,0,51,21,2582.0,0.013824884792626729,0.0,0.2383177570093458,0.09813084112149532,12.065420560747663
2023,8,19805,AA,14100,13303,PHL,MIA,218,2,1,0,215,0,63,24,2865.0,0.009174311926605505,0.0045871559633027525,0.2930232558139535,0.11162790697674418,13.325581395348838
2023,8,19805,AA,14100,13487,PHL,MSP,31,0,0,0,31,0,4,2,-47.0,0.0,0.0,0.12903225806451613,0.06451612903225806,-1.5161290322580645
2023,8,19805,AA,14100,13930,PHL,ORD,267,7,0,0,260,0,51,35,1683.0,0.026217228464419477,0.0,0.19615384615384615,0.1346153846153846,6.473076923076923
2023,8,19805,AA,14100,14107,PHL,PHX,217,0,1,0,216,0,29,14,-1337.0,0.0,0.004608294930875576,0.13425925925925927,0.06481481481481481,-6.189814814814815
2023,8,19805,AA,14100,14635,PHL,RSW,65,2,0,0,63,0,13,6,670.0,0.03076923076923077,0.0,0.20634920634920634,0.09523809523809523,10.634920634920634
2023,8,19805,AA,14100,14679,PHL,SAN,93,1,0,0,92,0,19,8,685.0,0.010752688172043012,0.0,0.20652173913043478,0.08695652173913043,7.445652173913044
2023,8,19805,AA,14100,14747,PHL,SEA,62,1,0,0,61,0,16,3,-68.0,0.016129032258064516,0.0,0.26229508196721313,0.04918032786885246,-1.1147540983606556
2023,8,19805,AA,14100,14771,PHL,SFO,93,1,0,0,92,0,24,12,3208.0,0.010752688172043012,0.0,0.2608695652173913,0.13043478260869565,34.869565217391305
2023,8,19805,AA,14100,15016,PHL,STL,60,1,0,0,59,0,20,3,867.0,0.016666666666666666,0.0,0.3389830508474576,0.05084745762711865,14.694915254237289
2023,8,19805,AA,14100,15304,PHL,TPA,124,7,0,0,117,0,24,12,375.0,0.056451612903225805,0.0,0.20512820512820512,0.10256410256410256,3.2051282051282053
2023,8,19805,AA,14107,10397,PHX,ATL,60,0,1,0,59,0,15,9,769.0,0.0,0.016666666666666666,0.2542372881355932,0.15254237288135594,13.033898305084746
2023,8,19805,AA,14107,10721,PHX,BOS,97,0,2,0,95,0,22,8,933.0,0.0,0.020618556701030927,0.23157894736842105,0.08421052631578947,9.821052631578947
2023,8,19805,AA,14107,11278,PHX,DCA,93,2,0,0,91,0,16,7,75.0,0.021505376344086023,0.0,0.17582417582417584,0.07692307692307693,0.8241758241758241
2023,8,19805,AA,14107,11292,PHX,DEN,93,1,0,0,92,0,27,14,1705.0,0.010752688172043012,0.0,0.29347826086956524,0.15217391304347827,18.532608695652176
2023,8,19805,AA,14107,11298,PHX,DFW,338,3,0,0,335,0,73,39,4893.0,0.008875739644970414,0.0,0.21791044776119403,0.11641791044776119,14.605970149253732
2023,8,19805,AA,14107,11433,PHX,DTW,48,0,1,0,47,0,7,0,-205.0,0.0,0.020833333333333332,0.14893617021276595,0.0,-4.361702127659575
2023,8,19805,AA,14107,11618,PHX,EWR,79,1,2,0,76,0,16,8,1140.0,0.012658227848101266,0.02531645569620253,0.21052631578947367,0.10526315789473684,15.0
2023,8,19805,AA,14107,12173,PHX,HNL,31,0,2,0,29,0,7,1,123.0,0.0,0.06451612903225806,0.2413793103448276,0.034482758620689655,4.241379310344827
2023,8,19805,AA,14107,12266,PHX,IAH,59,0,0,0,59,0,11,6,977.0,0.0,0.0,0.1864406779661017,0.1016949152542373,16.559322033898304
2023,8,19805,AA,14107,12478,PHX,JFK,93,0,1,0,92,0,22,8,795.0,0.0,0.010752688172043012,0.2391304347826087,0.08695652173913043,8.641304347826088
2023,8,19805,AA,14107,12889,PHX,LAS,151,0,0,0,151,0,35,14,1616.0,0.0,0.0,0.23178807947019867,0.09271523178807947,10.701986754966887
2023,8,19805,AA,14107,12892,PHX,LAX,155,0,0,0,155,0,34,14,739.0,0.0,0.0,0.21935483870967742,0.09032258064516129,4.767741935483871
2023,8,19805,AA,14107,13204,PHX,MCO,64,0,0,0,64,0,21,9,1453.0,0.0,0.0,0.328125,0.140625,22.703125
2023,8,19805,AA,14107,13303,PHX,MIA,124,1,0,0,123,0,25,7,-26.0,0.008064516129032258,0.0,0.2032520325203252,0.056910569105691054,-0.21138211382113822
2023,8,19805,AA,14107,13487,PHX,MSP,31,0,0,0,31,0,2,1,-67.0,0.0,0.0,0.06451612903225806,0.03225806451612903,-2.161290322580645
2023,8,19805,AA,14107,13930,PHX,ORD,248,2,0,0,246,0,51,31,2936.0,0.008064516129032258,0.0,0.2073170731707317,0.12601626016260162,11.934959349593496
2023,8,19805,AA,14107,14100,PHX,PHL,217,0,0,0,217,0,37,11,-66.0,0.0,0.0,0.17050691244239632,0.05069124423963134,-0.30414746543778803
2023,8,19805,AA,14107,14679,PHX,SAN,140,0,0,0,140,0,42,19,4163.0,0.0,0.0,0.3,0.1357142857142857,29.735714285714284
2023,8,19805,AA,14107,14747,PHX,SEA,76,0,0,0,76,0,14,6,996.0,0.0,0.0,0.18421052631578946,0.07894736842105263,13.105263157894736
2023,8,19805,AA,14107,14771,PHX,SFO,93,0,0,0,93,0,29,17,2939.0,0.0,0.0,0.3118279569892473,0.1827956989247312,31.602150537634408
2023,8,19805,AA,14107,14869,PHX,SLC,51,0,0,0,51,0,13,3,595.0,0.0,0.0,0.2549019607843137,0.058823529411764705,11.666666666666666
2023,8,19805,AA,14107,15016,PHX,STL,35,0,0,0,35,0,10,3,433.0,0.0,0.0,0.2857142857142857,0.08571428571428572,12.371428571428572
2023,8,19805,AA,14107,15304,PHX,TPA,47,3,0,0,44,0,9,4,881.0,0.06382978723404255,0.0,0.20454545454545456,0.09090909090909091,20.022727272727273
2023,8,19805,AA,14635,11278,RSW,DCA,62,1,0,0,61,0,12,6,178.0,0.016129032258064516,0.0,0.19672131147540983,0.09836065573770492,2.918032786885246
2023,8,19805,AA,14635,11298,RSW,DFW,107,1,0,0,106,0,18,7,164.0,0.009345794392523364,0.0,0.16981132075471697,0.0660377358490566,1.5471698113207548
2023,8,19805,AA,14635,13930,RSW,ORD,33,0,0,0,33,0,12,7,831.0,0.0,0.0,0.36363636363636365,0.21212121212121213,25.181818181818183
2023,8,19805,AA,14635,14100,RSW,PHL,65,2,0,0,63,0,12,6,843.0,0.03076923076923077,0.0,0.19047619047619047,0.09523809523809523,13.380952380952381
2023,8,19805,AA,14679,11298,SAN,DFW,278,3,2,0,273,0,71,33,6217.0,0.01079136690647482,0.007194244604316547,0.2600732600732601,0.12087912087912088,22.772893772893774
2023,8,19805,AA,14679,13303,SAN,MIA,31,0,1,0,30,0,11,3,958.0,0.0,0.03225806451612903,0.36666666666666664,0.1,31.933333333333334
2023,8,19805,AA,14679,13930,SAN,ORD,93,3,1,0,89,0,10,5,-608.0,0.03225806451612903,0.010752688172043012,0.11235955056179775,0.056179775280898875,-6.831460674157303
2023,8,19805,AA,14679,14100,SAN,PHL,93,1,0,0,92,0,13,5,-464.0,0.010752688172043012,0.0,0.14130434782608695,0.05434782608695652,-5.043478260869565
2023,8,19805,AA,14679,14107,SAN,PHX,140,0,1,0,139,0,32,18,2875.0,0.0,0.007142857142857143,0.2302158273381295,0.12949640287769784,20.68345323741007
2023,8,19805,AA,14747,11298,SEA,DFW,244,0,2,0,242,0,56,20,3163.0,0.0,0.00819672131147541,0.23140495867768596,0.08264462809917356,13.070247933884298
2023,8,19805,AA,14747,13303,SEA,MIA,31,0,1,0,30,0,11,6,1535.0,0.0,0.03225806451612903,0.36666666666666664,0.2,51.166666666666664
2023,8,19805,AA,14747,13930,SEA,ORD,92,0,0,0,92,0,16,4,1020.0,0.0,0.0,0.17391304347826086,0.043478260869565216,11.08695652173913
2023,8,19805,AA,14747,14100,SEA,PHL,62,1,0,0,61,0,12,4,81.0,0.016129032258064516,0.0,0.19672131147540983,0.06557377049180328,1.3278688524590163
2023,8,19805,AA,14747,14107,SEA,PHX,76,0,1,0,75,0,14,3,338.0,0.0,0.013157894736842105,0.18666666666666668,0.04,4.506666666666667
2023,8,19805,AA,14771,11298,SFO,DFW,274,1,1,0,272,0,52,23,3689.0,0.0036496350364963502,0.0036496350364963502,0.19117647058823528,0.08455882352941177,13.5625
2023,8,19805,AA,14771,12478,SFO,JFK,120,1,0,0,119,0,17,6,-251.0,0.008333333333333333,0.0,0.14285714285714285,0.05042016806722689,-2.1092436974789917
2023,8,19805,AA,14771,13303,SFO,MIA,92,1,0,0,91,0,17,5,-368.0,0.010869565217391304,0.0,0.18681318681318682,0.054945054945054944,-4.043956043956044
2023,8,19805,AA,14771,13930,SFO,ORD,91,0,0,0,91,0,13,5,-306.0,0.0,0.0,0.14285714285714285,0.054945054945054944,-3.3626373626373627
2023,8,19805,AA,14771,14100,SFO,PHL,93,1,0,0,92,0,15,5,592.0,0.010752688172043012,0.0,0.16304347826086957,0.05434782608695652,6.434782608695652
2023,8,19805,AA,14771,14107,SFO,PHX,93,0,0,0,93,0,19,13,2114.0,0.0,0.0,0.20430107526881722,0.13978494623655913,22.731182795698924
2023,8,19805,AA,14869,11298,SLC,DFW,186,1,0,0,185,0,37,15,4190.0,0.005376344086021506,0.0,0.2,0.08108108108108109,22.64864864864865
2023,8,19805,AA,14869,13930,SLC,ORD,31,0,0,0,31,0,7,3,1421.0,0.0,0.0,0.22580645161290322,0.0967741935483871,45.83870967741935
2023,8,19805,AA,14869,14107,SLC,PHX,51,0,0,0,51,0,15,4,1612.0,0.0,0.0,0.29411764705882354,0.0784313725490196,31.607843137254903
2023,8,19805,AA,15016,11278,STL,DCA,31,0,0,0,31,0,12,9,1412.0,0.0,0.0,0.3870967741935484,0.2903225806451613,45.54838709677419
2023,8,19805,AA,15016,11298,STL,DFW,155,0,1,0,154,0,36,14,4368.0,0.0,0.0064516129032258064,0.23376623376623376,0.09090909090909091,28.363636363636363
2023,8,19805,AA,15016,12892,STL,LAX,31,0,0,0,31,0,8,4,591.0,0.0,0.0,0.25806451612903225,0.12903225806451613,19.06451612903226
2023,8,19805,AA,15016,12953,STL,LGA,50,0,0,0,50,0,9,5,1612.0,0.0,0.0,0.18,0.1,32.24
2023,8,19805,AA,15016,13303,STL,MIA,31,0,0,0,31,0,3,1,252.0,0.0,0.0,0.0967741935483871,0.03225806451612903,8.129032258064516
2023,8,19805,AA,15016,13930,STL,ORD,54,0,0,0,54,0,11,5,448.0,0.0,0.0,0.2037037037037037,0.09259259259259259,8.296296296296296
2023,8,19805,AA,15016,14100,STL,PHL,60,1,0,0,59,0,7,3,353.0,0.016666666666666666,0.0,0.11864406779661017,0.05084745762711865,5.983050847457627
2023,8,19805,AA,15016,14107,STL,PHX,36,0,1,0,35,0,7,4,968.0,0.0,0.027777777777777776,0.2,0.11428571428571428,27.65714285714286
2023,8,19805,AA,15304,11278,TPA,DCA,124,11,4,0,109,0,26,10,2805.0,0.08870967741935484,0.03225806451612903,0.23853211009174313,0.09174311926605505,25.73394495412844
2023,8,19805,AA,15304,11298,TPA,DFW,199,14,0,0,185,0,33,19,4241.0,0.07035175879396985,0.0,0.1783783783783784,0.10270270270270271,22.924324324324324
2023,8,19805,AA,15304,13303,TPA,MIA,150,12,1,0,137,0,37,13,2029.0,0.08,0.006666666666666667,0.27007299270072993,0.0948905109489051,14.81021897810219
2023,8,19805,AA,15304,13930,TPA,ORD,62,4,0,0,58,0,18,9,1179.0,0.06451612903225806,0.0,0.3103448275862069,0.15517241379310345,20.32758620689655
2023,8,19805,AA,15304,14100,TPA,PHL,124,8,0,0,116,0,20,7,296.0,0.06451612903225806,0.0,0.1724137931034483,0.0603448275862069,2.5517241379310347
2023,8,19805,AA,15304,14107,TPA,PHX,48,3,0,0,45,0,7,3,513.0,0.0625,0.0,0.15555555555555556,0.06666666666666667,11.4
2023,8,19930,AS,10397,14747,ATL,SEA,124,0,0,0,124,0,31,8,816.0,0.0,0.0,0.25,0.06451612903225806,6.580645161290323
2023,8,19930,AS,10721,14679,BOS,SAN,31,0,0,0,31,0,11,3,213.0,0.0,0.0,0.3548387096774194,0.0967741935483871,6.870967741935484
2023,8,19930,AS,10721,14747,BOS,SEA,116,0,0,0,116,0,38,9,1227.0,0.0,0.0,0.3275862068965517,0.07758620689655173,10.577586206896552
2023,8,19930,AS,10721,14771,BOS,SFO,57,0,0,0,57,0,18,5,325.0,0.0,0.0,0.3157894736842105,0.08771929824561403,5.701754385964913
2023,8,19930,AS,10821,14747,BWI,SEA,62,1,0,0,61,0,13,2,284.0,0.016129032258064516,0.0,0.21311475409836064,0.03278688524590164,4.655737704918033
2023,8,19930,AS,11278,12892,DCA,LAX,31,0,0,0,31,0,11,1,239.0,0.0,0.0,0.3548387096774194,0.03225806451612903,7.709677419354839
2023,8,19930,AS,11278,14747,DCA,SEA,62,0,1,0,61,0,8,5,-53.0,0.0,0.016129032258064516,0.13114754098360656,0.08196721311475409,-0.8688524590163934
2023,8,19930,AS,11278,14771,DCA,SFO,31,0,0,0,31,0,9,2,140.0,0.0,0.0,0.2903225806451613,0.06451612903225806,4.516129032258065
2023,8,19930,AS,11292,14747,DEN,SEA,154,0,0,0,154,0,35,15,1378.0,0.0,0.0,0.22727272727272727,0.09740259740259741,8.948051948051948
2023,8,19930,AS,11298,14747,DFW,SEA,182,3,1,0,178,0,48,15,2383.0,0.016483516483516484,0.005494505494505495,0.2696629213483146,0.08426966292134831,13.387640449438202
2023,8,19930,AS,11433,14747,DTW,SEA,62,0,0,0,62,0,16,4,724.0,0.0,0.0,0.25806451612903225,0.06451612903225806,11.67741935483871
2023,8,19930,AS,11618,12892,EWR,LAX,93,4,0,0,89,0,33,15,2729.0,0.043010752688172046,0.0,0.3707865168539326,0.16853932584269662,30.662921348314608
2023,8,19930,AS,11618,14679,EWR,SAN,31,1,0,0,30,0,8,6,689.0,0.03225806451612903,0.0,0.26666666666666666,0.2,22.966666666666665
2023,8,19930,AS,11618,14747,EWR,SEA,93,0,0,0,93,0,30,5,634.0,0.0,0.0,0.3225806451612903,0.053763440860215055,6.817204301075269
2023,8,19930,AS,11618,14771,EWR,SFO,89,0,0,0,89,0,10,3,-574.0,0.0,0.0,0.11235955056179775,0.033707865168539325,-6.449438202247191
2023,8,19930,AS,11697,14747,FLL,SEA,31,0,1,0,30,0,8,4,354.0,0.0,0.03225806451612903,0.26666666666666666,0.13333333333333333,11.8
2023,8,19930,AS,12173,12892,HNL,LAX,31,0,0,0,31,0,6,3,103.0,0.0,0.0,0.1935483870967742,0.0967741935483871,3.3225806451612905
2023,8,19930,AS,12173,14679,HNL,SAN,31,0,0,0,31,0,7,3,301.0,0.0,0.0,0.22580645161290322,0.0967741935483871,9.709677419354838
2023,8,19930,AS,12173,14747,HNL,SEA,155,1,0,0,154,0,25,6,183.0,0.0064516129032258064,0.0,0.16233766233766234,0.03896103896103896,1.1883116883116882
2023,8,19930,AS,12173,14771,HNL,SFO,62,0,0,0,62,0,9,4,-163.0,0.0,0.0,0.14516129032258066,0.06451612903225806,-2.629032258064516
2023,8,19930,AS,12266,14747,IAH,SEA,89,0,0,0,89,0,12,4,-340.0,0.0,0.0,0.1348314606741573,0.0449438202247191,-3.8202247191011236
2023,8,19930,AS,12478,14679,JFK,SAN,62,2,0,0,60,0,8,4,-385.0,0.03225806451612903,0.0,0.13333333333333333,0.06666666666666667,-6.416666666666667
2023,8,19930,AS,12478,14747,JFK,SEA,124,0,0,0,124,0,14,2,-980.0,0.0,0.0,0.11290322580645161,0.016129032258064516,-7.903225806451613
2023,8,19930,AS,12478,14771,JFK,SFO,155,0,0,0,155,0,24,7,-1453.0,0.0,0.0,0.15483870967741936,0.04516129032258064,-9.374193548387098
2023,8,19930,AS,12889,12892,LAS,LAX,27,0,0,0,27,0,4,0,-4.0,0.0,0.0,0.14814814814814814,0.0,-0.14814814814814814
2023,8,19930,AS,12889,14747,LAS,SEA,208,0,1,0,207,0,45,13,2087.0,0.0,0.004807692307692308,0.21739130434782608,0.06280193236714976,10.082125603864734
2023,8,19930,AS,12889,14771,LAS,SFO,31,0,0,0,31,0,2,1,-431.0,0.0,0.0,0.06451612903225806,0.03225806451612903,-13.903225806451612
2023,8,19930,AS,12892,11278,LAX,DCA,31,0,0,0,31,0,8,2,251.0,0.0,0.0,0.25806451612903225,0.06451612903225806,8.096774193548388
2023,8,19930,AS,12892,11618,LAX,EWR,93,3,0,0,90,0,34,14,1893.0,0.03225806451612903,0.0,0.37777777777777777,0.15555555555555556,21.033333333333335
2023,8,19930,AS,12892,12173,LAX,HNL,31,0,0,0,31,0,10,1,434.0,0.0,0.0,0.3225806451612903,0.03225806451612903,14.0
2023,8,19930,AS,12892,12889,LAX,LAS,27,0,0,0,27,0,2,1,-142.0,0.0,0.0,0.07407407407407407,0.037037037037037035,-5.2592592592592595
2023,8,19930,AS,12892,14747,LAX,SEA,326,0,0,0,326,0,57,15,704.0,0.0,0.0,0.17484662576687116,0.046012269938650305,2.1595092024539877
2023,8,19930,AS,12892,14771,LAX,SFO,31,0,0,0,31,0,3,1,-122.0,0.0,0.0,0.0967741935483871,0.03225806451612903,-3.935483870967742
2023,8,19930,AS,13204,14679,MCO,SAN,31,0,0,0,31,0,6,2,-10.0,0.0,0.0,0.1935483870967742,0.06451612903225806,-0.3225806451612903
2023,8,19930,AS,13204,14747,MCO,SEA,92,0,0,0,92,0,14,4,-427.0,0.0,0.0,0.15217391304347827,0.043478260869565216,-4.641304347826087
2023,8,19930,AS,13204,14771,MCO,SFO,31,0,1,0,30,0,7,3,468.0,0.0,0.03225806451612903,0.23333333333333334,0.1,15.6
2023,8,19930,AS,13303,14747,MIA,SEA,31,0,0,0,31,0,9,6,1348.0,0.0,0.0,0.2903225806451613,0.1935483870967742,43.483870967741936
2023,8,19930,AS,13487,14747,MSP,SEA,85,0,0,0,85,0,20,3,357.0,0.0,0.0,0.23529411764705882,0.03529411764705882,4.2
2023,8,19930,AS,13796,14747,OAK,SEA,89,0,0,0,89,0,8,1,-434.0,0.0,0.0,0.0898876404494382,0.011235955056179775,-4.876404494382022
2023,8,19930,AS,13930,14747,ORD,SEA,201,0,0,0,201,0,61,13,1764.0,0.0,0.0,0.3034825870646766,0.06467661691542288,8.776119402985074
2023,8,19930,AS,13930,14771,ORD,SFO,57,0,0,0,57,0,14,5,442.0,0.0,0.0,0.24561403508771928,0.08771929824561403,7.754385964912281
2023,8,19930,AS,14100,14747,PHL,SEA,62,0,0,0,62,0,9,3,-44.0,0.0,0.0,0.14516129032258066,0.04838709677419355,-0.7096774193548387
2023,8,19930,AS,14107,14747,PHX,SEA,246,1,0,0,245,0,31,8,-445.0,0.0040650406504065045,0.0,0.12653061224489795,0.0326530612244898,-1.816326530612245
2023,8,19930,AS,14635,14747,RSW,SEA,8,0,0,0,8,0,3,0,5.0,0.0,0.0,0.375,0.0,0.625
2023,8,19930,AS,14679,10721,SAN,BOS,31,0,0,0,31,0,9,4,298.0,0.0,0.0,0.2903225806451613,0.12903225806451613,9.612903225806452
2023,8,19930,AS,14679,11618,SAN,EWR,31,0,0,0,31,0,9,3,546.0,0.0,0.0,0.2903225806451613,0.0967741935483871,17.612903225806452
2023,8,19930,AS,14679,12173,SAN,HNL,31,0,1,0,30,0,8,3,429.0,0.0,0.03225806451612903,0.26666666666666666,0.1,14.3
2023,8,19930,AS,14679,12478,SAN,JFK,62,1,0,0,61,0,8,3,-394.0,0.016129032258064516,0.0,0.13114754098360656,0.04918032786885246,-6.459016393442623
2023,8,19930,AS,14679,13204,SAN,MCO,31,0,0,0,31,0,7,4,419.0,0.0,0.0,0.22580645161290322,0.12903225806451613,13.516129032258064
2023,8,19930,AS,14679,14747,SAN,SEA,275,2,0,0,273,0,56,20,1485.0,0.007272727272727273,0.0,0.20512820512820512,0.07326007326007326,5.43956043956044
2023,8,19930,AS,14747,10397,SEA,ATL,124,0,2,0,122,0,24,5,521.0,0.0,0.016129032258064516,0.19672131147540983,0.040983606557377046,4.270491803278689
2023,8,19930,AS,14747,10721,SEA,BOS,116,0,0,0,116,0,28,9,824.0,0.0,0.0,0.2413793103448276,0.07758620689655173,7.103448275862069
2023,8,19930,AS,14747,10821,SEA,BWI,62,0,1,0,61,0,11,0,-53.0,0.0,0.016129032258064516,0.18032786885245902,0.0,-0.8688524590163934
2023,8,19930,AS,14747,11278,SEA,DCA,62,0,1,0,61,0,12,3,158.0,0.0,0.016129032258064516,0.19672131147540983,0.04918032786885246,2.5901639344262297
2023,8,19930,AS,14747,11292,SEA,DEN,154,0,1,0,153,0,31,9,1381.0,0.0,0.006493506493506494,0.20261437908496732,0.058823529411764705,9.026143790849673
2023,8,19930,AS,14747,11298,SEA,DFW,182,0,2,0,180,0,73,17,2672.0,0.0,0.01098901098901099,0.40555555555555556,0.09444444444444444,14.844444444444445
2023,8,19930,AS,14747,11433,SEA,DTW,62,0,1,0,61,0,12,0,195.0,0.0,0.016129032258064516,0.19672131147540983,0.0,3.19672131147541
2023,8,19930,AS,14747,11618,SEA,EWR,93,0,0,0,93,0,17,3,-370.0,0.0,0.0,0.1827956989247312,0.03225806451612903,-3.978494623655914
2023,8,19930,AS,14747,11697,SEA,FLL,31,0,1,0,30,0,11,2,321.0,0.0,0.03225806451612903,0.36666666666666664,0.06666666666666667,10.7
2023,8,19930,AS,14747,12173,SEA,HNL,155,0,0,0,155,0,33,11,1002.0,0.0,0.0,0.2129032258064516,0.07096774193548387,6.464516129032258
2023,8,19930,AS,14747,12266,SEA,IAH,89,0,0,0,89,0,21,5,710.0,0.0,0.0,0.23595505617977527,0.056179775280898875,7.977528089887641
2023,8,19930,AS,14747,12478,SEA,JFK,124,0,0,0,124,0,30,6,-10.0,0.0,0.0,0.24193548387096775,0.04838709677419355,-0.08064516129032258
2023,8,19930,AS,14747,12889,SEA,LAS,209,0,0,0,209,0,64,9,2029.0,0.0,0.0,0.3062200956937799,0.0430622009569378,9.708133971291867
2023,8,19930,AS,14747,12892,SEA,LAX,326,0,0,0,326,0,99,23,4622.0,0.0,0.0,0.30368098159509205,0.0705521472392638,14.177914110429448
2023,8,19930,AS,14747,13204,SEA,MCO,93,0,1,0,92,0,22,4,374.0,0.0,0.010752688172043012,0.2391304347826087,0.043478260869565216,4.065217391304348
2023,8,19930,AS,14747,13303,SEA,MIA,31,0,1,0,30,0,16,3,703.0,0.0,0.03225806451612903,0.5333333333333333,0.1,23.433333333333334
2023,8,19930,AS,14747,13487,SEA,MSP,85,0,0,0,85,0,25,0,656.0,0.0,0.0,0.29411764705882354,0.0,7.7176470588235295
2023,8,19930,AS,14747,13796,SEA,OAK,89,0,0,0,89,0,28,6,1007.0,0.0,0.0,0.3146067415730337,0.06741573033707865,11.314606741573034
2023,8,19930,AS,14747,13930,SEA,ORD,201,0,0,0,201,0,57,12,1933.0,0.0,0.0,0.2835820895522388,0.05970149253731343,9.616915422885572
2023,8,19930,AS,14747,14100,SEA,PHL,62,0,0,0,62,0,9,1,-166.0,0.0,0.0,0.14516129032258066,0.016129032258064516,-2.6774193548387095
2023,8,19930,AS,14747,14107,SEA,PHX,246,0,1,0,245,0,76,7,2601.0,0.0,0.0040650406504065045,0.31020408163265306,0.02857142857142857,10.616326530612245
2023,8,19930,AS,14747,14635,SEA,RSW,8,0,0,0,8,0,3,1,104.0,0.0,0.0,0.375,0.125,13.0
2023,8,19930,AS,14747,14679,SEA,SAN,274,0,0,0,274,0,77,8,2632.0,0.0,0.0,0.28102189781021897,0.029197080291970802,9.605839416058394
2023,8,19930,AS,14747,14771,SEA,SFO,306,0,0,0,306,0,65,13,2072.0,0.0,0.0,0.21241830065359477,0.042483660130718956,6.771241830065359
2023,8,19930,AS,14747,14869,SEA,SLC,91,0,0,0,91,0,17,5,533.0,0.0,0.0,0.18681318681318682,0.054945054945054944,5.857142857142857
2023,8,19930,AS,14747,15016,SEA,STL,89,0,0,0,89,0,29,5,930.0,0.0,0.0,0.3258426966292135,0.056179775280898875,10.44943820224719
2023,8,19930,AS,14747,15304,SEA,TPA,62,4,0,0,58,0,17,1,258.0,0.06451612903225806,0.0,0.29310344827586204,0.017241379310344827,4.448275862068965
2023,8,19930,AS,14771,10721,SFO,BOS,57,0,0,0,57,0,13,3,9.0,0.0,0.0,0.22807017543859648,0.05263157894736842,0.15789473684210525
2023,8,19930,AS,14771,11278,SFO,DCA,31,0,0,0,31,0,5,1,-35.0,0.0,0.0,0.16129032258064516,0.03225806451612903,-1.1290322580645162
2023,8,19930,AS,14771,11618,SFO,EWR,89,0,0,0,89,0,16,1,-379.0,0.0,0.0,0.1797752808988764,0.011235955056179775,-4.258426966292135
2023,8,19930,AS,14771,12173,SFO,HNL,62,0,0,0,62,0,13,4,569.0,0.0,0.0,0.20967741935483872,0.06451612903225806,9.17741935483871
2023,8,19930,AS,14771,12478,SFO,JFK,155,0,1,0,154,0,20,3,-1102.0,0.0,0.0064516129032258064,0.12987012987012986,0.01948051948051948,-7.1558441558441555
2023,8,19930,AS,14771,12889,SFO,LAS,27,0,0,0,27,0,8,3,284.0,0.0,0.0,0.2962962962962963,0.1111111111111111,10.518518518518519
2023,8,19930,AS,14771,12892,SFO,LAX,31,0,0,0,31,0,10,4,713.0,0.0,0.0,0.3225806451612903,0.12903225806451613,23.0
2023,8,19930,AS,14771,13204,SFO,MCO,30,0,0,0,30,0,4,1,-90.0,0.0,0.0,0.13333333333333333,0.03333333333333333,-3.0
2023,8,19930,AS,14771,13930,SFO,ORD,57,0,0,0,57,0,8,3,-76.0,0.0,0.0,0.14035087719298245,0.05263157894736842,-1.3333333333333333
2023,8,19930,AS,14771,14747,SFO,SEA,306,0,0,0,306,0,50,10,-529.0,0.0,0.0,0.16339869281045752,0.032679738562091505,-1.7287581699346406
2023,8,19930,AS,14869,14747,SLC,SEA,91,0,0,0,91,0,20,7,527.0,0.0,0.0,0.21978021978021978,0.07692307692307693,5.791208791208791
2023,8,19930,AS,15016,14747,STL,SEA,89,1,0,0,88,0,8,2,-539.0,0.011235955056179775,0.0,0.09090909090909091,0.022727272727272728,-6.125
2023,8,19930,AS,15304,14747,TPA,SEA,62,4,0,0,58,0,18,1,102.0,0.06451612903225806,0.0,0.3103448275862069,0.017241379310344827,1.7586206896551724
2023,8,19977,UA,10397,11292,ATL,DEN,104,3,0,0,101,0,24,14,2311.0,0.028846153846153848,0.0,0.2376237623762376,0.13861386138613863,22.88118811881188
2023,8,19977,UA,10397,11618,ATL,EWR,175,3,0,0,172,0,31,14,2197.0,0.017142857142857144,0.0,0.18023255813953487,0.08139534883720931,12.773255813953488
2023,8,19977,UA,10397,12266,ATL,IAH,155,0,0,0,155,0,30,12,1119.0,0.0,0.0,0.1935483870967742,0.07741935483870968,7.219354838709678
2023,8,19977,UA,10397,13930,ATL,ORD,147,0,0,0,147,0,43,21,3493.0,0.0,0.0,0.2925170068027211,0.14285714285714285,23.761904761904763
2023,8,19977,UA,10397,14771,ATL,SFO,62,0,0,0,62,0,20,11,2279.0,0.0,0.0,0.3225806451612903,0.1774193548387097,36.75806451612903
2023,8,19977,UA,10721,11292,BOS,DEN,182,0,1,0,181,0,28,5,-973.0,0.0,0.005494505494505495,0.15469613259668508,0.027624309392265192,-5.375690607734807
2023,8,19977,UA,10721,11618,BOS,EWR,226,2,0,0,224,0,61,23,2053.0,0.008849557522123894,0.0,0.27232142857142855,0.10267857142857142,9.165178571428571
2023,8,19977,UA,10721,12266,BOS,IAH,124,1,1,0,122,0,15,4,-559.0,0.008064516129032258,0.008064516129032258,0.12295081967213115,0.03278688524590164,-4.581967213114754
2023,8,19977,UA,10721,12892,BOS,LAX,62,2,0,0,60,0,18,5,1415.0,0.03225806451612903,0.0,0.3,0.08333333333333333,23.583333333333332
2023,8,19977,UA,10721,13930,BOS,ORD,206,1,1,0,204,0,50,21,2013.0,0.0048543689320388345,0.0048543689320388345,0.24509803921568626,0.10294117647058823,9.867647058823529
2023,8,19977,UA,10721,14771,BOS,SFO,182,2,0,0,180,0,37,13,1043.0,0.01098901098901099,0.0,0.20555555555555555,0.07222222222222222,5.794444444444444
2023,8,19977,UA,10821,11292,BWI,DEN,89,0,0,0,89,0,12,7,293.0,0.0,0.0,0.1348314606741573,0.07865168539325842,3.292134831460674
2023,8,19977,UA,10821,12266,BWI,IAH,50,1,0,0,49,0,6,1,-342.0,0.02,0.0,0.12244897959183673,0.02040816326530612,-6.979591836734694
2023,8,19977,UA,10821,12892,BWI,LAX,31,0,0,0,31,0,4,0,-397.0,0.0,0.0,0.12903225806451613,0.0,-12.806451612903226
2023,8,19977,UA,10821,13930,BWI,ORD,93,2,0,0,91,0,11,5,-13.0,0.021505376344086023,0.0,0.12087912087912088,0.054945054945054944,-0.14285714285714285
2023,8,19977,UA,10821,14771,BWI,SFO,62,1,0,0,61,0,14,4,-61.0,0.016129032258064516,0.0,0.22950819672131148,0.06557377049180328,-1.0
2023,8,19977,UA,11278,11292,DCA,DEN,31,1,0,0,30,0,8,4,1188.0,0.03225806451612903,0.0,0.26666666666666666,0.13333333333333333,39.6
2023,8,19977,UA,11278,12266,DCA,IAH,172,1,0,0,171,0,28,9,1182.0,0.005813953488372093,0.0,0.16374269005847952,0.05263157894736842,6.912280701754386
2023,8,19977,UA,11278,13930,DCA,ORD,258,8,0,0,250,0,46,21,2245.0,0.031007751937984496,0.0,0.184,0.084,8.98
2023,8,19977,UA,11278,14771,DCA,SFO,31,0,0,0,31,0,7,2,813.0,0.0,0.0,0.22580645161290322,0.06451612903225806,26.225806451612904
2023,8,19977,UA,11292,10397,DEN,ATL,104,1,1,0,102,0,29,11,1327.0,0.009615384615384616,0.009615384615384616,0.28431372549019607,0.10784313725490197,13.009803921568627
2023,8,19977,UA,11292,10721,DEN,BOS,182,0,0,0,182,0,46,22,1405.0,0.0,0.0,0.25274725274725274,0.12087912087912088,7.71978021978022
2023,8,19977,UA,11292,10821,DEN,BWI,90,0,0,0,90,0,26,9,530.0,0.0,0.0,0.28888888888888886,0.1,5.888888888888889
2023,8,19977,UA,11292,11278,DEN,DCA,31,0,0,0,31,0,4,2,61.0,0.0,0.0,0.12903225806451613,0.06451612903225806,1.967741935483871
2023,8,19977,UA,11292,11298,DEN,DFW,172,1,1,0,170,0,31,13,424.0,0.005813953488372093,0.005813953488372093,0.18235294117647058,0.07647058823529412,2.4941176470588236
2023,8,19977,UA,11292,11433,DEN,DTW,62,0,0,0,62,0,19,8,925.0,0.0,0.0,0.3064516129032258,0.12903225806451613,14.919354838709678
2023,8,19977,UA,11292,11618,DEN,EWR,281,4,0,0,277,0,64,28,1640.0,0.014234875444839857,0.0,0.23104693140794225,0.10108303249097472,5.92057761732852
2023,8,19977,UA,11292,11697,DEN,FLL,62,1,0,0,61,0,18,3,798.0,0.016129032258064516,0.0,0.29508196721311475,0.04918032786885246,13.081967213114755
2023,8,19977,UA,11292,12173,DEN,HNL,46,2,0,0,44,0,14,6,719.0,0.043478260869565216,0.0,0.3181818181818182,0.13636363636363635,16.34090909090909
2023,8,19977,UA,11292,12266,DEN,IAH,344,0,0,0,344,0,83,26,2575.0,0.0,0.0,0.24127906976744187,0.0755813953488372,7.4854651162790695
2023,8,19977,UA,11292,12889,DEN,LAS,241,1,1,0,239,0,56,21,2223.0,0.004149377593360996,0.004149377593360996,0.23430962343096234,0.08786610878661087,9.301255230125523
2023,8,19977,UA,11292,12892,DEN,LAX,279,2,0,0,277,0,62,25,3256.0,0.007168458781362007,0.0,0.22382671480144403,0.09025270758122744,11.754512635379061
2023,8,19977,UA,11292,12953,DEN,LGA,205,6,0,0,199,0,37,10,-244.0,0.02926829268292683,0.0,0.18592964824120603,0.05025125628140704,-1.2261306532663316
2023,8,19977,UA,11292,13204,DEN,MCO,153,3,0,0,150,0,38,13,257.0,0.0196078431372549,0.0,0.25333333333333335,0.08666666666666667,1.7133333333333334
2023,8,19977,UA,11292,13303,DEN,MIA,62,0,1,0,61,0,24,7,1184.0,0.0,0.016129032258064516,0.39344262295081966,0.11475409836065574,19.40983606557377
2023,8,19977,UA,11292,13487,DEN,MSP,141,0,0,0,141,0,25,9,660.0,0.0,0.0,0.1773049645390071,0.06382978723404255,4.680851063829787
2023,8,19977,UA,11292,13930,DEN,ORD,313,4,1,0,308,0,81,32,3467.0,0.012779552715654952,0.003194888178913738,0.262987012987013,0.1038961038961039,11.256493506493506
2023,8,19977,UA,11292,14100,DEN,PHL,120,0,1,0,119,0,29,6,431.0,0.0,0.008333333333333333,0.24369747899159663,0.05042016806722689,3.6218487394957983
2023,8,19977,UA,11292,14107,DEN,PHX,153,0,1,0,152,0,32,14,1105.0,0.0,0.006535947712418301,0.21052631578947367,0.09210526315789473,7.269736842105263
2023,8,19977,UA,11292,14635,DEN,RSW,31,0,0,0,31,0,9,3,256.0,0.0,0.0,0.2903225806451613,0.0967741935483871,8.258064516129032
2023,8,19977,UA,11292,14679,DEN,SAN,215,5,2,0,208,0,33,19,768.0,0.023255813953488372,0.009302325581395349,0.15865384615384615,0.09134615384615384,3.6923076923076925
2023,8,19977,UA,11292,14747,DEN,SEA,215,0,0,0,215,0,52,12,573.0,0.0,0.0,0.24186046511627907,0.05581395348837209,2.6651162790697676
2023,8,19977,UA,11292,14771,DEN,SFO,279,2,0,0,277,0,57,23,2044.0,0.007168458781362007,0.0,0.20577617328519857,0.08303249097472924,7.379061371841155
2023,8,19977,UA,11292,14869,DEN,SLC,61,1,0,0,60,0,9,3,3.0,0.01639344262295082,0.0,0.15,0.05,0.05
2023,8,19977,UA,11292,15016,DEN,STL,118,1,0,0,117,0,28,12,1321.0,0.00847457627118644,0.0,0.23931623931623933,0.10256410256410256,11.290598290598291
2023,8,19977,UA,11292,15304,DEN,TPA,93,6,0,0,87,0,17,8,653.0,0.06451612903225806,0.0,0.19540229885057472,0.09195402298850575,7.505747126436781
2023,8,19977,UA,11298,11292,DFW,DEN,172,1,1,0,170,0,42,15,1517.0,0.005813953488372093,0.005813953488372093,0.24705882352941178,0.08823529411764706,8.923529411764706
2023,8,19977,UA,11298,11618,DFW,EWR,149,2,0,0,147,0,14,3,-388.0,0.013422818791946308,0.0,0.09523809523809523,0.02040816326530612,-2.639455782312925
2023,8,19977,UA,11298,12266,DFW,IAH,155,1,0,0,154,0,30,10,1111.0,0.0064516129032258064,0.0,0.19480519480519481,0.06493506493506493,7.214285714285714
2023,8,19977,UA,11298,13930,DFW,ORD,147,0,1,0,146,0,26,8,1715.0,0.0,0.006802721088435374,0.1780821917808219,0.0547945205479452,11.746575342465754
2023,8,19977,UA,11298,14771,DFW,SFO,61,2,0,0,59,0,14,4,258.0,0.03278688524590164,0.0,0.23728813559322035,0.06779661016949153,4.372881355932203
2023,8,19977,UA,11433,11292,DTW,DEN,62,0,1,0,61,0,8,3,-248.0,0.0,0.016129032258064516,0.13114754098360656,0.04918032786885246,-4.065573770491803
2023,8,19977,UA,11433,11618,DTW,EWR,34,1,0,0,33,0,3,2,-21.0,0.029411764705882353,0.0,0.09090909090909091,0.06060606060606061,-0.6363636363636364
2023,8,19977,UA,11433,12266,DTW,IAH,42,0,0,0,42,0,8,4,760.0,0.0,0.0,0.19047619047619047,0.09523809523809523,18.095238095238095
2023,8,19977,UA,11433,13930,DTW,ORD,84,3,0,0,81,0,17,5,175.0,0.03571428571428571,0.0,0.20987654320987653,0.06172839506172839,2.1604938271604937
2023,8,19977,UA,11618,10397,EWR,ATL,179,2,3,0,174,0,40,21,2558.0,0.0111731843575419,0.01675977653631285,0.22988505747126436,0.1206896551724138,14.701149425287356
2023,8,19977,UA,11618,10721,EWR,BOS,226,2,0,0,224,0,58,19,1656.0,0.008849557522123894,0.0,0.25892857142857145,0.08482142857142858,7.392857142857143
2023,8,19977,UA,11618,11292,EWR,DEN,278,4,0,0,274,0,56,23,1753.0,0.014388489208633094,0.0,0.20437956204379562,0.08394160583941605,6.397810218978102
2023,8,19977,UA,11618,11298,EWR,DFW,149,1,0,0,148,0,42,15,1491.0,0.006711409395973154,0.0,0.28378378378378377,0.10135135135135136,10.074324324324325
2023,8,19977,UA,11618,11433,EWR,DTW,34,0,0,0,34,0,6,2,163.0,0.0,0.0,0.17647058823529413,0.058823529411764705,4.794117647058823
2023,8,19977,UA,11618,11697,EWR,FLL,180,2,0,0,178,0,41,18,468.0,0.011111111111111112,0.0,0.2303370786516854,0.10112359550561797,2.6292134831460676
2023,8,19977,UA,11618,12266,EWR,IAH,276,7,0,0,269,0,46,16,4.0,0.025362318840579712,0.0,0.17100371747211895,0.05947955390334572,0.01486988847583643
2023,8,19977,UA,11618,12889,EWR,LAS,186,2,1,0,183,0,62,22,1866.0,0.010752688172043012,0.005376344086021506,0.33879781420765026,0.12021857923497267,10.19672131147541
2023,8,19977,UA,11618,12892,EWR,LAX,244,4,1,0,239,0,55,18,1844.0,0.01639344262295082,0.004098360655737705,0.2301255230125523,0.07531380753138076,7.7154811715481175
2023,8,19977,UA,11618,13204,EWR,MCO,310,5,1,0,304,0,94,35,3787.0,0.016129032258064516,0.0032258064516129032,0.3092105263157895,0.11513157894736842,12.457236842105264
2023,8,19977,UA,11618,13303,EWR,MIA,124,1,1,0,122,0,40,10,1073.0,0.008064516129032258,0.008064516129032258,0.32786885245901637,0.08196721311475409,8.795081967213115
2023,8,19977,UA,11618,13487,EWR,MSP,93,0,2,0,91,0,28,12,1054.0,0.0,0.021505376344086023,0.3076923076923077,0.13186813186813187,11.582417582417582
2023,8,19977,UA,11618,13930,EWR,ORD,331,4,0,0,327,0,90,28,3097.0,0.012084592145015106,0.0,0.27522935779816515,0.0856269113149847,9.470948012232416
2023,8,19977,UA,11618,14107,EWR,PHX,99,0,0,0,99,0,17,5,-811.0,0.0,0.0,0.1717171717171717,0.050505050505050504,-8.191919191919192
2023,8,19977,UA,11618,14635,EWR,RSW,99,1,0,0,98,0,26,11,1144.0,0.010101010101010102,0.0,0.2653061224489796,0.11224489795918367,11.673469387755102
2023,8,19977,UA,11618,14679,EWR,SAN,124,1,1,0,122,0,22,7,-295.0,0.008064516129032258,0.008064516129032258,0.18032786885245902,0.05737704918032787,-2.418032786885246
2023,8,19977,UA,11618,14747,EWR,SEA,124,1,0,0,123,0,30,10,915.0,0.008064516129032258,0.0,0.24390243902439024,0.08130081300813008,7.439024390243903
2023,8,19977,UA,11618,14771,EWR,SFO,248,4,0,0,244,0,68,30,4191.0,0.016129032258064516,0.0,0.2786885245901639,0.12295081967213115,17.17622950819672
2023,8,19977,UA,11618,14869,EWR,SLC,31,0,0,0,31,0,6,3,-65.0,0.0,0.0,0.1935483870967742,0.0967741935483871,-2.096774193548387
2023,8,19977,UA,11618,15016,EWR,STL,31,0,0,0,31,0,6,1,-20.0,0.0,0.0,0.1935483870967742,0.03225806451612903,-0.6451612903225806
2023,8,19977,UA,11618,15304,EWR,TPA,180,14,2,0,164,0,48,13,1010.0,0.07777777777777778,0.011111111111111112,0.2926829268292683,0.07926829268292683,6.158536585365853
2023,8,19977,UA,11697,11292,FLL,DEN,62,1,1,0,60,0,17,6,483.0,0.016129032258064516,0.016129032258064516,0.2833333333333333,0.1,8.05
2023,8,19977,UA,11697,11618,FLL,EWR,180,2,1,0,177,0,44,24,1844.0,0.011111111111111112,0.005555555555555556,0.24858757062146894,0.13559322033898305,10.418079096045197
2023,8,19977,UA,11697,12266,FLL,IAH,93,0,0,0,93,0,18,6,342.0,0.0,0.0,0.1935483870967742,0.06451612903225806,3.6774193548387095
2023,8,19977,UA,11697,13930,FLL,ORD,92,0,0,0,92,0,22,13,1460.0,0.0,0.0,0.2391304347826087,0.14130434782608695,15.869565217391305
2023,8,19977,UA,11697,14771,FLL,SFO,31,0,0,0,31,0,2,1,-479.0,0.0,0.0,0.06451612903225806,0.03225806451612903,-15.451612903225806
2023,8,19977,UA,12173,11292,HNL,DEN,46,3,0,0,43,0,3,1,-396.0,0.06521739130434782,0.0,0.06976744186046512,0.023255813953488372,-9.209302325581396
2023,8,19977,UA,12173,12266,HNL,IAH,31,0,0,0,31,0,4,0,-114.0,0.0,0.0,0.12903225806451613,0.0,-3.6774193548387095
2023,8,19977,UA,12173,12892,HNL,LAX,139,1,0,0,138,0,31,10,1484.0,0.007194244604316547,0.0,0.2246376811594203,0.07246376811594203,10.753623188405797
2023,8,19977,UA,12173,13930,HNL,ORD,31,0,0,0,31,0,1,0,-402.0,0.0,0.0,0.03225806451612903,0.0,-12.96774193548387
2023,8,19977,UA,12173,14771,HNL,SFO,155,0,0,0,155,0,17,7,-818.0,0.0,0.0,0.10967741935483871,0.04516129032258064,-5.27741935483871
2023,8,19977,UA,12266,10397,IAH,ATL,155,0,2,0,153,0,38,16,1884.0,0.0,0.012903225806451613,0.24836601307189543,0.10457516339869281,12.313725490196079
2023,8,19977,UA,12266,10721,IAH,BOS,124,1,0,0,123,0,29,12,604.0,0.008064516129032258,0.0,0.23577235772357724,0.0975609756097561,4.9105691056910565
2023,8,19977,UA,12266,10821,IAH,BWI,50,1,0,0,49,0,8,0,-216.0,0.02,0.0,0.16326530612244897,0.0,-4.408163265306122
2023,8,19977,UA,12266,11278,IAH,DCA,172,0,2,0,170,0,23,5,-308.0,0.0,0.011627906976744186,0.13529411764705881,0.029411764705882353,-1.811764705882353
2023,8,19977,UA,12266,11292,IAH,DEN,344,1,2,0,341,0,69,18,446.0,0.0029069767441860465,0.005813953488372093,0.20234604105571846,0.05278592375366569,1.3079178885630498
2023,8,19977,UA,12266,11298,IAH,DFW,155,1,0,0,154,0,48,19,2880.0,0.0064516129032258064,0.0,0.3116883116883117,0.12337662337662338,18.7012987012987
2023,8,19977,UA,12266,11433,IAH,DTW,42,0,1,0,41,0,7,2,-9.0,0.0,0.023809523809523808,0.17073170731707318,0.04878048780487805,-0.21951219512195122
2023,8,19977,UA,12266,11618,IAH,EWR,277,8,0,0,269,0,33,14,-25.0,0.02888086642599278,0.0,0.12267657992565056,0.05204460966542751,-0.09293680297397769
2023,8,19977,UA,12266,11697,IAH,FLL,93,0,0,0,93,0,21,11,694.0,0.0,0.0,0.22580645161290322,0.11827956989247312,7.462365591397849
2023,8,19977,UA,12266,12173,IAH,HNL,31,0,0,0,31,0,5,1,-69.0,0.0,0.0,0.16129032258064516,0.03225806451612903,-2.225806451612903
2023,8,19977,UA,12266,12889,IAH,LAS,155,0,0,0,155,0,24,8,-307.0,0.0,0.0,0.15483870967741936,0.05161290322580645,-1.9806451612903226
2023,8,19977,UA,12266,12892,IAH,LAX,310,2,0,0,308,0,40,11,-854.0,0.0064516129032258064,0.0,0.12987012987012986,0.03571428571428571,-2.772727272727273
2023,8,19977,UA,12266,12953,IAH,LGA,125,3,0,0,122,0,23,6,-68.0,0.024,0.0,0.1885245901639344,0.04918032786885246,-0.5573770491803278
2023,8,19977,UA,12266,13204,IAH,MCO,156,1,1,0,154,0,39,11,1273.0,0.00641025641025641,0.00641025641025641,0.2532467532467532,0.07142857142857142,8.266233766233766
2023,8,19977,UA,12266,13303,IAH,MIA,93,1,1,0,91,0,15,5,197.0,0.010752688172043012,0.010752688172043012,0.16483516483516483,0.054945054945054944,2.1648351648351647
2023,8,19977,UA,12266,13487,IAH,MSP,54,1,0,0,53,0,14,4,568.0,0.018518518518518517,0.0,0.2641509433962264,0.07547169811320754,10.716981132075471
2023,8,19977,UA,12266,13930,IAH,ORD,312,2,1,0,309,0,57,23,1470.0,0.00641025641025641,0.003205128205128205,0.18446601941747573,0.0744336569579288,4.757281553398058
2023,8,19977,UA,12266,14100,IAH,PHL,89,1,0,0,88,0,17,11,913.0,0.011235955056179775,0.0,0.19318181818181818,0.125,10.375
2023,8,19977,UA,12266,14107,IAH,PHX,89,0,1,0,88,0,8,4,-547.0,0.0,0.011235955056179775,0.09090909090909091,0.045454545454545456,-6.215909090909091
2023,8,19977,UA,12266,14635,IAH,RSW,31,0,0,0,31,0,8,3,164.0,0.0,0.0,0.25806451612903225,0.0967741935483871,5.290322580645161
2023,8,19977,UA,12266,14679,IAH,SAN,155,0,0,0,155,0,23,10,-243.0,0.0,0.0,0.14838709677419354,0.06451612903225806,-1.5677419354838709
2023,8,19977,UA,12266,14747,IAH,SEA,124,0,0,0,124,0,19,2,-413.0,0.0,0.0,0.1532258064516129,0.016129032258064516,-3.3306451612903225
2023,8,19977,UA,12266,14771,IAH,SFO,280,1,0,0,279,0,47,13,-309.0,0.0035714285714285713,0.0,0.16845878136200718,0.04659498207885305,-1.10752688172043
2023,8,19977,UA,12266,14869,IAH,SLC,91,1,0,0,90,0,13,5,-164.0,0.01098901098901099,0.0,0.14444444444444443,0.05555555555555555,-1.8222222222222222
2023,8,19977,UA,12266,15016,IAH,STL,62,0,0,0,62,0,13,3,292.0,0.0,0.0,0.20967741935483872,0.04838709677419355,4.709677419354839
2023,8,19977,UA,12266,15304,IAH,TPA,93,6,0,0,87,0,13,5,-385.0,0.06451612903225806,0.0,0.14942528735632185,0.05747126436781609,-4.425287356321839
2023,8,19977,UA,12889,11292,LAS,DEN,241,1,0,0,240,0,47,20,867.0,0.004149377593360996,0.0,0.19583333333333333,0.08333333333333333,3.6125
2023,8,19977,UA,12889,11618,LAS,EWR,186,2,1,0,183,0,45,20,3292.0,0.010752688172043012,0.005376344086021506,0.2459016393442623,0.1092896174863388,17.989071038251367
2023,8,19977,UA,12889,12266,LAS,IAH,155,0,0,0,155,0,19,12,-279.0,0.0,0.0,0.12258064516129032,0.07741935483870968,-1.8
2023,8,19977,UA,12889,12892,LAS,LAX,97,1,0,0,96,0,10,3,714.0,0.010309278350515464,0.0,0.10416666666666667,0.03125,7.4375
2023,8,19977,UA,12889,13930,LAS,ORD,155,3,1,0,151,0,37,9,1569.0,0.01935483870967742,0.0064516129032258064,0.24503311258278146,0.059602649006622516,10.390728476821192
2023,8,19977,UA,12889,14771,LAS,SFO,186,2,0,0,184,0,40,7,717.0,0.010752688172043012,0.0,0.21739130434782608,0.03804347826086957,3.8967391304347827
2023,8,19977,UA,12892,10721,LAX,BOS,62,2,0,0,60,0,5,3,-356.0,0.03225806451612903,0.0,0.08333333333333333,0.05,-5.933333333333334
2023,8,19977,UA,12892,10821,LAX,BWI,31,0,0,0,31,0,1,0,-614.0,0.0,0.0,0.03225806451612903,0.0,-19.806451612903224
2023,8,19977,UA,12892,11292,LAX,DEN,280,2,3,0,275,0,35,15,-1132.0,0.007142857142857143,0.010714285714285714,0.12727272727272726,0.05454545454545454,-4.116363636363636
2023,8,19977,UA,12892,11618,LAX,EWR,243,5,1,0,237,0,38,13,-612.0,0.0205761316872428,0.00411522633744856,0.16033755274261605,0.05485232067510549,-2.5822784810126582
2023,8,19977,UA,12892,12173,LAX,HNL,139,1,0,0,138,0,41,5,1609.0,0.007194244604316547,0.0,0.2971014492753623,0.036231884057971016,11.659420289855072
2023,8,19977,UA,12892,12266,LAX,IAH,310,2,0,0,308,0,29,10,-1795.0,0.0064516129032258064,0.0,0.09415584415584416,0.032467532467532464,-5.827922077922078
2023,8,19977,UA,12892,12889,LAX,LAS,97,1,0,0,96,0,14,4,200.0,0.010309278350515464,0.0,0.14583333333333334,0.041666666666666664,2.0833333333333335
2023,8,19977,UA,12892,13204,LAX,MCO,62,0,1,0,61,0,5,1,-724.0,0.0,0.016129032258064516,0.08196721311475409,0.01639344262295082,-11.868852459016393
2023,8,19977,UA,12892,13930,LAX,ORD,279,3,2,0,274,0,34,10,-1152.0,0.010752688172043012,0.007168458781362007,0.12408759124087591,0.0364963503649635,-4.204379562043796
2023,8,19977,UA,12892,14107,LAX,PHX,35,0,0,0,35,0,1,1,185.0,0.0,0.0,0.02857142857142857,0.02857142857142857,5.285714285714286
2023,8,19977,UA,12892,14679,LAX,SAN,12,1,0,0,11,0,1,0,-60.0,0.08333333333333333,0.0,0.09090909090909091,0.0,-5.454545454545454
2023,8,19977,UA,12892,14747,LAX,SEA,54,1,0,0,53,0,14,5,563.0,0.018518518518518517,0.0,0.2641509433962264,0.09433962264150944,10.622641509433961
2023,8,19977,UA,12892,14771,LAX,SFO,285,0,0,0,285,0,41,14,-1481.0,0.0,0.0,0.14385964912280702,0.04912280701754386,-5.196491228070175
2023,8,19977,UA,12892,15304,LAX,TPA,31,2,0,0,29,0,1,1,-379.0,0.06451612903225806,0.0,0.034482758620689655,0.034482758620689655,-13.068965517241379
2023,8,19977,UA,12953,11292,LGA,DEN,205,5,1,0,199,0,29,6,-1242.0,0.024390243902439025,0.004878048780487805,0.1457286432160804,0.03015075376884422,-6.241206030150754
2023,8,19977,UA,12953,12266,LGA,IAH,125,3,1,0,121,0,12,3,-1059.0,0.024,0.008,0.09917355371900827,0.024793388429752067,-8.75206611570248
2023,8,19977,UA,12953,13930,LGA,ORD,355,10,0,0,345,0,82,30,2593.0,0.028169014084507043,0.0,0.23768115942028986,0.08695652173913043,7.515942028985507
2023,8,19977,UA,13204,11292,MCO,DEN,153,2,0,0,151,0,28,11,-665.0,0.013071895424836602,0.0,0.18543046357615894,0.0728476821192053,-4.403973509933775
2023,8,19977,UA,13204,11618,MCO,EWR,310,5,0,0,305,0,72,28,2426.0,0.016129032258064516,0.0,0.2360655737704918,0.09180327868852459,7.954098360655737
2023,8,19977,UA,13204,12266,MCO,IAH,155,1,0,0,154,0,23,12,86.0,0.0064516129032258064,0.0,0.14935064935064934,0.07792207792207792,0.5584415584415584
2023,8,19977,UA,13204,12892,MCO,LAX,62,0,0,0,62,0,9,3,-405.0,0.0,0.0,0.14516129032258066,0.04838709677419355,-6.532258064516129
2023,8,19977,UA,13204,13930,MCO,ORD,155,4,1,0,150,0,46,10,1578.0,0.025806451612903226,0.0064516129032258064,0.30666666666666664,0.06666666666666667,10.52
2023,8,19977,UA,13204,14771,MCO,SFO,62,0,1,0,61,0,7,3,-538.0,0.0,0.016129032258064516,0.11475409836065574,0.04918032786885246,-8.819672131147541
2023,8,19977,UA,13303,11292,MIA,DEN,62,0,0,0,62,0,16,8,579.0,0.0,0.0,0.25806451612903225,0.12903225806451613,9.338709677419354
2023,8,19977,UA,13303,11618,MIA,EWR,124,2,0,0,122,0,23,10,259.0,0.016129032258064516,0.0,0.1885245901639344,0.08196721311475409,2.122950819672131
2023,8,19977,UA,13303,12266,MIA,IAH,93,1,0,0,92,0,15,9,-106.0,0.010752688172043012,0.0,0.16304347826086957,0.09782608695652174,-1.1521739130434783
2023,8,19977,UA,13303,13930,MIA,ORD,62,2,0,0,60,0,21,12,1764.0,0.03225806451612903,0.0,0.35,0.2,29.4
2023,8,19977,UA,13303,14771,MIA,SFO,31,0,0,0,31,0,2,2,-321.0,0.0,0.0,0.06451612903225806,0.06451612903225806,-10.35483870967742
2023,8,19977,UA,13487,11292,MSP,DEN,141,0,0,0,141,0,28,15,853.0,0.0,0.0,0.19858156028368795,0.10638297872340426,6.049645390070922
2023,8,19977,UA,13487,11618,MSP,EWR,93,0,0,0,93,0,8,1,-673.0,0.0,0.0,0.08602150537634409,0.010752688172043012,-7.236559139784946
2023,8,19977,UA,13487,12266,MSP,IAH,54,1,0,0,53,0,9,5,237.0,0.018518518518518517,0.0,0.16981132075471697,0.09433962264150944,4.471698113207547
2023,8,19977,UA,13487,13930,MSP,ORD,188,4,1,0,183,0,42,15,693.0,0.02127659574468085,0.005319148936170213,0.22950819672131148,0.08196721311475409,3.7868852459016393
2023,8,19977,UA,13487,14771,MSP,SFO,31,0,0,0,31,0,4,4,334.0,0.0,0.0,0.12903225806451613,0.12903225806451613,10.774193548387096
2023,8,19977,UA,13930,10397,ORD,ATL,147,0,2,0,145,0,36,13,1284.0,0.0,0.013605442176870748,0.2482758620689655,0.0896551724137931,8.855172413793104
2023,8,19977,UA,13930,10721,ORD,BOS,205,1,1,0,203,0,43,18,630.0,0.004878048780487805,0.004878048780487805,0.21182266009852216,0.08866995073891626,3.103448275862069
2023,8,19977,UA,13930,10821,ORD,BWI,93,1,0,0,92,0,18,7,467.0,0.010752688172043012,0.0,0.1956521739130435,0.07608695652173914,5.076086956521739
2023,8,19977,UA,13930,11278,ORD,DCA,258,7,1,0,250,0,59,21,1142.0,0.027131782945736434,0.003875968992248062,0.236,0.084,4.568
2023,8,19977,UA,13930,11292,ORD,DEN,312,4,2,0,306,0,56,20,495.0,0.01282051282051282,0.00641025641025641,0.1830065359477124,0.06535947712418301,1.6176470588235294
2023,8,19977,UA,13930,11298,ORD,DFW,147,1,0,0,146,0,30,11,260.0,0.006802721088435374,0.0,0.2054794520547945,0.07534246575342465,1.7808219178082192
2023,8,19977,UA,13930,11433,ORD,DTW,84,2,0,0,82,0,15,7,372.0,0.023809523809523808,0.0,0.18292682926829268,0.08536585365853659,4.536585365853658
2023,8,19977,UA,13930,11618,ORD,EWR,331,5,0,0,326,0,79,32,2978.0,0.015105740181268883,0.0,0.24233128834355827,0.09815950920245399,9.134969325153374
2023,8,19977,UA,13930,11697,ORD,FLL,93,0,1,0,92,0,22,13,1174.0,0.0,0.010752688172043012,0.2391304347826087,0.14130434782608695,12.76086956521739
2023,8,19977,UA,13930,12173,ORD,HNL,31,0,0,0,31,0,5,3,132.0,0.0,0.0,0.16129032258064516,0.0967741935483871,4.258064516129032
2023,8,19977,UA,13930,12266,ORD,IAH,311,2,0,0,309,0,48,17,713.0,0.006430868167202572,0.0,0.1553398058252427,0.05501618122977346,2.307443365695793
2023,8,19977,UA,13930,12889,ORD,LAS,155,3,0,0,152,0,38,14,1180.0,0.01935483870967742,0.0,0.25,0.09210526315789473,7.7631578947368425
2023,8,19977,UA,13930,12892,ORD,LAX,280,2,0,0,278,0,54,15,1392.0,0.007142857142857143,0.0,0.19424460431654678,0.0539568345323741,5.0071942446043165
2023,8,19977,UA,13930,12953,ORD,LGA,356,10,2,0,344,0,75,25,718.0,0.028089887640449437,0.0056179775280898875,0.2180232558139535,0.07267441860465117,2.0872093023255816
2023,8,19977,UA,13930,13204,ORD,MCO,155,4,1,0,150,0,35,19,1771.0,0.025806451612903226,0.0064516129032258064,0.23333333333333334,0.12666666666666668,11.806666666666667
2023,8,19977,UA,13930,13303,ORD,MIA,62,2,2,0,58,0,17,9,1133.0,0.03225806451612903,0.03225806451612903,0.29310344827586204,0.15517241379310345,19.53448275862069
2023,8,19977,UA,13930,13487,ORD,MSP,188,3,0,0,185,0,51,23,2622.0,0.015957446808510637,0.0,0.2756756756756757,0.12432432432432433,14.172972972972973
2023,8,19977,UA,13930,14100,ORD,PHL,155,2,0,0,153,0,33,12,870.0,0.012903225806451613,0.0,0.21568627450980393,0.0784313725490196,5.686274509803922
2023,8,19977,UA,13930,14107,ORD,PHX,124,0,1,0,123,0,21,7,230.0,0.0,0.008064516129032258,0.17073170731707318,0.056910569105691054,1.8699186991869918
2023,8,19977,UA,13930,14635,ORD,RSW,93,2,1,0,90,0,13,3,-47.0,0.021505376344086023,0.010752688172043012,0.14444444444444443,0.03333333333333333,-0.5222222222222223
2023,8,19977,UA,13930,14679,ORD,SAN,142,1,2,0,139,0,24,9,636.0,0.007042253521126761,0.014084507042253521,0.17266187050359713,0.06474820143884892,4.575539568345324
2023,8,19977,UA,13930,14747,ORD,SEA,176,2,0,0,174,0,29,12,-197.0,0.011363636363636364,0.0,0.16666666666666666,0.06896551724137931,-1.132183908045977
2023,8,19977,UA,13930,14771,ORD,SFO,343,0,0,0,343,0,86,34,3743.0,0.0,0.0,0.25072886297376096,0.09912536443148688,10.912536443148689
2023,8,19977,UA,13930,14869,ORD,SLC,93,0,0,0,93,0,18,6,592.0,0.0,0.0,0.1935483870967742,0.06451612903225806,6.365591397849462
2023,8,19977,UA,13930,15016,ORD,STL,62,0,0,0,62,0,3,2,173.0,0.0,0.0,0.04838709677419355,0.03225806451612903,2.7903225806451615
2023,8,19977,UA,13930,15304,ORD,TPA,93,6,0,0,87,0,26,10,1386.0,0.06451612903225806,0.0,0.2988505747126437,0.11494252873563218,15.931034482758621
2023,8,19977,UA,14100,11292,PHL,DEN,120,0,1,0,119,0,12,5,-1119.0,0.0,0.008333333333333333,0.10084033613445378,0.04201680672268908,-9.403361344537815
2023,8,19977,UA,14100,12266,PHL,IAH,89,2,0,0,87,0,11,7,474.0,0.02247191011235955,0.0,0.12643678160919541,0.08045977011494253,5.448275862068965
2023,8,19977,UA,14100,13930,PHL,ORD,155,0,1,0,154,0,18,7,978.0,0.0,0.0064516129032258064,0.11688311688311688,0.045454545454545456,6.35064935064935
2023,8,19977,UA,14100,14771,PHL,SFO,31,0,0,0,31,0,3,0,-142.0,0.0,0.0,0.0967741935483871,0.0,-4.580645161290323
2023,8,19977,UA,14107,11292,PHX,DEN,149,0,0,0,149,0,25,9,588.0,0.0,0.0,0.16778523489932887,0.06040268456375839,3.946308724832215
2023,8,19977,UA,14107,11618,PHX,EWR,99,0,0,0,99,0,15,4,-622.0,0.0,0.0,0.15151515151515152,0.04040404040404041,-6.282828282828283
2023,8,19977,UA,14107,12266,PHX,IAH,93,0,1,0,92,0,8,2,-590.0,0.0,0.010752688172043012,0.08695652173913043,0.021739130434782608,-6.413043478260869
2023,8,19977,UA,14107,12892,PHX,LAX,35,0,0,0,35,0,9,1,377.0,0.0,0.0,0.2571428571428571,0.02857142857142857,10.771428571428572
2023,8,19977,UA,14107,13930,PHX,ORD,124,2,0,0,122,0,18,5,7.0,0.016129032258064516,0.0,0.14754098360655737,0.040983606557377046,0.05737704918032787
2023,8,19977,UA,14107,14771,PHX,SFO,92,0,0,0,92,0,12,2,-349.0,0.0,0.0,0.13043478260869565,0.021739130434782608,-3.7934782608695654
2023,8,19977,UA,14635,11292,RSW,DEN,31,0,1,0,30,0,8,3,200.0,0.0,0.03225806451612903,0.26666666666666666,0.1,6.666666666666667
2023,8,19977,UA,14635,11618,RSW,EWR,100,1,0,0,99,0,20,9,140.0,0.01,0.0,0.20202020202020202,0.09090909090909091,1.4141414141414141
2023,8,19977,UA,14635,12266,RSW,IAH,31,0,0,0,31,0,7,0,78.0,0.0,0.0,0.22580645161290322,0.0,2.5161290322580645
2023,8,19977,UA,14635,13930,RSW,ORD,93,2,1,0,90,0,15,6,-67.0,0.021505376344086023,0.010752688172043012,0.16666666666666666,0.06666666666666667,-0.7444444444444445
2023,8,19977,UA,14679,11292,SAN,DEN,215,5,0,0,210,0,31,15,-626.0,0.023255813953488372,0.0,0.14761904761904762,0.07142857142857142,-2.980952380952381
2023,8,19977,UA,14679,11618,SAN,EWR,124,1,2,0,121,0,22,7,795.0,0.008064516129032258,0.016129032258064516,0.18181818181818182,0.05785123966942149,6.570247933884297
2023,8,19977,UA,14679,12266,SAN,IAH,155,0,0,0,155,0,23,10,703.0,0.0,0.0,0.14838709677419354,0.06451612903225806,4.535483870967742
2023,8,19977,UA,14679,12892,SAN,LAX,12,1,0,0,11,0,0,0,-158.0,0.08333333333333333,0.0,0.0,0.0,-14.363636363636363
2023,8,19977,UA,14679,13930,SAN,ORD,142,1,0,0,141,0,15,7,-632.0,0.007042253521126761,0.0,0.10638297872340426,0.04964539007092199,-4.4822695035460995
2023,8,19977,UA,14679,14771,SAN,SFO,199,3,0,0,196,0,32,9,-133.0,0.01507537688442211,0.0,0.16326530612244897,0.04591836734693878,-0.6785714285714286
2023,8,19977,UA,14747,11292,SEA,DEN,215,0,0,0,215,0,38,10,-297.0,0.0,0.0,0.17674418604651163,0.046511627906976744,-1.3813953488372093
2023,8,19977,UA,14747,11618,SEA,EWR,124,1,0,0,123,0,14,4,-742.0,0.008064516129032258,0.0,0.11382113821138211,0.032520325203252036,-6.032520325203252
2023,8,19977,UA,14747,12266,SEA,IAH,124,0,1,0,123,0,24,4,730.0,0.0,0.008064516129032258,0.1951219512195122,0.032520325203252036,5.934959349593496
2023,8,19977,UA,14747,12892,SEA,LAX,54,0,0,0,54,0,8,2,445.0,0.0,0.0,0.14814814814814814,0.037037037037037035,8.24074074074074
2023,8,19977,UA,14747,13930,SEA,ORD,177,2,2,0,173,0,27,9,-90.0,0.011299435028248588,0.011299435028248588,0.15606936416184972,0.05202312138728324,-0.5202312138728323
2023,8,19977,UA,14747,14771,SEA,SFO,155,0,0,0,155,0,24,4,168.0,0.0,0.0,0.15483870967741936,0.025806451612903226,1.0838709677419356
2023,8,19977,UA,14771,10397,SFO,ATL,62,0,1,0,61,0,14,5,637.0,0.0,0.016129032258064516,0.22950819672131148,0.08196721311475409,10.442622950819672
2023,8,19977,UA,14771,10721,SFO,BOS,182,2,0,0,180,0,43,19,757.0,0.01098901098901099,0.0,0.2388888888888889,0.10555555555555556,4.205555555555556
2023,8,19977,UA,14771,10821,SFO,BWI,62,1,0,0,61,0,5,0,-656.0,0.016129032258064516,0.0,0.08196721311475409,0.0,-10.754098360655737
2023,8,19977,UA,14771,11278,SFO,DCA,31,0,1,0,30,0,4,0,-287.0,0.0,0.03225806451612903,0.13333333333333333,0.0,-9.566666666666666
2023,8,19977,UA,14771,11292,SFO,DEN,279,2,0,0,277,0,65,17,2054.0,0.007168458781362007,0.0,0.23465703971119134,0.061371841155234655,7.415162454873646
2023,8,19977,UA,14771,11298,SFO,DFW,61,1,1,0,59,0,5,1,-174.0,0.01639344262295082,0.01639344262295082,0.0847457627118644,0.01694915254237288,-2.9491525423728815
2023,8,19977,UA,14771,11618,SFO,EWR,248,4,0,0,244,0,69,16,2254.0,0.016129032258064516,0.0,0.2827868852459016,0.06557377049180328,9.237704918032787
2023,8,19977,UA,14771,11697,SFO,FLL,31,0,0,0,31,0,5,2,48.0,0.0,0.0,0.16129032258064516,0.06451612903225806,1.5483870967741935
2023,8,19977,UA,14771,12173,SFO,HNL,155,0,0,0,155,0,39,8,808.0,0.0,0.0,0.25161290322580643,0.05161290322580645,5.212903225806452
2023,8,19977,UA,14771,12266,SFO,IAH,279,1,0,0,278,0,49,17,76.0,0.0035842293906810036,0.0,0.17625899280575538,0.06115107913669065,0.2733812949640288
2023,8,19977,UA,14771,12889,SFO,LAS,186,2,0,0,184,0,38,14,919.0,0.010752688172043012,0.0,0.20652173913043478,0.07608695652173914,4.994565217391305
2023,8,19977,UA,14771,12892,SFO,LAX,284,1,0,0,283,0,28,10,-1952.0,0.0035211267605633804,0.0,0.0989399293286219,0.0353356890459364,-6.897526501766785
2023,8,19977,UA,14771,13204,SFO,MCO,62,0,0,0,62,0,7,0,-427.0,0.0,0.0,0.11290322580645161,0.0,-6.887096774193548
2023,8,19977,UA,14771,13303,SFO,MIA,31,0,0,0,31,0,4,2,-155.0,0.0,0.0,0.12903225806451613,0.06451612903225806,-5.0
2023,8,19977,UA,14771,13487,SFO,MSP,31,0,1,0,30,0,8,4,61.0,0.0,0.03225806451612903,0.26666666666666666,0.13333333333333333,2.033333333333333
2023,8,19977,UA,14771,13930,SFO,ORD,343,1,2,0,340,0,67,20,559.0,0.0029154518950437317,0.0058309037900874635,0.19705882352941176,0.058823529411764705,1.6441176470588235
2023,8,19977,UA,14771,14100,SFO,PHL,31,0,0,0,31,0,5,1,-121.0,0.0,0.0,0.16129032258064516,0.03225806451612903,-3.903225806451613
2023,8,19977,UA,14771,14107,SFO,PHX,92,0,1,0,91,0,18,4,355.0,0.0,0.010869565217391304,0.1978021978021978,0.04395604395604396,3.901098901098901
2023,8,19977,UA,14771,14679,SFO,SAN,199,3,1,0,195,0,30,10,261.0,0.01507537688442211,0.005025125628140704,0.15384615384615385,0.05128205128205128,1.3384615384615384
2023,8,19977,UA,14771,14747,SFO,SEA,155,0,0,0,155,0,25,8,1244.0,0.0,0.0,0.16129032258064516,0.05161290322580645,8.025806451612903
2023,8,19977,UA,14771,14869,SFO,SLC,60,0,0,0,60,0,20,6,647.0,0.0,0.0,0.3333333333333333,0.1,10.783333333333333
2023,8,19977,UA,14771,15304,SFO,TPA,31,2,1,0,28,0,4,1,30.0,0.06451612903225806,0.03225806451612903,0.14285714285714285,0.03571428571428571,1.0714285714285714
2023,8,19977,UA,14869,11292,SLC,DEN,61,3,1,0,57,0,10,3,1024.0,0.04918032786885246,0.01639344262295082,0.17543859649122806,0.05263157894736842,17.964912280701753
2023,8,19977,UA,14869,11618,SLC,EWR,31,0,0,0,31,0,6,1,-15.0,0.0,0.0,0.1935483870967742,0.03225806451612903,-0.4838709677419355
2023,8,19977,UA,14869,12266,SLC,IAH,91,2,0,0,89,0,14,4,-86.0,0.02197802197802198,0.0,0.15730337078651685,0.0449438202247191,-0.9662921348314607
2023,8,19977,UA,14869,13930,SLC,ORD,93,1,0,0,92,0,17,7,704.0,0.010752688172043012,0.0,0.18478260869565216,0.07608695652173914,7.6521739130434785
2023,8,19977,UA,14869,14771,SLC,SFO,60,0,0,0,60,0,15,5,351.0,0.0,0.0,0.25,0.08333333333333333,5.85
2023,8,19977,UA,15016,11292,STL,DEN,118,1,0,0,117,0,24,7,608.0,0.00847457627118644,0.0,0.20512820512820512,0.05982905982905983,5.196581196581197
2023,8,19977,UA,15016,11618,STL,EWR,31,1,0,0,30,0,7,2,141.0,0.03225806451612903,0.0,0.23333333333333334,0.06666666666666667,4.7
2023,8,19977,UA,15016,12266,STL,IAH,62,0,0,0,62,0,10,4,170.0,0.0,0.0,0.16129032258064516,0.06451612903225806,2.7419354838709675
2023,8,19977,UA,15016,13930,STL,ORD,62,2,0,0,60,0,7,3,567.0,0.03225806451612903,0.0,0.11666666666666667,0.05,9.45
2023,8,19977,UA,15304,11292,TPA,DEN,93,6,2,0,85,0,11,6,232.0,0.06451612903225806,0.021505376344086023,0.12941176470588237,0.07058823529411765,2.7294117647058824
2023,8,19977,UA,15304,11618,TPA,EWR,180,13,0,0,167,0,26,10,-231.0,0.07222222222222222,0.0,0.15568862275449102,0.059880239520958084,-1.3832335329341316
2023,8,19977,UA,15304,12266,TPA,IAH,93,7,0,0,86,0,11,5,-115.0,0.07526881720430108,0.0,0.12790697674418605,0.05813953488372093,-1.3372093023255813
2023,8,19977,UA,15304,12892,TPA,LAX,31,2,1,0,28,0,1,0,-759.0,0.06451612903225806,0.03225806451612903,0.03571428571428571,0.0,-27.107142857142858
2023,8,19977,UA,15304,13930,TPA,ORD,93,6,1,0,86,0,18,3,202.0,0.06451612903225806,0.010752688172043012,0.20930232558139536,0.03488372093023256,2.3488372093023258
2023,8,19977,UA,15304,14771,TPA,SFO,31,2,0,0,29,0,1,1,-322.0,0.06451612903225806,0.0,0.034482758620689655,0.034482758620689655,-11.10344827586207
2023,8,20304,OO,10721,12478,BOS,JFK,39,1,0,0,38,0,13,8,989.0,0.02564102564102564,0.0,0.34210526315789475,0.21052631578947367,26.026315789473685
2023,8,20304,OO,10721,13930,BOS,ORD,58,1,0,0,57,0,15,9,2009.0,0.017241379310344827,0.0,0.2631578947368421,0.15789473684210525,35.24561403508772
2023,8,20304,OO,11278,13930,DCA,ORD,40,0,0,0,40,0,10,5,1513.0,0.0,0.0,0.25,0.125,37.825
2023,8,20304,OO,11292,12892,DEN,LAX,60,0,0,0,60,0,9,3,-127.0,0.0,0.0,0.15,0.05,-2.1166666666666667
2023,8,20304,OO,11292,14869,DEN,SLC,156,2,1,0,153,0,38,11,1213.0,0.01282051282051282,0.00641025641025641,0.24836601307189543,0.0718954248366013,7.928104575163399
2023,8,20304,OO,11298,14771,DFW,SFO,1,0,0,0,1,0,0,0,-15.0,0.0,0.0,0.0,0.0,-15.0
2023,8,20304,OO,11433,12266,DTW,IAH,30,0,0,0,30,0,7,2,270.0,0.0,0.0,0.23333333333333334,0.06666666666666667,9.0
2023,8,20304,OO,11433,13232,DTW,MDW,89,2,0,0,87,0,16,8,538.0,0.02247191011235955,0.0,0.1839080459770115,0.09195402298850575,6.183908045977011
2023,8,20304,OO,11433,13930,DTW,ORD,132,0,0,0,132,0,23,5,-436.0,0.0,0.0,0.17424242424242425,0.03787878787878788,-3.303030303030303
2023,8,20304,OO,11433,15016,DTW,STL,1,0,0,0,1,0,0,0,2.0,0.0,0.0,0.0,0.0,2.0
2023,8,20304,OO,11618,13930,EWR,ORD,2,0,0,0,2,0,1,0,13.0,0.0,0.0,0.5,0.0,6.5
2023,8,20304,OO,12266,11433,IAH,DTW,30,0,0,0,30,0,4,2,30.0,0.0,0.0,0.13333333333333333,0.06666666666666667,1.0
2023,8,20304,OO,12266,12892,IAH,LAX,31,0,0,0,31,0,4,0,-661.0,0.0,0.0,0.12903225806451613,0.0,-21.322580645161292
2023,8,20304,OO,12266,12953,IAH,LGA,40,1,1,0,38,0,9,5,563.0,0.025,0.025,0.23684210526315788,0.13157894736842105,14.81578947368421
2023,8,20304,OO,12266,14107,IAH,PHX,4,0,0,0,4,0,0,0,-56.0,0.0,0.0,0.0,0.0,-14.0
2023,8,20304,OO,12478,10721,JFK,BOS,39,1,0,0,38,0,12,5,252.0,0.02564102564102564,0.0,0.3157894736842105,0.13157894736842105,6.631578947368421
2023,8,20304,OO,12478,13930,JFK,ORD,124,2,0,0,122,0,35,12,1305.0,0.016129032258064516,0.0,0.28688524590163933,0.09836065573770492,10.69672131147541
2023,8,20304,OO,12889,12892,LAS,LAX,52,0,0,0,52,0,19,5,930.0,0.0,0.0,0.36538461538461536,0.09615384615384616,17.884615384615383
2023,8,20304,OO,12889,14771,LAS,SFO,29,0,0,0,29,0,12,0,401.0,0.0,0.0,0.41379310344827586,0.0,13.827586206896552
2023,8,20304,OO,12892,11292,LAX,DEN,61,0,0,0,61,0,10,2,-7.0,0.0,0.0,0.16393442622950818,0.03278688524590164,-0.11475409836065574
2023,8,20304,OO,12892,12266,LAX,IAH,31,0,0,0,31,0,3,2,-50.0,0.0,0.0,0.0967741935483871,0.06451612903225806,-1.6129032258064515
2023,8,20304,OO,12892,12889,LAX,LAS,52,0,0,0,52,0,9,4,327.0,0.0,0.0,0.17307692307692307,0.07692307692307693,6.288461538461538
2023,8,20304,OO,12892,13796,LAX,OAK,89,0,0,0,89,0,7,3,-202.0,0.0,0.0,0.07865168539325842,0.033707865168539325,-2.269662921348315
2023,8,20304,OO,12892,14107,LAX,PHX,178,2,1,0,175,0,15,2,-1122.0,0.011235955056179775,0.0056179775280898875,0.08571428571428572,0.011428571428571429,-6.411428571428571
2023,8,20304,OO,12892,14679,LAX,SAN,174,1,0,0,173,0,15,4,-9.0,0.005747126436781609,0.0,0.08670520231213873,0.023121387283236993,-0.05202312138728324
2023,8,20304,OO,12892,14747,LAX,SEA,94,0,0,0,94,0,5,0,-1013.0,0.0,0.0,0.05319148936170213,0.0,-10.77659574468085
2023,8,20304,OO,12892,14771,LAX,SFO,248,1,0,0,247,0,48,8,1050.0,0.004032258064516129,0.0,0.19433198380566802,0.032388663967611336,4.251012145748988
2023,8,20304,OO,12892,14869,LAX,SLC,31,1,0,0,30,0,3,0,-300.0,0.03225806451612903,0.0,0.1,0.0,-10.0
2023,8,20304,OO,12953,12266,LGA,IAH,40,1,0,0,39,0,10,6,531.0,0.025,0.0,0.2564102564102564,0.15384615384615385,13.615384615384615
2023,8,20304,OO,12953,13930,LGA,ORD,1,0,0,0,1,0,0,0,11.0,0.0,0.0,0.0,0.0,11.0
2023,8,20304,OO,13232,11433,MDW,DTW,89,2,0,0,87,0,18,9,1466.0,0.02247191011235955,0.0,0.20689655172413793,0.10344827586206896,16.850574712643677
2023,8,20304,OO,13232,13487,MDW,MSP,89,0,0,0,89,0,13,7,94.0,0.0,0.0,0.14606741573033707,0.07865168539325842,1.0561797752808988
2023,8,20304,OO,13487,13232,MSP,MDW,89,0,1,0,88,0,14,5,234.0,0.0,0.011235955056179775,0.1590909090909091,0.056818181818181816,2.659090909090909
2023,8,20304,OO,13487,13930,MSP,ORD,4,0,0,0,4,0,1,0,0.0,0.0,0.0,0.25,0.0,0.0
2023,8,20304,OO,13487,15016,MSP,STL,1,0,0,0,1,0,0,0,1.0,0.0,0.0,0.0,0.0,1.0
2023,8,20304,OO,13796,12892,OAK,LAX,89,0,0,0,89,0,6,1,-653.0,0.0,0.0,0.06741573033707865,0.011235955056179775,-7.337078651685394
2023,8,20304,OO,13796,14747,OAK,SEA,14,0,0,0,14,0,6,0,167.0,0.0,0.0,0.42857142857142855,0.0,11.928571428571429
2023,8,20304,OO,13796,14869,OAK,SLC,62,0,0,0,62,0,6,1,-91.0,0.0,0.0,0.0967741935483871,0.016129032258064516,-1.467741935483871
2023,8,20304,OO,13930,10721,ORD,BOS,59,1,1,0,57,0,19,7,1512.0,0.01694915254237288,0.01694915254237288,0.3333333333333333,0.12280701754385964,26.526315789473685
2023,8,20304,OO,13930,11278,ORD,DCA,40,0,0,0,40,0,7,2,114.0,0.0,0.0,0.175,0.05,2.85
2023,8,20304,OO,13930,11433,ORD,DTW,132,3,0,0,129,0,27,8,1918.0,0.022727272727272728,0.0,0.20930232558139536,0.06201550387596899,14.868217054263566
2023,8,20304,OO,13930,11618,ORD,EWR,2,0,0,0,2,0,0,0,4.0,0.0,0.0,0.0,0.0,2.0
2023,8,20304,OO,13930,12478,ORD,JFK,124,3,0,0,121,0,18,9,-294.0,0.024193548387096774,0.0,0.1487603305785124,0.0743801652892562,-2.4297520661157024
2023,8,20304,OO,13930,13487,ORD,MSP,4,0,0,0,4,0,0,0,-40.0,0.0,0.0,0.0,0.0,-10.0
2023,8,20304,OO,13930,14869,ORD,SLC,31,0,0,0,31,0,6,0,-108.0,0.0,0.0,0.1935483870967742,0.0,-3.4838709677419355
2023,8,20304,OO,13930,15016,ORD,STL,19,0,0,0,19,0,3,1,25.0,0.0,0.0,0.15789473684210525,0.05263157894736842,1.3157894736842106
2023,8,20304,OO,14107,11292,PHX,DEN,4,0,0,0,4,0,0,0,-21.0,0.0,0.0,0.0,0.0,-5.25
2023,8,20304,OO,14107,12892,PHX,LAX,178,3,0,0,175,0,13,1,-937.0,0.016853932584269662,0.0,0.07428571428571429,0.005714285714285714,-5.354285714285714
2023,8,20304,OO,14107,14747,PHX,SEA,17,0,0,0,17,0,0,0,-193.0,0.0,0.0,0.0,0.0,-11.352941176470589
2023,8,20304,OO,14107,14771,PHX,SFO,63,0,0,0,63,0,12,2,267.0,0.0,0.0,0.19047619047619047,0.031746031746031744,4.238095238095238
2023,8,20304,OO,14107,14869,PHX,SLC,39,0,0,0,39,0,6,2,96.0,0.0,0.0,0.15384615384615385,0.05128205128205128,2.4615384615384617
2023,8,20304,OO,14679,12892,SAN,LAX,174,1,0,0,173,0,18,8,154.0,0.005747126436781609,0.0,0.10404624277456648,0.046242774566473986,0.8901734104046243
2023,8,20304,OO,14679,14771,SAN,SFO,239,1,0,0,238,0,64,19,2765.0,0.0041841004184100415,0.0,0.2689075630252101,0.07983193277310924,11.617647058823529
2023,8,20304,OO,14679,14869,SAN,SLC,17,0,0,0,17,0,6,0,152.0,0.0,0.0,0.35294117647058826,0.0,8.941176470588236
2023,8,20304,OO,14747,12892,SEA,LAX,94,0,0,0,94,0,4,0,-1081.0,0.0,0.0,0.0425531914893617,0.0,-11.5
2023,8,20304,OO,14747,13796,SEA,OAK,14,0,0,0,14,0,1,0,44.0,0.0,0.0,0.07142857142857142,0.0,3.142857142857143
2023,8,20304,OO,14747,14107,SEA,PHX,17,0,0,0,17,0,2,0,77.0,0.0,0.0,0.11764705882352941,0.0,4.529411764705882
2023,8,20304,OO,14747,14869,SEA,SLC,62,0,0,0,62,0,14,3,539.0,0.0,0.0,0.22580645161290322,0.04838709677419355,8.693548387096774
2023,8,20304,OO,14771,11298,SFO,DFW,1,0,0,0,1,0,0,0,-4.0,0.0,0.0,0.0,0.0,-4.0
2023,8,20304,OO,14771,12889,SFO,LAS,33,0,0,0,33,0,4,0,-188.0,0.0,0.0,0.12121212121212122,0.0,-5.696969696969697
2023,8,20304,OO,14771,12892,SFO,LAX,261,1,0,0,260,0,39,13,789.0,0.0038314176245210726,0.0,0.15,0.05,3.0346153846153845
2023,8,20304,OO,14771,14107,SFO,PHX,62,0,0,0,62,0,11,2,-395.0,0.0,0.0,0.1774193548387097,0.03225806451612903,-6.370967741935484
2023,8,20304,OO,14771,14679,SFO,SAN,239,2,0,0,237,0,58,18,2594.0,0.008368200836820083,0.0,0.24472573839662448,0.0759493670886076,10.945147679324894
2023,8,20304,OO,14771,14869,SFO,SLC,81,0,0,0,81,0,14,5,1874.0,0.0,0.0,0.1728395061728395,0.06172839506172839,23.135802469135804
2023,8,20304,OO,14869,11292,SLC,DEN,156,1,1,0,154,0,31,10,1549.0,0.00641025641025641,0.00641025641025641,0.2012987012987013,0.06493506493506493,10.058441558441558
2023,8,20304,OO,14869,12892,SLC,LAX,31,0,0,0,31,0,0,0,-271.0,0.0,0.0,0.0,0.0,-8.741935483870968
2023,8,20304,OO,14869,13796,SLC,OAK,62,0,0,0,62,0,2,0,-531.0,0.0,0.0,0.03225806451612903,0.0,-8.564516129032258
2023,8,20304,OO,14869,13930,SLC,ORD,31,0,0,0,31,0,4,2,-110.0,0.0,0.0,0.12903225806451613,0.06451612903225806,-3.5483870967741935
2023,8,20304,OO,14869,14107,SLC,PHX,39,0,0,0,39,0,4,2,-218.0,0.0,0.0,0.10256410256410256,0.05128205128205128,-5.589743589743589
2023,8,20304,OO,14869,14679,SLC,SAN,17,0,0,0,17,0,4,0,43.0,0.0,0.0,0.23529411764705882,0.0,2.5294117647058822
2023,8,20304,OO,14869,14747,SLC,SEA,62,0,0,0,62,0,12,1,211.0,0.0,0.0,0.1935483870967742,0.016129032258064516,3.403225806451613
2023,8,20304,OO,14869,14771,SLC,SFO,81,0,0,0,81,0,17,1,333.0,0.0,0.0,0.20987654320987653,0.012345679012345678,4.111111111111111
2023,8,20304,OO,15016,11433,STL,DTW,2,0,0,0,2,0,0,0,13.0,0.0,0.0,0.0,0.0,6.5
2023,8,20304,OO,15016,13930,STL,ORD,19,0,0,0,19,0,4,1,-3.0,0.0,0.0,0.21052631578947367,0.05263157894736842,-0.15789473684210525
2023,8,20363,9E,10821,12478,BWI,JFK,62,1,0,0,61,0,9,6,244.0,0.016129032258064516,0.0,0.14754098360655737,0.09836065573770492,4.0
2023,8,20363,9E,11278,12478,DCA,JFK,31,0,0,0,31,0,5,2,-272.0,0.0,0.0,0.16129032258064516,0.06451612903225806,-8.774193548387096
2023,8,20363,9E,11433,12478,DTW,JFK,93,2,0,0,91,0,17,6,649.0,0.021505376344086023,0.0,0.18681318681318682,0.06593406593406594,7.131868131868132
2023,8,20363,9E,12478,10821,JFK,BWI,62,2,0,0,60,0,13,5,-79.0,0.03225806451612903,0.0,0.21666666666666667,0.08333333333333333,-1.3166666666666667
2023,8,20363,9E,12478,11278,JFK,DCA,31,0,0,0,31,0,4,3,38.0,0.0,0.0,0.12903225806451613,0.0967741935483871,1.2258064516129032
2023,8,20363,9E,12478,11433,JFK,DTW,93,2,0,0,91,0,19,11,757.0,0.021505376344086023,0.0,0.2087912087912088,0.12087912087912088,8.31868131868132
2023,8,20363,9E,12478,13487,JFK,MSP,31,0,0,0,31,0,9,5,966.0,0.0,0.0,0.2903225806451613,0.16129032258064516,31.161290322580644
2023,8,20363,9E,12953,15016,LGA,STL,139,4,1,0,134,0,13,5,-2544.0,0.02877697841726619,0.007194244604316547,0.09701492537313433,0.03731343283582089,-18.98507462686567
2023,8,20363,9E,13487,12478,MSP,JFK,31,0,0,0,31,0,2,0,-909.0,0.0,0.0,0.06451612903225806,0.0,-29.322580645161292
2023,8,20363,9E,15016,12953,STL,LGA,139,4,0,0,135,0,9,2,-1312.0,0.02877697841726619,0.0,0.06666666666666667,0.014814814814814815,-9.718518518518518
2023,8,20368,G4,12889,14679,LAS,SAN,4,0,0,0,4,0,0,0,-14.0,0.0,0.0,0.0,0.0,-3.5
2023,8,20368,G4,14679,12889,SAN,LAS,4,1,0,0,3,0,2,1,101.0,0.25,0.0,0.6666666666666666,0.3333333333333333,33.666666666666664
2023,8,20397,OH,10397,11278,ATL,DCA,56,4,0,0,52,0,16,9,796.0,0.07142857142857142,0.0,0.3076923076923077,0.17307692307692307,15.307692307692308
2023,8,20397,OH,11278,10397,DCA,ATL,56,2,0,0,54,0,16,10,1483.0,0.03571428571428571,0.0,0.2962962962962963,0.18518518518518517,27.462962962962962
2023,8,20397,OH,11278,11433,DCA,DTW,86,2,0,0,84,0,15,5,-351.0,0.023255813953488372,0.0,0.17857142857142858,0.05952380952380952,-4.178571428571429
2023,8,20397,OH,11278,13487,DCA,MSP,33,1,0,0,32,0,4,1,-226.0,0.030303030303030304,0.0,0.125,0.03125,-7.0625
2023,8,20397,OH,11278,14100,DCA,PHL,44,2,0,0,42,0,9,4,213.0,0.045454545454545456,0.0,0.21428571428571427,0.09523809523809523,5.071428571428571
2023,8,20397,OH,11278,15016,DCA,STL,35,0,0,0,35,0,8,4,158.0,0.0,0.0,0.22857142857142856,0.11428571428571428,4.514285714285714
2023,8,20397,OH,11433,11278,DTW,DCA,85,2,0,0,83,0,12,5,-41.0,0.023529411764705882,0.0,0.14457831325301204,0.060240963855421686,-0.4939759036144578
2023,8,20397,OH,11433,14100,DTW,PHL,26,0,0,0,26,0,3,2,-111.0,0.0,0.0,0.11538461538461539,0.07692307692307693,-4.269230769230769
2023,8,20397,OH,13487,11278,MSP,DCA,33,1,0,0,32,0,4,2,-138.0,0.030303030303030304,0.0,0.125,0.0625,-4.3125
2023,8,20397,OH,14100,11278,PHL,DCA,45,2,0,0,43,0,7,3,-52.0,0.044444444444444446,0.0,0.16279069767441862,0.06976744186046512,-1.2093023255813953
2023,8,20397,OH,14100,11433,PHL,DTW,26,0,1,0,25,0,3,1,64.0,0.0,0.038461538461538464,0.12,0.04,2.56
2023,8,20397,OH,14100,15016,PHL,STL,2,0,0,0,2,0,0,0,-23.0,0.0,0.0,0.0,0.0,-11.5
2023,8,20397,OH,15016,11278,STL,DCA,34,0,0,0,34,0,9,4,786.0,0.0,0.0,0.2647058823529412,0.11764705882352941,23.11764705882353
2023,8,20397,OH,15016,14100,STL,PHL,2,0,0,0,2,0,2,1,112.0,0.0,0.0,1.0,0.5,56.0
2023,8,20398,MQ,10397,13303,ATL,MIA,40,0,1,0,39,0,8,4,606.0,0.0,0.025,0.20512820512820512,0.10256410256410256,15.538461538461538
2023,8,20398,MQ,10397,13930,ATL,ORD,12,1,0,0,11,0,8,6,903.0,0.08333333333333333,0.0,0.7272727272727273,0.5454545454545454,82.0909090909091
2023,8,20398,MQ,10721,13303,BOS,MIA,2,0,0,0,2,0,0,0,-26.0,0.0,0.0,0.0,0.0,-13.0
2023,8,20398,MQ,10721,13930,BOS,ORD,29,0,0,0,29,0,7,3,211.0,0.0,0.0,0.2413793103448276,0.10344827586206896,7.275862068965517
2023,8,20398,MQ,10721,15016,BOS,STL,56,0,0,0,56,0,12,6,468.0,0.0,0.0,0.21428571428571427,0.10714285714285714,8.357142857142858
2023,8,20398,MQ,10821,13303,BWI,MIA,4,0,0,0,4,0,0,0,-28.0,0.0,0.0,0.0,0.0,-7.0
2023,8,20398,MQ,10821,13930,BWI,ORD,28,0,0,0,28,0,5,2,16.0,0.0,0.0,0.17857142857142858,0.07142857142857142,0.5714285714285714
2023,8,20398,MQ,11278,13487,DCA,MSP,29,0,0,0,29,0,4,1,1.0,0.0,0.0,0.13793103448275862,0.034482758620689655,0.034482758620689655
2023,8,20398,MQ,11298,12266,DFW,IAH,70,0,0,0,70,0,5,3,-71.0,0.0,0.0,0.07142857142857142,0.04285714285714286,-1.0142857142857142
2023,8,20398,MQ,11298,15016,DFW,STL,17,0,0,0,17,0,1,1,-85.0,0.0,0.0,0.058823529411764705,0.058823529411764705,-5.0
2023,8,20398,MQ,11433,13930,DTW,ORD,11,1,0,0,10,0,4,0,83.0,0.09090909090909091,0.0,0.4,0.0,8.3
2023,8,20398,MQ,12266,11298,IAH,DFW,70,0,0,0,70,0,7,2,-389.0,0.0,0.0,0.1,0.02857142857142857,-5.557142857142857
2023,8,20398,MQ,13303,10397,MIA,ATL,39,0,0,0,39,0,6,3,108.0,0.0,0.0,0.15384615384615385,0.07692307692307693,2.769230769230769
2023,8,20398,MQ,13303,10721,MIA,BOS,2,0,0,0,2,0,0,0,-2.0,0.0,0.0,0.0,0.0,-1.0
2023,8,20398,MQ,13303,10821,MIA,BWI,4,0,0,0,4,0,1,0,16.0,0.0,0.0,0.25,0.0,4.0
2023,8,20398,MQ,13303,15304,MIA,TPA,6,0,0,0,6,0,3,0,79.0,0.0,0.0,0.5,0.0,13.166666666666666
2023,8,20398,MQ,13487,11278,MSP,DCA,29,0,0,0,29,0,4,0,-346.0,0.0,0.0,0.13793103448275862,0.0,-11.931034482758621
2023,8,20398,MQ,13487,13930,MSP,ORD,18,0,0,0,18,0,2,0,-79.0,0.0,0.0,0.1111111111111111,0.0,-4.388888888888889
2023,8,20398,MQ,13930,10397,ORD,ATL,12,1,1,0,10,0,4,2,223.0,0.08333333333333333,0.08333333333333333,0.4,0.2,22.3
2023,8,20398,MQ,13930,10721,ORD,BOS,31,0,0,0,31,0,6,1,-17.0,0.0,0.0,0.1935483870967742,0.03225806451612903,-0.5483870967741935
2023,8,20398,MQ,13930,10821,ORD,BWI,28,0,0,0,28,0,7,1,-6.0,0.0,0.0,0.25,0.03571428571428571,-0.21428571428571427
2023,8,20398,MQ,13930,11433,ORD,DTW,11,1,0,0,10,0,4,0,111.0,0.09090909090909091,0.0,0.4,0.0,11.1
2023,8,20398,MQ,13930,13487,ORD,MSP,17,0,0,0,17,0,4,0,72.0,0.0,0.0,0.23529411764705882,0.0,4.235294117647059
2023,8,20398,MQ,13930,15016,ORD,STL,72,1,0,0,71,0,23,7,840.0,0.013888888888888888,0.0,0.323943661971831,0.09859154929577464,11.830985915492958
2023,8,20398,MQ,15016,10721,STL,BOS,54,0,0,0,54,0,18,9,718.0,0.0,0.0,0.3333333333333333,0.16666666666666666,13.296296296296296
2023,8,20398,MQ,15016,11298,STL,DFW,17,0,0,0,17,0,1,1,-93.0,0.0,0.0,0.058823529411764705,0.058823529411764705,-5.470588235294118
2023,8,20398,MQ,15016,13930,STL,ORD,74,1,0,0,73,0,16,9,926.0,0.013513513513513514,0.0,0.2191780821917808,0.1232876712328767,12.684931506849315
2023,8,20398,MQ,15304,13303,TPA,MIA,6,0,0,0,6,0,2,1,111.0,0.0,0.0,0.3333333333333333,0.16666666666666666,18.5
2023,8,20409,B6,10397,10721,ATL,BOS,92,4,0,0,88,0,34,17,3079.0,0.043478260869565216,0.0,0.38636363636363635,0.19318181818181818,34.98863636363637
2023,8,20409,B6,10397,11697,ATL,FLL,31,1,0,0,30,0,8,3,496.0,0.03225806451612903,0.0,0.26666666666666666,0.1,16.533333333333335
2023,8,20409,B6,10397,12478,ATL,JFK,62,1,0,0,61,0,27,18,1672.0,0.016129032258064516,0.0,0.4426229508196721,0.29508196721311475,27.40983606557377
2023,8,20409,B6,10397,12953,ATL,LGA,124,5,1,0,118,0,40,22,3134.0,0.04032258064516129,0.008064516129032258,0.3389830508474576,0.1864406779661017,26.559322033898304
2023,8,20409,B6,10721,10397,BOS,ATL,92,4,2,0,86,0,44,20,3620.0,0.043478260869565216,0.021739130434782608,0.5116279069767442,0.23255813953488372,42.093023255813954
2023,8,20409,B6,10721,10821,BOS,BWI,62,1,0,0,61,0,11,7,812.0,0.016129032258064516,0.0,0.18032786885245902,0.11475409836065574,13.311475409836065
2023,8,20409,B6,10721,11278,BOS,DCA,305,9,0,0,296,0,83,36,3141.0,0.029508196721311476,0.0,0.28040540540540543,0.12162162162162163,10.611486486486486
2023,8,20409,B6,10721,11292,BOS,DEN,62,0,0,0,62,0,25,13,1972.0,0.0,0.0,0.4032258064516129,0.20967741935483872,31.806451612903224
2023,8,20409,B6,10721,11298,BOS,DFW,31,0,0,0,31,0,14,7,886.0,0.0,0.0,0.45161290322580644,0.22580645161290322,28.580645161290324
2023,8,20409,B6,10721,11433,BOS,DTW,89,1,0,0,88,0,23,12,1333.0,0.011235955056179775,0.0,0.26136363636363635,0.13636363636363635,15.147727272727273
2023,8,20409,B6,10721,11697,BOS,FLL,85,2,1,0,82,0,39,19,2788.0,0.023529411764705882,0.011764705882352941,0.47560975609756095,0.23170731707317074,34.0
2023,8,20409,B6,10721,12266,BOS,IAH,62,0,1,0,61,0,27,14,2149.0,0.0,0.016129032258064516,0.4426229508196721,0.22950819672131148,35.22950819672131
2023,8,20409,B6,10721,12478,BOS,JFK,186,4,0,0,182,0,81,37,4640.0,0.021505376344086023,0.0,0.44505494505494503,0.2032967032967033,25.494505494505493
2023,8,20409,B6,10721,12889,BOS,LAS,62,3,0,0,59,0,24,11,1438.0,0.04838709677419355,0.0,0.4067796610169492,0.1864406779661017,24.372881355932204
2023,8,20409,B6,10721,12892,BOS,LAX,146,0,0,0,146,0,80,35,6424.0,0.0,0.0,0.547945205479452,0.23972602739726026,44.0
2023,8,20409,B6,10721,12953,BOS,LGA,233,6,0,0,227,0,60,26,2463.0,0.02575107296137339,0.0,0.2643171806167401,0.1145374449339207,10.85022026431718
2023,8,20409,B6,10721,13204,BOS,MCO,182,3,2,0,177,0,73,42,7152.0,0.016483516483516484,0.01098901098901099,0.4124293785310734,0.23728813559322035,40.40677966101695
2023,8,20409,B6,10721,13303,BOS,MIA,31,4,2,0,25,0,13,11,1897.0,0.12903225806451613,0.06451612903225806,0.52,0.44,75.88
2023,8,20409,B6,10721,13487,BOS,MSP,31,1,0,0,30,0,11,7,1054.0,0.03225806451612903,0.0,0.36666666666666664,0.23333333333333334,35.13333333333333
2023,8,20409,B6,10721,13930,BOS,ORD,31,0,0,0,31,0,10,5,541.0,0.0,0.0,0.3225806451612903,0.16129032258064516,17.451612903225808
2023,8,20409,B6,10721,14100,BOS,PHL,58,2,0,0,56,0,18,6,357.0,0.034482758620689655,0.0,0.32142857142857145,0.10714285714285714,6.375
2023,8,20409,B6,10721,14107,BOS,PHX,31,1,1,0,29,0,16,9,978.0,0.03225806451612903,0.03225806451612903,0.5517241379310345,0.3103448275862069,33.724137931034484
2023,8,20409,B6,10721,14635,BOS,RSW,56,2,0,0,54,0,19,10,1404.0,0.03571428571428571,0.0,0.35185185185185186,0.18518518518518517,26.0
2023,8,20409,B6,10721,14679,BOS,SAN,61,0,1,0,60,0,21,5,754.0,0.0,0.01639344262295082,0.35,0.08333333333333333,12.566666666666666
2023,8,20409,B6,10721,14747,BOS,SEA,62,1,1,0,60,0,19,7,664.0,0.016129032258064516,0.016129032258064516,0.31666666666666665,0.11666666666666667,11.066666666666666
2023,8,20409,B6,10721,14771,BOS,SFO,142,1,0,0,141,0,46,17,2151.0,0.007042253521126761,0.0,0.3262411347517731,0.12056737588652482,15.25531914893617
2023,8,20409,B6,10721,14869,BOS,SLC,31,0,0,0,31,0,15,9,1632.0,0.0,0.0,0.4838709677419355,0.2903225806451613,52.645161290322584
2023,8,20409,B6,10721,15304,BOS,TPA,105,8,2,0,95,0,43,18,3264.0,0.0761904761904762,0.01904761904761905,0.45263157894736844,0.18947368421052632,34.357894736842105
2023,8,20409,B6,10821,10721,BWI,BOS,62,1,0,0,61,0,19,10,1457.0,0.016129032258064516,0.0,0.3114754098360656,0.16393442622950818,23.885245901639344
2023,8,20409,B6,11278,10721,DCA,BOS,305,8,1,0,296,0,85,43,4881.0,0.02622950819672131,0.003278688524590164,0.28716216216216217,0.14527027027027026,16.489864864864863
2023,8,20409,B6,11278,11697,DCA,FLL,138,6,3,0,129,0,50,26,4155.0,0.043478260869565216,0.021739130434782608,0.3875968992248062,0.20155038759689922,32.2093023255814
2023,8,20409,B6,11278,13204,DCA,MCO,114,5,3,0,106,0,33,23,3811.0,0.043859649122807015,0.02631578947368421,0.3113207547169811,0.2169811320754717,35.95283018867924
2023,8,20409,B6,11278,14635,DCA,RSW,31,1,2,0,28,0,9,6,559.0,0.03225806451612903,0.06451612903225806,0.32142857142857145,0.21428571428571427,19.964285714285715
2023,8,20409,B6,11292,10721,DEN,BOS,62,1,0,0,61,0,30,15,3202.0,0.016129032258064516,0.0,0.4918032786885246,0.2459016393442623,52.49180327868852
2023,8,20409,B6,11292,12478,DEN,JFK,37,0,0,0,37,0,17,11,1221.0,0.0,0.0,0.4594594594594595,0.2972972972972973,33.0
2023,8,20409,B6,11292,12953,DEN,LGA,93,2,1,0,90,0,25,8,1913.0,0.021505376344086023,0.010752688172043012,0.2777777777777778,0.08888888888888889,21.255555555555556
2023,8,20409,B6,11298,10721,DFW,BOS,31,0,0,0,31,0,15,8,2054.0,0.0,0.0,0.4838709677419355,0.25806451612903225,66.25806451612904
2023,8,20409,B6,11433,10721,DTW,BOS,89,1,0,0,88,0,28,15,1922.0,0.011235955056179775,0.0,0.3181818181818182,0.17045454545454544,21.84090909090909
2023,8,20409,B6,11433,12478,DTW,JFK,93,3,0,0,90,0,28,13,1362.0,0.03225806451612903,0.0,0.3111111111111111,0.14444444444444443,15.133333333333333
2023,8,20409,B6,11618,11697,EWR,FLL,62,2,0,0,60,0,15,4,797.0,0.03225806451612903,0.0,0.25,0.06666666666666667,13.283333333333333
2023,8,20409,B6,11618,12892,EWR,LAX,116,1,0,0,115,0,31,5,327.0,0.008620689655172414,0.0,0.26956521739130435,0.043478260869565216,2.8434782608695652
2023,8,20409,B6,11618,13204,EWR,MCO,125,3,0,0,122,0,21,8,317.0,0.024,0.0,0.1721311475409836,0.06557377049180328,2.598360655737705
2023,8,20409,B6,11618,13303,EWR,MIA,31,1,0,0,30,0,6,2,151.0,0.03225806451612903,0.0,0.2,0.06666666666666667,5.033333333333333
2023,8,20409,B6,11618,14635,EWR,RSW,31,1,1,0,29,0,10,4,559.0,0.03225806451612903,0.03225806451612903,0.3448275862068966,0.13793103448275862,19.275862068965516
2023,8,20409,B6,11618,15304,EWR,TPA,62,4,1,0,57,0,15,8,1238.0,0.06451612903225806,0.016129032258064516,0.2631578947368421,0.14035087719298245,21.719298245614034
2023,8,20409,B6,11697,10397,FLL,ATL,31,1,0,0,30,0,25,12,2351.0,0.03225806451612903,0.0,0.8333333333333334,0.4,78.36666666666666
2023,8,20409,B6,11697,10721,FLL,BOS,85,2,0,0,83,0,38,17,3082.0,0.023529411764705882,0.0,0.4578313253012048,0.20481927710843373,37.13253012048193
2023,8,20409,B6,11697,11278,FLL,DCA,138,9,1,0,128,0,56,27,3251.0,0.06521739130434782,0.007246376811594203,0.4375,0.2109375,25.3984375
2023,8,20409,B6,11697,11618,FLL,EWR,62,2,0,0,60,0,16,7,897.0,0.03225806451612903,0.0,0.26666666666666666,0.11666666666666667,14.95
2023,8,20409,B6,11697,12478,FLL,JFK,192,9,0,0,183,0,86,48,7409.0,0.046875,0.0,0.46994535519125685,0.26229508196721313,40.486338797814206
2023,8,20409,B6,11697,12889,FLL,LAS,31,0,0,0,31,0,14,7,820.0,0.0,0.0,0.45161290322580644,0.22580645161290322,26.451612903225808
2023,8,20409,B6,11697,12892,FLL,LAX,93,1,0,0,92,0,22,6,51.0,0.010752688172043012,0.0,0.2391304347826087,0.06521739130434782,0.5543478260869565
2023,8,20409,B6,11697,12953,FLL,LGA,155,6,4,0,145,0,54,25,2808.0,0.03870967741935484,0.025806451612903226,0.3724137931034483,0.1724137931034483,19.36551724137931
2023,8,20409,B6,11697,14679,FLL,SAN,31,0,0,0,31,0,14,2,420.0,0.0,0.0,0.45161290322580644,0.06451612903225806,13.548387096774194
2023,8,20409,B6,11697,14771,FLL,SFO,62,1,0,0,61,0,11,6,-206.0,0.016129032258064516,0.0,0.18032786885245902,0.09836065573770492,-3.377049180327869
2023,8,20409,B6,11697,14869,FLL,SLC,31,1,0,0,30,0,10,6,401.0,0.03225806451612903,0.0,0.3333333333333333,0.2,13.366666666666667
2023,8,20409,B6,12266,10721,IAH,BOS,62,1,0,0,61,0,30,17,3274.0,0.016129032258064516,0.0,0.4918032786885246,0.2786885245901639,53.67213114754098
2023,8,20409,B6,12266,12478,IAH,JFK,31,2,0,0,29,0,9,2,435.0,0.06451612903225806,0.0,0.3103448275862069,0.06896551724137931,15.0
2023,8,20409,B6,12478,10397,JFK,ATL,62,0,2,0,60,0,22,8,810.0,0.0,0.03225806451612903,0.36666666666666664,0.13333333333333333,13.5
2023,8,20409,B6,12478,10721,JFK,BOS,186,5,0,0,181,0,86,47,6479.0,0.026881720430107527,0.0,0.47513812154696133,0.2596685082872928,35.79558011049724
2023,8,20409,B6,12478,11292,JFK,DEN,37,0,0,0,37,0,22,12,1612.0,0.0,0.0,0.5945945945945946,0.32432432432432434,43.567567567567565
2023,8,20409,B6,12478,11433,JFK,DTW,93,3,0,0,90,0,44,22,2549.0,0.03225806451612903,0.0,0.4888888888888889,0.24444444444444444,28.322222222222223
2023,8,20409,B6,12478,11697,JFK,FLL,191,6,0,0,185,0,67,36,4207.0,0.031413612565445025,0.0,0.3621621621621622,0.1945945945945946,22.74054054054054
2023,8,20409,B6,12478,12266,JFK,IAH,31,2,0,0,29,0,10,2,310.0,0.06451612903225806,0.0,0.3448275862068966,0.06896551724137931,10.689655172413794
2023,8,20409,B6,12478,12889,JFK,LAS,99,3,0,0,96,0,52,32,4584.0,0.030303030303030304,0.0,0.5416666666666666,0.3333333333333333,47.75
2023,8,20409,B6,12478,12892,JFK,LAX,316,1,0,0,315,0,110,52,5980.0,0.0031645569620253164,0.0,0.3492063492063492,0.16507936507936508,18.984126984126984
2023,8,20409,B6,12478,13204,JFK,MCO,276,10,2,0,264,0,121,69,11148.0,0.036231884057971016,0.007246376811594203,0.4583333333333333,0.26136363636363635,42.22727272727273
2023,8,20409,B6,12478,13303,JFK,MIA,60,5,2,0,53,0,28,19,2491.0,0.08333333333333333,0.03333333333333333,0.5283018867924528,0.3584905660377358,47.0
2023,8,20409,B6,12478,13930,JFK,ORD,31,0,0,0,31,0,11,2,549.0,0.0,0.0,0.3548387096774194,0.06451612903225806,17.70967741935484
2023,8,20409,B6,12478,14107,JFK,PHX,31,1,1,0,29,0,15,7,911.0,0.03225806451612903,0.03225806451612903,0.5172413793103449,0.2413793103448276,31.413793103448278
2023,8,20409,B6,12478,14635,JFK,RSW,62,5,0,0,57,0,20,5,420.0,0.08064516129032258,0.0,0.3508771929824561,0.08771929824561403,7.368421052631579
2023,8,20409,B6,12478,14679,JFK,SAN,62,1,0,0,61,0,25,9,1124.0,0.016129032258064516,0.0,0.4098360655737705,0.14754098360655737,18.42622950819672
2023,8,20409,B6,12478,14747,JFK,SEA,58,1,0,0,57,0,20,9,875.0,0.017241379310344827,0.0,0.3508771929824561,0.15789473684210525,15.350877192982455
2023,8,20409,B6,12478,14771,JFK,SFO,182,2,0,0,180,0,47,11,217.0,0.01098901098901099,0.0,0.2611111111111111,0.06111111111111111,1.2055555555555555
2023,8,20409,B6,12478,14869,JFK,SLC,62,2,0,0,60,0,26,14,1679.0,0.03225806451612903,0.0,0.43333333333333335,0.23333333333333334,27.983333333333334
2023,8,20409,B6,12478,15304,JFK,TPA,62,6,1,0,55,0,23,7,1253.0,0.0967741935483871,0.016129032258064516,0.41818181818181815,0.12727272727272726,22.78181818181818
2023,8,20409,B6,12889,10721,LAS,BOS,62,3,1,0,58,0,37,19,3192.0,0.04838709677419355,0.016129032258064516,0.6379310344827587,0.3275862068965517,55.03448275862069
2023,8,20409,B6,12889,11697,LAS,FLL,31,0,0,0,31,0,22,8,1382.0,0.0,0.0,0.7096774193548387,0.25806451612903225,44.58064516129032
2023,8,20409,B6,12889,12478,LAS,JFK,99,3,0,0,96,0,55,35,6386.0,0.030303030303030304,0.0,0.5729166666666666,0.3645833333333333,66.52083333333333
2023,8,20409,B6,12889,12892,LAS,LAX,62,7,0,0,55,0,20,11,2563.0,0.11290322580645161,0.0,0.36363636363636365,0.2,46.6
2023,8,20409,B6,12892,10721,LAX,BOS,146,0,0,0,146,0,44,18,1327.0,0.0,0.0,0.3013698630136986,0.1232876712328767,9.08904109589041
2023,8,20409,B6,12892,11618,LAX,EWR,116,1,0,0,115,0,22,10,3.0,0.008620689655172414,0.0,0.19130434782608696,0.08695652173913043,0.02608695652173913
2023,8,20409,B6,12892,11697,LAX,FLL,93,0,3,0,90,0,17,5,171.0,0.0,0.03225806451612903,0.18888888888888888,0.05555555555555555,1.9
2023,8,20409,B6,12892,12478,LAX,JFK,315,3,0,0,312,0,93,33,2849.0,0.009523809523809525,0.0,0.2980769230769231,0.10576923076923077,9.131410256410257
2023,8,20409,B6,12892,12889,LAX,LAS,62,7,0,0,55,0,18,8,762.0,0.11290322580645161,0.0,0.32727272727272727,0.14545454545454545,13.854545454545455
2023,8,20409,B6,12892,13204,LAX,MCO,31,1,0,0,30,0,12,6,858.0,0.03225806451612903,0.0,0.4,0.2,28.6
2023,8,20409,B6,12892,13303,LAX,MIA,62,0,1,0,61,0,11,5,240.0,0.0,0.016129032258064516,0.18032786885245902,0.08196721311475409,3.9344262295081966
2023,8,20409,B6,12892,14747,LAX,SEA,62,1,0,0,61,0,8,1,-418.0,0.016129032258064516,0.0,0.13114754098360656,0.01639344262295082,-6.852459016393443
2023,8,20409,B6,12892,14771,LAX,SFO,62,0,0,0,62,0,29,9,1872.0,0.0,0.0,0.46774193548387094,0.14516129032258066,30.193548387096776
2023,8,20409,B6,12892,14869,LAX,SLC,62,0,0,0,62,0,9,4,179.0,0.0,0.0,0.14516129032258066,0.06451612903225806,2.8870967741935485
2023,8,20409,B6,12953,10397,LGA,ATL,124,5,1,0,118,0,41,16,2260.0,0.04032258064516129,0.008064516129032258,0.3474576271186441,0.13559322033898305,19.152542372881356
2023,8,20409,B6,12953,10721,LGA,BOS,233,6,0,0,227,0,61,28,2022.0,0.02575107296137339,0.0,0.2687224669603524,0.12334801762114538,8.907488986784141
2023,8,20409,B6,12953,11292,LGA,DEN,93,1,1,0,91,0,26,7,605.0,0.010752688172043012,0.010752688172043012,0.2857142857142857,0.07692307692307693,6.648351648351649
2023,8,20409,B6,12953,11697,LGA,FLL,155,6,1,0,148,0,48,21,1906.0,0.03870967741935484,0.0064516129032258064,0.32432432432432434,0.14189189189189189,12.878378378378379
2023,8,20409,B6,12953,13204,LGA,MCO,155,1,0,0,154,0,56,21,2463.0,0.0064516129032258064,0.0,0.36363636363636365,0.13636363636363635,15.993506493506494
2023,8,20409,B6,12953,14635,LGA,RSW,62,0,1,0,61,0,17,8,995.0,0.0,0.016129032258064516,0.2786885245901639,0.13114754098360656,16.311475409836067
2023,8,20409,B6,12953,15304,LGA,TPA,93,11,0,0,82,0,33,15,2073.0,0.11827956989247312,0.0,0.4024390243902439,0.18292682926829268,25.28048780487805
2023,8,20409,B6,13204,10721,MCO,BOS,182,5,0,0,177,0,88,48,8814.0,0.027472527472527472,0.0,0.4971751412429379,0.2711864406779661,49.79661016949152
2023,8,20409,B6,13204,11278,MCO,DCA,114,3,1,0,110,0,33,17,2061.0,0.02631578947368421,0.008771929824561403,0.3,0.15454545454545454,18.736363636363638
2023,8,20409,B6,13204,11618,MCO,EWR,125,3,0,0,122,0,49,19,3640.0,0.024,0.0,0.4016393442622951,0.1557377049180328,29.83606557377049
2023,8,20409,B6,13204,12478,MCO,JFK,276,10,0,0,266,0,116,67,12900.0,0.036231884057971016,0.0,0.43609022556390975,0.2518796992481203,48.49624060150376
2023,8,20409,B6,13204,12892,MCO,LAX,31,1,0,0,30,0,23,13,1823.0,0.03225806451612903,0.0,0.7666666666666667,0.43333333333333335,60.766666666666666
2023,8,20409,B6,13204,12953,MCO,LGA,155,2,5,0,148,0,66,28,4859.0,0.012903225806451613,0.03225806451612903,0.44594594594594594,0.1891891891891892,32.83108108108108
2023,8,20409,B6,13204,14869,MCO,SLC,31,0,0,0,31,0,14,8,798.0,0.0,0.0,0.45161290322580644,0.25806451612903225,25.741935483870968
2023,8,20409,B6,13303,10721,MIA,BOS,31,4,0,0,27,0,19,13,3473.0,0.12903225806451613,0.0,0.7037037037037037,0.48148148148148145,128.62962962962962
2023,8,20409,B6,13303,11618,MIA,EWR,31,1,0,0,30,0,4,2,-249.0,0.03225806451612903,0.0,0.13333333333333333,0.06666666666666667,-8.3
2023,8,20409,B6,13303,12478,MIA,JFK,60,5,0,0,55,0,31,21,3091.0,0.08333333333333333,0.0,0.5636363636363636,0.38181818181818183,56.2
2023,8,20409,B6,13303,12892,MIA,LAX,62,0,0,0,62,0,25,11,1737.0,0.0,0.0,0.4032258064516129,0.1774193548387097,28.016129032258064
2023,8,20409,B6,13487,10721,MSP,BOS,31,1,0,0,30,0,14,8,1136.0,0.03225806451612903,0.0,0.4666666666666667,0.26666666666666666,37.86666666666667
2023,8,20409,B6,13930,10721,ORD,BOS,31,0,0,0,31,0,14,8,761.0,0.0,0.0,0.45161290322580644,0.25806451612903225,24.548387096774192
2023,8,20409,B6,13930,12478,ORD,JFK,31,0,0,0,31,0,9,1,413.0,0.0,0.0,0.2903225806451613,0.03225806451612903,13.32258064516129
2023,8,20409,B6,14100,10721,PHL,BOS,58,2,0,0,56,0,18,4,354.0,0.034482758620689655,0.0,0.32142857142857145,0.07142857142857142,6.321428571428571
2023,8,20409,B6,14107,10721,PHX,BOS,31,1,0,0,30,0,13,9,1321.0,0.03225806451612903,0.0,0.43333333333333335,0.3,44.03333333333333
2023,8,20409,B6,14107,12478,PHX,JFK,31,1,1,0,29,0,17,7,1074.0,0.03225806451612903,0.03225806451612903,0.5862068965517241,0.2413793103448276,37.03448275862069
2023,8,20409,B6,14635,10721,RSW,BOS,56,2,0,0,54,0,25,16,2380.0,0.03571428571428571,0.0,0.46296296296296297,0.2962962962962963,44.074074074074076
2023,8,20409,B6,14635,11278,RSW,DCA,31,2,0,0,29,0,16,9,1946.0,0.06451612903225806,0.0,0.5517241379310345,0.3103448275862069,67.10344827586206
2023,8,20409,B6,14635,11618,RSW,EWR,31,1,1,0,29,0,9,6,879.0,0.03225806451612903,0.03225806451612903,0.3103448275862069,0.20689655172413793,30.310344827586206
2023,8,20409,B6,14635,12478,RSW,JFK,62,7,0,0,55,0,13,5,558.0,0.11290322580645161,0.0,0.23636363636363636,0.09090909090909091,10.145454545454545
2023,8,20409,B6,14635,12953,RSW,LGA,62,0,1,0,61,0,9,6,-14.0,0.0,0.016129032258064516,0.14754098360655737,0.09836065573770492,-0.22950819672131148
2023,8,20409,B6,14679,10721,SAN,BOS,61,0,0,0,61,0,20,9,1310.0,0.0,0.0,0.32786885245901637,0.14754098360655737,21.475409836065573
2023,8,20409,B6,14679,11697,SAN,FLL,31,0,0,0,31,0,12,3,1595.0,0.0,0.0,0.3870967741935484,0.0967741935483871,51.45161290322581
2023,8,20409,B6,14679,12478,SAN,JFK,62,1,0,0,61,0,18,7,674.0,0.016129032258064516,0.0,0.29508196721311475,0.11475409836065574,11.049180327868852
2023,8,20409,B6,14747,10721,SEA,BOS,62,1,0,0,61,0,28,14,1713.0,0.016129032258064516,0.0,0.45901639344262296,0.22950819672131148,28.081967213114755
2023,8,20409,B6,14747,12478,SEA,JFK,58,2,0,0,56,0,30,12,1826.0,0.034482758620689655,0.0,0.5357142857142857,0.21428571428571427,32.607142857142854
2023,8,20409,B6,14747,12892,SEA,LAX,62,1,0,0,61,0,8,4,-133.0,0.016129032258064516,0.0,0.13114754098360656,0.06557377049180328,-2.180327868852459
2023,8,20409,B6,14771,10721,SFO,BOS,142,1,0,0,141,0,27,6,134.0,0.007042253521126761,0.0,0.19148936170212766,0.0425531914893617,0.950354609929078
2023,8,20409,B6,14771,11697,SFO,FLL,62,1,0,0,61,0,11,5,62.0,0.016129032258064516,0.0,0.18032786885245902,0.08196721311475409,1.0163934426229508
2023,8,20409,B6,14771,12478,SFO,JFK,182,2,0,0,180,0,35,10,-71.0,0.01098901098901099,0.0,0.19444444444444445,0.05555555555555555,-0.39444444444444443
2023,8,20409,B6,14771,12892,SFO,LAX,62,1,0,0,61,0,8,0,-263.0,0.016129032258064516,0.0,0.13114754098360656,0.0,-4.311475409836065
2023,8,20409,B6,14869,10721,SLC,BOS,31,0,0,0,31,0,9,5,1087.0,0.0,0.0,0.2903225806451613,0.16129032258064516,35.064516129032256
2023,8,20409,B6,14869,11697,SLC,FLL,31,1,0,0,30,0,7,3,53.0,0.03225806451612903,0.0,0.23333333333333334,0.1,1.7666666666666666
2023,8,20409,B6,14869,12478,SLC,JFK,62,3,0,0,59,0,23,12,1574.0,0.04838709677419355,0.0,0.3898305084745763,0.2033898305084746,26.677966101694917
2023,8,20409,B6,14869,12892,SLC,LAX,62,0,0,0,62,0,15,4,298.0,0.0,0.0,0.24193548387096775,0.06451612903225806,4.806451612903226
2023,8,20409,B6,14869,13204,SLC,MCO,31,0,1,0,30,0,3,1,-209.0,0.0,0.03225806451612903,0.1,0.03333333333333333,-6.966666666666667
2023,8,20409,B6,15304,10721,TPA,BOS,105,11,0,0,94,0,43,19,3299.0,0.10476190476190476,0.0,0.4574468085106383,0.20212765957446807,35.09574468085106
2023,8,20409,B6,15304,11618,TPA,EWR,62,5,0,0,57,0,17,10,1217.0,0.08064516129032258,0.0,0.2982456140350877,0.17543859649122806,21.350877192982455
2023,8,20409,B6,15304,12478,TPA,JFK,62,6,1,0,55,0,16,5,510.0,0.0967741935483871,0.016129032258064516,0.2909090909090909,0.09090909090909091,9.272727272727273
2023,8,20409,B6,15304,12953,TPA,LGA,93,10,0,0,83,0,22,14,1354.0,0.10752688172043011,0.0,0.26506024096385544,0.1686746987951807,16.313253012048193
2023,8,20416,NK,10397,10721,ATL,BOS,31,0,0,0,31,0,10,2,536.0,0.0,0.0,0.3225806451612903,0.06451612903225806,17.29032258064516
2023,8,20416,NK,10397,10821,ATL,BWI,62,3,0,0,59,0,13,4,723.0,0.04838709677419355,0.0,0.22033898305084745,0.06779661016949153,12.254237288135593
2023,8,20416,NK,10397,11298,ATL,DFW,55,1,0,0,54,0,12,4,274.0,0.01818181818181818,0.0,0.2222222222222222,0.07407407407407407,5.074074074074074
2023,8,20416,NK,10397,11433,ATL,DTW,93,0,0,0,93,0,35,15,2908.0,0.0,0.0,0.3763440860215054,0.16129032258064516,31.268817204301076
2023,8,20416,NK,10397,11618,ATL,EWR,31,1,0,0,30,0,14,8,1441.0,0.03225806451612903,0.0,0.4666666666666667,0.26666666666666666,48.03333333333333
2023,8,20416,NK,10397,11697,ATL,FLL,146,1,1,0,144,0,47,25,4795.0,0.00684931506849315,0.00684931506849315,0.3263888888888889,0.1736111111111111,33.298611111111114
2023,8,20416,NK,10397,12266,ATL,IAH,55,0,0,0,55,0,19,9,1301.0,0.0,0.0,0.34545454545454546,0.16363636363636364,23.654545454545456
2023,8,20416,NK,10397,12889,ATL,LAS,78,1,0,0,77,0,38,22,2417.0,0.01282051282051282,0.0,0.4935064935064935,0.2857142857142857,31.38961038961039
2023,8,20416,NK,10397,12892,ATL,LAX,79,2,0,0,77,0,22,7,1110.0,0.02531645569620253,0.0,0.2857142857142857,0.09090909090909091,14.415584415584416
2023,8,20416,NK,10397,13204,ATL,MCO,90,2,0,0,88,0,34,18,3619.0,0.022222222222222223,0.0,0.38636363636363635,0.20454545454545456,41.125
2023,8,20416,NK,10397,13303,ATL,MIA,62,0,1,0,61,0,22,9,1352.0,0.0,0.016129032258064516,0.36065573770491804,0.14754098360655737,22.16393442622951
2023,8,20416,NK,10397,13487,ATL,MSP,52,0,0,0,52,0,7,3,100.0,0.0,0.0,0.1346153846153846,0.057692307692307696,1.9230769230769231
2023,8,20416,NK,10397,13930,ATL,ORD,65,1,0,0,64,0,18,8,1423.0,0.015384615384615385,0.0,0.28125,0.125,22.234375
2023,8,20416,NK,10397,14100,ATL,PHL,32,0,0,0,32,0,10,4,756.0,0.0,0.0,0.3125,0.125,23.625
2023,8,20416,NK,10397,15304,ATL,TPA,31,2,0,0,29,0,8,2,314.0,0.06451612903225806,0.0,0.27586206896551724,0.06896551724137931,10.827586206896552
2023,8,20416,NK,10721,10397,BOS,ATL,31,0,0,0,31,0,5,3,248.0,0.0,0.0,0.16129032258064516,0.0967741935483871,8.0
2023,8,20416,NK,10721,11298,BOS,DFW,31,2,0,0,29,0,17,10,1313.0,0.06451612903225806,0.0,0.5862068965517241,0.3448275862068966,45.275862068965516
2023,8,20416,NK,10721,11697,BOS,FLL,58,2,0,0,56,0,21,12,2442.0,0.034482758620689655,0.0,0.375,0.21428571428571427,43.607142857142854
2023,8,20416,NK,10721,12889,BOS,LAS,31,1,0,0,30,0,10,3,268.0,0.03225806451612903,0.0,0.3333333333333333,0.1,8.933333333333334
2023,8,20416,NK,10721,12892,BOS,LAX,30,0,0,0,30,0,16,11,2101.0,0.0,0.0,0.5333333333333333,0.36666666666666664,70.03333333333333
2023,8,20416,NK,10721,13204,BOS,MCO,113,2,1,0,110,0,53,29,3986.0,0.017699115044247787,0.008849557522123894,0.4818181818181818,0.2636363636363636,36.236363636363635
2023,8,20416,NK,10721,13303,BOS,MIA,54,0,1,0,53,0,19,8,1040.0,0.0,0.018518518518518517,0.3584905660377358,0.1509433962264151,19.62264150943396
2023,8,20416,NK,10721,14107,BOS,PHX,22,2,1,0,19,0,12,7,708.0,0.09090909090909091,0.045454545454545456,0.631578947368421,0.3684210526315789,37.26315789473684
2023,8,20416,NK,10821,10397,BWI,ATL,62,0,0,0,62,0,13,4,642.0,0.0,0.0,0.20967741935483872,0.06451612903225806,10.35483870967742
2023,8,20416,NK,10821,11298,BWI,DFW,31,0,0,0,31,0,11,1,343.0,0.0,0.0,0.3548387096774194,0.03225806451612903,11.064516129032258
2023,8,20416,NK,10821,11697,BWI,FLL,90,0,4,0,86,0,22,11,1696.0,0.0,0.044444444444444446,0.2558139534883721,0.12790697674418605,19.72093023255814
2023,8,20416,NK,10821,12266,BWI,IAH,31,0,0,0,31,0,9,5,325.0,0.0,0.0,0.2903225806451613,0.16129032258064516,10.483870967741936
2023,8,20416,NK,10821,12889,BWI,LAS,31,1,1,0,29,0,8,4,446.0,0.03225806451612903,0.03225806451612903,0.27586206896551724,0.13793103448275862,15.379310344827585
2023,8,20416,NK,10821,12892,BWI,LAX,62,2,0,0,60,0,10,2,-360.0,0.03225806451612903,0.0,0.16666666666666666,0.03333333333333333,-6.0
2023,8,20416,NK,10821,13204,BWI,MCO,90,2,0,0,88,0,34,13,2730.0,0.022222222222222223,0.0,0.38636363636363635,0.14772727272727273,31.022727272727273
2023,8,20416,NK,10821,13303,BWI,MIA,31,0,0,0,31,0,15,8,1767.0,0.0,0.0,0.4838709677419355,0.25806451612903225,57.0
2023,8,20416,NK,10821,15304,BWI,TPA,32,3,0,0,29,0,6,1,9.0,0.09375,0.0,0.20689655172413793,0.034482758620689655,0.3103448275862069
2023,8,20416,NK,11292,11298,DEN,DFW,1,0,0,0,1,0,1,1,138.0,0.0,0.0,1.0,1.0,138.0
2023,8,20416,NK,11292,11697,DEN,FLL,32,0,0,0,32,0,9,4,431.0,0.0,0.0,0.28125,0.125,13.46875
2023,8,20416,NK,11292,12889,DEN,LAS,78,0,0,0,78,0,28,9,1779.0,0.0,0.0,0.358974358974359,0.11538461538461539,22.807692307692307
2023,8,20416,NK,11292,13303,DEN,MIA,31,1,0,0,30,0,5,0,-146.0,0.03225806451612903,0.0,0.16666666666666666,0.0,-4.866666666666666
2023,8,20416,NK,11298,10397,DFW,ATL,55,1,0,0,54,0,22,7,942.0,0.01818181818181818,0.0,0.4074074074074074,0.12962962962962962,17.444444444444443
2023,8,20416,NK,11298,10721,DFW,BOS,31,0,0,0,31,0,11,6,668.0,0.0,0.0,0.3548387096774194,0.1935483870967742,21.548387096774192
2023,8,20416,NK,11298,10821,DFW,BWI,31,0,0,0,31,0,8,3,1092.0,0.0,0.0,0.25806451612903225,0.0967741935483871,35.225806451612904
2023,8,20416,NK,11298,11292,DFW,DEN,1,0,0,0,1,0,1,1,140.0,0.0,0.0,1.0,1.0,140.0
2023,8,20416,NK,11298,11433,DFW,DTW,31,0,0,0,31,0,11,1,375.0,0.0,0.0,0.3548387096774194,0.03225806451612903,12.096774193548388
2023,8,20416,NK,11298,11618,DFW,EWR,31,0,0,0,31,0,7,2,251.0,0.0,0.0,0.22580645161290322,0.06451612903225806,8.096774193548388
2023,8,20416,NK,11298,11697,DFW,FLL,67,1,2,0,64,0,18,7,656.0,0.014925373134328358,0.029850746268656716,0.28125,0.109375,10.25
2023,8,20416,NK,11298,12889,DFW,LAS,79,1,0,0,78,0,19,7,1212.0,0.012658227848101266,0.0,0.24358974358974358,0.08974358974358974,15.538461538461538
2023,8,20416,NK,11298,12892,DFW,LAX,94,0,0,0,94,0,29,12,2557.0,0.0,0.0,0.30851063829787234,0.1276595744680851,27.20212765957447
2023,8,20416,NK,11298,12953,DFW,LGA,21,0,1,0,20,0,5,1,193.0,0.0,0.047619047619047616,0.25,0.05,9.65
2023,8,20416,NK,11298,13204,DFW,MCO,91,0,0,0,91,0,26,8,1395.0,0.0,0.0,0.2857142857142857,0.08791208791208792,15.32967032967033
2023,8,20416,NK,11298,13303,DFW,MIA,31,0,1,0,30,0,7,4,379.0,0.0,0.03225806451612903,0.23333333333333334,0.13333333333333333,12.633333333333333
2023,8,20416,NK,11298,13796,DFW,OAK,31,0,0,0,31,0,8,4,302.0,0.0,0.0,0.25806451612903225,0.12903225806451613,9.741935483870968
2023,8,20416,NK,11298,13930,DFW,ORD,31,0,0,0,31,0,9,1,166.0,0.0,0.0,0.2903225806451613,0.03225806451612903,5.354838709677419
2023,8,20416,NK,11298,14100,DFW,PHL,31,1,0,0,30,0,1,1,-144.0,0.03225806451612903,0.0,0.03333333333333333,0.03333333333333333,-4.8
2023,8,20416,NK,11298,14107,DFW,PHX,31,0,0,0,31,0,15,6,897.0,0.0,0.0,0.4838709677419355,0.1935483870967742,28.93548387096774
2023,8,20416,NK,11298,15304,DFW,TPA,8,0,0,0,8,0,1,0,-63.0,0.0,0.0,0.125,0.0,-7.875
2023,8,20416,NK,11433,10397,DTW,ATL,93,0,0,0,93,0,19,7,943.0,0.0,0.0,0.20430107526881722,0.07526881720430108,10.13978494623656
2023,8,20416,NK,11433,11298,DTW,DFW,31,0,0,0,31,0,11,3,494.0,0.0,0.0,0.3548387096774194,0.0967741935483871,15.935483870967742
2023,8,20416,NK,11433,11697,DTW,FLL,31,0,0,0,31,0,15,5,722.0,0.0,0.0,0.4838709677419355,0.16129032258064516,23.29032258064516
2023,8,20416,NK,11433,12266,DTW,IAH,31,0,0,0,31,0,5,2,258.0,0.0,0.0,0.16129032258064516,0.06451612903225806,8.32258064516129
2023,8,20416,NK,11433,12889,DTW,LAS,59,0,0,0,59,0,16,6,486.0,0.0,0.0,0.2711864406779661,0.1016949152542373,8.23728813559322
2023,8,20416,NK,11433,12892,DTW,LAX,85,0,0,0,85,0,18,8,1148.0,0.0,0.0,0.21176470588235294,0.09411764705882353,13.505882352941176
2023,8,20416,NK,11433,12953,DTW,LGA,93,0,0,0,93,0,17,7,272.0,0.0,0.0,0.1827956989247312,0.07526881720430108,2.924731182795699
2023,8,20416,NK,11433,13204,DTW,MCO,121,2,1,0,118,0,35,11,1134.0,0.01652892561983471,0.008264462809917356,0.2966101694915254,0.09322033898305085,9.610169491525424
2023,8,20416,NK,11433,13303,DTW,MIA,31,0,0,0,31,0,19,5,1012.0,0.0,0.0,0.6129032258064516,0.16129032258064516,32.645161290322584
2023,8,20416,NK,11433,13487,DTW,MSP,31,0,0,0,31,0,6,4,237.0,0.0,0.0,0.1935483870967742,0.12903225806451613,7.645161290322581
2023,8,20416,NK,11433,14100,DTW,PHL,31,0,0,0,31,0,1,0,-209.0,0.0,0.0,0.03225806451612903,0.0,-6.741935483870968
2023,8,20416,NK,11433,14635,DTW,RSW,31,0,0,0,31,0,6,4,105.0,0.0,0.0,0.1935483870967742,0.12903225806451613,3.3870967741935485
2023,8,20416,NK,11433,15304,DTW,TPA,54,5,1,0,48,0,9,5,112.0,0.09259259259259259,0.018518518518518517,0.1875,0.10416666666666667,2.3333333333333335
2023,8,20416,NK,11618,10397,EWR,ATL,31,1,0,0,30,0,9,2,310.0,0.03225806451612903,0.0,0.3,0.06666666666666667,10.333333333333334
2023,8,20416,NK,11618,11298,EWR,DFW,31,0,1,0,30,0,8,4,342.0,0.0,0.03225806451612903,0.26666666666666666,0.13333333333333333,11.4
2023,8,20416,NK,11618,11697,EWR,FLL,147,1,0,0,146,0,51,22,2557.0,0.006802721088435374,0.0,0.3493150684931507,0.1506849315068493,17.513698630136986
2023,8,20416,NK,11618,12266,EWR,IAH,31,0,0,0,31,0,11,4,284.0,0.0,0.0,0.3548387096774194,0.12903225806451613,9.161290322580646
2023,8,20416,NK,11618,12889,EWR,LAS,61,2,0,0,59,0,27,14,2226.0,0.03278688524590164,0.0,0.4576271186440678,0.23728813559322035,37.728813559322035
2023,8,20416,NK,11618,12892,EWR,LAX,62,0,0,0,62,0,24,9,1542.0,0.0,0.0,0.3870967741935484,0.14516129032258066,24.870967741935484
2023,8,20416,NK,11618,13204,EWR,MCO,147,1,2,0,144,0,42,23,2379.0,0.006802721088435374,0.013605442176870748,0.2916666666666667,0.1597222222222222,16.520833333333332
2023,8,20416,NK,11618,13303,EWR,MIA,31,0,0,0,31,0,11,9,1568.0,0.0,0.0,0.3548387096774194,0.2903225806451613,50.58064516129032
2023,8,20416,NK,11618,13796,EWR,OAK,31,0,0,0,31,0,7,2,240.0,0.0,0.0,0.22580645161290322,0.06451612903225806,7.741935483870968
2023,8,20416,NK,11618,14107,EWR,PHX,23,0,0,0,23,0,4,2,126.0,0.0,0.0,0.17391304347826086,0.08695652173913043,5.478260869565218
2023,8,20416,NK,11618,14869,EWR,SLC,31,1,0,0,30,0,6,2,-258.0,0.03225806451612903,0.0,0.2,0.06666666666666667,-8.6
2023,8,20416,NK,11697,10397,FLL,ATL,145,2,2,0,141,0,77,37,6277.0,0.013793103448275862,0.013793103448275862,0.5460992907801419,0.2624113475177305,44.5177304964539
2023,8,20416,NK,11697,10721,FLL,BOS,59,0,0,0,59,0,33,17,2321.0,0.0,0.0,0.559322033898305,0.288135593220339,39.33898305084746
2023,8,20416,NK,11697,10821,FLL,BWI,90,1,0,0,89,0,34,18,2831.0,0.011111111111111112,0.0,0.38202247191011235,0.20224719101123595,31.808988764044944
2023,8,20416,NK,11697,11292,FLL,DEN,31,0,0,0,31,0,19,3,899.0,0.0,0.0,0.6129032258064516,0.0967741935483871,29.0
2023,8,20416,NK,11697,11298,FLL,DFW,66,1,0,0,65,0,26,9,1385.0,0.015151515151515152,0.0,0.4,0.13846153846153847,21.307692307692307
2023,8,20416,NK,11697,11433,FLL,DTW,32,0,0,0,32,0,9,2,433.0,0.0,0.0,0.28125,0.0625,13.53125
2023,8,20416,NK,11697,11618,FLL,EWR,147,1,0,0,146,0,63,22,3364.0,0.006802721088435374,0.0,0.4315068493150685,0.1506849315068493,23.041095890410958
2023,8,20416,NK,11697,12266,FLL,IAH,87,2,0,0,85,0,46,22,2950.0,0.022988505747126436,0.0,0.5411764705882353,0.25882352941176473,34.705882352941174
2023,8,20416,NK,11697,12889,FLL,LAS,31,0,0,0,31,0,17,8,1581.0,0.0,0.0,0.5483870967741935,0.25806451612903225,51.0
2023,8,20416,NK,11697,12892,FLL,LAX,31,0,0,0,31,0,15,6,730.0,0.0,0.0,0.4838709677419355,0.1935483870967742,23.548387096774192
2023,8,20416,NK,11697,12953,FLL,LGA,93,0,0,0,93,0,27,9,669.0,0.0,0.0,0.2903225806451613,0.0967741935483871,7.193548387096774
2023,8,20416,NK,11697,13204,FLL,MCO,62,0,0,0,62,0,38,17,2495.0,0.0,0.0,0.6129032258064516,0.27419354838709675,40.24193548387097
2023,8,20416,NK,11697,13930,FLL,ORD,106,0,1,0,105,0,54,22,3493.0,0.0,0.009433962264150943,0.5142857142857142,0.20952380952380953,33.266666666666666
2023,8,20416,NK,11697,14100,FLL,PHL,75,0,0,0,75,0,40,18,3334.0,0.0,0.0,0.5333333333333333,0.24,44.45333333333333
2023,8,20416,NK,11697,15304,FLL,TPA,62,6,0,0,56,0,26,14,2028.0,0.0967741935483871,0.0,0.4642857142857143,0.25,36.214285714285715
2023,8,20416,NK,12266,10397,IAH,ATL,55,0,0,0,55,0,25,12,1593.0,0.0,0.0,0.45454545454545453,0.21818181818181817,28.963636363636365
2023,8,20416,NK,12266,10821,IAH,BWI,31,0,0,0,31,0,8,5,421.0,0.0,0.0,0.25806451612903225,0.16129032258064516,13.580645161290322
2023,8,20416,NK,12266,11433,IAH,DTW,31,0,0,0,31,0,5,0,-37.0,0.0,0.0,0.16129032258064516,0.0,-1.1935483870967742
2023,8,20416,NK,12266,11618,IAH,EWR,31,0,0,0,31,0,7,1,66.0,0.0,0.0,0.22580645161290322,0.03225806451612903,2.129032258064516
2023,8,20416,NK,12266,11697,IAH,FLL,87,1,1,0,85,0,32,13,1450.0,0.011494252873563218,0.011494252873563218,0.3764705882352941,0.15294117647058825,17.058823529411764
2023,8,20416,NK,12266,12889,IAH,LAS,66,0,0,0,66,0,15,1,94.0,0.0,0.0,0.22727272727272727,0.015151515151515152,1.4242424242424243
2023,8,20416,NK,12266,12892,IAH,LAX,93,0,0,0,93,0,19,7,736.0,0.0,0.0,0.20430107526881722,0.07526881720430108,7.913978494623656
2023,8,20416,NK,12266,12953,IAH,LGA,20,1,0,0,19,0,3,0,-151.0,0.05,0.0,0.15789473684210525,0.0,-7.947368421052632
2023,8,20416,NK,12266,13204,IAH,MCO,67,1,1,0,65,0,28,9,1697.0,0.014925373134328358,0.014925373134328358,0.4307692307692308,0.13846153846153847,26.107692307692307
2023,8,20416,NK,12266,13303,IAH,MIA,39,0,0,0,39,0,13,6,1860.0,0.0,0.0,0.3333333333333333,0.15384615384615385,47.69230769230769
2023,8,20416,NK,12266,13930,IAH,ORD,30,0,0,0,30,0,7,5,630.0,0.0,0.0,0.23333333333333334,0.16666666666666666,21.0
2023,8,20416,NK,12266,14100,IAH,PHL,24,0,0,0,24,0,3,1,-93.0,0.0,0.0,0.125,0.041666666666666664,-3.875
2023,8,20416,NK,12889,10397,LAS,ATL,80,0,1,0,79,0,26,7,788.0,0.0,0.0125,0.3291139240506329,0.08860759493670886,9.974683544303797
2023,8,20416,NK,12889,10721,LAS,BOS,31,0,0,0,31,0,10,2,279.0,0.0,0.0,0.3225806451612903,0.06451612903225806,9.0
2023,8,20416,NK,12889,10821,LAS,BWI,31,0,0,0,31,0,5,1,173.0,0.0,0.0,0.16129032258064516,0.03225806451612903,5.580645161290323
2023,8,20416,NK,12889,11292,LAS,DEN,78,0,1,0,77,0,23,4,889.0,0.0,0.01282051282051282,0.2987012987012987,0.05194805194805195,11.545454545454545
2023,8,20416,NK,12889,11298,LAS,DFW,79,0,0,0,79,0,19,3,786.0,0.0,0.0,0.24050632911392406,0.0379746835443038,9.949367088607595
2023,8,20416,NK,12889,11433,LAS,DTW,58,0,0,0,58,0,17,3,547.0,0.0,0.0,0.29310344827586204,0.05172413793103448,9.431034482758621
2023,8,20416,NK,12889,11618,LAS,EWR,62,2,0,0,60,0,19,10,1041.0,0.03225806451612903,0.0,0.31666666666666665,0.16666666666666666,17.35
2023,8,20416,NK,12889,11697,LAS,FLL,33,0,0,0,33,0,15,5,824.0,0.0,0.0,0.45454545454545453,0.15151515151515152,24.96969696969697
2023,8,20416,NK,12889,12266,LAS,IAH,66,0,0,0,66,0,23,9,1544.0,0.0,0.0,0.3484848484848485,0.13636363636363635,23.393939393939394
2023,8,20416,NK,12889,12892,LAS,LAX,130,0,0,0,130,0,52,12,2696.0,0.0,0.0,0.4,0.09230769230769231,20.73846153846154
2023,8,20416,NK,12889,13204,LAS,MCO,31,0,0,0,31,0,8,1,304.0,0.0,0.0,0.25806451612903225,0.03225806451612903,9.806451612903226
2023,8,20416,NK,12889,13303,LAS,MIA,62,0,0,0,62,0,19,6,469.0,0.0,0.0,0.3064516129032258,0.0967741935483871,7.564516129032258
2023,8,20416,NK,12889,13487,LAS,MSP,21,1,1,0,19,0,9,3,613.0,0.047619047619047616,0.047619047619047616,0.47368421052631576,0.15789473684210525,32.26315789473684
2023,8,20416,NK,12889,13796,LAS,OAK,82,1,0,0,81,0,23,8,803.0,0.012195121951219513,0.0,0.2839506172839506,0.09876543209876543,9.91358024691358
2023,8,20416,NK,12889,13930,LAS,ORD,62,0,0,0,62,0,10,5,421.0,0.0,0.0,0.16129032258064516,0.08064516129032258,6.790322580645161
2023,8,20416,NK,12889,14100,LAS,PHL,31,1,0,0,30,0,10,2,333.0,0.03225806451612903,0.0,0.3333333333333333,0.06666666666666667,11.1
2023,8,20416,NK,12889,14107,LAS,PHX,62,2,0,0,60,0,13,3,243.0,0.03225806451612903,0.0,0.21666666666666667,0.05,4.05
2023,8,20416,NK,12889,14679,LAS,SAN,105,3,0,0,102,0,38,8,1886.0,0.02857142857142857,0.0,0.37254901960784315,0.0784313725490196,18.49019607843137
2023,8,20416,NK,12889,14747,LAS,SEA,75,0,0,0,75,0,22,9,1166.0,0.0,0.0,0.29333333333333333,0.12,15.546666666666667
2023,8,20416,NK,12889,14869,LAS,SLC,55,0,0,0,55,0,21,8,1274.0,0.0,0.0,0.38181818181818183,0.14545454545454545,23.163636363636364
2023,8,20416,NK,12889,15016,LAS,STL,28,1,0,0,27,0,11,2,642.0,0.03571428571428571,0.0,0.4074074074074074,0.07407407407407407,23.77777777777778
2023,8,20416,NK,12889,15304,LAS,TPA,31,2,0,0,29,0,8,2,832.0,0.06451612903225806,0.0,0.27586206896551724,0.06896551724137931,28.689655172413794
2023,8,20416,NK,12892,10397,LAX,ATL,79,2,1,0,76,0,26,6,965.0,0.02531645569620253,0.012658227848101266,0.34210526315789475,0.07894736842105263,12.697368421052632
2023,8,20416,NK,12892,10721,LAX,BOS,30,0,0,0,30,0,15,5,703.0,0.0,0.0,0.5,0.16666666666666666,23.433333333333334
2023,8,20416,NK,12892,10821,LAX,BWI,62,2,0,0,60,0,20,6,1328.0,0.03225806451612903,0.0,0.3333333333333333,0.1,22.133333333333333
2023,8,20416,NK,12892,11298,LAX,DFW,93,1,0,0,92,0,35,12,2607.0,0.010752688172043012,0.0,0.3804347826086957,0.13043478260869565,28.33695652173913
2023,8,20416,NK,12892,11433,LAX,DTW,83,1,0,0,82,0,24,7,791.0,0.012048192771084338,0.0,0.2926829268292683,0.08536585365853659,9.646341463414634
2023,8,20416,NK,12892,11618,LAX,EWR,62,0,0,0,62,0,21,4,529.0,0.0,0.0,0.3387096774193548,0.06451612903225806,8.53225806451613
2023,8,20416,NK,12892,11697,LAX,FLL,31,0,0,0,31,0,18,7,1070.0,0.0,0.0,0.5806451612903226,0.22580645161290322,34.516129032258064
2023,8,20416,NK,12892,12266,LAX,IAH,92,1,0,0,91,0,34,13,3208.0,0.010869565217391304,0.0,0.37362637362637363,0.14285714285714285,35.252747252747255
2023,8,20416,NK,12892,12889,LAX,LAS,129,0,0,0,129,0,43,18,2310.0,0.0,0.0,0.3333333333333333,0.13953488372093023,17.906976744186046
2023,8,20416,NK,12892,13204,LAX,MCO,31,0,0,0,31,0,15,4,1331.0,0.0,0.0,0.4838709677419355,0.12903225806451613,42.935483870967744
2023,8,20416,NK,12892,13796,LAX,OAK,31,0,0,0,31,0,12,7,910.0,0.0,0.0,0.3870967741935484,0.22580645161290322,29.35483870967742
2023,8,20416,NK,12892,13930,LAX,ORD,82,1,1,0,80,0,27,11,1187.0,0.012195121951219513,0.012195121951219513,0.3375,0.1375,14.8375
2023,8,20416,NK,12892,14100,LAX,PHL,31,0,0,0,31,0,10,1,393.0,0.0,0.0,0.3225806451612903,0.03225806451612903,12.67741935483871
2023,8,20416,NK,12892,14869,LAX,SLC,31,0,0,0,31,0,14,6,1115.0,0.0,0.0,0.45161290322580644,0.1935483870967742,35.96774193548387
2023,8,20416,NK,12953,11298,LGA,DFW,21,0,0,0,21,0,3,1,133.0,0.0,0.0,0.14285714285714285,0.047619047619047616,6.333333333333333
2023,8,20416,NK,12953,11433,LGA,DTW,93,0,0,0,93,0,12,5,-466.0,0.0,0.0,0.12903225806451613,0.053763440860215055,-5.010752688172043
2023,8,20416,NK,12953,11697,LGA,FLL,93,0,2,0,91,0,24,11,1149.0,0.0,0.021505376344086023,0.26373626373626374,0.12087912087912088,12.626373626373626
2023,8,20416,NK,12953,12266,LGA,IAH,20,1,0,0,19,0,3,1,-202.0,0.05,0.0,0.15789473684210525,0.05263157894736842,-10.631578947368421
2023,8,20416,NK,12953,13204,LGA,MCO,93,2,0,0,91,0,16,9,-63.0,0.021505376344086023,0.0,0.17582417582417584,0.0989010989010989,-0.6923076923076923
2023,8,20416,NK,12953,13303,LGA,MIA,31,0,1,0,30,0,6,1,-209.0,0.0,0.03225806451612903,0.2,0.03333333333333333,-6.966666666666667
2023,8,20416,NK,13204,10397,MCO,ATL,90,2,1,0,87,0,37,21,3052.0,0.022222222222222223,0.011111111111111112,0.42528735632183906,0.2413793103448276,35.08045977011494
2023,8,20416,NK,13204,10721,MCO,BOS,113,2,0,0,111,0,54,26,3339.0,0.017699115044247787,0.0,0.4864864864864865,0.23423423423423423,30.08108108108108
2023,8,20416,NK,13204,10821,MCO,BWI,90,0,0,0,90,0,47,17,2811.0,0.0,0.0,0.5222222222222223,0.18888888888888888,31.233333333333334
2023,8,20416,NK,13204,11298,MCO,DFW,91,1,0,0,90,0,45,18,3345.0,0.01098901098901099,0.0,0.5,0.2,37.166666666666664
2023,8,20416,NK,13204,11433,MCO,DTW,121,1,0,0,120,0,59,29,5154.0,0.008264462809917356,0.0,0.49166666666666664,0.24166666666666667,42.95
2023,8,20416,NK,13204,11618,MCO,EWR,147,1,1,0,145,0,48,14,2099.0,0.006802721088435374,0.006802721088435374,0.3310344827586207,0.09655172413793103,14.475862068965517
2023,8,20416,NK,13204,11697,MCO,FLL,62,0,0,0,62,0,26,11,1806.0,0.0,0.0,0.41935483870967744,0.1774193548387097,29.129032258064516
2023,8,20416,NK,13204,12266,MCO,IAH,66,1,0,0,65,0,20,8,1115.0,0.015151515151515152,0.0,0.3076923076923077,0.12307692307692308,17.153846153846153
2023,8,20416,NK,13204,12889,MCO,LAS,31,1,0,0,30,0,12,5,575.0,0.03225806451612903,0.0,0.4,0.16666666666666666,19.166666666666668
2023,8,20416,NK,13204,12892,MCO,LAX,31,0,0,0,31,0,21,12,1558.0,0.0,0.0,0.6774193548387096,0.3870967741935484,50.25806451612903
2023,8,20416,NK,13204,12953,MCO,LGA,93,2,0,0,91,0,29,9,701.0,0.021505376344086023,0.0,0.31868131868131866,0.0989010989010989,7.7032967032967035
2023,8,20416,NK,13204,13930,MCO,ORD,93,3,0,0,90,0,34,13,1734.0,0.03225806451612903,0.0,0.37777777777777777,0.14444444444444443,19.266666666666666
2023,8,20416,NK,13204,14100,MCO,PHL,134,1,0,0,133,0,70,36,5598.0,0.007462686567164179,0.0,0.5263157894736842,0.2706766917293233,42.090225563909776
2023,8,20416,NK,13204,14107,MCO,PHX,31,1,0,0,30,0,16,7,1192.0,0.03225806451612903,0.0,0.5333333333333333,0.23333333333333334,39.733333333333334
2023,8,20416,NK,13204,14869,MCO,SLC,21,0,0,0,21,0,6,3,239.0,0.0,0.0,0.2857142857142857,0.14285714285714285,11.380952380952381
2023,8,20416,NK,13204,15016,MCO,STL,24,0,0,0,24,0,12,4,780.0,0.0,0.0,0.5,0.16666666666666666,32.5
2023,8,20416,NK,13303,10397,MIA,ATL,62,0,0,0,62,0,20,12,2592.0,0.0,0.0,0.3225806451612903,0.1935483870967742,41.806451612903224
2023,8,20416,NK,13303,10721,MIA,BOS,54,2,0,0,52,0,12,6,411.0,0.037037037037037035,0.0,0.23076923076923078,0.11538461538461539,7.903846153846154
2023,8,20416,NK,13303,10821,MIA,BWI,31,0,0,0,31,0,4,1,170.0,0.0,0.0,0.12903225806451613,0.03225806451612903,5.483870967741935
2023,8,20416,NK,13303,11292,MIA,DEN,31,0,0,0,31,0,3,0,-341.0,0.0,0.0,0.0967741935483871,0.0,-11.0
2023,8,20416,NK,13303,11298,MIA,DFW,31,0,0,0,31,0,13,4,534.0,0.0,0.0,0.41935483870967744,0.12903225806451613,17.225806451612904
2023,8,20416,NK,13303,11433,MIA,DTW,31,1,0,0,30,0,10,3,288.0,0.03225806451612903,0.0,0.3333333333333333,0.1,9.6
2023,8,20416,NK,13303,11618,MIA,EWR,31,1,0,0,30,0,15,8,955.0,0.03225806451612903,0.0,0.5,0.26666666666666666,31.833333333333332
2023,8,20416,NK,13303,12266,MIA,IAH,39,1,0,0,38,0,17,7,2045.0,0.02564102564102564,0.0,0.4473684210526316,0.18421052631578946,53.81578947368421
2023,8,20416,NK,13303,12889,MIA,LAS,62,0,0,0,62,0,14,7,489.0,0.0,0.0,0.22580645161290322,0.11290322580645161,7.887096774193548
2023,8,20416,NK,13303,12953,MIA,LGA,31,0,0,0,31,0,8,2,253.0,0.0,0.0,0.25806451612903225,0.06451612903225806,8.161290322580646
2023,8,20416,NK,13303,13930,MIA,ORD,61,1,0,0,60,0,19,12,1296.0,0.01639344262295082,0.0,0.31666666666666665,0.2,21.6
2023,8,20416,NK,13303,14100,MIA,PHL,31,1,0,0,30,0,13,5,656.0,0.03225806451612903,0.0,0.43333333333333335,0.16666666666666666,21.866666666666667
2023,8,20416,NK,13487,10397,MSP,ATL,52,0,2,0,50,0,9,2,-269.0,0.0,0.038461538461538464,0.18,0.04,-5.38
2023,8,20416,NK,13487,11433,MSP,DTW,31,0,0,0,31,0,7,6,394.0,0.0,0.0,0.22580645161290322,0.1935483870967742,12.709677419354838
2023,8,20416,NK,13487,12889,MSP,LAS,21,1,0,0,20,0,8,4,713.0,0.047619047619047616,0.0,0.4,0.2,35.65
2023,8,20416,NK,13796,11298,OAK,DFW,31,0,0,0,31,0,7,2,76.0,0.0,0.0,0.22580645161290322,0.06451612903225806,2.4516129032258065
2023,8,20416,NK,13796,11618,OAK,EWR,30,0,0,0,30,0,9,6,1034.0,0.0,0.0,0.3,0.2,34.46666666666667
2023,8,20416,NK,13796,12889,OAK,LAS,82,1,0,0,81,0,25,8,1992.0,0.012195121951219513,0.0,0.30864197530864196,0.09876543209876543,24.59259259259259
2023,8,20416,NK,13796,12892,OAK,LAX,31,0,0,0,31,0,8,2,455.0,0.0,0.0,0.25806451612903225,0.06451612903225806,14.67741935483871
2023,8,20416,NK,13796,14100,OAK,PHL,18,0,0,0,18,0,4,1,166.0,0.0,0.0,0.2222222222222222,0.05555555555555555,9.222222222222221
2023,8,20416,NK,13796,14679,OAK,SAN,31,2,0,0,29,0,9,2,254.0,0.06451612903225806,0.0,0.3103448275862069,0.06896551724137931,8.758620689655173
2023,8,20416,NK,13930,10397,ORD,ATL,66,1,1,0,64,0,22,8,857.0,0.015151515151515152,0.015151515151515152,0.34375,0.125,13.390625
2023,8,20416,NK,13930,11298,ORD,DFW,31,0,0,0,31,0,14,4,1396.0,0.0,0.0,0.45161290322580644,0.12903225806451613,45.03225806451613
2023,8,20416,NK,13930,11697,ORD,FLL,106,0,0,0,106,0,26,12,1065.0,0.0,0.0,0.24528301886792453,0.11320754716981132,10.047169811320755
2023,8,20416,NK,13930,12266,ORD,IAH,31,0,0,0,31,0,5,2,77.0,0.0,0.0,0.16129032258064516,0.06451612903225806,2.4838709677419355
2023,8,20416,NK,13930,12889,ORD,LAS,62,0,0,0,62,0,20,8,1772.0,0.0,0.0,0.3225806451612903,0.12903225806451613,28.580645161290324
2023,8,20416,NK,13930,12892,ORD,LAX,83,2,0,0,81,0,32,13,1757.0,0.024096385542168676,0.0,0.3950617283950617,0.16049382716049382,21.691358024691358
2023,8,20416,NK,13930,13204,ORD,MCO,91,3,0,0,88,0,35,10,1353.0,0.03296703296703297,0.0,0.3977272727272727,0.11363636363636363,15.375
2023,8,20416,NK,13930,13303,ORD,MIA,62,2,1,0,59,0,21,8,1268.0,0.03225806451612903,0.016129032258064516,0.3559322033898305,0.13559322033898305,21.491525423728813
2023,8,20416,NK,13930,14635,ORD,RSW,31,1,0,0,30,0,13,5,908.0,0.03225806451612903,0.0,0.43333333333333335,0.16666666666666666,30.266666666666666
2023,8,20416,NK,13930,15304,ORD,TPA,31,2,0,0,29,0,6,1,53.0,0.06451612903225806,0.0,0.20689655172413793,0.034482758620689655,1.8275862068965518
2023,8,20416,NK,14100,10397,PHL,ATL,31,0,0,0,31,0,1,0,-402.0,0.0,0.0,0.03225806451612903,0.0,-12.96774193548387
2023,8,20416,NK,14100,11298,PHL,DFW,31,1,0,0,30,0,12,5,750.0,0.03225806451612903,0.0,0.4,0.16666666666666666,25.0
2023,8,20416,NK,14100,11433,PHL,DTW,31,0,0,0,31,0,14,5,1056.0,0.0,0.0,0.45161290322580644,0.16129032258064516,34.064516129032256
2023,8,20416,NK,14100,11697,PHL,FLL,76,0,0,0,76,0,31,11,1638.0,0.0,0.0,0.40789473684210525,0.14473684210526316,21.55263157894737
2023,8,20416,NK,14100,12266,PHL,IAH,24,0,1,0,23,0,9,3,505.0,0.0,0.041666666666666664,0.391304347826087,0.13043478260869565,21.956521739130434
2023,8,20416,NK,14100,12889,PHL,LAS,31,0,0,0,31,0,20,4,963.0,0.0,0.0,0.6451612903225806,0.12903225806451613,31.06451612903226
2023,8,20416,NK,14100,12892,PHL,LAX,30,1,0,0,29,0,6,2,68.0,0.03333333333333333,0.0,0.20689655172413793,0.06896551724137931,2.3448275862068964
2023,8,20416,NK,14100,13204,PHL,MCO,134,1,0,0,133,0,50,31,3699.0,0.007462686567164179,0.0,0.37593984962406013,0.23308270676691728,27.81203007518797
2023,8,20416,NK,14100,13303,PHL,MIA,31,0,0,0,31,0,8,4,145.0,0.0,0.0,0.25806451612903225,0.12903225806451613,4.67741935483871
2023,8,20416,NK,14100,13796,PHL,OAK,18,0,0,0,18,0,14,7,912.0,0.0,0.0,0.7777777777777778,0.3888888888888889,50.666666666666664
2023,8,20416,NK,14107,10721,PHX,BOS,22,0,0,0,22,0,12,4,636.0,0.0,0.0,0.5454545454545454,0.18181818181818182,28.90909090909091
2023,8,20416,NK,14107,11298,PHX,DFW,31,0,0,0,31,0,14,6,808.0,0.0,0.0,0.45161290322580644,0.1935483870967742,26.06451612903226
2023,8,20416,NK,14107,11618,PHX,EWR,23,1,0,0,22,0,4,2,-3.0,0.043478260869565216,0.0,0.18181818181818182,0.09090909090909091,-0.13636363636363635
2023,8,20416,NK,14107,12889,PHX,LAS,62,2,0,0,60,0,7,4,139.0,0.03225806451612903,0.0,0.11666666666666667,0.06666666666666667,2.316666666666667
2023,8,20416,NK,14107,13204,PHX,MCO,31,1,0,0,30,0,9,4,255.0,0.03225806451612903,0.0,0.3,0.13333333333333333,8.5
2023,8,20416,NK,14635,11433,RSW,DTW,31,0,0,0,31,0,6,4,203.0,0.0,0.0,0.1935483870967742,0.12903225806451613,6.548387096774194
2023,8,20416,NK,14635,13930,RSW,ORD,31,1,0,0,30,0,10,7,1016.0,0.03225806451612903,0.0,0.3333333333333333,0.23333333333333334,33.86666666666667
2023,8,20416,NK,14679,12889,SAN,LAS,105,3,1,0,101,0,19,6,775.0,0.02857142857142857,0.009523809523809525,0.18811881188118812,0.0594059405940594,7.673267326732673
2023,8,20416,NK,14679,13796,SAN,OAK,31,1,0,0,30,0,10,1,504.0,0.03225806451612903,0.0,0.3333333333333333,0.03333333333333333,16.8
2023,8,20416,NK,14747,12889,SEA,LAS,75,1,0,0,74,0,22,13,1827.0,0.013333333333333334,0.0,0.2972972972972973,0.17567567567567569,24.68918918918919
2023,8,20416,NK,14869,11618,SLC,EWR,31,1,0,0,30,0,13,4,749.0,0.03225806451612903,0.0,0.43333333333333335,0.13333333333333333,24.966666666666665
2023,8,20416,NK,14869,12889,SLC,LAS,55,0,1,0,54,0,20,10,1705.0,0.0,0.01818181818181818,0.37037037037037035,0.18518518518518517,31.574074074074073
2023,8,20416,NK,14869,12892,SLC,LAX,31,0,0,0,31,0,9,2,214.0,0.0,0.0,0.2903225806451613,0.06451612903225806,6.903225806451613
2023,8,20416,NK,14869,13204,SLC,MCO,21,0,0,0,21,0,2,0,-8.0,0.0,0.0,0.09523809523809523,0.0,-0.38095238095238093
2023,8,20416,NK,15016,12889,STL,LAS,28,1,0,0,27,0,13,4,1236.0,0.03571428571428571,0.0,0.48148148148148145,0.14814814814814814,45.77777777777778
2023,8,20416,NK,15016,13204,STL,MCO,24,0,0,0,24,0,9,6,988.0,0.0,0.0,0.375,0.25,41.166666666666664
2023,8,20416,NK,15304,10397,TPA,ATL,31,2,0,0,29,0,11,5,1200.0,0.06451612903225806,0.0,0.3793103448275862,0.1724137931034483,41.37931034482759
2023,8,20416,NK,15304,10821,TPA,BWI,31,3,0,0,28,0,5,1,108.0,0.0967741935483871,0.0,0.17857142857142858,0.03571428571428571,3.857142857142857
2023,8,20416,NK,15304,11298,TPA,DFW,8,0,0,0,8,0,3,1,392.0,0.0,0.0,0.375,0.125,49.0
2023,8,20416,NK,15304,11433,TPA,DTW,54,6,0,0,48,0,7,4,368.0,0.1111111111111111,0.0,0.14583333333333334,0.08333333333333333,7.666666666666667
2023,8,20416,NK,15304,11697,TPA,FLL,62,6,0,0,56,0,20,9,1255.0,0.0967741935483871,0.0,0.35714285714285715,0.16071428571428573,22.410714285714285
2023,8,20416,NK,15304,12889,TPA,LAS,31,2,0,0,29,0,2,0,-328.0,0.06451612903225806,0.0,0.06896551724137931,0.0,-11.310344827586206
2023,8,20416,NK,15304,13930,TPA,ORD,31,2,0,0,29,0,6,2,120.0,0.06451612903225806,0.0,0.20689655172413793,0.06896551724137931,4.137931034482759
2023,8,20436,F9,10397,10821,ATL,BWI,62,2,0,0,60,0,34,17,3237.0,0.03225806451612903,0.0,0.5666666666666667,0.2833333333333333,53.95
2023,8,20436,F9,10397,11292,ATL,DEN,61,3,0,0,58,0,23,9,1128.0,0.04918032786885246,0.0,0.39655172413793105,0.15517241379310345,19.448275862068964
2023,8,20436,F9,10397,11298,ATL,DFW,29,3,0,0,26,0,15,8,1063.0,0.10344827586206896,0.0,0.5769230769230769,0.3076923076923077,40.88461538461539
2023,8,20436,F9,10397,11433,ATL,DTW,27,0,0,0,27,0,8,3,769.0,0.0,0.0,0.2962962962962963,0.1111111111111111,28.48148148148148
2023,8,20436,F9,10397,11697,ATL,FLL,46,3,1,0,42,0,21,14,2068.0,0.06521739130434782,0.021739130434782608,0.5,0.3333333333333333,49.23809523809524
2023,8,20436,F9,10397,12266,ATL,IAH,26,2,0,0,24,0,12,8,944.0,0.07692307692307693,0.0,0.5,0.3333333333333333,39.333333333333336
2023,8,20436,F9,10397,12889,ATL,LAS,57,6,0,0,51,0,24,11,2389.0,0.10526315789473684,0.0,0.47058823529411764,0.21568627450980393,46.84313725490196
2023,8,20436,F9,10397,12953,ATL,LGA,60,7,0,0,53,0,17,6,627.0,0.11666666666666667,0.0,0.32075471698113206,0.11320754716981132,11.830188679245284
2023,8,20436,F9,10397,13204,ATL,MCO,63,3,0,0,60,0,26,15,2901.0,0.047619047619047616,0.0,0.43333333333333335,0.25,48.35
2023,8,20436,F9,10397,13232,ATL,MDW,40,4,0,0,36,0,17,6,755.0,0.1,0.0,0.4722222222222222,0.16666666666666666,20.97222222222222
2023,8,20436,F9,10397,13303,ATL,MIA,45,0,0,0,45,0,26,12,2280.0,0.0,0.0,0.5777777777777777,0.26666666666666666,50.666666666666664
2023,8,20436,F9,10397,13930,ATL,ORD,31,2,0,0,29,0,6,3,699.0,0.06451612903225806,0.0,0.20689655172413793,0.10344827586206896,24.103448275862068
2023,8,20436,F9,10397,14100,ATL,PHL,73,2,0,0,71,0,28,11,1599.0,0.0273972602739726,0.0,0.39436619718309857,0.15492957746478872,22.52112676056338
2023,8,20436,F9,10397,14107,ATL,PHX,13,0,0,0,13,0,5,1,358.0,0.0,0.0,0.38461538461538464,0.07692307692307693,27.53846153846154
2023,8,20436,F9,10397,14679,ATL,SAN,22,2,0,0,20,0,10,2,399.0,0.09090909090909091,0.0,0.5,0.1,19.95
2023,8,20436,F9,10397,14771,ATL,SFO,31,5,0,0,26,0,14,10,1944.0,0.16129032258064516,0.0,0.5384615384615384,0.38461538461538464,74.76923076923077
2023,8,20436,F9,10397,14869,ATL,SLC,11,0,0,0,11,0,2,0,25.0,0.0,0.0,0.18181818181818182,0.0,2.272727272727273
2023,8,20436,F9,10397,15304,ATL,TPA,31,5,0,0,26,0,15,8,1208.0,0.16129032258064516,0.0,0.5769230769230769,0.3076923076923077,46.46153846153846
2023,8,20436,F9,10721,13204,BOS,MCO,23,0,1,0,22,0,7,3,377.0,0.0,0.043478260869565216,0.3181818181818182,0.13636363636363635,17.136363636363637
2023,8,20436,F9,10721,14100,BOS,PHL,18,0,0,0,18,0,3,2,-20.0,0.0,0.0,0.16666666666666666,0.1111111111111111,-1.1111111111111112
2023,8,20436,F9,10821,10397,BWI,ATL,63,3,0,0,60,0,24,12,1934.0,0.047619047619047616,0.0,0.4,0.2,32.233333333333334
2023,8,20436,F9,10821,11292,BWI,DEN,31,0,0,0,31,0,12,8,1671.0,0.0,0.0,0.3870967741935484,0.25806451612903225,53.903225806451616
2023,8,20436,F9,10821,11298,BWI,DFW,18,0,0,0,18,0,5,1,111.0,0.0,0.0,0.2777777777777778,0.05555555555555555,6.166666666666667
2023,8,20436,F9,10821,13204,BWI,MCO,61,4,0,0,57,0,19,9,1281.0,0.06557377049180328,0.0,0.3333333333333333,0.15789473684210525,22.473684210526315
2023,8,20436,F9,10821,13303,BWI,MIA,18,0,1,0,17,0,6,0,45.0,0.0,0.05555555555555555,0.35294117647058826,0.0,2.6470588235294117
2023,8,20436,F9,10821,14107,BWI,PHX,31,2,0,0,29,0,12,6,556.0,0.06451612903225806,0.0,0.41379310344827586,0.20689655172413793,19.17241379310345
2023,8,20436,F9,11278,11292,DCA,DEN,93,3,0,0,90,0,19,10,895.0,0.03225806451612903,0.0,0.2111111111111111,0.1111111111111111,9.944444444444445
2023,8,20436,F9,11292,10397,DEN,ATL,61,3,0,0,58,0,24,12,1443.0,0.04918032786885246,0.0,0.41379310344827586,0.20689655172413793,24.879310344827587
2023,8,20436,F9,11292,10821,DEN,BWI,31,0,0,0,31,0,14,7,703.0,0.0,0.0,0.45161290322580644,0.22580645161290322,22.677419354838708
2023,8,20436,F9,11292,11278,DEN,DCA,93,3,0,0,90,0,17,7,626.0,0.03225806451612903,0.0,0.18888888888888888,0.07777777777777778,6.955555555555556
2023,8,20436,F9,11292,11298,DEN,DFW,81,2,0,0,79,0,20,5,536.0,0.024691358024691357,0.0,0.25316455696202533,0.06329113924050633,6.784810126582278
2023,8,20436,F9,11292,11433,DEN,DTW,54,0,0,0,54,0,22,6,1061.0,0.0,0.0,0.4074074074074074,0.1111111111111111,19.64814814814815
2023,8,20436,F9,11292,12266,DEN,IAH,31,0,0,0,31,0,11,3,240.0,0.0,0.0,0.3548387096774194,0.0967741935483871,7.741935483870968
2023,8,20436,F9,11292,12889,DEN,LAS,138,4,0,0,134,0,43,17,2248.0,0.028985507246376812,0.0,0.3208955223880597,0.12686567164179105,16.776119402985074
2023,8,20436,F9,11292,13204,DEN,MCO,88,1,0,0,87,0,39,18,2609.0,0.011363636363636364,0.0,0.4482758620689655,0.20689655172413793,29.988505747126435
2023,8,20436,F9,11292,13232,DEN,MDW,51,3,0,0,48,0,17,10,943.0,0.058823529411764705,0.0,0.3541666666666667,0.20833333333333334,19.645833333333332
2023,8,20436,F9,11292,13303,DEN,MIA,47,1,1,0,45,0,23,10,2324.0,0.02127659574468085,0.02127659574468085,0.5111111111111111,0.2222222222222222,51.644444444444446
2023,8,20436,F9,11292,13487,DEN,MSP,62,1,0,0,61,0,18,12,1317.0,0.016129032258064516,0.0,0.29508196721311475,0.19672131147540983,21.59016393442623
2023,8,20436,F9,11292,14100,DEN,PHL,61,3,0,0,58,0,26,12,2232.0,0.04918032786885246,0.0,0.4482758620689655,0.20689655172413793,38.48275862068966
2023,8,20436,F9,11292,14107,DEN,PHX,106,2,0,0,104,0,27,6,946.0,0.018867924528301886,0.0,0.25961538461538464,0.057692307692307696,9.096153846153847
2023,8,20436,F9,11292,14635,DEN,RSW,6,1,0,0,5,0,2,0,14.0,0.16666666666666666,0.0,0.4,0.0,2.8
2023,8,20436,F9,11292,14679,DEN,SAN,75,6,0,0,69,0,26,9,1423.0,0.08,0.0,0.37681159420289856,0.13043478260869565,20.6231884057971
2023,8,20436,F9,11292,14747,DEN,SEA,31,0,0,0,31,0,6,2,10.0,0.0,0.0,0.1935483870967742,0.06451612903225806,0.3225806451612903
2023,8,20436,F9,11292,14771,DEN,SFO,62,0,0,0,62,0,26,13,1710.0,0.0,0.0,0.41935483870967744,0.20967741935483872,27.580645161290324
2023,8,20436,F9,11292,14869,DEN,SLC,62,0,0,0,62,0,21,9,1756.0,0.0,0.0,0.3387096774193548,0.14516129032258066,28.322580645161292
2023,8,20436,F9,11292,15016,DEN,STL,62,2,0,0,60,0,12,9,653.0,0.03225806451612903,0.0,0.2,0.15,10.883333333333333
2023,8,20436,F9,11292,15304,DEN,TPA,47,5,0,0,42,0,21,11,1444.0,0.10638297872340426,0.0,0.5,0.2619047619047619,34.38095238095238
2023,8,20436,F9,11298,10397,DFW,ATL,29,3,0,0,26,0,13,6,1401.0,0.10344827586206896,0.0,0.5,0.23076923076923078,53.88461538461539
2023,8,20436,F9,11298,10821,DFW,BWI,18,0,0,0,18,0,7,1,164.0,0.0,0.0,0.3888888888888889,0.05555555555555555,9.11111111111111
2023,8,20436,F9,11298,11292,DFW,DEN,81,2,0,0,79,0,30,15,3053.0,0.024691358024691357,0.0,0.379746835443038,0.189873417721519,38.64556962025316
2023,8,20436,F9,11298,12889,DFW,LAS,73,1,0,0,72,0,26,14,1940.0,0.0136986301369863,0.0,0.3611111111111111,0.19444444444444445,26.944444444444443
2023,8,20436,F9,11298,12953,DFW,LGA,26,1,0,0,25,0,5,3,150.0,0.038461538461538464,0.0,0.2,0.12,6.0
2023,8,20436,F9,11298,13204,DFW,MCO,42,1,0,0,41,0,11,5,247.0,0.023809523809523808,0.0,0.2682926829268293,0.12195121951219512,6.024390243902439
2023,8,20436,F9,11298,13232,DFW,MDW,47,2,0,0,45,0,17,6,1128.0,0.0425531914893617,0.0,0.37777777777777777,0.13333333333333333,25.066666666666666
2023,8,20436,F9,11298,13303,DFW,MIA,15,0,0,0,15,0,8,5,853.0,0.0,0.0,0.5333333333333333,0.3333333333333333,56.86666666666667
2023,8,20436,F9,11298,14100,DFW,PHL,26,0,1,0,25,0,9,4,331.0,0.0,0.038461538461538464,0.36,0.16,13.24
2023,8,20436,F9,11298,14107,DFW,PHX,24,0,0,0,24,0,6,5,858.0,0.0,0.0,0.25,0.20833333333333334,35.75
2023,8,20436,F9,11298,14679,DFW,SAN,36,3,1,0,32,0,5,1,21.0,0.08333333333333333,0.027777777777777776,0.15625,0.03125,0.65625
2023,8,20436,F9,11298,14771,DFW,SFO,28,1,0,0,27,0,3,2,360.0,0.03571428571428571,0.0,0.1111111111111111,0.07407407407407407,13.333333333333334
2023,8,20436,F9,11298,15304,DFW,TPA,29,3,0,0,26,0,11,3,493.0,0.10344827586206896,0.0,0.4230769230769231,0.11538461538461539,18.96153846153846
2023,8,20436,F9,11433,10397,DTW,ATL,27,0,1,0,26,0,12,5,1178.0,0.0,0.037037037037037035,0.46153846153846156,0.19230769230769232,45.30769230769231
2023,8,20436,F9,11433,11292,DTW,DEN,54,0,0,0,54,0,17,8,767.0,0.0,0.0,0.3148148148148148,0.14814814814814814,14.203703703703704
2023,8,20436,F9,11433,12889,DTW,LAS,31,2,0,0,29,0,10,7,875.0,0.06451612903225806,0.0,0.3448275862068966,0.2413793103448276,30.17241379310345
2023,8,20436,F9,11433,13204,DTW,MCO,34,1,1,0,32,0,8,5,679.0,0.029411764705882353,0.029411764705882353,0.25,0.15625,21.21875
2023,8,20436,F9,11433,14107,DTW,PHX,15,1,0,0,14,0,3,1,51.0,0.06666666666666667,0.0,0.21428571428571427,0.07142857142857142,3.642857142857143
2023,8,20436,F9,11433,14771,DTW,SFO,7,0,0,0,7,0,3,1,536.0,0.0,0.0,0.42857142857142855,0.14285714285714285,76.57142857142857
2023,8,20436,F9,11697,10397,FLL,ATL,47,4,0,0,43,0,21,12,1888.0,0.0851063829787234,0.0,0.4883720930232558,0.27906976744186046,43.906976744186046
2023,8,20436,F9,11697,14100,FLL,PHL,62,2,0,0,60,0,11,3,230.0,0.03225806451612903,0.0,0.18333333333333332,0.05,3.8333333333333335
2023,8,20436,F9,12266,10397,IAH,ATL,26,2,0,0,24,0,10,4,944.0,0.07692307692307693,0.0,0.4166666666666667,0.16666666666666666,39.333333333333336
2023,8,20436,F9,12266,11292,IAH,DEN,31,2,0,0,29,0,15,10,1148.0,0.06451612903225806,0.0,0.5172413793103449,0.3448275862068966,39.58620689655172
2023,8,20436,F9,12266,12889,IAH,LAS,31,1,0,0,30,0,5,1,55.0,0.03225806451612903,0.0,0.16666666666666666,0.03333333333333333,1.8333333333333333
2023,8,20436,F9,12266,13204,IAH,MCO,14,1,1,0,12,0,4,3,206.0,0.07142857142857142,0.07142857142857142,0.3333333333333333,0.25,17.166666666666668
2023,8,20436,F9,12266,14107,IAH,PHX,14,0,0,0,14,0,3,0,-87.0,0.0,0.0,0.21428571428571427,0.0,-6.214285714285714
2023,8,20436,F9,12889,10397,LAS,ATL,56,4,1,0,51,0,17,5,976.0,0.07142857142857142,0.017857142857142856,0.3333333333333333,0.09803921568627451,19.137254901960784
2023,8,20436,F9,12889,11292,LAS,DEN,137,6,0,0,131,0,51,22,2936.0,0.043795620437956206,0.0,0.3893129770992366,0.16793893129770993,22.412213740458014
2023,8,20436,F9,12889,11298,LAS,DFW,73,2,0,0,71,0,22,11,1183.0,0.0273972602739726,0.0,0.30985915492957744,0.15492957746478872,16.661971830985916
2023,8,20436,F9,12889,11433,LAS,DTW,31,2,0,0,29,0,5,3,125.0,0.06451612903225806,0.0,0.1724137931034483,0.10344827586206896,4.310344827586207
2023,8,20436,F9,12889,12266,LAS,IAH,31,0,0,0,31,0,5,2,128.0,0.0,0.0,0.16129032258064516,0.06451612903225806,4.129032258064516
2023,8,20436,F9,12889,13204,LAS,MCO,62,3,2,0,57,0,21,8,774.0,0.04838709677419355,0.03225806451612903,0.3684210526315789,0.14035087719298245,13.578947368421053
2023,8,20436,F9,12889,13232,LAS,MDW,31,1,1,0,29,0,8,1,43.0,0.03225806451612903,0.03225806451612903,0.27586206896551724,0.034482758620689655,1.4827586206896552
2023,8,20436,F9,12889,13303,LAS,MIA,31,1,0,0,30,0,13,4,876.0,0.03225806451612903,0.0,0.43333333333333335,0.13333333333333333,29.2
2023,8,20436,F9,12889,14100,LAS,PHL,31,1,0,0,30,0,15,5,935.0,0.03225806451612903,0.0,0.5,0.16666666666666666,31.166666666666668
2023,8,20436,F9,12889,14107,LAS,PHX,51,2,0,0,49,0,21,11,2447.0,0.0392156862745098,0.0,0.42857142857142855,0.22448979591836735,49.93877551020408
2023,8,20436,F9,12889,14679,LAS,SAN,40,4,0,0,36,0,11,3,486.0,0.1,0.0,0.3055555555555556,0.08333333333333333,13.5
2023,8,20436,F9,12889,14747,LAS,SEA,21,2,0,0,19,0,2,2,164.0,0.09523809523809523,0.0,0.10526315789473684,0.10526315789473684,8.631578947368421
2023,8,20436,F9,12889,14771,LAS,SFO,78,4,0,0,74,0,21,4,879.0,0.05128205128205128,0.0,0.28378378378378377,0.05405405405405406,11.878378378378379
2023,8,20436,F9,12889,14869,LAS,SLC,31,3,0,0,28,0,13,5,773.0,0.0967741935483871,0.0,0.4642857142857143,0.17857142857142858,27.607142857142858
2023,8,20436,F9,12889,15016,LAS,STL,28,1,0,0,27,0,5,3,70.0,0.03571428571428571,0.0,0.18518518518518517,0.1111111111111111,2.5925925925925926
2023,8,20436,F9,12889,15304,LAS,TPA,31,3,0,0,28,0,9,4,522.0,0.0967741935483871,0.0,0.32142857142857145,0.14285714285714285,18.642857142857142
2023,8,20436,F9,12953,10397,LGA,ATL,60,8,0,0,52,0,23,8,2149.0,0.13333333333333333,0.0,0.4423076923076923,0.15384615384615385,41.32692307692308
2023,8,20436,F9,12953,11298,LGA,DFW,26,1,0,0,25,0,6,1,-24.0,0.038461538461538464,0.0,0.24,0.04,-0.96
2023,8,20436,F9,12953,13204,LGA,MCO,31,1,0,0,30,0,13,10,882.0,0.03225806451612903,0.0,0.43333333333333335,0.3333333333333333,29.4
2023,8,20436,F9,13204,10397,MCO,ATL,65,3,0,0,62,0,34,23,4245.0,0.046153846153846156,0.0,0.5483870967741935,0.3709677419354839,68.46774193548387
2023,8,20436,F9,13204,10721,MCO,BOS,23,0,0,0,23,0,4,1,-60.0,0.0,0.0,0.17391304347826086,0.043478260869565216,-2.608695652173913
2023,8,20436,F9,13204,10821,MCO,BWI,60,3,0,0,57,0,25,11,1784.0,0.05,0.0,0.43859649122807015,0.19298245614035087,31.29824561403509
2023,8,20436,F9,13204,11292,MCO,DEN,88,0,0,0,88,0,32,18,2178.0,0.0,0.0,0.36363636363636365,0.20454545454545456,24.75
2023,8,20436,F9,13204,11298,MCO,DFW,43,1,0,0,42,0,21,10,1553.0,0.023255813953488372,0.0,0.5,0.23809523809523808,36.976190476190474
2023,8,20436,F9,13204,11433,MCO,DTW,35,2,0,0,33,0,11,5,1092.0,0.05714285714285714,0.0,0.3333333333333333,0.15151515151515152,33.09090909090909
2023,8,20436,F9,13204,12266,MCO,IAH,14,0,0,0,14,0,6,3,347.0,0.0,0.0,0.42857142857142855,0.21428571428571427,24.785714285714285
2023,8,20436,F9,13204,12889,MCO,LAS,62,1,0,0,61,0,24,10,1459.0,0.016129032258064516,0.0,0.39344262295081966,0.16393442622950818,23.918032786885245
2023,8,20436,F9,13204,12953,MCO,LGA,31,1,0,0,30,0,11,4,710.0,0.03225806451612903,0.0,0.36666666666666664,0.13333333333333333,23.666666666666668
2023,8,20436,F9,13204,13232,MCO,MDW,27,1,0,0,26,0,9,3,499.0,0.037037037037037035,0.0,0.34615384615384615,0.11538461538461539,19.192307692307693
2023,8,20436,F9,13204,13930,MCO,ORD,26,0,0,0,26,0,11,4,335.0,0.0,0.0,0.4230769230769231,0.15384615384615385,12.884615384615385
2023,8,20436,F9,13204,14100,MCO,PHL,205,9,0,0,196,0,79,39,6454.0,0.04390243902439024,0.0,0.4030612244897959,0.1989795918367347,32.92857142857143
2023,8,20436,F9,13204,14107,MCO,PHX,30,1,1,0,28,0,12,3,557.0,0.03333333333333333,0.03333333333333333,0.42857142857142855,0.10714285714285714,19.892857142857142
2023,8,20436,F9,13204,14679,MCO,SAN,31,4,0,0,27,0,7,4,958.0,0.12903225806451613,0.0,0.25925925925925924,0.14814814814814814,35.48148148148148
2023,8,20436,F9,13204,14771,MCO,SFO,31,1,0,0,30,0,19,6,1235.0,0.03225806451612903,0.0,0.6333333333333333,0.2,41.166666666666664
2023,8,20436,F9,13204,15016,MCO,STL,31,2,0,0,29,0,8,3,241.0,0.06451612903225806,0.0,0.27586206896551724,0.10344827586206896,8.310344827586206
2023,8,20436,F9,13232,10397,MDW,ATL,40,0,1,0,39,0,14,8,1738.0,0.0,0.025,0.358974358974359,0.20512820512820512,44.56410256410256
2023,8,20436,F9,13232,11292,MDW,DEN,51,3,0,0,48,0,18,7,904.0,0.058823529411764705,0.0,0.375,0.14583333333333334,18.833333333333332
2023,8,20436,F9,13232,11298,MDW,DFW,47,2,0,0,45,0,10,5,277.0,0.0425531914893617,0.0,0.2222222222222222,0.1111111111111111,6.155555555555556
2023,8,20436,F9,13232,12889,MDW,LAS,31,0,0,0,31,0,9,6,625.0,0.0,0.0,0.2903225806451613,0.1935483870967742,20.161290322580644
2023,8,20436,F9,13232,13204,MDW,MCO,26,1,0,0,25,0,12,6,675.0,0.038461538461538464,0.0,0.48,0.24,27.0
2023,8,20436,F9,13232,13303,MDW,MIA,31,1,0,0,30,0,15,6,2044.0,0.03225806451612903,0.0,0.5,0.2,68.13333333333334
2023,8,20436,F9,13232,14100,MDW,PHL,28,3,0,0,25,0,8,3,831.0,0.10714285714285714,0.0,0.32,0.12,33.24
2023,8,20436,F9,13232,14107,MDW,PHX,47,1,0,0,46,0,10,2,45.0,0.02127659574468085,0.0,0.21739130434782608,0.043478260869565216,0.9782608695652174
2023,8,20436,F9,13232,14771,MDW,SFO,31,2,1,0,28,0,12,3,636.0,0.06451612903225806,0.03225806451612903,0.42857142857142855,0.10714285714285714,22.714285714285715
2023,8,20436,F9,13232,15304,MDW,TPA,24,1,0,0,23,0,8,4,732.0,0.041666666666666664,0.0,0.34782608695652173,0.17391304347826086,31.82608695652174
2023,8,20436,F9,13303,10397,MIA,ATL,45,0,0,0,45,0,22,11,2190.0,0.0,0.0,0.4888888888888889,0.24444444444444444,48.666666666666664
2023,8,20436,F9,13303,10821,MIA,BWI,18,1,0,0,17,0,4,1,73.0,0.05555555555555555,0.0,0.23529411764705882,0.058823529411764705,4.294117647058823
2023,8,20436,F9,13303,11292,MIA,DEN,46,1,0,0,45,0,21,8,2293.0,0.021739130434782608,0.0,0.4666666666666667,0.17777777777777778,50.955555555555556
2023,8,20436,F9,13303,11298,MIA,DFW,15,0,0,0,15,0,8,5,1264.0,0.0,0.0,0.5333333333333333,0.3333333333333333,84.26666666666667
2023,8,20436,F9,13303,12889,MIA,LAS,30,1,0,0,29,0,17,10,1205.0,0.03333333333333333,0.0,0.5862068965517241,0.3448275862068966,41.55172413793103
2023,8,20436,F9,13303,13232,MIA,MDW,31,2,0,0,29,0,3,2,-454.0,0.06451612903225806,0.0,0.10344827586206896,0.06896551724137931,-15.655172413793103
2023,8,20436,F9,13303,14100,MIA,PHL,37,3,0,0,34,0,19,13,1907.0,0.08108108108108109,0.0,0.5588235294117647,0.38235294117647056,56.088235294117645
2023,8,20436,F9,13487,11292,MSP,DEN,62,0,0,0,62,0,9,5,-16.0,0.0,0.0,0.14516129032258066,0.08064516129032258,-0.25806451612903225
2023,8,20436,F9,13930,10397,ORD,ATL,31,1,0,0,30,0,11,5,1000.0,0.03225806451612903,0.0,0.36666666666666664,0.16666666666666666,33.333333333333336
2023,8,20436,F9,13930,13204,ORD,MCO,26,1,0,0,25,0,13,6,2072.0,0.038461538461538464,0.0,0.52,0.24,82.88
2023,8,20436,F9,14100,10397,PHL,ATL,73,6,0,0,67,0,26,11,1152.0,0.0821917808219178,0.0,0.3880597014925373,0.16417910447761194,17.19402985074627
2023,8,20436,F9,14100,10721,PHL,BOS,18,0,0,0,18,0,3,2,53.0,0.0,0.0,0.16666666666666666,0.1111111111111111,2.9444444444444446
2023,8,20436,F9,14100,11292,PHL,DEN,59,3,0,0,56,0,15,7,1374.0,0.05084745762711865,0.0,0.26785714285714285,0.125,24.535714285714285
2023,8,20436,F9,14100,11298,PHL,DFW,26,1,0,0,25,0,10,5,883.0,0.038461538461538464,0.0,0.4,0.2,35.32
2023,8,20436,F9,14100,11697,PHL,FLL,62,2,2,0,58,0,16,7,904.0,0.03225806451612903,0.03225806451612903,0.27586206896551724,0.1206896551724138,15.586206896551724
2023,8,20436,F9,14100,12889,PHL,LAS,31,1,0,0,30,0,17,9,1681.0,0.03225806451612903,0.0,0.5666666666666667,0.3,56.03333333333333
2023,8,20436,F9,14100,13204,PHL,MCO,205,11,0,0,194,0,73,45,8216.0,0.05365853658536585,0.0,0.37628865979381443,0.23195876288659795,42.350515463917525
2023,8,20436,F9,14100,13232,PHL,MDW,28,1,0,0,27,0,11,5,953.0,0.03571428571428571,0.0,0.4074074074074074,0.18518518518518517,35.2962962962963
2023,8,20436,F9,14100,13303,PHL,MIA,37,1,0,0,36,0,16,9,1053.0,0.02702702702702703,0.0,0.4444444444444444,0.25,29.25
2023,8,20436,F9,14100,14635,PHL,RSW,40,6,0,0,34,0,8,3,55.0,0.15,0.0,0.23529411764705882,0.08823529411764706,1.6176470588235294
2023,8,20436,F9,14100,15304,PHL,TPA,85,8,0,0,77,0,23,13,1408.0,0.09411764705882353,0.0,0.2987012987012987,0.16883116883116883,18.285714285714285
2023,8,20436,F9,14107,10397,PHX,ATL,13,0,0,0,13,0,6,3,754.0,0.0,0.0,0.46153846153846156,0.23076923076923078,58.0
2023,8,20436,F9,14107,10821,PHX,BWI,31,3,0,0,28,0,10,5,438.0,0.0967741935483871,0.0,0.35714285714285715,0.17857142857142858,15.642857142857142
2023,8,20436,F9,14107,11292,PHX,DEN,106,1,0,0,105,0,24,10,915.0,0.009433962264150943,0.0,0.22857142857142856,0.09523809523809523,8.714285714285714
2023,8,20436,F9,14107,11298,PHX,DFW,24,0,0,0,24,0,3,1,-25.0,0.0,0.0,0.125,0.041666666666666664,-1.0416666666666667
2023,8,20436,F9,14107,11433,PHX,DTW,15,1,0,0,14,0,4,2,55.0,0.06666666666666667,0.0,0.2857142857142857,0.14285714285714285,3.9285714285714284
2023,8,20436,F9,14107,12266,PHX,IAH,14,0,0,0,14,0,2,0,34.0,0.0,0.0,0.14285714285714285,0.0,2.4285714285714284
2023,8,20436,F9,14107,12889,PHX,LAS,51,2,0,0,49,0,6,5,318.0,0.0392156862745098,0.0,0.12244897959183673,0.10204081632653061,6.489795918367347
2023,8,20436,F9,14107,13204,PHX,MCO,31,1,0,0,30,0,6,2,906.0,0.03225806451612903,0.0,0.2,0.06666666666666667,30.2
2023,8,20436,F9,14107,13232,PHX,MDW,47,1,0,0,46,0,12,2,193.0,0.02127659574468085,0.0,0.2608695652173913,0.043478260869565216,4.195652173913044
2023,8,20436,F9,14107,14679,PHX,SAN,40,8,0,0,32,0,11,5,1730.0,0.2,0.0,0.34375,0.15625,54.0625
2023,8,20436,F9,14107,14747,PHX,SEA,15,0,0,0,15,0,0,0,-317.0,0.0,0.0,0.0,0.0,-21.133333333333333
2023,8,20436,F9,14107,14771,PHX,SFO,25,0,0,0,25,0,6,2,165.0,0.0,0.0,0.24,0.08,6.6
2023,8,20436,F9,14107,14869,PHX,SLC,15,1,0,0,14,0,2,0,-107.0,0.06666666666666667,0.0,0.14285714285714285,0.0,-7.642857142857143
2023,8,20436,F9,14107,15304,PHX,TPA,31,4,0,0,27,0,4,2,-36.0,0.12903225806451613,0.0,0.14814814814814814,0.07407407407407407,-1.3333333333333333
2023,8,20436,F9,14635,11292,RSW,DEN,6,1,0,0,5,0,2,0,39.0,0.16666666666666666,0.0,0.4,0.0,7.8
2023,8,20436,F9,14635,14100,RSW,PHL,40,2,0,0,38,0,12,7,1013.0,0.05,0.0,0.3157894736842105,0.18421052631578946,26.657894736842106
2023,8,20436,F9,14679,10397,SAN,ATL,22,5,0,0,17,0,11,4,2210.0,0.22727272727272727,0.0,0.6470588235294118,0.23529411764705882,130.0
2023,8,20436,F9,14679,11292,SAN,DEN,75,6,0,0,69,0,21,8,1363.0,0.08,0.0,0.30434782608695654,0.11594202898550725,19.753623188405797
2023,8,20436,F9,14679,11298,SAN,DFW,36,3,0,0,33,0,15,7,876.0,0.08333333333333333,0.0,0.45454545454545453,0.21212121212121213,26.545454545454547
2023,8,20436,F9,14679,12889,SAN,LAS,40,4,0,0,36,0,10,5,1503.0,0.1,0.0,0.2777777777777778,0.1388888888888889,41.75
2023,8,20436,F9,14679,13204,SAN,MCO,31,4,0,0,27,0,10,4,1439.0,0.12903225806451613,0.0,0.37037037037037035,0.14814814814814814,53.2962962962963
2023,8,20436,F9,14679,14107,SAN,PHX,40,7,0,0,33,0,11,6,1404.0,0.175,0.0,0.3333333333333333,0.18181818181818182,42.54545454545455
2023,8,20436,F9,14747,11292,SEA,DEN,31,0,0,0,31,0,13,2,543.0,0.0,0.0,0.41935483870967744,0.06451612903225806,17.516129032258064
2023,8,20436,F9,14747,12889,SEA,LAS,21,2,0,0,19,0,3,2,219.0,0.09523809523809523,0.0,0.15789473684210525,0.10526315789473684,11.526315789473685
2023,8,20436,F9,14747,14107,SEA,PHX,15,0,0,0,15,0,1,0,-138.0,0.0,0.0,0.06666666666666667,0.0,-9.2
2023,8,20436,F9,14771,10397,SFO,ATL,31,4,0,0,27,0,14,8,1841.0,0.12903225806451613,0.0,0.5185185185185185,0.2962962962962963,68.18518518518519
2023,8,20436,F9,14771,11292,SFO,DEN,62,0,0,0,62,0,12,5,1033.0,0.0,0.0,0.1935483870967742,0.08064516129032258,16.661290322580644
2023,8,20436,F9,14771,11298,SFO,DFW,28,2,0,0,26,0,13,4,1849.0,0.07142857142857142,0.0,0.5,0.15384615384615385,71.11538461538461
2023,8,20436,F9,14771,11433,SFO,DTW,7,0,0,0,7,0,3,1,393.0,0.0,0.0,0.42857142857142855,0.14285714285714285,56.142857142857146
2023,8,20436,F9,14771,12889,SFO,LAS,78,3,0,0,75,0,23,6,995.0,0.038461538461538464,0.0,0.30666666666666664,0.08,13.266666666666667
2023,8,20436,F9,14771,13204,SFO,MCO,31,1,0,0,30,0,20,11,2201.0,0.03225806451612903,0.0,0.6666666666666666,0.36666666666666664,73.36666666666666
2023,8,20436,F9,14771,13232,SFO,MDW,31,1,0,0,30,0,14,5,2027.0,0.03225806451612903,0.0,0.4666666666666667,0.16666666666666666,67.56666666666666
2023,8,20436,F9,14771,14107,SFO,PHX,25,0,0,0,25,0,7,1,125.0,0.0,0.0,0.28,0.04,5.0
2023,8,20436,F9,14869,10397,SLC,ATL,11,0,0,0,11,0,4,0,135.0,0.0,0.0,0.36363636363636365,0.0,12.272727272727273
2023,8,20436,F9,14869,11292,SLC,DEN,62,1,0,0,61,0,19,10,2251.0,0.016129032258064516,0.0,0.3114754098360656,0.16393442622950818,36.90163934426229
2023,8,20436,F9,14869,12889,SLC,LAS,31,3,0,0,28,0,8,5,326.0,0.0967741935483871,0.0,0.2857142857142857,0.17857142857142858,11.642857142857142
2023,8,20436,F9,14869,14107,SLC,PHX,15,1,0,0,14,0,1,0,-149.0,0.06666666666666667,0.0,0.07142857142857142,0.0,-10.642857142857142
2023,8,20436,F9,15016,11292,STL,DEN,62,4,0,0,58,0,16,8,2057.0,0.06451612903225806,0.0,0.27586206896551724,0.13793103448275862,35.46551724137931
2023,8,20436,F9,15016,12889,STL,LAS,28,1,0,0,27,0,8,1,284.0,0.03571428571428571,0.0,0.2962962962962963,0.037037037037037035,10.518518518518519
2023,8,20436,F9,15016,13204,STL,MCO,31,2,0,0,29,0,7,3,264.0,0.06451612903225806,0.0,0.2413793103448276,0.10344827586206896,9.10344827586207
2023,8,20436,F9,15304,10397,TPA,ATL,31,5,0,0,26,0,13,4,1122.0,0.16129032258064516,0.0,0.5,0.15384615384615385,43.15384615384615
2023,8,20436,F9,15304,11292,TPA,DEN,46,5,0,0,41,0,16,8,1798.0,0.10869565217391304,0.0,0.3902439024390244,0.1951219512195122,43.853658536585364
2023,8,20436,F9,15304,11298,TPA,DFW,29,3,0,0,26,0,5,4,134.0,0.10344827586206896,0.0,0.19230769230769232,0.15384615384615385,5.153846153846154
2023,8,20436,F9,15304,12889,TPA,LAS,31,3,0,0,28,0,6,5,574.0,0.0967741935483871,0.0,0.21428571428571427,0.17857142857142858,20.5
2023,8,20436,F9,15304,13232,TPA,MDW,24,0,0,0,24,0,9,6,636.0,0.0,0.0,0.375,0.25,26.5
2023,8,20436,F9,15304,14100,TPA,PHL,86,9,0,0,77,0,23,12,1238.0,0.10465116279069768,0.0,0.2987012987012987,0.15584415584415584,16.07792207792208
2023,8,20436,F9,15304,14107,TPA,PHX,31,2,1,0,28,0,3,2,-389.0,0.06451612903225806,0.03225806451612903,0.10714285714285714,0.07142857142857142,-13.892857142857142
2023,8,20452,YX,10397,11278,ATL,DCA,64,1,0,0,63,0,6,2,-46.0,0.015625,0.0,0.09523809523809523,0.031746031746031744,-0.7301587301587301
2023,8,20452,YX,10397,11618,ATL,EWR,8,0,0,0,8,0,2,1,75.0,0.0,0.0,0.25,0.125,9.375
2023,8,20452,YX,10397,13930,ATL,ORD,17,0,0,0,17,0,4,2,121.0,0.0,0.0,0.23529411764705882,0.11764705882352941,7.117647058823529
2023,8,20452,YX,10721,10821,BOS,BWI,80,1,0,0,79,0,14,4,-394.0,0.0125,0.0,0.17721518987341772,0.05063291139240506,-4.987341772151899
2023,8,20452,YX,10721,11278,BOS,DCA,278,2,1,0,275,0,52,21,329.0,0.007194244604316547,0.0035971223021582736,0.1890909090909091,0.07636363636363637,1.1963636363636363
2023,8,20452,YX,10721,11618,BOS,EWR,70,0,0,0,70,0,10,5,145.0,0.0,0.0,0.14285714285714285,0.07142857142857142,2.0714285714285716
2023,8,20452,YX,10721,12478,BOS,JFK,230,5,0,0,225,0,49,18,1279.0,0.021739130434782608,0.0,0.21777777777777776,0.08,5.684444444444445
2023,8,20452,YX,10721,12953,BOS,LGA,301,3,0,0,298,0,42,13,-1772.0,0.009966777408637873,0.0,0.14093959731543623,0.0436241610738255,-5.946308724832215
2023,8,20452,YX,10721,13303,BOS,MIA,2,0,0,0,2,0,1,0,-13.0,0.0,0.0,0.5,0.0,-6.5
2023,8,20452,YX,10721,13930,BOS,ORD,8,0,0,0,8,0,2,0,36.0,0.0,0.0,0.25,0.0,4.5
2023,8,20452,YX,10721,14100,BOS,PHL,81,1,0,0,80,0,7,1,-993.0,0.012345679012345678,0.0,0.0875,0.0125,-12.4125
2023,8,20452,YX,10821,10721,BWI,BOS,80,1,0,0,79,0,17,6,346.0,0.0125,0.0,0.21518987341772153,0.0759493670886076,4.379746835443038
2023,8,20452,YX,11278,10397,DCA,ATL,64,1,0,0,63,0,13,2,171.0,0.015625,0.0,0.20634920634920634,0.031746031746031744,2.7142857142857144
2023,8,20452,YX,11278,10721,DCA,BOS,278,2,1,0,275,0,42,14,-2279.0,0.007194244604316547,0.0035971223021582736,0.15272727272727274,0.05090909090909091,-8.287272727272727
2023,8,20452,YX,11278,11433,DCA,DTW,3,0,0,0,3,0,0,0,-41.0,0.0,0.0,0.0,0.0,-13.666666666666666
2023,8,20452,YX,11278,11618,DCA,EWR,32,0,0,0,32,0,3,1,-472.0,0.0,0.0,0.09375,0.03125,-14.75
2023,8,20452,YX,11278,12478,DCA,JFK,155,4,0,0,151,0,37,16,1598.0,0.025806451612903226,0.0,0.24503311258278146,0.10596026490066225,10.582781456953642
2023,8,20452,YX,11278,12953,DCA,LGA,224,3,0,0,221,0,29,11,-886.0,0.013392857142857142,0.0,0.13122171945701358,0.049773755656108594,-4.009049773755656
2023,8,20452,YX,11278,14100,DCA,PHL,75,0,0,0,75,0,6,1,-593.0,0.0,0.0,0.08,0.013333333333333334,-7.906666666666666
2023,8,20452,YX,11278,15016,DCA,STL,15,1,0,0,14,0,1,1,-38.0,0.06666666666666667,0.0,0.07142857142857142,0.07142857142857142,-2.7142857142857144
2023,8,20452,YX,11433,11278,DTW,DCA,4,0,0,0,4,0,0,0,-46.0,0.0,0.0,0.0,0.0,-11.5
2023,8,20452,YX,11433,11618,DTW,EWR,89,3,0,0,86,0,9,2,-887.0,0.033707865168539325,0.0,0.10465116279069768,0.023255813953488372,-10.313953488372093
2023,8,20452,YX,11433,12953,DTW,LGA,110,1,0,0,109,0,11,4,-619.0,0.00909090909090909,0.0,0.10091743119266056,0.03669724770642202,-5.678899082568807
2023,8,20452,YX,11433,14100,DTW,PHL,19,1,0,0,18,0,3,0,-45.0,0.05263157894736842,0.0,0.16666666666666666,0.0,-2.5
2023,8,20452,YX,11618,10397,EWR,ATL,4,0,0,0,4,0,2,1,135.0,0.0,0.0,0.5,0.25,33.75
2023,8,20452,YX,11618,10721,EWR,BOS,70,0,0,0,70,0,11,3,-35.0,0.0,0.0,0.15714285714285714,0.04285714285714286,-0.5
2023,8,20452,YX,11618,11278,EWR,DCA,32,2,0,0,30,0,4,0,-173.0,0.0625,0.0,0.13333333333333333,0.0,-5.766666666666667
2023,8,20452,YX,11618,11433,EWR,DTW,89,2,0,0,87,0,17,2,-143.0,0.02247191011235955,0.0,0.19540229885057472,0.022988505747126436,-1.6436781609195403
2023,8,20452,YX,11618,13930,EWR,ORD,2,0,0,0,2,0,0,0,-78.0,0.0,0.0,0.0,0.0,-39.0
2023,8,20452,YX,11618,15016,EWR,STL,31,0,0,0,31,0,1,0,-201.0,0.0,0.0,0.03225806451612903,0.0,-6.483870967741935
2023,8,20452,YX,12266,12953,IAH,LGA,50,0,0,0,50,0,2,1,-986.0,0.0,0.0,0.04,0.02,-19.72
2023,8,20452,YX,12478,10721,JFK,BOS,230,6,0,0,224,0,51,20,1136.0,0.02608695652173913,0.0,0.22767857142857142,0.08928571428571429,5.071428571428571
2023,8,20452,YX,12478,11278,JFK,DCA,154,1,2,0,151,0,24,10,-1420.0,0.006493506493506494,0.012987012987012988,0.15894039735099338,0.06622516556291391,-9.403973509933774
2023,8,20452,YX,12953,10721,LGA,BOS,301,5,2,0,294,0,41,15,-1746.0,0.016611295681063124,0.006644518272425249,0.13945578231292516,0.05102040816326531,-5.938775510204081
2023,8,20452,YX,12953,11278,LGA,DCA,224,2,0,0,222,0,26,7,-2436.0,0.008928571428571428,0.0,0.11711711711711711,0.03153153153153153,-10.972972972972974
2023,8,20452,YX,12953,11433,LGA,DTW,110,1,0,0,109,0,10,5,-581.0,0.00909090909090909,0.0,0.09174311926605505,0.045871559633027525,-5.330275229357798
2023,8,20452,YX,12953,12266,LGA,IAH,50,0,0,0,50,0,4,1,-707.0,0.0,0.0,0.08,0.02,-14.14
2023,8,20452,YX,12953,13487,LGA,MSP,56,1,0,0,55,0,7,1,-405.0,0.017857142857142856,0.0,0.12727272727272726,0.01818181818181818,-7.363636363636363
2023,8,20452,YX,12953,13930,LGA,ORD,4,0,0,0,4,0,0,0,-101.0,0.0,0.0,0.0,0.0,-25.25
2023,8,20452,YX,12953,15016,LGA,STL,31,0,0,0,31,0,3,1,-246.0,0.0,0.0,0.0967741935483871,0.03225806451612903,-7.935483870967742
2023,8,20452,YX,13303,10721,MIA,BOS,2,0,0,0,2,0,0,0,-34.0,0.0,0.0,0.0,0.0,-17.0
2023,8,20452,YX,13303,15304,MIA,TPA,2,0,0,0,2,0,0,0,-46.0,0.0,0.0,0.0,0.0,-23.0
2023,8,20452,YX,13487,12953,MSP,LGA,56,1,0,0,55,0,4,2,-526.0,0.017857142857142856,0.0,0.07272727272727272,0.03636363636363636,-9.563636363636364
2023,8,20452,YX,13487,13930,MSP,ORD,1,0,0,0,1,0,0,0,-26.0,0.0,0.0,0.0,0.0,-26.0
2023,8,20452,YX,13487,14100,MSP,PHL,4,0,0,0,4,0,0,0,-97.0,0.0,0.0,0.0,0.0,-24.25
2023,8,20452,YX,13930,10397,ORD,ATL,17,0,0,0,17,0,2,1,-77.0,0.0,0.0,0.11764705882352941,0.058823529411764705,-4.529411764705882
2023,8,20452,YX,13930,10721,ORD,BOS,6,0,0,0,6,0,1,0,-4.0,0.0,0.0,0.16666666666666666,0.0,-0.6666666666666666
2023,8,20452,YX,13930,11618,ORD,EWR,2,0,0,0,2,0,0,0,-39.0,0.0,0.0,0.0,0.0,-19.5
2023,8,20452,YX,13930,12953,ORD,LGA,4,0,0,0,4,0,1,1,947.0,0.0,0.0,0.25,0.25,236.75
2023,8,20452,YX,13930,13487,ORD,MSP,1,0,0,0,1,0,0,0,-16.0,0.0,0.0,0.0,0.0,-16.0
2023,8,20452,YX,13930,15016,ORD,STL,4,0,0,0,4,0,1,0,35.0,0.0,0.0,0.25,0.0,8.75
2023,8,20452,YX,14100,10721,PHL,BOS,81,2,0,0,79,0,10,2,-713.0,0.024691358024691357,0.0,0.12658227848101267,0.02531645569620253,-9.025316455696203
2023,8,20452,YX,14100,11278,PHL,DCA,74,1,0,0,73,0,5,1,-520.0,0.013513513513513514,0.0,0.0684931506849315,0.0136986301369863,-7.123287671232877
2023,8,20452,YX,14100,11433,PHL,DTW,19,1,0,0,18,0,3,0,-143.0,0.05263157894736842,0.0,0.16666666666666666,0.0,-7.944444444444445
2023,8,20452,YX,14100,11618,PHL,EWR,1,0,0,0,1,0,0,0,-27.0,0.0,0.0,0.0,0.0,-27.0
2023,8,20452,YX,14100,13487,PHL,MSP,3,0,0,0,3,0,1,0,3.0,0.0,0.0,0.3333333333333333,0.0,1.0
2023,8,20452,YX,15016,10721,STL,BOS,2,0,0,0,2,0,1,1,54.0,0.0,0.0,0.5,0.5,27.0
2023,8,20452,YX,15016,11278,STL,DCA,16,0,0,0,16,0,1,0,-91.0,0.0,0.0,0.0625,0.0,-5.6875
2023,8,20452,YX,15016,11618,STL,EWR,31,0,0,0,31,0,3,0,-270.0,0.0,0.0,0.0967741935483871,0.0,-8.709677419354838
2023,8,20452,YX,15016,12953,STL,LGA,31,2,0,0,29,0,3,1,-232.0,0.06451612903225806,0.0,0.10344827586206896,0.034482758620689655,-8.0
2023,8,20452,YX,15016,13930,STL,ORD,33,0,0,0,33,0,2,1,-337.0,0.0,0.0,0.06060606060606061,0.030303030303030304,-10.212121212121213
2023,8,20452,YX,15304,13303,TPA,MIA,2,0,0,0,2,0,0,0,-36.0,0.0,0.0,0.0,0.0,-18.0
2023,9,19393,WN,10397,10821,ATL,BWI,184,4,0,0,180,0,29,7,632.0,0.021739130434782608,0.0,0.16111111111111112,0.03888888888888889,3.511111111111111
2023,9,19393,WN,10397,11278,ATL,DCA,120,0,1,0,119,0,21,5,702.0,0.0,0.008333333333333333,0.17647058823529413,0.04201680672268908,5.899159663865547
2023,9,19393,WN,10397,11292,ATL,DEN,118,1,0,0,117,0,31,5,1075.0,0.00847457627118644,0.0,0.26495726495726496,0.042735042735042736,9.188034188034187
2023,9,19393,WN,10397,11697,ATL,FLL,99,0,0,0,99,0,22,3,456.0,0.0,0.0,0.2222222222222222,0.030303030303030304,4.606060606060606
2023,9,19393,WN,10397,12889,ATL,LAS,59,0,0,0,59,0,18,2,696.0,0.0,0.0,0.3050847457627119,0.03389830508474576,11.796610169491526
2023,9,19393,WN,10397,12892,ATL,LAX,11,1,1,0,9,0,6,0,190.0,0.09090909090909091,0.09090909090909091,0.6666666666666666,0.0,21.11111111111111
2023,9,19393,WN,10397,12953,ATL,LGA,115,5,1,0,109,0,20,7,872.0,0.043478260869565216,0.008695652173913044,0.1834862385321101,0.06422018348623854,8.0
2023,9,19393,WN,10397,13204,ATL,MCO,138,0,1,0,137,0,34,11,1455.0,0.0,0.007246376811594203,0.24817518248175183,0.08029197080291971,10.620437956204379
2023,9,19393,WN,10397,13232,ATL,MDW,151,0,0,0,151,0,24,5,403.0,0.0,0.0,0.15894039735099338,0.033112582781456956,2.6688741721854305
2023,9,19393,WN,10397,13303,ATL,MIA,59,0,1,0,58,0,19,5,705.0,0.0,0.01694915254237288,0.3275862068965517,0.08620689655172414,12.155172413793103
2023,9,19393,WN,10397,13796,ATL,OAK,8,0,0,0,8,0,1,0,65.0,0.0,0.0,0.125,0.0,8.125
2023,9,19393,WN,10397,14100,ATL,PHL,59,0,0,0,59,0,14,5,871.0,0.0,0.0,0.23728813559322035,0.0847457627118644,14.76271186440678
2023,9,19393,WN,10397,14107,ATL,PHX,41,0,1,0,40,0,16,4,832.0,0.0,0.024390243902439025,0.4,0.1,20.8
2023,9,19393,WN,10397,14635,ATL,RSW,34,0,0,0,34,0,3,0,-95.0,0.0,0.0,0.08823529411764706,0.0,-2.7941176470588234
2023,9,19393,WN,10397,14679,ATL,SAN,8,0,0,0,8,0,0,0,-25.0,0.0,0.0,0.0,0.0,-3.125
2023,9,19393,WN,10397,15016,ATL,STL,107,0,0,0,107,0,18,2,161.0,0.0,0.0,0.16822429906542055,0.018691588785046728,1.5046728971962617
2023,9,19393,WN,10397,15304,ATL,TPA,118,0,0,0,118,0,21,6,679.0,0.0,0.0,0.17796610169491525,0.05084745762711865,5.754237288135593
2023,9,19393,WN,10721,10821,BOS,BWI,225,3,0,0,222,0,69,30,3843.0,0.013333333333333334,0.0,0.3108108108108108,0.13513513513513514,17.31081081081081
2023,9,19393,WN,10721,11292,BOS,DEN,61,1,0,0,60,0,18,7,522.0,0.01639344262295082,0.0,0.3,0.11666666666666667,8.7
2023,9,19393,WN,10721,13204,BOS,MCO,1,0,0,0,1,0,0,0,-12.0,0.0,0.0,0.0,0.0,-12.0
2023,9,19393,WN,10721,13232,BOS,MDW,130,2,0,0,128,0,42,18,2060.0,0.015384615384615385,0.0,0.328125,0.140625,16.09375
2023,9,19393,WN,10721,15016,BOS,STL,86,0,0,0,86,0,31,12,1718.0,0.0,0.0,0.36046511627906974,0.13953488372093023,19.976744186046513
2023,9,19393,WN,10821,10397,BWI,ATL,184,2,1,0,181,0,42,8,1322.0,0.010869565217391304,0.005434782608695652,0.23204419889502761,0.04419889502762431,7.303867403314917
2023,9,19393,WN,10821,10721,BWI,BOS,223,4,0,0,219,0,94,42,6761.0,0.017937219730941704,0.0,0.4292237442922374,0.1917808219178082,30.87214611872146
2023,9,19393,WN,10821,11292,BWI,DEN,142,0,0,0,142,0,31,9,947.0,0.0,0.0,0.21830985915492956,0.06338028169014084,6.669014084507042
2023,9,19393,WN,10821,11433,BWI,DTW,63,2,0,0,61,0,12,6,424.0,0.031746031746031744,0.0,0.19672131147540983,0.09836065573770492,6.950819672131147
2023,9,19393,WN,10821,11697,BWI,FLL,207,3,3,0,201,0,46,7,1356.0,0.014492753623188406,0.014492753623188406,0.22885572139303484,0.03482587064676617,6.746268656716418
2023,9,19393,WN,10821,12889,BWI,LAS,115,2,0,0,113,0,30,11,1594.0,0.017391304347826087,0.0,0.26548672566371684,0.09734513274336283,14.106194690265486
2023,9,19393,WN,10821,12892,BWI,LAX,60,1,0,0,59,0,22,5,1267.0,0.016666666666666666,0.0,0.3728813559322034,0.0847457627118644,21.47457627118644
2023,9,19393,WN,10821,13204,BWI,MCO,254,3,1,0,250,0,70,28,3972.0,0.011811023622047244,0.003937007874015748,0.28,0.112,15.888
2023,9,19393,WN,10821,13232,BWI,MDW,164,3,1,0,160,0,26,6,765.0,0.018292682926829267,0.006097560975609756,0.1625,0.0375,4.78125
2023,9,19393,WN,10821,13303,BWI,MIA,89,2,1,0,86,0,30,8,1296.0,0.02247191011235955,0.011235955056179775,0.3488372093023256,0.09302325581395349,15.069767441860465
2023,9,19393,WN,10821,13487,BWI,MSP,48,2,0,0,46,0,17,3,558.0,0.041666666666666664,0.0,0.3695652173913043,0.06521739130434782,12.130434782608695
2023,9,19393,WN,10821,13796,BWI,OAK,26,1,0,0,25,0,8,1,310.0,0.038461538461538464,0.0,0.32,0.04,12.4
2023,9,19393,WN,10821,13930,BWI,ORD,109,1,0,0,108,0,28,6,450.0,0.009174311926605505,0.0,0.25925925925925924,0.05555555555555555,4.166666666666667
2023,9,19393,WN,10821,14107,BWI,PHX,90,1,0,0,89,0,33,7,1563.0,0.011111111111111112,0.0,0.3707865168539326,0.07865168539325842,17.56179775280899
2023,9,19393,WN,10821,14635,BWI,RSW,109,4,0,0,105,0,27,7,1158.0,0.03669724770642202,0.0,0.2571428571428571,0.06666666666666667,11.028571428571428
2023,9,19393,WN,10821,14679,BWI,SAN,63,2,0,0,61,0,22,4,832.0,0.031746031746031744,0.0,0.36065573770491804,0.06557377049180328,13.639344262295081
2023,9,19393,WN,10821,14869,BWI,SLC,27,1,0,0,26,0,4,0,52.0,0.037037037037037035,0.0,0.15384615384615385,0.0,2.0
2023,9,19393,WN,10821,15016,BWI,STL,114,3,0,0,111,0,19,5,406.0,0.02631578947368421,0.0,0.17117117117117117,0.04504504504504504,3.6576576576576576
2023,9,19393,WN,10821,15304,BWI,TPA,171,4,1,0,166,0,40,10,1161.0,0.023391812865497075,0.005847953216374269,0.24096385542168675,0.060240963855421686,6.993975903614458
2023,9,19393,WN,11278,10397,DCA,ATL,120,0,0,0,120,0,18,4,424.0,0.0,0.0,0.15,0.03333333333333333,3.533333333333333
2023,9,19393,WN,11278,11697,DCA,FLL,60,1,0,0,59,0,12,5,509.0,0.016666666666666666,0.0,0.2033898305084746,0.0847457627118644,8.627118644067796
2023,9,19393,WN,11278,13204,DCA,MCO,70,0,0,0,70,0,11,5,881.0,0.0,0.0,0.15714285714285714,0.07142857142857142,12.585714285714285
2023,9,19393,WN,11278,13232,DCA,MDW,180,2,1,0,177,0,29,9,531.0,0.011111111111111112,0.005555555555555556,0.1638418079096045,0.05084745762711865,3.0
2023,9,19393,WN,11278,15016,DCA,STL,115,1,0,0,114,0,17,3,109.0,0.008695652173913044,0.0,0.14912280701754385,0.02631578947368421,0.956140350877193
2023,9,19393,WN,11278,15304,DCA,TPA,65,0,0,0,65,0,12,4,896.0,0.0,0.0,0.18461538461538463,0.06153846153846154,13.784615384615385
2023,9,19393,WN,11292,10397,DEN,ATL,120,0,0,0,120,0,26,6,698.0,0.0,0.0,0.21666666666666667,0.05,5.816666666666666
2023,9,19393,WN,11292,10721,DEN,BOS,61,1,3,0,57,0,33,8,1719.0,0.01639344262295082,0.04918032786885246,0.5789473684210527,0.14035087719298245,30.157894736842106
2023,9,19393,WN,11292,10821,DEN,BWI,141,2,0,0,139,0,46,8,1663.0,0.014184397163120567,0.0,0.33093525179856115,0.05755395683453238,11.964028776978417
2023,9,19393,WN,11292,11433,DEN,DTW,34,0,0,0,34,0,11,0,375.0,0.0,0.0,0.3235294117647059,0.0,11.029411764705882
2023,9,19393,WN,11292,11697,DEN,FLL,31,0,2,0,29,0,10,3,294.0,0.0,0.06451612903225806,0.3448275862068966,0.10344827586206896,10.137931034482758
2023,9,19393,WN,11292,12266,DEN,IAH,85,0,0,0,85,0,20,5,494.0,0.0,0.0,0.23529411764705882,0.058823529411764705,5.811764705882353
2023,9,19393,WN,11292,12889,DEN,LAS,337,4,1,0,332,0,111,27,5139.0,0.011869436201780416,0.002967359050445104,0.33433734939759036,0.08132530120481928,15.478915662650602
2023,9,19393,WN,11292,12892,DEN,LAX,164,2,0,0,162,0,34,7,1039.0,0.012195121951219513,0.0,0.20987654320987653,0.043209876543209874,6.41358024691358
2023,9,19393,WN,11292,12953,DEN,LGA,107,4,4,0,99,0,32,16,1846.0,0.037383177570093455,0.037383177570093455,0.32323232323232326,0.16161616161616163,18.646464646464647
2023,9,19393,WN,11292,13204,DEN,MCO,135,0,4,0,131,0,37,8,1290.0,0.0,0.02962962962962963,0.2824427480916031,0.061068702290076333,9.84732824427481
2023,9,19393,WN,11292,13232,DEN,MDW,266,0,0,0,266,0,51,10,1338.0,0.0,0.0,0.19172932330827067,0.03759398496240601,5.030075187969925
2023,9,19393,WN,11292,13303,DEN,MIA,8,0,0,0,8,0,3,0,98.0,0.0,0.0,0.375,0.0,12.25
2023,9,19393,WN,11292,13487,DEN,MSP,207,1,2,0,204,0,44,4,1044.0,0.004830917874396135,0.00966183574879227,0.21568627450980393,0.0196078431372549,5.117647058823529
2023,9,19393,WN,11292,13796,DEN,OAK,168,1,0,0,167,0,50,5,2061.0,0.005952380952380952,0.0,0.2994011976047904,0.029940119760479042,12.341317365269461
2023,9,19393,WN,11292,13930,DEN,ORD,169,1,0,0,168,0,33,3,633.0,0.005917159763313609,0.0,0.19642857142857142,0.017857142857142856,3.767857142857143
2023,9,19393,WN,11292,14100,DEN,PHL,39,0,0,0,39,0,20,7,1136.0,0.0,0.0,0.5128205128205128,0.1794871794871795,29.128205128205128
2023,9,19393,WN,11292,14107,DEN,PHX,344,3,0,0,341,0,92,16,3372.0,0.00872093023255814,0.0,0.2697947214076246,0.0469208211143695,9.888563049853373
2023,9,19393,WN,11292,14635,DEN,RSW,1,0,0,0,1,0,0,0,-2.0,0.0,0.0,0.0,0.0,-2.0
2023,9,19393,WN,11292,14679,DEN,SAN,178,2,0,0,176,0,53,8,1961.0,0.011235955056179775,0.0,0.30113636363636365,0.045454545454545456,11.142045454545455
2023,9,19393,WN,11292,14747,DEN,SEA,140,0,0,0,140,0,54,10,1994.0,0.0,0.0,0.38571428571428573,0.07142857142857142,14.242857142857142
2023,9,19393,WN,11292,14771,DEN,SFO,140,0,0,0,140,0,60,16,3074.0,0.0,0.0,0.42857142857142855,0.11428571428571428,21.957142857142856
2023,9,19393,WN,11292,14869,DEN,SLC,231,1,0,0,230,0,48,9,1574.0,0.004329004329004329,0.0,0.20869565217391303,0.0391304347826087,6.843478260869565
2023,9,19393,WN,11292,15016,DEN,STL,182,1,0,0,181,0,52,15,2013.0,0.005494505494505495,0.0,0.287292817679558,0.08287292817679558,11.121546961325967
2023,9,19393,WN,11292,15304,DEN,TPA,98,0,1,0,97,0,32,5,1013.0,0.0,0.01020408163265306,0.32989690721649484,0.05154639175257732,10.443298969072165
2023,9,19393,WN,11433,10821,DTW,BWI,63,2,0,0,61,0,5,1,-205.0,0.031746031746031744,0.0,0.08196721311475409,0.01639344262295082,-3.360655737704918
2023,9,19393,WN,11433,11292,DTW,DEN,34,0,0,0,34,0,5,1,6.0,0.0,0.0,0.14705882352941177,0.029411764705882353,0.17647058823529413
2023,9,19393,WN,11433,12889,DTW,LAS,4,0,0,0,4,0,2,0,12.0,0.0,0.0,0.5,0.0,3.0
2023,9,19393,WN,11433,13232,DTW,MDW,125,0,1,0,124,0,11,5,48.0,0.0,0.008,0.08870967741935484,0.04032258064516129,0.3870967741935484
2023,9,19393,WN,11433,14107,DTW,PHX,5,0,0,0,5,0,0,0,-52.0,0.0,0.0,0.0,0.0,-10.4
2023,9,19393,WN,11433,15016,DTW,STL,55,0,0,0,55,0,8,0,19.0,0.0,0.0,0.14545454545454545,0.0,0.34545454545454546
2023,9,19393,WN,11697,10397,FLL,ATL,99,0,0,0,99,0,21,6,888.0,0.0,0.0,0.21212121212121213,0.06060606060606061,8.969696969696969
2023,9,19393,WN,11697,10821,FLL,BWI,207,4,0,0,203,0,37,11,720.0,0.01932367149758454,0.0,0.18226600985221675,0.054187192118226604,3.5467980295566504
2023,9,19393,WN,11697,11278,FLL,DCA,60,1,0,0,59,0,12,2,307.0,0.016666666666666666,0.0,0.2033898305084746,0.03389830508474576,5.203389830508475
2023,9,19393,WN,11697,11292,FLL,DEN,30,0,0,0,30,0,6,0,127.0,0.0,0.0,0.2,0.0,4.233333333333333
2023,9,19393,WN,11697,13204,FLL,MCO,55,1,0,0,54,0,16,6,837.0,0.01818181818181818,0.0,0.2962962962962963,0.1111111111111111,15.5
2023,9,19393,WN,11697,13232,FLL,MDW,80,0,0,0,80,0,21,6,948.0,0.0,0.0,0.2625,0.075,11.85
2023,9,19393,WN,11697,13930,FLL,ORD,5,0,0,0,5,0,0,0,-10.0,0.0,0.0,0.0,0.0,-2.0
2023,9,19393,WN,11697,14100,FLL,PHL,1,0,0,0,1,0,0,0,1.0,0.0,0.0,0.0,0.0,1.0
2023,9,19393,WN,11697,14107,FLL,PHX,1,0,0,0,1,0,0,0,-17.0,0.0,0.0,0.0,0.0,-17.0
2023,9,19393,WN,11697,15016,FLL,STL,38,0,0,0,38,0,14,3,530.0,0.0,0.0,0.3684210526315789,0.07894736842105263,13.947368421052632
2023,9,19393,WN,11697,15304,FLL,TPA,59,0,0,0,59,0,9,7,254.0,0.0,0.0,0.15254237288135594,0.11864406779661017,4.305084745762712
2023,9,19393,WN,12173,12889,HNL,LAS,34,0,0,0,34,0,3,1,-148.0,0.0,0.0,0.08823529411764706,0.029411764705882353,-4.352941176470588
2023,9,19393,WN,12173,12892,HNL,LAX,30,0,0,0,30,0,1,0,-529.0,0.0,0.0,0.03333333333333333,0.0,-17.633333333333333
2023,9,19393,WN,12173,13796,HNL,OAK,60,0,0,0,60,0,8,0,-303.0,0.0,0.0,0.13333333333333333,0.0,-5.05
2023,9,19393,WN,12173,14107,HNL,PHX,56,0,0,0,56,0,6,0,-242.0,0.0,0.0,0.10714285714285714,0.0,-4.321428571428571
2023,9,19393,WN,12173,14679,HNL,SAN,60,0,0,0,60,0,10,1,-118.0,0.0,0.0,0.16666666666666666,0.016666666666666666,-1.9666666666666666
2023,9,19393,WN,12266,11292,IAH,DEN,84,0,0,0,84,0,13,4,421.0,0.0,0.0,0.15476190476190477,0.047619047619047616,5.011904761904762
2023,9,19393,WN,12266,12889,IAH,LAS,63,1,0,0,62,0,12,3,615.0,0.015873015873015872,0.0,0.1935483870967742,0.04838709677419355,9.919354838709678
2023,9,19393,WN,12266,13204,IAH,MCO,31,0,0,0,31,0,7,3,246.0,0.0,0.0,0.22580645161290322,0.0967741935483871,7.935483870967742
2023,9,19393,WN,12266,13232,IAH,MDW,52,0,0,0,52,0,3,3,-167.0,0.0,0.0,0.057692307692307696,0.057692307692307696,-3.2115384615384617
2023,9,19393,WN,12266,14107,IAH,PHX,3,0,0,0,3,0,1,0,-8.0,0.0,0.0,0.3333333333333333,0.0,-2.6666666666666665
2023,9,19393,WN,12889,10397,LAS,ATL,59,0,0,0,59,0,13,3,336.0,0.0,0.0,0.22033898305084745,0.05084745762711865,5.694915254237288
2023,9,19393,WN,12889,10821,LAS,BWI,115,1,0,0,114,0,21,5,422.0,0.008695652173913044,0.0,0.18421052631578946,0.043859649122807015,3.7017543859649122
2023,9,19393,WN,12889,11292,LAS,DEN,328,4,1,0,323,0,104,32,4289.0,0.012195121951219513,0.003048780487804878,0.3219814241486068,0.09907120743034056,13.278637770897832
2023,9,19393,WN,12889,11433,LAS,DTW,4,0,0,0,4,0,1,1,73.0,0.0,0.0,0.25,0.25,18.25
2023,9,19393,WN,12889,12173,LAS,HNL,34,0,1,0,33,0,4,0,-105.0,0.0,0.029411764705882353,0.12121212121212122,0.0,-3.1818181818181817
2023,9,19393,WN,12889,12266,LAS,IAH,62,1,0,0,61,0,10,2,64.0,0.016129032258064516,0.0,0.16393442622950818,0.03278688524590164,1.0491803278688525
2023,9,19393,WN,12889,12892,LAS,LAX,267,4,0,0,263,0,85,18,3269.0,0.0149812734082397,0.0,0.3231939163498099,0.06844106463878327,12.429657794676807
2023,9,19393,WN,12889,13204,LAS,MCO,32,0,0,0,32,0,5,0,28.0,0.0,0.0,0.15625,0.0,0.875
2023,9,19393,WN,12889,13232,LAS,MDW,226,1,0,0,225,0,50,15,1514.0,0.004424778761061947,0.0,0.2222222222222222,0.06666666666666667,6.728888888888889
2023,9,19393,WN,12889,13487,LAS,MSP,4,0,0,0,4,0,0,0,-37.0,0.0,0.0,0.0,0.0,-9.25
2023,9,19393,WN,12889,13796,LAS,OAK,325,5,0,0,320,0,93,21,4740.0,0.015384615384615385,0.0,0.290625,0.065625,14.8125
2023,9,19393,WN,12889,13930,LAS,ORD,94,2,0,0,92,0,15,4,71.0,0.02127659574468085,0.0,0.16304347826086957,0.043478260869565216,0.7717391304347826
2023,9,19393,WN,12889,14107,LAS,PHX,318,5,0,0,313,0,77,14,1708.0,0.015723270440251572,0.0,0.24600638977635783,0.04472843450479233,5.456869009584665
2023,9,19393,WN,12889,14679,LAS,SAN,369,5,0,0,364,0,123,34,5514.0,0.013550135501355014,0.0,0.33791208791208793,0.09340659340659341,15.148351648351648
2023,9,19393,WN,12889,14747,LAS,SEA,81,0,0,0,81,0,33,5,1190.0,0.0,0.0,0.4074074074074074,0.06172839506172839,14.691358024691358
2023,9,19393,WN,12889,14771,LAS,SFO,119,1,1,0,117,0,55,10,2845.0,0.008403361344537815,0.008403361344537815,0.4700854700854701,0.08547008547008547,24.316239316239315
2023,9,19393,WN,12889,14869,LAS,SLC,149,0,0,0,149,0,25,8,819.0,0.0,0.0,0.16778523489932887,0.053691275167785234,5.496644295302014
2023,9,19393,WN,12889,15016,LAS,STL,144,2,0,0,142,0,32,7,759.0,0.013888888888888888,0.0,0.22535211267605634,0.04929577464788732,5.345070422535211
2023,9,19393,WN,12889,15304,LAS,TPA,28,0,0,0,28,0,12,4,514.0,0.0,0.0,0.42857142857142855,0.14285714285714285,18.357142857142858
2023,9,19393,WN,12892,10397,LAX,ATL,11,0,0,0,11,0,1,1,-3.0,0.0,0.0,0.09090909090909091,0.09090909090909091,-0.2727272727272727
2023,9,19393,WN,12892,10821,LAX,BWI,60,1,1,0,58,0,7,1,22.0,0.016666666666666666,0.016666666666666666,0.1206896551724138,0.017241379310344827,0.3793103448275862
2023,9,19393,WN,12892,11292,LAX,DEN,164,2,0,0,162,0,35,7,628.0,0.012195121951219513,0.0,0.21604938271604937,0.043209876543209874,3.876543209876543
2023,9,19393,WN,12892,12173,LAX,HNL,30,0,0,0,30,0,4,0,-125.0,0.0,0.0,0.13333333333333333,0.0,-4.166666666666667
2023,9,19393,WN,12892,12889,LAX,LAS,268,1,0,0,267,0,80,23,4127.0,0.0037313432835820895,0.0,0.299625468164794,0.08614232209737828,15.456928838951312
2023,9,19393,WN,12892,13232,LAX,MDW,100,0,0,0,100,0,20,2,-73.0,0.0,0.0,0.2,0.02,-0.73
2023,9,19393,WN,12892,13796,LAX,OAK,249,1,0,0,248,0,40,5,556.0,0.004016064257028112,0.0,0.16129032258064516,0.020161290322580645,2.2419354838709675
2023,9,19393,WN,12892,14107,LAX,PHX,206,0,0,0,206,0,44,5,419.0,0.0,0.0,0.21359223300970873,0.024271844660194174,2.033980582524272
2023,9,19393,WN,12892,14771,LAX,SFO,150,0,0,0,150,0,51,6,2324.0,0.0,0.0,0.34,0.04,15.493333333333334
2023,9,19393,WN,12892,14869,LAX,SLC,30,0,0,0,30,0,5,0,23.0,0.0,0.0,0.16666666666666666,0.0,0.7666666666666667
2023,9,19393,WN,12892,15016,LAX,STL,79,0,0,0,79,0,13,4,321.0,0.0,0.0,0.16455696202531644,0.05063291139240506,4.063291139240507
2023,9,19393,WN,12953,10397,LGA,ATL,115,6,0,0,109,0,23,12,1107.0,0.05217391304347826,0.0,0.21100917431192662,0.11009174311926606,10.155963302752294
2023,9,19393,WN,12953,11292,LGA,DEN,107,5,0,0,102,0,17,6,143.0,0.04672897196261682,0.0,0.16666666666666666,0.058823529411764705,1.4019607843137254
2023,9,19393,WN,12953,13232,LGA,MDW,211,11,1,0,199,0,50,26,3038.0,0.052132701421800945,0.004739336492890996,0.25125628140703515,0.1306532663316583,15.266331658291458
2023,9,19393,WN,12953,15016,LGA,STL,132,5,0,0,127,0,25,10,996.0,0.03787878787878788,0.0,0.1968503937007874,0.07874015748031496,7.84251968503937
2023,9,19393,WN,12953,15304,LGA,TPA,33,2,0,0,31,0,14,9,1515.0,0.06060606060606061,0.0,0.45161290322580644,0.2903225806451613,48.87096774193548
2023,9,19393,WN,13204,10397,MCO,ATL,140,1,0,0,139,0,25,8,1201.0,0.007142857142857143,0.0,0.17985611510791366,0.05755395683453238,8.640287769784173
2023,9,19393,WN,13204,10721,MCO,BOS,1,0,0,0,1,0,0,0,9.0,0.0,0.0,0.0,0.0,9.0
2023,9,19393,WN,13204,10821,MCO,BWI,256,7,0,0,249,0,67,22,2751.0,0.02734375,0.0,0.26907630522088355,0.08835341365461848,11.048192771084338
2023,9,19393,WN,13204,11278,MCO,DCA,70,1,0,0,69,0,17,7,1424.0,0.014285714285714285,0.0,0.2463768115942029,0.10144927536231885,20.63768115942029
2023,9,19393,WN,13204,11292,MCO,DEN,136,0,0,0,136,0,52,14,2623.0,0.0,0.0,0.38235294117647056,0.10294117647058823,19.28676470588235
2023,9,19393,WN,13204,11697,MCO,FLL,56,0,0,0,56,0,11,4,363.0,0.0,0.0,0.19642857142857142,0.07142857142857142,6.482142857142857
2023,9,19393,WN,13204,12266,MCO,IAH,31,0,0,0,31,0,2,1,-36.0,0.0,0.0,0.06451612903225806,0.03225806451612903,-1.1612903225806452
2023,9,19393,WN,13204,12889,MCO,LAS,32,0,0,0,32,0,17,5,742.0,0.0,0.0,0.53125,0.15625,23.1875
2023,9,19393,WN,13204,13232,MCO,MDW,162,1,0,0,161,0,40,13,1406.0,0.006172839506172839,0.0,0.2484472049689441,0.08074534161490683,8.732919254658386
2023,9,19393,WN,13204,13930,MCO,ORD,39,0,0,0,39,0,5,2,74.0,0.0,0.0,0.1282051282051282,0.05128205128205128,1.8974358974358974
2023,9,19393,WN,13204,14100,MCO,PHL,19,0,0,0,19,0,6,3,280.0,0.0,0.0,0.3157894736842105,0.15789473684210525,14.736842105263158
2023,9,19393,WN,13204,14107,MCO,PHX,39,0,0,0,39,0,11,2,376.0,0.0,0.0,0.28205128205128205,0.05128205128205128,9.64102564102564
2023,9,19393,WN,13204,14635,MCO,RSW,33,0,0,0,33,0,11,4,450.0,0.0,0.0,0.3333333333333333,0.12121212121212122,13.636363636363637
2023,9,19393,WN,13204,15016,MCO,STL,139,0,0,0,139,0,39,14,2309.0,0.0,0.0,0.2805755395683453,0.10071942446043165,16.611510791366907
2023,9,19393,WN,13232,10397,MDW,ATL,151,0,0,0,151,0,25,5,526.0,0.0,0.0,0.16556291390728478,0.033112582781456956,3.4834437086092715
2023,9,19393,WN,13232,10721,MDW,BOS,133,1,0,0,132,0,49,21,3230.0,0.007518796992481203,0.0,0.3712121212121212,0.1590909090909091,24.46969696969697
2023,9,19393,WN,13232,10821,MDW,BWI,164,3,0,0,161,0,44,10,1613.0,0.018292682926829267,0.0,0.2732919254658385,0.062111801242236024,10.01863354037267
2023,9,19393,WN,13232,11278,MDW,DCA,180,1,0,0,179,0,53,13,2205.0,0.005555555555555556,0.0,0.29608938547486036,0.07262569832402235,12.318435754189943
2023,9,19393,WN,13232,11292,MDW,DEN,265,2,0,0,263,0,53,15,1122.0,0.007547169811320755,0.0,0.20152091254752852,0.057034220532319393,4.266159695817491
2023,9,19393,WN,13232,11433,MDW,DTW,124,0,0,0,124,0,29,8,1537.0,0.0,0.0,0.23387096774193547,0.06451612903225806,12.39516129032258
2023,9,19393,WN,13232,11697,MDW,FLL,80,0,1,0,79,0,12,4,-90.0,0.0,0.0125,0.1518987341772152,0.05063291139240506,-1.139240506329114
2023,9,19393,WN,13232,12266,MDW,IAH,52,0,0,0,52,0,11,4,493.0,0.0,0.0,0.21153846153846154,0.07692307692307693,9.48076923076923
2023,9,19393,WN,13232,12889,MDW,LAS,227,1,2,0,224,0,78,11,2903.0,0.004405286343612335,0.00881057268722467,0.3482142857142857,0.049107142857142856,12.959821428571429
2023,9,19393,WN,13232,12892,MDW,LAX,102,0,2,0,100,0,47,10,1907.0,0.0,0.0196078431372549,0.47,0.1,19.07
2023,9,19393,WN,13232,12953,MDW,LGA,211,9,2,0,200,0,58,18,3048.0,0.04265402843601896,0.009478672985781991,0.29,0.09,15.24
2023,9,19393,WN,13232,13204,MDW,MCO,160,0,0,0,160,0,23,7,561.0,0.0,0.0,0.14375,0.04375,3.50625
2023,9,19393,WN,13232,13303,MDW,MIA,59,0,0,0,59,0,14,3,585.0,0.0,0.0,0.23728813559322035,0.05084745762711865,9.915254237288135
2023,9,19393,WN,13232,13487,MDW,MSP,205,1,0,0,204,0,33,8,293.0,0.004878048780487805,0.0,0.16176470588235295,0.0392156862745098,1.4362745098039216
2023,9,19393,WN,13232,13796,MDW,OAK,60,0,0,0,60,0,20,4,889.0,0.0,0.0,0.3333333333333333,0.06666666666666667,14.816666666666666
2023,9,19393,WN,13232,14100,MDW,PHL,131,0,0,0,131,0,33,10,1605.0,0.0,0.0,0.25190839694656486,0.07633587786259542,12.251908396946565
2023,9,19393,WN,13232,14107,MDW,PHX,210,2,0,0,208,0,62,12,2474.0,0.009523809523809525,0.0,0.2980769230769231,0.057692307692307696,11.89423076923077
2023,9,19393,WN,13232,14635,MDW,RSW,89,0,0,0,89,0,19,4,678.0,0.0,0.0,0.21348314606741572,0.0449438202247191,7.617977528089888
2023,9,19393,WN,13232,14679,MDW,SAN,87,1,0,0,86,0,26,4,971.0,0.011494252873563218,0.0,0.3023255813953488,0.046511627906976744,11.290697674418604
2023,9,19393,WN,13232,14747,MDW,SEA,53,0,0,0,53,0,11,1,238.0,0.0,0.0,0.20754716981132076,0.018867924528301886,4.490566037735849
2023,9,19393,WN,13232,14771,MDW,SFO,4,0,0,0,4,0,2,0,63.0,0.0,0.0,0.5,0.0,15.75
2023,9,19393,WN,13232,14869,MDW,SLC,57,0,0,0,57,0,5,1,77.0,0.0,0.0,0.08771929824561403,0.017543859649122806,1.3508771929824561
2023,9,19393,WN,13232,15016,MDW,STL,185,2,1,0,182,0,37,8,1002.0,0.010810810810810811,0.005405405405405406,0.2032967032967033,0.04395604395604396,5.5054945054945055
2023,9,19393,WN,13232,15304,MDW,TPA,100,0,0,0,100,0,13,2,208.0,0.0,0.0,0.13,0.02,2.08
2023,9,19393,WN,13303,10397,MIA,ATL,57,0,0,0,57,0,21,8,854.0,0.0,0.0,0.3684210526315789,0.14035087719298245,14.982456140350877
2023,9,19393,WN,13303,10821,MIA,BWI,88,1,0,0,87,0,20,8,916.0,0.011363636363636364,0.0,0.22988505747126436,0.09195402298850575,10.528735632183908
2023,9,19393,WN,13303,11292,MIA,DEN,9,0,0,0,9,0,3,0,58.0,0.0,0.0,0.3333333333333333,0.0,6.444444444444445
2023,9,19393,WN,13303,13232,MIA,MDW,61,0,0,0,61,0,18,8,1083.0,0.0,0.0,0.29508196721311475,0.13114754098360656,17.75409836065574
2023,9,19393,WN,13303,15016,MIA,STL,9,0,0,0,9,0,4,1,156.0,0.0,0.0,0.4444444444444444,0.1111111111111111,17.333333333333332
2023,9,19393,WN,13487,10821,MSP,BWI,48,1,0,0,47,0,9,2,250.0,0.020833333333333332,0.0,0.19148936170212766,0.0425531914893617,5.319148936170213
2023,9,19393,WN,13487,11292,MSP,DEN,207,1,1,0,205,0,37,7,523.0,0.004830917874396135,0.004830917874396135,0.18048780487804877,0.03414634146341464,2.551219512195122
2023,9,19393,WN,13487,12889,MSP,LAS,4,0,0,0,4,0,1,0,-40.0,0.0,0.0,0.25,0.0,-10.0
2023,9,19393,WN,13487,13232,MSP,MDW,204,1,0,0,203,0,28,8,-204.0,0.004901960784313725,0.0,0.13793103448275862,0.03940886699507389,-1.0049261083743843
2023,9,19393,WN,13487,14107,MSP,PHX,31,0,0,0,31,0,3,1,-57.0,0.0,0.0,0.0967741935483871,0.03225806451612903,-1.8387096774193548
2023,9,19393,WN,13487,15016,MSP,STL,52,0,0,0,52,0,3,0,-185.0,0.0,0.0,0.057692307692307696,0.0,-3.5576923076923075
2023,9,19393,WN,13796,10397,OAK,ATL,8,0,0,0,8,0,0,0,-75.0,0.0,0.0,0.0,0.0,-9.375
2023,9,19393,WN,13796,10821,OAK,BWI,26,1,0,0,25,0,2,0,-77.0,0.038461538461538464,0.0,0.08,0.0,-3.08
2023,9,19393,WN,13796,11292,OAK,DEN,172,0,0,0,172,0,28,5,202.0,0.0,0.0,0.16279069767441862,0.029069767441860465,1.1744186046511629
2023,9,19393,WN,13796,12173,OAK,HNL,60,0,0,0,60,0,7,2,-59.0,0.0,0.0,0.11666666666666667,0.03333333333333333,-0.9833333333333333
2023,9,19393,WN,13796,12889,OAK,LAS,318,4,0,0,314,0,86,18,3984.0,0.012578616352201259,0.0,0.27388535031847133,0.05732484076433121,12.687898089171975
2023,9,19393,WN,13796,12892,OAK,LAX,256,0,0,0,256,0,51,12,713.0,0.0,0.0,0.19921875,0.046875,2.78515625
2023,9,19393,WN,13796,13232,OAK,MDW,63,0,0,0,63,0,13,5,189.0,0.0,0.0,0.20634920634920634,0.07936507936507936,3.0
2023,9,19393,WN,13796,14107,OAK,PHX,169,0,0,0,169,0,32,5,463.0,0.0,0.0,0.1893491124260355,0.029585798816568046,2.739644970414201
2023,9,19393,WN,13796,14679,OAK,SAN,298,1,0,0,297,0,62,12,1400.0,0.003355704697986577,0.0,0.20875420875420875,0.04040404040404041,4.713804713804714
2023,9,19393,WN,13796,14747,OAK,SEA,146,0,1,0,145,0,49,8,1805.0,0.0,0.00684931506849315,0.33793103448275863,0.05517241379310345,12.448275862068966
2023,9,19393,WN,13796,14869,OAK,SLC,82,0,0,0,82,0,14,1,116.0,0.0,0.0,0.17073170731707318,0.012195121951219513,1.4146341463414633
2023,9,19393,WN,13796,15016,OAK,STL,30,0,0,0,30,0,1,1,-147.0,0.0,0.0,0.03333333333333333,0.03333333333333333,-4.9
2023,9,19393,WN,13930,10821,ORD,BWI,109,2,0,0,107,0,25,4,657.0,0.01834862385321101,0.0,0.2336448598130841,0.037383177570093455,6.140186915887851
2023,9,19393,WN,13930,11292,ORD,DEN,169,1,0,0,168,0,44,10,1771.0,0.005917159763313609,0.0,0.2619047619047619,0.05952380952380952,10.541666666666666
2023,9,19393,WN,13930,11697,ORD,FLL,5,0,0,0,5,0,2,0,47.0,0.0,0.0,0.4,0.0,9.4
2023,9,19393,WN,13930,12889,ORD,LAS,94,2,0,0,92,0,29,4,1024.0,0.02127659574468085,0.0,0.31521739130434784,0.043478260869565216,11.130434782608695
2023,9,19393,WN,13930,13204,ORD,MCO,39,0,0,0,39,0,11,1,206.0,0.0,0.0,0.28205128205128205,0.02564102564102564,5.282051282051282
2023,9,19393,WN,13930,14107,ORD,PHX,94,0,0,0,94,0,28,1,801.0,0.0,0.0,0.2978723404255319,0.010638297872340425,8.52127659574468
2023,9,19393,WN,13930,14635,ORD,RSW,1,0,0,0,1,0,1,0,23.0,0.0,0.0,1.0,0.0,23.0
2023,9,19393,WN,13930,15304,ORD,TPA,35,0,0,0,35,0,9,0,310.0,0.0,0.0,0.2571428571428571,0.0,8.857142857142858
2023,9,19393,WN,14100,10397,PHL,ATL,59,0,0,0,59,0,10,3,305.0,0.0,0.0,0.1694915254237288,0.05084745762711865,5.169491525423729
2023,9,19393,WN,14100,11292,PHL,DEN,39,0,0,0,39,0,10,4,908.0,0.0,0.0,0.2564102564102564,0.10256410256410256,23.28205128205128
2023,9,19393,WN,14100,11697,PHL,FLL,1,0,0,0,1,0,0,0,-27.0,0.0,0.0,0.0,0.0,-27.0
2023,9,19393,WN,14100,13204,PHL,MCO,19,0,0,0,19,0,5,1,233.0,0.0,0.0,0.2631578947368421,0.05263157894736842,12.263157894736842
2023,9,19393,WN,14100,13232,PHL,MDW,130,0,0,0,130,0,23,10,1563.0,0.0,0.0,0.17692307692307693,0.07692307692307693,12.023076923076923
2023,9,19393,WN,14100,15016,PHL,STL,74,0,0,0,74,0,9,2,-346.0,0.0,0.0,0.12162162162162163,0.02702702702702703,-4.675675675675675
2023,9,19393,WN,14100,15304,PHL,TPA,6,0,0,0,6,0,2,0,33.0,0.0,0.0,0.3333333333333333,0.0,5.5
2023,9,19393,WN,14107,10397,PHX,ATL,41,0,0,0,41,0,5,0,-181.0,0.0,0.0,0.12195121951219512,0.0,-4.414634146341464
2023,9,19393,WN,14107,10821,PHX,BWI,90,2,0,0,88,0,14,3,-45.0,0.022222222222222223,0.0,0.1590909090909091,0.03409090909090909,-0.5113636363636364
2023,9,19393,WN,14107,11292,PHX,DEN,346,2,0,0,344,0,65,15,2110.0,0.005780346820809248,0.0,0.18895348837209303,0.0436046511627907,6.133720930232558
2023,9,19393,WN,14107,11433,PHX,DTW,5,0,0,0,5,0,0,0,1.0,0.0,0.0,0.0,0.0,0.2
2023,9,19393,WN,14107,11697,PHX,FLL,1,0,0,0,1,0,1,0,15.0,0.0,0.0,1.0,0.0,15.0
2023,9,19393,WN,14107,12173,PHX,HNL,56,0,0,0,56,0,4,1,-409.0,0.0,0.0,0.07142857142857142,0.017857142857142856,-7.303571428571429
2023,9,19393,WN,14107,12266,PHX,IAH,3,0,0,0,3,0,1,0,10.0,0.0,0.0,0.3333333333333333,0.0,3.3333333333333335
2023,9,19393,WN,14107,12889,PHX,LAS,320,5,0,0,315,0,86,17,2859.0,0.015625,0.0,0.273015873015873,0.05396825396825397,9.076190476190476
2023,9,19393,WN,14107,12892,PHX,LAX,199,0,0,0,199,0,37,8,924.0,0.0,0.0,0.18592964824120603,0.04020100502512563,4.64321608040201
2023,9,19393,WN,14107,13204,PHX,MCO,39,0,0,0,39,0,8,2,198.0,0.0,0.0,0.20512820512820512,0.05128205128205128,5.076923076923077
2023,9,19393,WN,14107,13232,PHX,MDW,210,0,0,0,210,0,27,3,-426.0,0.0,0.0,0.12857142857142856,0.014285714285714285,-2.0285714285714285
2023,9,19393,WN,14107,13487,PHX,MSP,31,0,0,0,31,0,4,2,-23.0,0.0,0.0,0.12903225806451613,0.06451612903225806,-0.7419354838709677
2023,9,19393,WN,14107,13796,PHX,OAK,175,0,1,0,174,0,39,9,1491.0,0.0,0.005714285714285714,0.22413793103448276,0.05172413793103448,8.568965517241379
2023,9,19393,WN,14107,13930,PHX,ORD,94,0,0,0,94,0,15,2,-187.0,0.0,0.0,0.1595744680851064,0.02127659574468085,-1.9893617021276595
2023,9,19393,WN,14107,14679,PHX,SAN,279,1,0,0,278,0,56,7,1312.0,0.0035842293906810036,0.0,0.2014388489208633,0.025179856115107913,4.719424460431655
2023,9,19393,WN,14107,14747,PHX,SEA,83,0,0,0,83,0,22,1,497.0,0.0,0.0,0.26506024096385544,0.012048192771084338,5.9879518072289155
2023,9,19393,WN,14107,14771,PHX,SFO,86,0,0,0,86,0,25,3,849.0,0.0,0.0,0.29069767441860467,0.03488372093023256,9.872093023255815
2023,9,19393,WN,14107,14869,PHX,SLC,147,0,0,0,147,0,30,6,677.0,0.0,0.0,0.20408163265306123,0.04081632653061224,4.605442176870748
2023,9,19393,WN,14107,15016,PHX,STL,111,0,0,0,111,0,17,1,-9.0,0.0,0.0,0.15315315315315314,0.009009009009009009,-0.08108108108108109
2023,9,19393,WN,14107,15304,PHX,TPA,30,0,0,0,30,0,2,0,-125.0,0.0,0.0,0.06666666666666667,0.0,-4.166666666666667
2023,9,19393,WN,14635,10397,RSW,ATL,33,0,0,0,33,0,0,0,-458.0,0.0,0.0,0.0,0.0,-13.878787878787879
2023,9,19393,WN,14635,10821,RSW,BWI,108,5,0,0,103,0,9,1,-690.0,0.046296296296296294,0.0,0.08737864077669903,0.009708737864077669,-6.699029126213592
2023,9,19393,WN,14635,11292,RSW,DEN,1,0,0,0,1,0,0,0,-7.0,0.0,0.0,0.0,0.0,-7.0
2023,9,19393,WN,14635,13204,RSW,MCO,33,0,0,0,33,0,2,1,36.0,0.0,0.0,0.06060606060606061,0.030303030303030304,1.0909090909090908
2023,9,19393,WN,14635,13232,RSW,MDW,91,0,0,0,91,0,13,5,242.0,0.0,0.0,0.14285714285714285,0.054945054945054944,2.659340659340659
2023,9,19393,WN,14635,13930,RSW,ORD,1,0,0,0,1,0,0,0,-16.0,0.0,0.0,0.0,0.0,-16.0
2023,9,19393,WN,14635,15016,RSW,STL,35,0,0,0,35,0,4,1,-23.0,0.0,0.0,0.11428571428571428,0.02857142857142857,-0.6571428571428571
2023,9,19393,WN,14679,10397,SAN,ATL,8,0,0,0,8,0,1,0,-20.0,0.0,0.0,0.125,0.0,-2.5
2023,9,19393,WN,14679,10821,SAN,BWI,61,1,0,0,60,0,4,1,-502.0,0.01639344262295082,0.0,0.06666666666666667,0.016666666666666666,-8.366666666666667
2023,9,19393,WN,14679,11292,SAN,DEN,182,0,0,0,182,0,27,8,122.0,0.0,0.0,0.14835164835164835,0.04395604395604396,0.6703296703296703
2023,9,19393,WN,14679,12173,SAN,HNL,60,0,1,0,59,0,10,4,42.0,0.0,0.016666666666666666,0.1694915254237288,0.06779661016949153,0.711864406779661
2023,9,19393,WN,14679,12889,SAN,LAS,369,9,1,0,359,0,84,22,2485.0,0.024390243902439025,0.0027100271002710027,0.233983286908078,0.06128133704735376,6.922005571030641
2023,9,19393,WN,14679,13232,SAN,MDW,85,0,0,0,85,0,9,4,-133.0,0.0,0.0,0.10588235294117647,0.047058823529411764,-1.5647058823529412
2023,9,19393,WN,14679,13796,SAN,OAK,308,3,0,0,305,0,59,11,1483.0,0.00974025974025974,0.0,0.19344262295081968,0.036065573770491806,4.862295081967213
2023,9,19393,WN,14679,14107,SAN,PHX,279,3,0,0,276,0,39,1,-820.0,0.010752688172043012,0.0,0.14130434782608695,0.0036231884057971015,-2.971014492753623
2023,9,19393,WN,14679,14771,SAN,SFO,136,0,0,0,136,0,31,9,948.0,0.0,0.0,0.22794117647058823,0.0661764705882353,6.970588235294118
2023,9,19393,WN,14679,14869,SAN,SLC,30,0,0,0,30,0,2,0,-297.0,0.0,0.0,0.06666666666666667,0.0,-9.9
2023,9,19393,WN,14679,15016,SAN,STL,38,0,0,0,38,0,7,0,-158.0,0.0,0.0,0.18421052631578946,0.0,-4.157894736842105
2023,9,19393,WN,14747,11292,SEA,DEN,130,0,0,0,130,0,39,11,1840.0,0.0,0.0,0.3,0.08461538461538462,14.153846153846153
2023,9,19393,WN,14747,12889,SEA,LAS,81,0,0,0,81,0,35,4,1409.0,0.0,0.0,0.43209876543209874,0.04938271604938271,17.395061728395063
2023,9,19393,WN,14747,13232,SEA,MDW,52,0,0,0,52,0,8,1,109.0,0.0,0.0,0.15384615384615385,0.019230769230769232,2.0961538461538463
2023,9,19393,WN,14747,13796,SEA,OAK,153,1,0,0,152,0,42,7,1047.0,0.006535947712418301,0.0,0.27631578947368424,0.046052631578947366,6.8881578947368425
2023,9,19393,WN,14747,14107,SEA,PHX,84,0,0,0,84,0,30,4,1195.0,0.0,0.0,0.35714285714285715,0.047619047619047616,14.226190476190476
2023,9,19393,WN,14747,15016,SEA,STL,4,0,0,0,4,0,0,0,-31.0,0.0,0.0,0.0,0.0,-7.75
2023,9,19393,WN,14771,11292,SFO,DEN,140,0,0,0,140,0,37,11,1538.0,0.0,0.0,0.2642857142857143,0.07857142857142857,10.985714285714286
2023,9,19393,WN,14771,12889,SFO,LAS,119,1,1,0,117,0,36,9,1635.0,0.008403361344537815,0.008403361344537815,0.3076923076923077,0.07692307692307693,13.974358974358974
2023,9,19393,WN,14771,12892,SFO,LAX,147,0,0,0,147,0,37,6,578.0,0.0,0.0,0.25170068027210885,0.04081632653061224,3.931972789115646
2023,9,19393,WN,14771,13232,SFO,MDW,4,0,0,0,4,0,0,0,-43.0,0.0,0.0,0.0,0.0,-10.75
2023,9,19393,WN,14771,14107,SFO,PHX,85,1,0,0,84,0,18,4,577.0,0.011764705882352941,0.0,0.21428571428571427,0.047619047619047616,6.869047619047619
2023,9,19393,WN,14771,14679,SFO,SAN,136,0,0,0,136,0,27,3,351.0,0.0,0.0,0.19852941176470587,0.022058823529411766,2.5808823529411766
2023,9,19393,WN,14869,10821,SLC,BWI,28,1,0,0,27,0,7,1,107.0,0.03571428571428571,0.0,0.25925925925925924,0.037037037037037035,3.962962962962963
2023,9,19393,WN,14869,11292,SLC,DEN,231,1,0,0,230,0,57,15,2124.0,0.004329004329004329,0.0,0.24782608695652175,0.06521739130434782,9.234782608695653
2023,9,19393,WN,14869,12889,SLC,LAS,149,1,0,0,148,0,39,14,1911.0,0.006711409395973154,0.0,0.2635135135135135,0.0945945945945946,12.912162162162161
2023,9,19393,WN,14869,12892,SLC,LAX,30,0,0,0,30,0,8,3,481.0,0.0,0.0,0.26666666666666666,0.1,16.033333333333335
2023,9,19393,WN,14869,13232,SLC,MDW,57,0,0,0,57,0,7,0,-79.0,0.0,0.0,0.12280701754385964,0.0,-1.3859649122807018
2023,9,19393,WN,14869,13796,SLC,OAK,81,0,1,0,80,0,9,1,-206.0,0.0,0.012345679012345678,0.1125,0.0125,-2.575
2023,9,19393,WN,14869,14107,SLC,PHX,147,0,0,0,147,0,18,3,-139.0,0.0,0.0,0.12244897959183673,0.02040816326530612,-0.9455782312925171
2023,9,19393,WN,14869,14679,SLC,SAN,30,0,0,0,30,0,6,1,280.0,0.0,0.0,0.2,0.03333333333333333,9.333333333333334
2023,9,19393,WN,14869,15016,SLC,STL,2,0,0,0,2,0,0,0,-10.0,0.0,0.0,0.0,0.0,-5.0
2023,9,19393,WN,15016,10397,STL,ATL,108,0,0,0,108,0,12,4,115.0,0.0,0.0,0.1111111111111111,0.037037037037037035,1.0648148148148149
2023,9,19393,WN,15016,10721,STL,BOS,86,0,0,0,86,0,34,14,1981.0,0.0,0.0,0.3953488372093023,0.16279069767441862,23.03488372093023
2023,9,19393,WN,15016,10821,STL,BWI,114,0,1,0,113,0,12,1,-35.0,0.0,0.008771929824561403,0.10619469026548672,0.008849557522123894,-0.30973451327433627
2023,9,19393,WN,15016,11278,STL,DCA,115,2,1,0,112,0,26,5,1089.0,0.017391304347826087,0.008695652173913044,0.23214285714285715,0.044642857142857144,9.723214285714286
2023,9,19393,WN,15016,11292,STL,DEN,181,0,0,0,181,0,34,7,684.0,0.0,0.0,0.1878453038674033,0.03867403314917127,3.7790055248618786
2023,9,19393,WN,15016,11433,STL,DTW,56,0,0,0,56,0,12,5,362.0,0.0,0.0,0.21428571428571427,0.08928571428571429,6.464285714285714
2023,9,19393,WN,15016,11697,STL,FLL,38,0,0,0,38,0,9,3,428.0,0.0,0.0,0.23684210526315788,0.07894736842105263,11.263157894736842
2023,9,19393,WN,15016,12889,STL,LAS,144,1,0,0,143,0,44,7,1751.0,0.006944444444444444,0.0,0.3076923076923077,0.04895104895104895,12.244755244755245
2023,9,19393,WN,15016,12892,STL,LAX,79,0,0,0,79,0,33,6,1217.0,0.0,0.0,0.4177215189873418,0.0759493670886076,15.405063291139241
2023,9,19393,WN,15016,12953,STL,LGA,132,6,1,0,125,0,28,8,1121.0,0.045454545454545456,0.007575757575757576,0.224,0.064,8.968
2023,9,19393,WN,15016,13204,STL,MCO,140,0,3,0,137,0,23,4,250.0,0.0,0.02142857142857143,0.1678832116788321,0.029197080291970802,1.8248175182481752
2023,9,19393,WN,15016,13232,STL,MDW,185,1,0,0,184,0,29,7,512.0,0.005405405405405406,0.0,0.15760869565217392,0.03804347826086957,2.782608695652174
2023,9,19393,WN,15016,13303,STL,MIA,9,0,0,0,9,0,3,0,68.0,0.0,0.0,0.3333333333333333,0.0,7.555555555555555
2023,9,19393,WN,15016,13487,STL,MSP,52,0,0,0,52,0,10,6,716.0,0.0,0.0,0.19230769230769232,0.11538461538461539,13.76923076923077
2023,9,19393,WN,15016,13796,STL,OAK,30,0,0,0,30,0,13,4,602.0,0.0,0.0,0.43333333333333335,0.13333333333333333,20.066666666666666
2023,9,19393,WN,15016,14100,STL,PHL,74,0,0,0,74,0,17,5,478.0,0.0,0.0,0.22972972972972974,0.06756756756756757,6.45945945945946
2023,9,19393,WN,15016,14107,STL,PHX,109,1,0,0,108,0,23,4,779.0,0.009174311926605505,0.0,0.21296296296296297,0.037037037037037035,7.212962962962963
2023,9,19393,WN,15016,14635,STL,RSW,34,0,0,0,34,0,3,0,-49.0,0.0,0.0,0.08823529411764706,0.0,-1.4411764705882353
2023,9,19393,WN,15016,14679,STL,SAN,38,0,0,0,38,0,9,2,290.0,0.0,0.0,0.23684210526315788,0.05263157894736842,7.631578947368421
2023,9,19393,WN,15016,14747,STL,SEA,4,0,0,0,4,0,2,0,22.0,0.0,0.0,0.5,0.0,5.5
2023,9,19393,WN,15016,14869,STL,SLC,2,0,0,0,2,0,0,0,-38.0,0.0,0.0,0.0,0.0,-19.0
2023,9,19393,WN,15016,15304,STL,TPA,68,0,1,0,67,0,11,2,375.0,0.0,0.014705882352941176,0.16417910447761194,0.029850746268656716,5.597014925373134
2023,9,19393,WN,15304,10397,TPA,ATL,122,0,0,0,122,0,25,5,262.0,0.0,0.0,0.20491803278688525,0.040983606557377046,2.1475409836065573
2023,9,19393,WN,15304,10821,TPA,BWI,169,2,0,0,167,0,33,9,699.0,0.011834319526627219,0.0,0.19760479041916168,0.05389221556886228,4.18562874251497
2023,9,19393,WN,15304,11278,TPA,DCA,65,0,0,0,65,0,11,4,270.0,0.0,0.0,0.16923076923076924,0.06153846153846154,4.153846153846154
2023,9,19393,WN,15304,11292,TPA,DEN,97,0,1,0,96,0,23,4,948.0,0.0,0.010309278350515464,0.23958333333333334,0.041666666666666664,9.875
2023,9,19393,WN,15304,11697,TPA,FLL,57,0,0,0,57,0,5,2,-165.0,0.0,0.0,0.08771929824561403,0.03508771929824561,-2.8947368421052633
2023,9,19393,WN,15304,12889,TPA,LAS,28,0,0,0,28,0,6,2,431.0,0.0,0.0,0.21428571428571427,0.07142857142857142,15.392857142857142
2023,9,19393,WN,15304,12953,TPA,LGA,33,0,0,0,33,0,5,1,122.0,0.0,0.0,0.15151515151515152,0.030303030303030304,3.696969696969697
2023,9,19393,WN,15304,13232,TPA,MDW,100,0,0,0,100,0,19,3,386.0,0.0,0.0,0.19,0.03,3.86
2023,9,19393,WN,15304,13930,TPA,ORD,35,0,0,0,35,0,3,1,-193.0,0.0,0.0,0.08571428571428572,0.02857142857142857,-5.514285714285714
2023,9,19393,WN,15304,14100,TPA,PHL,6,0,0,0,6,0,1,0,-6.0,0.0,0.0,0.16666666666666666,0.0,-1.0
2023,9,19393,WN,15304,14107,TPA,PHX,30,0,0,0,30,0,6,0,-9.0,0.0,0.0,0.2,0.0,-0.3
2023,9,19393,WN,15304,15016,TPA,STL,68,0,0,0,68,0,9,2,168.0,0.0,0.0,0.1323529411764706,0.029411764705882353,2.4705882352941178
2023,9,19690,HA,10721,12173,BOS,HNL,17,0,0,0,17,0,4,2,982.0,0.0,0.0,0.23529411764705882,0.11764705882352941,57.76470588235294
2023,9,19690,HA,12173,10721,HNL,BOS,17,0,0,0,17,0,6,0,109.0,0.0,0.0,0.35294117647058826,0.0,6.411764705882353
2023,9,19690,HA,12173,12478,HNL,JFK,30,0,1,0,29,0,10,2,477.0,0.0,0.03333333333333333,0.3448275862068966,0.06896551724137931,16.448275862068964
2023,9,19690,HA,12173,12889,HNL,LAS,79,0,0,0,79,0,12,1,-261.0,0.0,0.0,0.1518987341772152,0.012658227848101266,-3.3037974683544302
2023,9,19690,HA,12173,12892,HNL,LAX,91,2,0,0,89,0,12,7,418.0,0.02197802197802198,0.0,0.1348314606741573,0.07865168539325842,4.696629213483146
2023,9,19690,HA,12173,13796,HNL,OAK,32,2,0,0,30,0,9,1,427.0,0.0625,0.0,0.3,0.03333333333333333,14.233333333333333
2023,9,19690,HA,12173,14107,HNL,PHX,30,0,0,0,30,0,7,3,231.0,0.0,0.0,0.23333333333333334,0.1,7.7
2023,9,19690,HA,12173,14679,HNL,SAN,30,0,0,0,30,0,3,1,62.0,0.0,0.0,0.1,0.03333333333333333,2.066666666666667
2023,9,19690,HA,12173,14747,HNL,SEA,30,0,1,0,29,0,12,1,321.0,0.0,0.03333333333333333,0.41379310344827586,0.034482758620689655,11.068965517241379
2023,9,19690,HA,12173,14771,HNL,SFO,34,5,0,0,29,0,8,1,277.0,0.14705882352941177,0.0,0.27586206896551724,0.034482758620689655,9.551724137931034
2023,9,19690,HA,12478,12173,JFK,HNL,30,0,0,0,30,0,4,3,-198.0,0.0,0.0,0.13333333333333333,0.1,-6.6
2023,9,19690,HA,12889,12173,LAS,HNL,79,0,0,0,79,0,21,4,1485.0,0.0,0.0,0.26582278481012656,0.05063291139240506,18.79746835443038
2023,9,19690,HA,12892,12173,LAX,HNL,91,3,0,0,88,0,25,6,892.0,0.03296703296703297,0.0,0.2840909090909091,0.06818181818181818,10.136363636363637
2023,9,19690,HA,13796,12173,OAK,HNL,32,3,0,0,29,0,10,5,2743.0,0.09375,0.0,0.3448275862068966,0.1724137931034483,94.58620689655173
2023,9,19690,HA,14107,12173,PHX,HNL,30,0,0,0,30,0,11,3,467.0,0.0,0.0,0.36666666666666664,0.1,15.566666666666666
2023,9,19690,HA,14679,12173,SAN,HNL,30,0,0,0,30,0,5,1,312.0,0.0,0.0,0.16666666666666666,0.03333333333333333,10.4
2023,9,19690,HA,14747,12173,SEA,HNL,30,0,0,0,30,0,7,0,3.0,0.0,0.0,0.23333333333333334,0.0,0.1
2023,9,19690,HA,14771,12173,SFO,HNL,34,5,0,0,29,0,12,4,1349.0,0.14705882352941177,0.0,0.41379310344827586,0.13793103448275862,46.51724137931034
2023,9,19790,DL,10397,10721,ATL,BOS,311,0,0,0,311,0,55,14,554.0,0.0,0.0,0.17684887459807075,0.04501607717041801,1.7813504823151125
2023,9,19790,DL,10397,10821,ATL,BWI,231,0,1,0,230,0,26,8,378.0,0.0,0.004329004329004329,0.11304347826086956,0.034782608695652174,1.6434782608695653
2023,9,19790,DL,10397,11278,ATL,DCA,315,1,1,0,313,0,39,7,-986.0,0.0031746031746031746,0.0031746031746031746,0.12460063897763578,0.022364217252396165,-3.1501597444089455
2023,9,19790,DL,10397,11292,ATL,DEN,225,0,2,0,223,0,23,1,-1003.0,0.0,0.008888888888888889,0.1031390134529148,0.004484304932735426,-4.497757847533633
2023,9,19790,DL,10397,11298,ATL,DFW,235,0,1,0,234,0,45,6,908.0,0.0,0.00425531914893617,0.19230769230769232,0.02564102564102564,3.8803418803418803
2023,9,19790,DL,10397,11433,ATL,DTW,309,0,0,0,309,0,30,5,-798.0,0.0,0.0,0.0970873786407767,0.016181229773462782,-2.5825242718446604
2023,9,19790,DL,10397,11618,ATL,EWR,254,2,1,0,251,0,58,21,2697.0,0.007874015748031496,0.003937007874015748,0.23107569721115537,0.08366533864541832,10.745019920318725
2023,9,19790,DL,10397,11697,ATL,FLL,297,0,3,0,294,0,44,11,-546.0,0.0,0.010101010101010102,0.14965986394557823,0.03741496598639456,-1.8571428571428572
2023,9,19790,DL,10397,12173,ATL,HNL,30,0,0,0,30,0,8,1,273.0,0.0,0.0,0.26666666666666666,0.03333333333333333,9.1
2023,9,19790,DL,10397,12266,ATL,IAH,193,0,0,0,193,0,44,10,1507.0,0.0,0.0,0.22797927461139897,0.05181347150259067,7.808290155440415
2023,9,19790,DL,10397,12478,ATL,JFK,213,3,1,0,209,0,36,18,405.0,0.014084507042253521,0.004694835680751174,0.1722488038277512,0.0861244019138756,1.937799043062201
2023,9,19790,DL,10397,12889,ATL,LAS,272,0,1,0,271,0,50,9,900.0,0.0,0.003676470588235294,0.18450184501845018,0.033210332103321034,3.321033210332103
2023,9,19790,DL,10397,12892,ATL,LAX,373,0,0,0,373,0,102,22,3697.0,0.0,0.0,0.2734584450402145,0.058981233243967826,9.911528150134048
2023,9,19790,DL,10397,12953,ATL,LGA,366,3,3,0,360,0,43,19,-882.0,0.00819672131147541,0.00819672131147541,0.11944444444444445,0.05277777777777778,-2.45
2023,9,19790,DL,10397,13204,ATL,MCO,413,0,3,0,410,0,73,25,2972.0,0.0,0.007263922518159807,0.17804878048780487,0.06097560975609756,7.248780487804878
2023,9,19790,DL,10397,13232,ATL,MDW,114,0,0,0,114,0,16,4,-301.0,0.0,0.0,0.14035087719298245,0.03508771929824561,-2.6403508771929824
2023,9,19790,DL,10397,13303,ATL,MIA,224,0,4,0,220,0,56,11,1655.0,0.0,0.017857142857142856,0.2545454545454545,0.05,7.5227272727272725
2023,9,19790,DL,10397,13487,ATL,MSP,257,0,0,0,257,0,18,3,-921.0,0.0,0.0,0.07003891050583658,0.011673151750972763,-3.5836575875486383
2023,9,19790,DL,10397,13930,ATL,ORD,196,0,0,0,196,0,33,8,704.0,0.0,0.0,0.1683673469387755,0.04081632653061224,3.5918367346938775
2023,9,19790,DL,10397,14100,ATL,PHL,238,0,0,0,238,0,27,7,-703.0,0.0,0.0,0.1134453781512605,0.029411764705882353,-2.953781512605042
2023,9,19790,DL,10397,14107,ATL,PHX,170,0,0,0,170,0,31,9,709.0,0.0,0.0,0.18235294117647058,0.052941176470588235,4.170588235294118
2023,9,19790,DL,10397,14635,ATL,RSW,194,0,0,0,194,0,33,8,357.0,0.0,0.0,0.17010309278350516,0.041237113402061855,1.8402061855670102
2023,9,19790,DL,10397,14679,ATL,SAN,192,0,0,0,192,0,33,1,384.0,0.0,0.0,0.171875,0.005208333333333333,2.0
2023,9,19790,DL,10397,14747,ATL,SEA,214,0,0,0,214,0,18,5,-1768.0,0.0,0.0,0.08411214953271028,0.02336448598130841,-8.261682242990654
2023,9,19790,DL,10397,14771,ATL,SFO,206,0,0,0,206,0,23,1,-770.0,0.0,0.0,0.11165048543689321,0.0048543689320388345,-3.737864077669903
2023,9,19790,DL,10397,14869,ATL,SLC,240,0,0,0,240,0,25,7,-673.0,0.0,0.0,0.10416666666666667,0.029166666666666667,-2.8041666666666667
2023,9,19790,DL,10397,15016,ATL,STL,186,0,1,0,185,0,20,4,-162.0,0.0,0.005376344086021506,0.10810810810810811,0.021621621621621623,-0.8756756756756757
2023,9,19790,DL,10397,15304,ATL,TPA,325,0,0,0,325,0,51,13,1341.0,0.0,0.0,0.15692307692307692,0.04,4.126153846153846
2023,9,19790,DL,10721,10397,BOS,ATL,310,1,0,0,309,0,61,17,903.0,0.0032258064516129032,0.0,0.19741100323624594,0.05501618122977346,2.9223300970873787
2023,9,19790,DL,10721,11292,BOS,DEN,31,0,0,0,31,0,2,1,-573.0,0.0,0.0,0.06451612903225806,0.03225806451612903,-18.483870967741936
2023,9,19790,DL,10721,11298,BOS,DFW,60,1,0,0,59,0,15,6,551.0,0.016666666666666666,0.0,0.2542372881355932,0.1016949152542373,9.338983050847459
2023,9,19790,DL,10721,11433,BOS,DTW,140,0,0,0,140,0,14,6,-831.0,0.0,0.0,0.1,0.04285714285714286,-5.935714285714286
2023,9,19790,DL,10721,11697,BOS,FLL,54,0,0,0,54,0,8,3,-96.0,0.0,0.0,0.14814814814814814,0.05555555555555555,-1.7777777777777777
2023,9,19790,DL,10721,12478,BOS,JFK,31,0,0,0,31,0,5,1,-27.0,0.0,0.0,0.16129032258064516,0.03225806451612903,-0.8709677419354839
2023,9,19790,DL,10721,12889,BOS,LAS,44,0,0,0,44,0,8,3,-109.0,0.0,0.0,0.18181818181818182,0.06818181818181818,-2.477272727272727
2023,9,19790,DL,10721,12892,BOS,LAX,104,0,0,0,104,0,20,8,1756.0,0.0,0.0,0.19230769230769232,0.07692307692307693,16.884615384615383
2023,9,19790,DL,10721,12953,BOS,LGA,66,3,0,0,63,0,16,9,2302.0,0.045454545454545456,0.0,0.25396825396825395,0.14285714285714285,36.53968253968254
2023,9,19790,DL,10721,13204,BOS,MCO,90,1,0,0,89,0,27,7,815.0,0.011111111111111112,0.0,0.30337078651685395,0.07865168539325842,9.157303370786517
2023,9,19790,DL,10721,13303,BOS,MIA,58,1,2,0,55,0,26,14,1832.0,0.017241379310344827,0.034482758620689655,0.4727272727272727,0.2545454545454545,33.30909090909091
2023,9,19790,DL,10721,13487,BOS,MSP,168,0,0,0,168,0,16,7,-1294.0,0.0,0.0,0.09523809523809523,0.041666666666666664,-7.7023809523809526
2023,9,19790,DL,10721,13930,BOS,ORD,123,3,0,0,120,0,51,27,3909.0,0.024390243902439025,0.0,0.425,0.225,32.575
2023,9,19790,DL,10721,14107,BOS,PHX,30,0,0,0,30,0,5,2,-272.0,0.0,0.0,0.16666666666666666,0.06666666666666667,-9.066666666666666
2023,9,19790,DL,10721,14635,BOS,RSW,30,0,0,0,30,0,9,5,1037.0,0.0,0.0,0.3,0.16666666666666666,34.56666666666667
2023,9,19790,DL,10721,14679,BOS,SAN,30,0,0,0,30,0,4,1,-190.0,0.0,0.0,0.13333333333333333,0.03333333333333333,-6.333333333333333
2023,9,19790,DL,10721,14747,BOS,SEA,74,0,0,0,74,0,11,6,-1110.0,0.0,0.0,0.14864864864864866,0.08108108108108109,-15.0
2023,9,19790,DL,10721,14771,BOS,SFO,59,0,0,0,59,0,8,4,-211.0,0.0,0.0,0.13559322033898305,0.06779661016949153,-3.5762711864406778
2023,9,19790,DL,10721,14869,BOS,SLC,83,0,0,0,83,0,4,3,-1467.0,0.0,0.0,0.04819277108433735,0.03614457831325301,-17.674698795180724
2023,9,19790,DL,10721,15304,BOS,TPA,74,0,0,0,74,0,20,10,1053.0,0.0,0.0,0.2702702702702703,0.13513513513513514,14.22972972972973
2023,9,19790,DL,10821,10397,BWI,ATL,231,0,0,0,231,0,30,11,907.0,0.0,0.0,0.12987012987012986,0.047619047619047616,3.9264069264069263
2023,9,19790,DL,10821,11433,BWI,DTW,80,0,0,0,80,0,7,2,-450.0,0.0,0.0,0.0875,0.025,-5.625
2023,9,19790,DL,10821,13487,BWI,MSP,80,0,1,0,79,0,7,3,-318.0,0.0,0.0125,0.08860759493670886,0.0379746835443038,-4.025316455696203
2023,9,19790,DL,10821,14869,BWI,SLC,30,0,0,0,30,0,5,1,-211.0,0.0,0.0,0.16666666666666666,0.03333333333333333,-7.033333333333333
2023,9,19790,DL,11278,10397,DCA,ATL,315,1,0,0,314,0,22,8,-788.0,0.0031746031746031746,0.0,0.07006369426751592,0.025477707006369428,-2.5095541401273884
2023,9,19790,DL,11278,11433,DCA,DTW,145,1,0,0,144,0,16,6,901.0,0.006896551724137931,0.0,0.1111111111111111,0.041666666666666664,6.256944444444445
2023,9,19790,DL,11278,12892,DCA,LAX,30,0,0,0,30,0,3,1,-1.0,0.0,0.0,0.1,0.03333333333333333,-0.03333333333333333
2023,9,19790,DL,11278,13487,DCA,MSP,146,1,0,0,145,0,13,6,-887.0,0.00684931506849315,0.0,0.0896551724137931,0.041379310344827586,-6.117241379310345
2023,9,19790,DL,11278,14869,DCA,SLC,30,0,0,0,30,0,3,1,770.0,0.0,0.0,0.1,0.03333333333333333,25.666666666666668
2023,9,19790,DL,11292,10397,DEN,ATL,226,0,0,0,226,0,15,6,-1478.0,0.0,0.0,0.06637168141592921,0.02654867256637168,-6.539823008849558
2023,9,19790,DL,11292,10721,DEN,BOS,32,0,0,0,32,0,10,3,348.0,0.0,0.0,0.3125,0.09375,10.875
2023,9,19790,DL,11292,11433,DEN,DTW,111,0,0,0,111,0,4,0,-976.0,0.0,0.0,0.036036036036036036,0.0,-8.792792792792794
2023,9,19790,DL,11292,12478,DEN,JFK,82,5,0,0,77,0,10,3,-365.0,0.06097560975609756,0.0,0.12987012987012986,0.03896103896103896,-4.740259740259741
2023,9,19790,DL,11292,12892,DEN,LAX,90,1,0,0,89,0,12,2,-222.0,0.011111111111111112,0.0,0.1348314606741573,0.02247191011235955,-2.49438202247191
2023,9,19790,DL,11292,12953,DEN,LGA,80,4,5,0,71,0,11,3,-37.0,0.05,0.0625,0.15492957746478872,0.04225352112676056,-0.5211267605633803
2023,9,19790,DL,11292,13487,DEN,MSP,148,0,1,0,147,0,21,6,648.0,0.0,0.006756756756756757,0.14285714285714285,0.04081632653061224,4.408163265306122
2023,9,19790,DL,11292,14747,DEN,SEA,90,0,0,0,90,0,14,5,33.0,0.0,0.0,0.15555555555555556,0.05555555555555555,0.36666666666666664
2023,9,19790,DL,11292,14869,DEN,SLC,134,0,0,0,134,0,13,3,-650.0,0.0,0.0,0.09701492537313433,0.022388059701492536,-4.850746268656716
2023,9,19790,DL,11298,10397,DFW,ATL,235,0,0,0,235,0,23,8,-945.0,0.0,0.0,0.09787234042553192,0.03404255319148936,-4.0212765957446805
2023,9,19790,DL,11298,10721,DFW,BOS,60,1,0,0,59,0,19,13,2816.0,0.016666666666666666,0.0,0.3220338983050847,0.22033898305084745,47.728813559322035
2023,9,19790,DL,11298,11433,DFW,DTW,115,1,0,0,114,0,21,6,486.0,0.008695652173913044,0.0,0.18421052631578946,0.05263157894736842,4.2631578947368425
2023,9,19790,DL,11298,12478,DFW,JFK,60,2,2,0,56,0,9,4,-298.0,0.03333333333333333,0.03333333333333333,0.16071428571428573,0.07142857142857142,-5.321428571428571
2023,9,19790,DL,11298,12892,DFW,LAX,60,0,0,0,60,0,12,1,86.0,0.0,0.0,0.2,0.016666666666666666,1.4333333333333333
2023,9,19790,DL,11298,12953,DFW,LGA,135,7,2,0,126,0,29,14,2140.0,0.05185185185185185,0.014814814814814815,0.23015873015873015,0.1111111111111111,16.984126984126984
2023,9,19790,DL,11298,13487,DFW,MSP,118,0,0,0,118,0,19,9,1155.0,0.0,0.0,0.16101694915254236,0.07627118644067797,9.788135593220339
2023,9,19790,DL,11298,14869,DFW,SLC,119,0,0,0,119,0,19,6,934.0,0.0,0.0,0.15966386554621848,0.05042016806722689,7.848739495798319
2023,9,19790,DL,11433,10397,DTW,ATL,307,1,0,0,306,0,30,7,-1048.0,0.003257328990228013,0.0,0.09803921568627451,0.02287581699346405,-3.4248366013071894
2023,9,19790,DL,11433,10721,DTW,BOS,140,0,0,0,140,0,18,3,169.0,0.0,0.0,0.12857142857142856,0.02142857142857143,1.207142857142857
2023,9,19790,DL,11433,10821,DTW,BWI,80,0,0,0,80,0,11,5,199.0,0.0,0.0,0.1375,0.0625,2.4875
2023,9,19790,DL,11433,11278,DTW,DCA,145,1,0,0,144,0,34,6,1289.0,0.006896551724137931,0.0,0.2361111111111111,0.041666666666666664,8.95138888888889
2023,9,19790,DL,11433,11292,DTW,DEN,110,0,0,0,110,0,13,1,-890.0,0.0,0.0,0.11818181818181818,0.00909090909090909,-8.090909090909092
2023,9,19790,DL,11433,11298,DTW,DFW,115,1,0,0,114,0,25,4,654.0,0.008695652173913044,0.0,0.21929824561403508,0.03508771929824561,5.7368421052631575
2023,9,19790,DL,11433,11618,DTW,EWR,143,1,0,0,142,0,32,16,3386.0,0.006993006993006993,0.0,0.22535211267605634,0.11267605633802817,23.845070422535212
2023,9,19790,DL,11433,11697,DTW,FLL,109,0,3,0,106,0,8,2,-735.0,0.0,0.027522935779816515,0.07547169811320754,0.018867924528301886,-6.933962264150943
2023,9,19790,DL,11433,12173,DTW,HNL,22,0,0,0,22,0,4,3,382.0,0.0,0.0,0.18181818181818182,0.13636363636363635,17.363636363636363
2023,9,19790,DL,11433,12266,DTW,IAH,110,0,0,0,110,0,18,7,36.0,0.0,0.0,0.16363636363636364,0.06363636363636363,0.32727272727272727
2023,9,19790,DL,11433,12478,DTW,JFK,5,0,0,0,5,0,0,0,-76.0,0.0,0.0,0.0,0.0,-15.2
2023,9,19790,DL,11433,12889,DTW,LAS,158,0,0,0,158,0,21,8,-1029.0,0.0,0.0,0.13291139240506328,0.05063291139240506,-6.512658227848101
2023,9,19790,DL,11433,12892,DTW,LAX,164,0,0,0,164,0,11,0,-1252.0,0.0,0.0,0.06707317073170732,0.0,-7.634146341463414
2023,9,19790,DL,11433,12953,DTW,LGA,171,3,1,0,167,0,32,11,1689.0,0.017543859649122806,0.005847953216374269,0.19161676646706588,0.0658682634730539,10.113772455089821
2023,9,19790,DL,11433,13204,DTW,MCO,126,0,1,0,125,0,18,7,-152.0,0.0,0.007936507936507936,0.144,0.056,-1.216
2023,9,19790,DL,11433,13303,DTW,MIA,60,0,1,0,59,0,14,2,165.0,0.0,0.016666666666666666,0.23728813559322035,0.03389830508474576,2.7966101694915255
2023,9,19790,DL,11433,13487,DTW,MSP,153,0,1,0,152,0,19,5,-540.0,0.0,0.006535947712418301,0.125,0.03289473684210526,-3.5526315789473686
2023,9,19790,DL,11433,13930,DTW,ORD,81,0,0,0,81,0,12,4,19.0,0.0,0.0,0.14814814814814814,0.04938271604938271,0.2345679012345679
2023,9,19790,DL,11433,14100,DTW,PHL,132,0,0,0,132,0,21,15,511.0,0.0,0.0,0.1590909090909091,0.11363636363636363,3.871212121212121
2023,9,19790,DL,11433,14107,DTW,PHX,113,0,0,0,113,0,21,9,120.0,0.0,0.0,0.18584070796460178,0.07964601769911504,1.0619469026548674
2023,9,19790,DL,11433,14635,DTW,RSW,60,0,0,0,60,0,4,2,-382.0,0.0,0.0,0.06666666666666667,0.03333333333333333,-6.366666666666666
2023,9,19790,DL,11433,14679,DTW,SAN,104,0,0,0,104,0,16,2,-280.0,0.0,0.0,0.15384615384615385,0.019230769230769232,-2.6923076923076925
2023,9,19790,DL,11433,14747,DTW,SEA,137,0,0,0,137,0,9,2,-1971.0,0.0,0.0,0.06569343065693431,0.014598540145985401,-14.386861313868613
2023,9,19790,DL,11433,14771,DTW,SFO,114,0,1,0,113,0,11,1,-1381.0,0.0,0.008771929824561403,0.09734513274336283,0.008849557522123894,-12.221238938053098
2023,9,19790,DL,11433,14869,DTW,SLC,124,0,0,0,124,0,19,8,-149.0,0.0,0.0,0.1532258064516129,0.06451612903225806,-1.2016129032258065
2023,9,19790,DL,11433,15016,DTW,STL,108,0,0,0,108,0,11,3,-446.0,0.0,0.0,0.10185185185185185,0.027777777777777776,-4.12962962962963
2023,9,19790,DL,11433,15304,DTW,TPA,108,0,1,0,107,0,8,4,-173.0,0.0,0.009259259259259259,0.07476635514018691,0.037383177570093455,-1.6168224299065421
2023,9,19790,DL,11618,10397,EWR,ATL,254,2,0,0,252,0,59,23,5183.0,0.007874015748031496,0.0,0.23412698412698413,0.09126984126984126,20.567460317460316
2023,9,19790,DL,11618,11433,EWR,DTW,143,2,0,0,141,0,34,15,4236.0,0.013986013986013986,0.0,0.24113475177304963,0.10638297872340426,30.04255319148936
2023,9,19790,DL,11618,13487,EWR,MSP,114,0,1,0,113,0,13,7,80.0,0.0,0.008771929824561403,0.11504424778761062,0.061946902654867256,0.7079646017699115
2023,9,19790,DL,11618,14869,EWR,SLC,58,2,0,0,56,0,8,6,569.0,0.034482758620689655,0.0,0.14285714285714285,0.10714285714285714,10.160714285714286
2023,9,19790,DL,11697,10397,FLL,ATL,297,0,0,0,297,0,46,15,838.0,0.0,0.0,0.15488215488215487,0.050505050505050504,2.8215488215488214
2023,9,19790,DL,11697,10721,FLL,BOS,54,0,0,0,54,0,10,4,-54.0,0.0,0.0,0.18518518518518517,0.07407407407407407,-1.0
2023,9,19790,DL,11697,11433,FLL,DTW,109,0,0,0,109,0,12,3,-339.0,0.0,0.0,0.11009174311926606,0.027522935779816515,-3.110091743119266
2023,9,19790,DL,11697,12478,FLL,JFK,120,4,0,0,116,0,25,11,164.0,0.03333333333333333,0.0,0.21551724137931033,0.09482758620689655,1.4137931034482758
2023,9,19790,DL,11697,12892,FLL,LAX,24,0,0,0,24,0,5,1,198.0,0.0,0.0,0.20833333333333334,0.041666666666666664,8.25
2023,9,19790,DL,11697,12953,FLL,LGA,129,0,1,0,128,0,33,16,525.0,0.0,0.007751937984496124,0.2578125,0.125,4.1015625
2023,9,19790,DL,11697,13487,FLL,MSP,30,0,1,0,29,0,4,1,-51.0,0.0,0.03333333333333333,0.13793103448275862,0.034482758620689655,-1.7586206896551724
2023,9,19790,DL,11697,14747,FLL,SEA,30,0,0,0,30,0,8,2,-35.0,0.0,0.0,0.26666666666666666,0.06666666666666667,-1.1666666666666667
2023,9,19790,DL,11697,14869,FLL,SLC,30,0,0,0,30,0,3,3,52.0,0.0,0.0,0.1,0.1,1.7333333333333334
2023,9,19790,DL,12173,10397,HNL,ATL,30,0,0,0,30,0,3,1,-50.0,0.0,0.0,0.1,0.03333333333333333,-1.6666666666666667
2023,9,19790,DL,12173,11433,HNL,DTW,22,0,1,0,21,0,4,4,541.0,0.0,0.045454545454545456,0.19047619047619047,0.19047619047619047,25.761904761904763
2023,9,19790,DL,12173,12478,HNL,JFK,22,1,0,0,21,0,2,1,172.0,0.045454545454545456,0.0,0.09523809523809523,0.047619047619047616,8.19047619047619
2023,9,19790,DL,12173,12892,HNL,LAX,90,1,0,0,89,0,12,6,630.0,0.011111111111111112,0.0,0.1348314606741573,0.06741573033707865,7.078651685393258
2023,9,19790,DL,12173,13487,HNL,MSP,30,0,0,0,30,0,4,1,-37.0,0.0,0.0,0.13333333333333333,0.03333333333333333,-1.2333333333333334
2023,9,19790,DL,12173,14747,HNL,SEA,60,0,0,0,60,0,6,4,914.0,0.0,0.0,0.1,0.06666666666666667,15.233333333333333
2023,9,19790,DL,12173,14869,HNL,SLC,30,0,0,0,30,0,6,4,447.0,0.0,0.0,0.2,0.13333333333333333,14.9
2023,9,19790,DL,12266,10397,IAH,ATL,193,0,0,0,193,0,24,4,-658.0,0.0,0.0,0.12435233160621761,0.02072538860103627,-3.4093264248704664
2023,9,19790,DL,12266,11433,IAH,DTW,110,0,0,0,110,0,20,9,615.0,0.0,0.0,0.18181818181818182,0.08181818181818182,5.590909090909091
2023,9,19790,DL,12266,12892,IAH,LAX,54,0,0,0,54,0,9,4,315.0,0.0,0.0,0.16666666666666666,0.07407407407407407,5.833333333333333
2023,9,19790,DL,12266,12953,IAH,LGA,100,2,1,0,97,0,19,12,2303.0,0.02,0.01,0.1958762886597938,0.12371134020618557,23.742268041237114
2023,9,19790,DL,12266,13487,IAH,MSP,110,1,0,0,109,0,20,6,-25.0,0.00909090909090909,0.0,0.1834862385321101,0.05504587155963303,-0.22935779816513763
2023,9,19790,DL,12266,14869,IAH,SLC,84,1,0,0,83,0,15,6,777.0,0.011904761904761904,0.0,0.18072289156626506,0.07228915662650602,9.36144578313253
2023,9,19790,DL,12478,10397,JFK,ATL,213,3,0,0,210,0,48,21,3942.0,0.014084507042253521,0.0,0.22857142857142856,0.1,18.771428571428572
2023,9,19790,DL,12478,10721,JFK,BOS,30,0,0,0,30,0,7,6,759.0,0.0,0.0,0.23333333333333334,0.2,25.3
2023,9,19790,DL,12478,11292,JFK,DEN,82,5,0,0,77,0,12,6,-313.0,0.06097560975609756,0.0,0.15584415584415584,0.07792207792207792,-4.064935064935065
2023,9,19790,DL,12478,11298,JFK,DFW,60,2,1,0,57,0,15,6,248.0,0.03333333333333333,0.016666666666666666,0.2631578947368421,0.10526315789473684,4.350877192982456
2023,9,19790,DL,12478,11433,JFK,DTW,4,0,0,0,4,0,0,0,-103.0,0.0,0.0,0.0,0.0,-25.75
2023,9,19790,DL,12478,11697,JFK,FLL,120,4,1,0,115,0,26,8,264.0,0.03333333333333333,0.008333333333333333,0.22608695652173913,0.06956521739130435,2.2956521739130435
2023,9,19790,DL,12478,12173,JFK,HNL,22,1,0,0,21,0,4,1,-297.0,0.045454545454545456,0.0,0.19047619047619047,0.047619047619047616,-14.142857142857142
2023,9,19790,DL,12478,12889,JFK,LAS,146,3,0,0,143,0,37,19,1225.0,0.02054794520547945,0.0,0.25874125874125875,0.13286713286713286,8.566433566433567
2023,9,19790,DL,12478,12892,JFK,LAX,267,2,0,0,265,0,90,39,7086.0,0.00749063670411985,0.0,0.33962264150943394,0.1471698113207547,26.739622641509435
2023,9,19790,DL,12478,13204,JFK,MCO,150,4,0,0,146,0,34,19,1112.0,0.02666666666666667,0.0,0.2328767123287671,0.13013698630136986,7.616438356164384
2023,9,19790,DL,12478,13303,JFK,MIA,120,5,1,0,114,0,40,16,1967.0,0.041666666666666664,0.008333333333333333,0.3508771929824561,0.14035087719298245,17.25438596491228
2023,9,19790,DL,12478,13487,JFK,MSP,86,4,1,0,81,0,16,8,219.0,0.046511627906976744,0.011627906976744186,0.19753086419753085,0.09876543209876543,2.7037037037037037
2023,9,19790,DL,12478,14107,JFK,PHX,60,2,1,0,57,0,13,7,63.0,0.03333333333333333,0.016666666666666666,0.22807017543859648,0.12280701754385964,1.105263157894737
2023,9,19790,DL,12478,14635,JFK,RSW,30,2,0,0,28,0,0,0,-438.0,0.06666666666666667,0.0,0.0,0.0,-15.642857142857142
2023,9,19790,DL,12478,14679,JFK,SAN,80,2,0,0,78,0,17,4,-560.0,0.025,0.0,0.21794871794871795,0.05128205128205128,-7.17948717948718
2023,9,19790,DL,12478,14747,JFK,SEA,111,4,0,0,107,0,18,12,-83.0,0.036036036036036036,0.0,0.16822429906542055,0.11214953271028037,-0.7757009345794392
2023,9,19790,DL,12478,14771,JFK,SFO,192,5,0,0,187,0,27,18,730.0,0.026041666666666668,0.0,0.1443850267379679,0.0962566844919786,3.9037433155080214
2023,9,19790,DL,12478,14869,JFK,SLC,120,3,1,0,116,0,12,7,-1779.0,0.025,0.008333333333333333,0.10344827586206896,0.0603448275862069,-15.336206896551724
2023,9,19790,DL,12478,15304,JFK,TPA,90,2,0,0,88,0,19,9,201.0,0.022222222222222223,0.0,0.2159090909090909,0.10227272727272728,2.284090909090909
2023,9,19790,DL,12889,10397,LAS,ATL,272,0,0,0,272,0,29,10,-735.0,0.0,0.0,0.10661764705882353,0.03676470588235294,-2.702205882352941
2023,9,19790,DL,12889,10721,LAS,BOS,44,0,1,0,43,0,1,0,-387.0,0.0,0.022727272727272728,0.023255813953488372,0.0,-9.0
2023,9,19790,DL,12889,11433,LAS,DTW,157,0,0,0,157,0,17,4,-939.0,0.0,0.0,0.10828025477707007,0.025477707006369428,-5.980891719745223
2023,9,19790,DL,12889,12478,LAS,JFK,147,3,3,0,141,0,27,10,118.0,0.02040816326530612,0.02040816326530612,0.19148936170212766,0.07092198581560284,0.8368794326241135
2023,9,19790,DL,12889,12892,LAS,LAX,146,0,0,0,146,0,30,8,1213.0,0.0,0.0,0.2054794520547945,0.0547945205479452,8.308219178082192
2023,9,19790,DL,12889,12953,LAS,LGA,4,1,0,0,3,0,0,0,-41.0,0.25,0.0,0.0,0.0,-13.666666666666666
2023,9,19790,DL,12889,13487,LAS,MSP,189,0,1,0,188,0,22,8,-102.0,0.0,0.005291005291005291,0.11702127659574468,0.0425531914893617,-0.5425531914893617
2023,9,19790,DL,12889,14747,LAS,SEA,140,1,0,0,139,0,23,6,428.0,0.007142857142857143,0.0,0.16546762589928057,0.04316546762589928,3.079136690647482
2023,9,19790,DL,12889,14869,LAS,SLC,140,0,0,0,140,0,19,9,1405.0,0.0,0.0,0.1357142857142857,0.06428571428571428,10.035714285714286
2023,9,19790,DL,12892,10397,LAX,ATL,374,0,0,0,374,0,26,6,-3364.0,0.0,0.0,0.06951871657754011,0.016042780748663103,-8.994652406417112
2023,9,19790,DL,12892,10721,LAX,BOS,104,0,2,0,102,0,14,4,-122.0,0.0,0.019230769230769232,0.13725490196078433,0.0392156862745098,-1.196078431372549
2023,9,19790,DL,12892,11278,LAX,DCA,30,0,0,0,30,0,1,1,-655.0,0.0,0.0,0.03333333333333333,0.03333333333333333,-21.833333333333332
2023,9,19790,DL,12892,11292,LAX,DEN,90,0,0,0,90,0,11,3,-179.0,0.0,0.0,0.12222222222222222,0.03333333333333333,-1.988888888888889
2023,9,19790,DL,12892,11298,LAX,DFW,60,0,0,0,60,0,10,3,121.0,0.0,0.0,0.16666666666666666,0.05,2.0166666666666666
2023,9,19790,DL,12892,11433,LAX,DTW,165,0,0,0,165,0,12,4,-1385.0,0.0,0.0,0.07272727272727272,0.024242424242424242,-8.393939393939394
2023,9,19790,DL,12892,11697,LAX,FLL,24,0,0,0,24,0,2,1,-178.0,0.0,0.0,0.08333333333333333,0.041666666666666664,-7.416666666666667
2023,9,19790,DL,12892,12173,LAX,HNL,90,1,0,0,89,0,18,10,2068.0,0.011111111111111112,0.0,0.20224719101123595,0.11235955056179775,23.235955056179776
2023,9,19790,DL,12892,12266,LAX,IAH,54,0,0,0,54,0,10,4,206.0,0.0,0.0,0.18518518518518517,0.07407407407407407,3.814814814814815
2023,9,19790,DL,12892,12478,LAX,JFK,269,3,4,0,262,0,72,31,7687.0,0.011152416356877323,0.01486988847583643,0.2748091603053435,0.1183206106870229,29.33969465648855
2023,9,19790,DL,12892,12889,LAX,LAS,146,0,0,0,146,0,32,8,466.0,0.0,0.0,0.2191780821917808,0.0547945205479452,3.191780821917808
2023,9,19790,DL,12892,12953,LAX,LGA,4,0,0,0,4,0,1,0,-2.0,0.0,0.0,0.25,0.0,-0.5
2023,9,19790,DL,12892,13204,LAX,MCO,104,0,1,0,103,0,11,3,-934.0,0.0,0.009615384615384616,0.10679611650485436,0.02912621359223301,-9.067961165048544
2023,9,19790,DL,12892,13303,LAX,MIA,30,0,1,0,29,0,6,0,-40.0,0.0,0.03333333333333333,0.20689655172413793,0.0,-1.3793103448275863
2023,9,19790,DL,12892,13487,LAX,MSP,199,0,1,0,198,0,16,5,-1177.0,0.0,0.005025125628140704,0.08080808080808081,0.025252525252525252,-5.944444444444445
2023,9,19790,DL,12892,14747,LAX,SEA,194,0,0,0,194,0,15,8,-1202.0,0.0,0.0,0.07731958762886598,0.041237113402061855,-6.195876288659794
2023,9,19790,DL,12892,14771,LAX,SFO,188,0,0,0,188,0,30,11,-310.0,0.0,0.0,0.1595744680851064,0.05851063829787234,-1.648936170212766
2023,9,19790,DL,12892,14869,LAX,SLC,200,1,0,0,199,0,16,3,-1583.0,0.005,0.0,0.08040201005025126,0.01507537688442211,-7.954773869346734
2023,9,19790,DL,12892,15304,LAX,TPA,44,0,0,0,44,0,4,1,-413.0,0.0,0.0,0.09090909090909091,0.022727272727272728,-9.386363636363637
2023,9,19790,DL,12953,10397,LGA,ATL,366,3,0,0,363,0,78,40,3187.0,0.00819672131147541,0.0,0.21487603305785125,0.11019283746556474,8.77961432506887
2023,9,19790,DL,12953,10721,LGA,BOS,65,2,0,0,63,0,28,15,3188.0,0.03076923076923077,0.0,0.4444444444444444,0.23809523809523808,50.6031746031746
2023,9,19790,DL,12953,11292,LGA,DEN,80,4,0,0,76,0,9,4,-659.0,0.05,0.0,0.11842105263157894,0.05263157894736842,-8.671052631578947
2023,9,19790,DL,12953,11298,LGA,DFW,135,7,1,0,127,0,47,31,3753.0,0.05185185185185185,0.007407407407407408,0.3700787401574803,0.2440944881889764,29.551181102362204
2023,9,19790,DL,12953,11433,LGA,DTW,171,3,0,0,168,0,38,20,3345.0,0.017543859649122806,0.0,0.2261904761904762,0.11904761904761904,19.910714285714285
2023,9,19790,DL,12953,11697,LGA,FLL,129,0,0,0,129,0,23,12,267.0,0.0,0.0,0.17829457364341086,0.09302325581395349,2.0697674418604652
2023,9,19790,DL,12953,12266,LGA,IAH,100,3,0,0,97,0,29,12,1566.0,0.03,0.0,0.29896907216494845,0.12371134020618557,16.144329896907216
2023,9,19790,DL,12953,12889,LGA,LAS,4,0,0,0,4,0,1,1,13.0,0.0,0.0,0.25,0.25,3.25
2023,9,19790,DL,12953,12892,LGA,LAX,4,0,0,0,4,0,0,0,-66.0,0.0,0.0,0.0,0.0,-16.5
2023,9,19790,DL,12953,13204,LGA,MCO,159,4,1,0,154,0,46,20,1859.0,0.025157232704402517,0.006289308176100629,0.2987012987012987,0.12987012987012986,12.071428571428571
2023,9,19790,DL,12953,13303,LGA,MIA,114,4,1,0,109,0,40,15,1402.0,0.03508771929824561,0.008771929824561403,0.3669724770642202,0.13761467889908258,12.862385321100918
2023,9,19790,DL,12953,13487,LGA,MSP,144,5,0,0,139,0,16,12,506.0,0.034722222222222224,0.0,0.11510791366906475,0.08633093525179857,3.6402877697841727
2023,9,19790,DL,12953,13930,LGA,ORD,195,8,0,0,187,0,69,34,5307.0,0.041025641025641026,0.0,0.3689839572192513,0.18181818181818182,28.379679144385026
2023,9,19790,DL,12953,14635,LGA,RSW,60,1,0,0,59,0,20,11,1082.0,0.016666666666666666,0.0,0.3389830508474576,0.1864406779661017,18.338983050847457
2023,9,19790,DL,12953,14869,LGA,SLC,5,0,0,0,5,0,0,0,-119.0,0.0,0.0,0.0,0.0,-23.8
2023,9,19790,DL,12953,15304,LGA,TPA,114,3,0,0,111,0,28,15,767.0,0.02631578947368421,0.0,0.25225225225225223,0.13513513513513514,6.90990990990991
2023,9,19790,DL,13204,10397,MCO,ATL,413,0,0,0,413,0,76,29,3512.0,0.0,0.0,0.18401937046004843,0.07021791767554479,8.50363196125908
2023,9,19790,DL,13204,10721,MCO,BOS,90,1,0,0,89,0,17,6,540.0,0.011111111111111112,0.0,0.19101123595505617,0.06741573033707865,6.067415730337078
2023,9,19790,DL,13204,11433,MCO,DTW,126,0,0,0,126,0,22,7,506.0,0.0,0.0,0.1746031746031746,0.05555555555555555,4.015873015873016
2023,9,19790,DL,13204,12478,MCO,JFK,150,4,0,0,146,0,33,18,816.0,0.02666666666666667,0.0,0.22602739726027396,0.1232876712328767,5.589041095890411
2023,9,19790,DL,13204,12892,MCO,LAX,104,1,0,0,103,0,13,3,521.0,0.009615384615384616,0.0,0.1262135922330097,0.02912621359223301,5.058252427184466
2023,9,19790,DL,13204,12953,MCO,LGA,159,4,1,0,154,0,37,15,933.0,0.025157232704402517,0.006289308176100629,0.24025974025974026,0.09740259740259741,6.058441558441558
2023,9,19790,DL,13204,13303,MCO,MIA,90,1,1,0,88,0,20,9,1364.0,0.011111111111111112,0.011111111111111112,0.22727272727272727,0.10227272727272728,15.5
2023,9,19790,DL,13204,13487,MCO,MSP,122,0,1,0,121,0,16,8,593.0,0.0,0.00819672131147541,0.1322314049586777,0.06611570247933884,4.900826446280992
2023,9,19790,DL,13204,14747,MCO,SEA,60,0,0,0,60,0,9,4,7.0,0.0,0.0,0.15,0.06666666666666667,0.11666666666666667
2023,9,19790,DL,13204,14869,MCO,SLC,116,0,0,0,116,0,21,10,610.0,0.0,0.0,0.1810344827586207,0.08620689655172414,5.258620689655173
2023,9,19790,DL,13232,10397,MDW,ATL,114,0,0,0,114,0,12,4,385.0,0.0,0.0,0.10526315789473684,0.03508771929824561,3.3771929824561404
2023,9,19790,DL,13303,10397,MIA,ATL,224,0,0,0,224,0,48,14,1866.0,0.0,0.0,0.21428571428571427,0.0625,8.330357142857142
2023,9,19790,DL,13303,10721,MIA,BOS,58,1,0,0,57,0,28,15,3032.0,0.017241379310344827,0.0,0.49122807017543857,0.2631578947368421,53.19298245614035
2023,9,19790,DL,13303,11433,MIA,DTW,60,0,0,0,60,0,11,1,92.0,0.0,0.0,0.18333333333333332,0.016666666666666666,1.5333333333333334
2023,9,19790,DL,13303,12478,MIA,JFK,120,5,2,0,113,0,35,18,3463.0,0.041666666666666664,0.016666666666666666,0.30973451327433627,0.1592920353982301,30.646017699115045
2023,9,19790,DL,13303,12892,MIA,LAX,30,0,0,0,30,0,5,1,46.0,0.0,0.0,0.16666666666666666,0.03333333333333333,1.5333333333333334
2023,9,19790,DL,13303,12953,MIA,LGA,114,4,2,0,108,0,30,13,1371.0,0.03508771929824561,0.017543859649122806,0.2777777777777778,0.12037037037037036,12.694444444444445
2023,9,19790,DL,13303,13204,MIA,MCO,90,1,0,0,89,0,29,14,1609.0,0.011111111111111112,0.0,0.3258426966292135,0.15730337078651685,18.078651685393258
2023,9,19790,DL,13303,13487,MIA,MSP,49,0,1,0,48,0,11,7,1629.0,0.0,0.02040816326530612,0.22916666666666666,0.14583333333333334,33.9375
2023,9,19790,DL,13303,14869,MIA,SLC,30,0,0,0,30,0,20,10,2135.0,0.0,0.0,0.6666666666666666,0.3333333333333333,71.16666666666667
2023,9,19790,DL,13487,10397,MSP,ATL,260,0,0,0,260,0,29,10,307.0,0.0,0.0,0.11153846153846154,0.038461538461538464,1.1807692307692308
2023,9,19790,DL,13487,10721,MSP,BOS,168,0,0,0,168,0,47,7,1350.0,0.0,0.0,0.27976190476190477,0.041666666666666664,8.035714285714286
2023,9,19790,DL,13487,10821,MSP,BWI,80,0,1,0,79,0,9,2,-101.0,0.0,0.0125,0.11392405063291139,0.02531645569620253,-1.2784810126582278
2023,9,19790,DL,13487,11278,MSP,DCA,146,1,0,0,145,0,18,6,-159.0,0.00684931506849315,0.0,0.12413793103448276,0.041379310344827586,-1.096551724137931
2023,9,19790,DL,13487,11292,MSP,DEN,148,0,0,0,148,0,22,8,-150.0,0.0,0.0,0.14864864864864866,0.05405405405405406,-1.0135135135135136
2023,9,19790,DL,13487,11298,MSP,DFW,118,0,0,0,118,0,16,5,262.0,0.0,0.0,0.13559322033898305,0.0423728813559322,2.2203389830508473
2023,9,19790,DL,13487,11433,MSP,DTW,151,0,0,0,151,0,21,5,118.0,0.0,0.0,0.1390728476821192,0.033112582781456956,0.7814569536423841
2023,9,19790,DL,13487,11618,MSP,EWR,114,0,0,0,114,0,38,11,1655.0,0.0,0.0,0.3333333333333333,0.09649122807017543,14.517543859649123
2023,9,19790,DL,13487,11697,MSP,FLL,30,0,0,0,30,0,2,1,-234.0,0.0,0.0,0.06666666666666667,0.03333333333333333,-7.8
2023,9,19790,DL,13487,12173,MSP,HNL,30,0,0,0,30,0,6,4,683.0,0.0,0.0,0.2,0.13333333333333333,22.766666666666666
2023,9,19790,DL,13487,12266,MSP,IAH,110,0,1,0,109,0,16,6,-64.0,0.0,0.00909090909090909,0.14678899082568808,0.05504587155963303,-0.5871559633027523
2023,9,19790,DL,13487,12478,MSP,JFK,87,4,2,0,81,0,23,10,1788.0,0.04597701149425287,0.022988505747126436,0.2839506172839506,0.12345679012345678,22.074074074074073
2023,9,19790,DL,13487,12889,MSP,LAS,189,0,0,0,189,0,23,4,-1259.0,0.0,0.0,0.12169312169312169,0.021164021164021163,-6.661375661375661
2023,9,19790,DL,13487,12892,MSP,LAX,198,0,0,0,198,0,16,2,-1218.0,0.0,0.0,0.08080808080808081,0.010101010101010102,-6.151515151515151
2023,9,19790,DL,13487,12953,MSP,LGA,144,5,3,0,136,0,23,11,484.0,0.034722222222222224,0.020833333333333332,0.16911764705882354,0.08088235294117647,3.5588235294117645
2023,9,19790,DL,13487,13204,MSP,MCO,122,0,2,0,120,0,14,5,-618.0,0.0,0.01639344262295082,0.11666666666666667,0.041666666666666664,-5.15
2023,9,19790,DL,13487,13303,MSP,MIA,49,0,1,0,48,0,10,1,53.0,0.0,0.02040816326530612,0.20833333333333334,0.020833333333333332,1.1041666666666667
2023,9,19790,DL,13487,13930,MSP,ORD,164,2,0,0,162,0,37,10,2098.0,0.012195121951219513,0.0,0.22839506172839505,0.06172839506172839,12.950617283950617
2023,9,19790,DL,13487,14100,MSP,PHL,92,0,0,0,92,0,15,3,-132.0,0.0,0.0,0.16304347826086957,0.03260869565217391,-1.434782608695652
2023,9,19790,DL,13487,14107,MSP,PHX,163,0,0,0,163,0,14,8,-869.0,0.0,0.0,0.08588957055214724,0.049079754601226995,-5.331288343558282
2023,9,19790,DL,13487,14635,MSP,RSW,60,0,0,0,60,0,6,3,-312.0,0.0,0.0,0.1,0.05,-5.2
2023,9,19790,DL,13487,14679,MSP,SAN,118,0,0,0,118,0,9,2,-596.0,0.0,0.0,0.07627118644067797,0.01694915254237288,-5.0508474576271185
2023,9,19790,DL,13487,14747,MSP,SEA,166,0,0,0,166,0,15,5,-1782.0,0.0,0.0,0.09036144578313253,0.030120481927710843,-10.734939759036145
2023,9,19790,DL,13487,14771,MSP,SFO,134,0,0,0,134,0,13,5,-573.0,0.0,0.0,0.09701492537313433,0.03731343283582089,-4.276119402985074
2023,9,19790,DL,13487,14869,MSP,SLC,121,1,0,0,120,0,13,2,-757.0,0.008264462809917356,0.0,0.10833333333333334,0.016666666666666666,-6.308333333333334
2023,9,19790,DL,13487,15016,MSP,STL,107,0,0,0,107,0,18,5,342.0,0.0,0.0,0.16822429906542055,0.04672897196261682,3.196261682242991
2023,9,19790,DL,13487,15304,MSP,TPA,88,0,0,0,88,0,7,4,-405.0,0.0,0.0,0.07954545454545454,0.045454545454545456,-4.6022727272727275
2023,9,19790,DL,13796,14869,OAK,SLC,56,0,0,0,56,0,2,1,-545.0,0.0,0.0,0.03571428571428571,0.017857142857142856,-9.732142857142858
2023,9,19790,DL,13930,10397,ORD,ATL,196,0,0,0,196,0,35,3,707.0,0.0,0.0,0.17857142857142858,0.015306122448979591,3.607142857142857
2023,9,19790,DL,13930,10721,ORD,BOS,122,3,0,0,119,0,45,26,4812.0,0.02459016393442623,0.0,0.37815126050420167,0.2184873949579832,40.436974789915965
2023,9,19790,DL,13930,11433,ORD,DTW,82,0,0,0,82,0,12,3,17.0,0.0,0.0,0.14634146341463414,0.036585365853658534,0.2073170731707317
2023,9,19790,DL,13930,12953,ORD,LGA,195,8,5,0,182,0,48,29,5047.0,0.041025641025641026,0.02564102564102564,0.26373626373626374,0.15934065934065933,27.73076923076923
2023,9,19790,DL,13930,13487,ORD,MSP,164,2,1,0,161,0,39,19,3676.0,0.012195121951219513,0.006097560975609756,0.2422360248447205,0.11801242236024845,22.832298136645964
2023,9,19790,DL,13930,14747,ORD,SEA,80,0,0,0,80,0,7,1,-738.0,0.0,0.0,0.0875,0.0125,-9.225
2023,9,19790,DL,13930,14869,ORD,SLC,84,0,0,0,84,0,9,3,262.0,0.0,0.0,0.10714285714285714,0.03571428571428571,3.119047619047619
2023,9,19790,DL,14100,10397,PHL,ATL,238,1,0,0,237,0,22,5,-1024.0,0.004201680672268907,0.0,0.09282700421940929,0.02109704641350211,-4.320675105485232
2023,9,19790,DL,14100,11433,PHL,DTW,132,0,0,0,132,0,16,10,-197.0,0.0,0.0,0.12121212121212122,0.07575757575757576,-1.4924242424242424
2023,9,19790,DL,14100,13487,PHL,MSP,92,0,0,0,92,0,8,5,170.0,0.0,0.0,0.08695652173913043,0.05434782608695652,1.8478260869565217
2023,9,19790,DL,14100,14869,PHL,SLC,58,0,0,0,58,0,15,9,2577.0,0.0,0.0,0.25862068965517243,0.15517241379310345,44.43103448275862
2023,9,19790,DL,14107,10397,PHX,ATL,168,0,0,0,168,0,7,1,-1756.0,0.0,0.0,0.041666666666666664,0.005952380952380952,-10.452380952380953
2023,9,19790,DL,14107,10721,PHX,BOS,30,0,1,0,29,0,3,0,-418.0,0.0,0.03333333333333333,0.10344827586206896,0.0,-14.413793103448276
2023,9,19790,DL,14107,11433,PHX,DTW,113,0,0,0,113,0,6,4,-953.0,0.0,0.0,0.05309734513274336,0.035398230088495575,-8.43362831858407
2023,9,19790,DL,14107,12478,PHX,JFK,60,2,0,0,58,0,16,5,693.0,0.03333333333333333,0.0,0.27586206896551724,0.08620689655172414,11.948275862068966
2023,9,19790,DL,14107,13487,PHX,MSP,164,0,0,0,164,0,13,2,-1132.0,0.0,0.0,0.07926829268292683,0.012195121951219513,-6.902439024390244
2023,9,19790,DL,14107,14747,PHX,SEA,140,0,0,0,140,0,7,0,-2243.0,0.0,0.0,0.05,0.0,-16.021428571428572
2023,9,19790,DL,14107,14869,PHX,SLC,140,0,0,0,140,0,16,6,-142.0,0.0,0.0,0.11428571428571428,0.04285714285714286,-1.0142857142857142
2023,9,19790,DL,14635,10397,RSW,ATL,194,0,0,0,194,0,16,6,-764.0,0.0,0.0,0.08247422680412371,0.030927835051546393,-3.9381443298969074
2023,9,19790,DL,14635,10721,RSW,BOS,30,0,0,0,30,0,2,0,-310.0,0.0,0.0,0.06666666666666667,0.0,-10.333333333333334
2023,9,19790,DL,14635,11433,RSW,DTW,60,0,0,0,60,0,8,2,-260.0,0.0,0.0,0.13333333333333333,0.03333333333333333,-4.333333333333333
2023,9,19790,DL,14635,12478,RSW,JFK,30,2,0,0,28,0,10,5,1032.0,0.06666666666666667,0.0,0.35714285714285715,0.17857142857142858,36.857142857142854
2023,9,19790,DL,14635,12953,RSW,LGA,60,1,1,0,58,0,16,7,697.0,0.016666666666666666,0.016666666666666666,0.27586206896551724,0.1206896551724138,12.017241379310345
2023,9,19790,DL,14635,13487,RSW,MSP,61,0,1,0,60,0,6,3,-579.0,0.0,0.01639344262295082,0.1,0.05,-9.65
2023,9,19790,DL,14679,10397,SAN,ATL,192,0,0,0,192,0,5,2,-2508.0,0.0,0.0,0.026041666666666668,0.010416666666666666,-13.0625
2023,9,19790,DL,14679,10721,SAN,BOS,30,0,0,0,30,0,4,0,-301.0,0.0,0.0,0.13333333333333333,0.0,-10.033333333333333
2023,9,19790,DL,14679,11433,SAN,DTW,104,0,0,0,104,0,7,2,-1030.0,0.0,0.0,0.0673076923076923,0.019230769230769232,-9.903846153846153
2023,9,19790,DL,14679,12478,SAN,JFK,80,2,1,0,77,0,11,5,-886.0,0.025,0.0125,0.14285714285714285,0.06493506493506493,-11.506493506493506
2023,9,19790,DL,14679,13487,SAN,MSP,118,0,1,0,117,0,8,3,-496.0,0.0,0.00847457627118644,0.06837606837606838,0.02564102564102564,-4.239316239316239
2023,9,19790,DL,14679,14747,SAN,SEA,144,3,0,0,141,0,15,8,276.0,0.020833333333333332,0.0,0.10638297872340426,0.05673758865248227,1.9574468085106382
2023,9,19790,DL,14679,14869,SAN,SLC,140,0,0,0,140,0,11,5,-799.0,0.0,0.0,0.07857142857142857,0.03571428571428571,-5.707142857142857
2023,9,19790,DL,14747,10397,SEA,ATL,213,0,0,0,213,0,25,6,1048.0,0.0,0.0,0.11737089201877934,0.028169014084507043,4.92018779342723
2023,9,19790,DL,14747,10721,SEA,BOS,74,0,1,0,73,0,11,0,-280.0,0.0,0.013513513513513514,0.1506849315068493,0.0,-3.835616438356164
2023,9,19790,DL,14747,11292,SEA,DEN,90,0,0,0,90,0,18,9,966.0,0.0,0.0,0.2,0.1,10.733333333333333
2023,9,19790,DL,14747,11433,SEA,DTW,136,0,0,0,136,0,12,5,66.0,0.0,0.0,0.08823529411764706,0.03676470588235294,0.4852941176470588
2023,9,19790,DL,14747,11697,SEA,FLL,30,0,1,0,29,0,0,0,-519.0,0.0,0.03333333333333333,0.0,0.0,-17.896551724137932
2023,9,19790,DL,14747,12173,SEA,HNL,60,0,0,0,60,0,9,7,1025.0,0.0,0.0,0.15,0.11666666666666667,17.083333333333332
2023,9,19790,DL,14747,12478,SEA,JFK,110,4,2,0,104,0,26,6,519.0,0.03636363636363636,0.01818181818181818,0.25,0.057692307692307696,4.990384615384615
2023,9,19790,DL,14747,12889,SEA,LAS,140,1,0,0,139,0,26,8,676.0,0.007142857142857143,0.0,0.18705035971223022,0.05755395683453238,4.863309352517986
2023,9,19790,DL,14747,12892,SEA,LAX,194,0,0,0,194,0,32,5,218.0,0.0,0.0,0.16494845360824742,0.02577319587628866,1.1237113402061856
2023,9,19790,DL,14747,13204,SEA,MCO,60,0,1,0,59,0,6,1,-459.0,0.0,0.016666666666666666,0.1016949152542373,0.01694915254237288,-7.779661016949152
2023,9,19790,DL,14747,13487,SEA,MSP,165,0,1,0,164,0,11,2,-1026.0,0.0,0.006060606060606061,0.06707317073170732,0.012195121951219513,-6.2560975609756095
2023,9,19790,DL,14747,13930,SEA,ORD,80,0,0,0,80,0,14,4,586.0,0.0,0.0,0.175,0.05,7.325
2023,9,19790,DL,14747,14107,SEA,PHX,140,0,0,0,140,0,18,3,-759.0,0.0,0.0,0.12857142857142856,0.02142857142857143,-5.421428571428572
2023,9,19790,DL,14747,14679,SEA,SAN,144,2,0,0,142,0,22,8,305.0,0.013888888888888888,0.0,0.15492957746478872,0.056338028169014086,2.147887323943662
2023,9,19790,DL,14747,14771,SEA,SFO,94,0,0,0,94,0,19,5,123.0,0.0,0.0,0.20212765957446807,0.05319148936170213,1.3085106382978724
2023,9,19790,DL,14747,14869,SEA,SLC,181,0,0,0,181,0,21,6,57.0,0.0,0.0,0.11602209944751381,0.03314917127071823,0.3149171270718232
2023,9,19790,DL,14747,15304,SEA,TPA,30,0,0,0,30,0,5,0,-65.0,0.0,0.0,0.16666666666666666,0.0,-2.1666666666666665
2023,9,19790,DL,14771,10397,SFO,ATL,207,0,0,0,207,0,7,2,-2496.0,0.0,0.0,0.033816425120772944,0.00966183574879227,-12.057971014492754
2023,9,19790,DL,14771,10721,SFO,BOS,59,0,1,0,58,0,11,4,413.0,0.0,0.01694915254237288,0.1896551724137931,0.06896551724137931,7.120689655172414
2023,9,19790,DL,14771,11433,SFO,DTW,114,0,0,0,114,0,12,3,-423.0,0.0,0.0,0.10526315789473684,0.02631578947368421,-3.710526315789474
2023,9,19790,DL,14771,12478,SFO,JFK,192,5,3,0,184,0,33,13,649.0,0.026041666666666668,0.015625,0.1793478260869565,0.07065217391304347,3.527173913043478
2023,9,19790,DL,14771,12892,SFO,LAX,188,0,0,0,188,0,23,9,-244.0,0.0,0.0,0.12234042553191489,0.047872340425531915,-1.297872340425532
2023,9,19790,DL,14771,13487,SFO,MSP,135,0,0,0,135,0,10,4,-1017.0,0.0,0.0,0.07407407407407407,0.02962962962962963,-7.533333333333333
2023,9,19790,DL,14771,14747,SFO,SEA,94,0,0,0,94,0,11,3,-530.0,0.0,0.0,0.11702127659574468,0.031914893617021274,-5.638297872340425
2023,9,19790,DL,14771,14869,SFO,SLC,140,2,0,0,138,0,23,8,143.0,0.014285714285714285,0.0,0.16666666666666666,0.057971014492753624,1.036231884057971
2023,9,19790,DL,14869,10397,SLC,ATL,242,0,0,0,242,0,24,7,-841.0,0.0,0.0,0.09917355371900827,0.028925619834710745,-3.475206611570248
2023,9,19790,DL,14869,10721,SLC,BOS,84,0,0,0,84,0,14,3,155.0,0.0,0.0,0.16666666666666666,0.03571428571428571,1.8452380952380953
2023,9,19790,DL,14869,10821,SLC,BWI,30,0,0,0,30,0,1,0,-126.0,0.0,0.0,0.03333333333333333,0.0,-4.2
2023,9,19790,DL,14869,11278,SLC,DCA,30,0,1,0,29,0,1,0,-239.0,0.0,0.03333333333333333,0.034482758620689655,0.0,-8.241379310344827
2023,9,19790,DL,14869,11292,SLC,DEN,134,0,0,0,134,0,25,11,945.0,0.0,0.0,0.1865671641791045,0.08208955223880597,7.052238805970149
2023,9,19790,DL,14869,11298,SLC,DFW,119,0,1,0,118,0,24,15,1482.0,0.0,0.008403361344537815,0.2033898305084746,0.1271186440677966,12.559322033898304
2023,9,19790,DL,14869,11433,SLC,DTW,121,0,0,0,121,0,24,10,1064.0,0.0,0.0,0.19834710743801653,0.08264462809917356,8.793388429752065
2023,9,19790,DL,14869,11618,SLC,EWR,58,2,1,0,55,0,21,6,1262.0,0.034482758620689655,0.017241379310344827,0.38181818181818183,0.10909090909090909,22.945454545454545
2023,9,19790,DL,14869,11697,SLC,FLL,30,0,0,0,30,0,0,0,-504.0,0.0,0.0,0.0,0.0,-16.8
2023,9,19790,DL,14869,12173,SLC,HNL,30,0,0,0,30,0,4,3,436.0,0.0,0.0,0.13333333333333333,0.1,14.533333333333333
2023,9,19790,DL,14869,12266,SLC,IAH,84,1,0,0,83,0,16,4,169.0,0.011904761904761904,0.0,0.1927710843373494,0.04819277108433735,2.036144578313253
2023,9,19790,DL,14869,12478,SLC,JFK,120,3,2,0,115,0,34,8,446.0,0.025,0.016666666666666666,0.2956521739130435,0.06956521739130435,3.878260869565217
2023,9,19790,DL,14869,12889,SLC,LAS,140,0,1,0,139,0,28,7,1525.0,0.0,0.007142857142857143,0.2014388489208633,0.050359712230215826,10.971223021582734
2023,9,19790,DL,14869,12892,SLC,LAX,200,1,0,0,199,0,22,4,620.0,0.005,0.0,0.11055276381909548,0.020100502512562814,3.1155778894472363
2023,9,19790,DL,14869,12953,SLC,LGA,5,0,0,0,5,0,1,1,148.0,0.0,0.0,0.2,0.2,29.6
2023,9,19790,DL,14869,13204,SLC,MCO,116,0,1,0,115,0,16,3,-558.0,0.0,0.008620689655172414,0.1391304347826087,0.02608695652173913,-4.852173913043479
2023,9,19790,DL,14869,13303,SLC,MIA,30,0,0,0,30,0,3,0,-192.0,0.0,0.0,0.1,0.0,-6.4
2023,9,19790,DL,14869,13487,SLC,MSP,124,1,0,0,123,0,8,2,-209.0,0.008064516129032258,0.0,0.06504065040650407,0.016260162601626018,-1.6991869918699187
2023,9,19790,DL,14869,13796,SLC,OAK,56,0,0,0,56,0,3,2,-579.0,0.0,0.0,0.05357142857142857,0.03571428571428571,-10.339285714285714
2023,9,19790,DL,14869,13930,SLC,ORD,84,0,1,0,83,0,11,1,-287.0,0.0,0.011904761904761904,0.13253012048192772,0.012048192771084338,-3.4578313253012047
2023,9,19790,DL,14869,14100,SLC,PHL,57,0,2,0,55,0,12,4,324.0,0.0,0.03508771929824561,0.21818181818181817,0.07272727272727272,5.890909090909091
2023,9,19790,DL,14869,14107,SLC,PHX,140,0,0,0,140,0,15,6,136.0,0.0,0.0,0.10714285714285714,0.04285714285714286,0.9714285714285714
2023,9,19790,DL,14869,14679,SLC,SAN,140,0,0,0,140,0,21,10,983.0,0.0,0.0,0.15,0.07142857142857142,7.021428571428571
2023,9,19790,DL,14869,14747,SLC,SEA,181,0,0,0,181,0,23,5,-403.0,0.0,0.0,0.1270718232044199,0.027624309392265192,-2.226519337016575
2023,9,19790,DL,14869,14771,SLC,SFO,140,2,0,0,138,0,26,10,815.0,0.014285714285714285,0.0,0.18840579710144928,0.07246376811594203,5.905797101449275
2023,9,19790,DL,14869,15016,SLC,STL,84,1,0,0,83,0,18,9,971.0,0.011904761904761904,0.0,0.21686746987951808,0.10843373493975904,11.698795180722891
2023,9,19790,DL,14869,15304,SLC,TPA,30,0,0,0,30,0,3,0,-347.0,0.0,0.0,0.1,0.0,-11.566666666666666
2023,9,19790,DL,15016,10397,STL,ATL,186,0,0,0,186,0,11,6,-693.0,0.0,0.0,0.05913978494623656,0.03225806451612903,-3.725806451612903
2023,9,19790,DL,15016,11433,STL,DTW,108,0,0,0,108,0,14,7,694.0,0.0,0.0,0.12962962962962962,0.06481481481481481,6.425925925925926
2023,9,19790,DL,15016,13487,STL,MSP,107,0,0,0,107,0,9,3,-647.0,0.0,0.0,0.08411214953271028,0.028037383177570093,-6.046728971962617
2023,9,19790,DL,15016,14869,STL,SLC,84,1,0,0,83,0,14,9,1758.0,0.011904761904761904,0.0,0.1686746987951807,0.10843373493975904,21.180722891566266
2023,9,19790,DL,15304,10397,TPA,ATL,324,0,0,0,324,0,32,11,53.0,0.0,0.0,0.09876543209876543,0.033950617283950615,0.16358024691358025
2023,9,19790,DL,15304,10721,TPA,BOS,74,0,0,0,74,0,14,5,344.0,0.0,0.0,0.1891891891891892,0.06756756756756757,4.648648648648648
2023,9,19790,DL,15304,11433,TPA,DTW,108,0,0,0,108,0,14,3,-335.0,0.0,0.0,0.12962962962962962,0.027777777777777776,-3.1018518518518516
2023,9,19790,DL,15304,12478,TPA,JFK,90,2,1,0,87,0,16,7,775.0,0.022222222222222223,0.011111111111111112,0.1839080459770115,0.08045977011494253,8.908045977011493
2023,9,19790,DL,15304,12892,TPA,LAX,44,0,0,0,44,0,7,3,277.0,0.0,0.0,0.1590909090909091,0.06818181818181818,6.295454545454546
2023,9,19790,DL,15304,12953,TPA,LGA,114,3,1,0,110,0,22,14,1321.0,0.02631578947368421,0.008771929824561403,0.2,0.12727272727272726,12.00909090909091
2023,9,19790,DL,15304,13487,TPA,MSP,88,0,1,0,87,0,12,4,147.0,0.0,0.011363636363636364,0.13793103448275862,0.04597701149425287,1.6896551724137931
2023,9,19790,DL,15304,14747,TPA,SEA,30,0,0,0,30,0,13,1,470.0,0.0,0.0,0.43333333333333335,0.03333333333333333,15.666666666666666
2023,9,19790,DL,15304,14869,TPA,SLC,30,0,0,0,30,0,2,0,-230.0,0.0,0.0,0.06666666666666667,0.0,-7.666666666666667
2023,9,19805,AA,10397,11278,ATL,DCA,29,0,0,0,29,0,3,2,-236.0,0.0,0.0,0.10344827586206896,0.06896551724137931,-8.137931034482758
2023,9,19805,AA,10397,11298,ATL,DFW,219,2,0,0,217,0,28,12,3594.0,0.0091324200913242,0.0,0.12903225806451613,0.055299539170506916,16.56221198156682
2023,9,19805,AA,10397,12892,ATL,LAX,60,0,0,0,60,0,5,1,53.0,0.0,0.0,0.08333333333333333,0.016666666666666666,0.8833333333333333
2023,9,19805,AA,10397,13303,ATL,MIA,93,0,3,0,90,0,16,10,751.0,0.0,0.03225806451612903,0.17777777777777778,0.1111111111111111,8.344444444444445
2023,9,19805,AA,10397,13930,ATL,ORD,59,0,0,0,59,0,9,3,-259.0,0.0,0.0,0.15254237288135594,0.05084745762711865,-4.389830508474576
2023,9,19805,AA,10397,14100,ATL,PHL,88,0,0,0,88,0,13,6,557.0,0.0,0.0,0.14772727272727273,0.06818181818181818,6.329545454545454
2023,9,19805,AA,10397,14107,ATL,PHX,54,0,0,0,54,0,9,2,297.0,0.0,0.0,0.16666666666666666,0.037037037037037035,5.5
2023,9,19805,AA,10721,11278,BOS,DCA,174,6,0,0,168,0,50,27,3441.0,0.034482758620689655,0.0,0.2976190476190476,0.16071428571428573,20.482142857142858
2023,9,19805,AA,10721,11298,BOS,DFW,198,5,2,0,191,0,38,16,472.0,0.025252525252525252,0.010101010101010102,0.19895287958115182,0.08376963350785341,2.4712041884816753
2023,9,19805,AA,10721,12892,BOS,LAX,53,0,0,0,53,0,4,1,-828.0,0.0,0.0,0.07547169811320754,0.018867924528301886,-15.622641509433961
2023,9,19805,AA,10721,13303,BOS,MIA,150,2,1,0,147,0,26,6,-992.0,0.013333333333333334,0.006666666666666667,0.17687074829931973,0.04081632653061224,-6.7482993197278915
2023,9,19805,AA,10721,13930,BOS,ORD,140,0,0,0,140,0,18,8,-825.0,0.0,0.0,0.12857142857142856,0.05714285714285714,-5.892857142857143
2023,9,19805,AA,10721,14100,BOS,PHL,233,5,0,0,228,0,60,30,5052.0,0.02145922746781116,0.0,0.2631578947368421,0.13157894736842105,22.157894736842106
2023,9,19805,AA,10721,14107,BOS,PHX,91,0,0,0,91,0,23,6,107.0,0.0,0.0,0.25274725274725274,0.06593406593406594,1.1758241758241759
2023,9,19805,AA,10821,11298,BWI,DFW,90,0,1,0,89,0,12,4,-528.0,0.0,0.011111111111111112,0.1348314606741573,0.0449438202247191,-5.932584269662922
2023,9,19805,AA,10821,13303,BWI,MIA,30,0,0,0,30,0,1,0,-217.0,0.0,0.0,0.03333333333333333,0.0,-7.233333333333333
2023,9,19805,AA,10821,13930,BWI,ORD,30,0,0,0,30,0,2,2,-200.0,0.0,0.0,0.06666666666666667,0.06666666666666667,-6.666666666666667
2023,9,19805,AA,11278,10397,DCA,ATL,29,0,0,0,29,0,3,2,-160.0,0.0,0.0,0.10344827586206896,0.06896551724137931,-5.517241379310345
2023,9,19805,AA,11278,10721,DCA,BOS,174,7,0,0,167,0,73,41,6985.0,0.040229885057471264,0.0,0.437125748502994,0.24550898203592814,41.82634730538922
2023,9,19805,AA,11278,11298,DCA,DFW,262,2,1,0,259,0,26,11,-1327.0,0.007633587786259542,0.003816793893129771,0.10038610038610038,0.04247104247104247,-5.123552123552123
2023,9,19805,AA,11278,12889,DCA,LAS,30,0,1,0,29,0,2,0,-281.0,0.0,0.03333333333333333,0.06896551724137931,0.0,-9.689655172413794
2023,9,19805,AA,11278,12892,DCA,LAX,60,1,0,0,59,0,7,2,-377.0,0.016666666666666666,0.0,0.11864406779661017,0.03389830508474576,-6.389830508474576
2023,9,19805,AA,11278,12953,DCA,LGA,190,9,0,0,181,0,55,29,3888.0,0.04736842105263158,0.0,0.30386740331491713,0.16022099447513813,21.480662983425415
2023,9,19805,AA,11278,13204,DCA,MCO,150,3,0,0,147,0,24,8,571.0,0.02,0.0,0.16326530612244897,0.05442176870748299,3.8843537414965987
2023,9,19805,AA,11278,13303,DCA,MIA,262,4,2,0,256,0,56,20,1975.0,0.015267175572519083,0.007633587786259542,0.21875,0.078125,7.71484375
2023,9,19805,AA,11278,13930,DCA,ORD,235,3,0,0,232,0,43,19,-38.0,0.01276595744680851,0.0,0.1853448275862069,0.08189655172413793,-0.16379310344827586
2023,9,19805,AA,11278,14107,DCA,PHX,90,1,0,0,89,0,7,3,-329.0,0.011111111111111112,0.0,0.07865168539325842,0.033707865168539325,-3.696629213483146
2023,9,19805,AA,11278,14635,DCA,RSW,35,0,0,0,35,0,9,4,339.0,0.0,0.0,0.2571428571428571,0.11428571428571428,9.685714285714285
2023,9,19805,AA,11278,15016,DCA,STL,51,0,0,0,51,0,11,6,347.0,0.0,0.0,0.21568627450980393,0.11764705882352941,6.803921568627451
2023,9,19805,AA,11278,15304,DCA,TPA,120,1,0,0,119,0,16,9,262.0,0.008333333333333333,0.0,0.13445378151260504,0.07563025210084033,2.2016806722689077
2023,9,19805,AA,11292,11298,DEN,DFW,248,1,1,0,246,0,44,12,582.0,0.004032258064516129,0.004032258064516129,0.17886178861788618,0.04878048780487805,2.3658536585365852
2023,9,19805,AA,11292,12892,DEN,LAX,1,0,0,0,1,0,0,0,-11.0,0.0,0.0,0.0,0.0,-11.0
2023,9,19805,AA,11292,13303,DEN,MIA,58,0,3,0,55,0,9,1,-159.0,0.0,0.05172413793103448,0.16363636363636364,0.01818181818181818,-2.890909090909091
2023,9,19805,AA,11292,13930,DEN,ORD,81,0,0,0,81,0,12,7,962.0,0.0,0.0,0.14814814814814814,0.08641975308641975,11.876543209876543
2023,9,19805,AA,11292,14100,DEN,PHL,81,3,2,0,76,0,19,4,158.0,0.037037037037037035,0.024691358024691357,0.25,0.05263157894736842,2.0789473684210527
2023,9,19805,AA,11292,14107,DEN,PHX,84,0,0,0,84,0,14,9,605.0,0.0,0.0,0.16666666666666666,0.10714285714285714,7.2023809523809526
2023,9,19805,AA,11298,10397,DFW,ATL,219,1,0,0,218,0,42,12,625.0,0.0045662100456621,0.0,0.1926605504587156,0.05504587155963303,2.86697247706422
2023,9,19805,AA,11298,10721,DFW,BOS,199,5,2,0,192,0,49,17,2677.0,0.02512562814070352,0.010050251256281407,0.2552083333333333,0.08854166666666667,13.942708333333334
2023,9,19805,AA,11298,10821,DFW,BWI,91,0,1,0,90,0,21,4,78.0,0.0,0.01098901098901099,0.23333333333333334,0.044444444444444446,0.8666666666666667
2023,9,19805,AA,11298,11278,DFW,DCA,264,2,2,0,260,0,59,16,1339.0,0.007575757575757576,0.007575757575757576,0.22692307692307692,0.06153846153846154,5.15
2023,9,19805,AA,11298,11292,DFW,DEN,247,1,1,0,245,0,69,21,2315.0,0.004048582995951417,0.004048582995951417,0.2816326530612245,0.08571428571428572,9.448979591836734
2023,9,19805,AA,11298,11433,DFW,DTW,133,0,1,0,132,0,32,10,636.0,0.0,0.007518796992481203,0.24242424242424243,0.07575757575757576,4.818181818181818
2023,9,19805,AA,11298,11618,DFW,EWR,146,5,2,0,139,0,33,15,1334.0,0.03424657534246575,0.0136986301369863,0.23741007194244604,0.1079136690647482,9.597122302158274
2023,9,19805,AA,11298,11697,DFW,FLL,133,0,0,0,133,0,22,4,-560.0,0.0,0.0,0.16541353383458646,0.03007518796992481,-4.2105263157894735
2023,9,19805,AA,11298,12173,DFW,HNL,35,0,0,0,35,0,5,3,-162.0,0.0,0.0,0.14285714285714285,0.08571428571428572,-4.628571428571429
2023,9,19805,AA,11298,12266,DFW,IAH,190,0,0,0,190,0,49,21,2674.0,0.0,0.0,0.2578947368421053,0.11052631578947368,14.073684210526316
2023,9,19805,AA,11298,12478,DFW,JFK,115,3,2,0,110,0,34,10,1578.0,0.02608695652173913,0.017391304347826087,0.3090909090909091,0.09090909090909091,14.345454545454546
2023,9,19805,AA,11298,12889,DFW,LAS,302,1,1,0,300,0,96,31,4483.0,0.0033112582781456954,0.0033112582781456954,0.32,0.10333333333333333,14.943333333333333
2023,9,19805,AA,11298,12892,DFW,LAX,389,1,1,0,387,0,106,31,3641.0,0.002570694087403599,0.002570694087403599,0.2739018087855297,0.08010335917312661,9.408268733850129
2023,9,19805,AA,11298,12953,DFW,LGA,294,4,4,0,286,0,55,24,-275.0,0.013605442176870748,0.013605442176870748,0.19230769230769232,0.08391608391608392,-0.9615384615384616
2023,9,19805,AA,11298,13204,DFW,MCO,238,3,4,0,231,0,56,21,2223.0,0.012605042016806723,0.01680672268907563,0.24242424242424243,0.09090909090909091,9.623376623376624
2023,9,19805,AA,11298,13303,DFW,MIA,268,1,2,0,265,0,62,20,650.0,0.0037313432835820895,0.007462686567164179,0.2339622641509434,0.07547169811320754,2.452830188679245
2023,9,19805,AA,11298,13487,DFW,MSP,133,0,1,0,132,0,36,10,2169.0,0.0,0.007518796992481203,0.2727272727272727,0.07575757575757576,16.431818181818183
2023,9,19805,AA,11298,13930,DFW,ORD,310,0,1,0,309,0,56,20,1299.0,0.0,0.0032258064516129032,0.18122977346278318,0.06472491909385113,4.203883495145631
2023,9,19805,AA,11298,14100,DFW,PHL,255,4,1,0,250,0,47,10,754.0,0.01568627450980392,0.00392156862745098,0.188,0.04,3.016
2023,9,19805,AA,11298,14107,DFW,PHX,314,2,0,0,312,0,87,38,3671.0,0.006369426751592357,0.0,0.27884615384615385,0.12179487179487179,11.76602564102564
2023,9,19805,AA,11298,14635,DFW,RSW,76,0,0,0,76,0,16,8,285.0,0.0,0.0,0.21052631578947367,0.10526315789473684,3.75
2023,9,19805,AA,11298,14679,DFW,SAN,242,1,0,0,241,0,70,26,3920.0,0.004132231404958678,0.0,0.29045643153526973,0.1078838174273859,16.265560165975103
2023,9,19805,AA,11298,14747,DFW,SEA,212,0,0,0,212,0,55,15,3198.0,0.0,0.0,0.25943396226415094,0.07075471698113207,15.084905660377359
2023,9,19805,AA,11298,14771,DFW,SFO,235,0,1,0,234,0,68,21,2932.0,0.0,0.00425531914893617,0.2905982905982906,0.08974358974358974,12.52991452991453
2023,9,19805,AA,11298,14869,DFW,SLC,171,1,0,0,170,0,44,17,2375.0,0.005847953216374269,0.0,0.25882352941176473,0.1,13.970588235294118
2023,9,19805,AA,11298,15016,DFW,STL,135,0,1,0,134,0,29,10,1458.0,0.0,0.007407407407407408,0.21641791044776118,0.07462686567164178,10.880597014925373
2023,9,19805,AA,11298,15304,DFW,TPA,170,1,0,0,169,0,50,12,1560.0,0.0058823529411764705,0.0,0.2958579881656805,0.07100591715976332,9.23076923076923
2023,9,19805,AA,11433,11298,DTW,DFW,133,0,0,0,133,0,19,9,507.0,0.0,0.0,0.14285714285714285,0.06766917293233082,3.81203007518797
2023,9,19805,AA,11433,13303,DTW,MIA,30,0,0,0,30,0,2,0,-190.0,0.0,0.0,0.06666666666666667,0.0,-6.333333333333333
2023,9,19805,AA,11433,13930,DTW,ORD,25,0,0,0,25,0,5,3,265.0,0.0,0.0,0.2,0.12,10.6
2023,9,19805,AA,11433,14100,DTW,PHL,59,1,0,0,58,0,15,4,1020.0,0.01694915254237288,0.0,0.25862068965517243,0.06896551724137931,17.586206896551722
2023,9,19805,AA,11433,14107,DTW,PHX,54,0,0,0,54,0,9,3,-231.0,0.0,0.0,0.16666666666666666,0.05555555555555555,-4.277777777777778
2023,9,19805,AA,11618,11298,EWR,DFW,146,5,1,0,140,0,17,6,-486.0,0.03424657534246575,0.00684931506849315,0.12142857142857143,0.04285714285714286,-3.4714285714285715
2023,9,19805,AA,11618,13303,EWR,MIA,120,5,0,0,115,0,23,9,-45.0,0.041666666666666664,0.0,0.2,0.0782608695652174,-0.391304347826087
2023,9,19805,AA,11618,13930,EWR,ORD,68,3,0,0,65,0,9,5,-139.0,0.04411764705882353,0.0,0.13846153846153847,0.07692307692307693,-2.1384615384615384
2023,9,19805,AA,11618,14107,EWR,PHX,90,2,0,0,88,0,11,6,-397.0,0.022222222222222223,0.0,0.125,0.06818181818181818,-4.511363636363637
2023,9,19805,AA,11697,11298,FLL,DFW,133,1,1,0,131,0,16,4,-471.0,0.007518796992481203,0.007518796992481203,0.12213740458015267,0.030534351145038167,-3.595419847328244
2023,9,19805,AA,11697,14100,FLL,PHL,64,2,0,0,62,0,9,3,1225.0,0.03125,0.0,0.14516129032258066,0.04838709677419355,19.758064516129032
2023,9,19805,AA,12173,11298,HNL,DFW,35,0,0,0,35,0,0,0,-1066.0,0.0,0.0,0.0,0.0,-30.457142857142856
2023,9,19805,AA,12173,12892,HNL,LAX,90,0,0,0,90,0,3,1,-259.0,0.0,0.0,0.03333333333333333,0.011111111111111112,-2.8777777777777778
2023,9,19805,AA,12173,14107,HNL,PHX,30,0,0,0,30,0,0,0,-489.0,0.0,0.0,0.0,0.0,-16.3
2023,9,19805,AA,12266,11298,IAH,DFW,189,0,1,0,188,0,40,18,1651.0,0.0,0.005291005291005291,0.2127659574468085,0.09574468085106383,8.78191489361702
2023,9,19805,AA,12266,13303,IAH,MIA,74,0,0,0,74,0,13,5,164.0,0.0,0.0,0.17567567567567569,0.06756756756756757,2.2162162162162162
2023,9,19805,AA,12266,13930,IAH,ORD,48,0,0,0,48,0,8,1,-123.0,0.0,0.0,0.16666666666666666,0.020833333333333332,-2.5625
2023,9,19805,AA,12266,14100,IAH,PHL,56,0,0,0,56,0,8,3,-14.0,0.0,0.0,0.14285714285714285,0.05357142857142857,-0.25
2023,9,19805,AA,12266,14107,IAH,PHX,55,0,0,0,55,0,11,5,888.0,0.0,0.0,0.2,0.09090909090909091,16.145454545454545
2023,9,19805,AA,12478,11298,JFK,DFW,114,3,2,0,109,0,20,11,453.0,0.02631578947368421,0.017543859649122806,0.1834862385321101,0.10091743119266056,4.155963302752293
2023,9,19805,AA,12478,12892,JFK,LAX,270,5,0,0,265,0,42,23,604.0,0.018518518518518517,0.0,0.15849056603773584,0.08679245283018867,2.279245283018868
2023,9,19805,AA,12478,13303,JFK,MIA,274,1,2,0,271,0,68,26,2830.0,0.0036496350364963502,0.0072992700729927005,0.25092250922509224,0.0959409594095941,10.44280442804428
2023,9,19805,AA,12478,13930,JFK,ORD,60,3,0,0,57,0,10,5,-197.0,0.05,0.0,0.17543859649122806,0.08771929824561403,-3.456140350877193
2023,9,19805,AA,12478,14107,JFK,PHX,90,0,1,0,89,0,13,5,-406.0,0.0,0.011111111111111112,0.14606741573033707,0.056179775280898875,-4.561797752808989
2023,9,19805,AA,12478,14771,JFK,SFO,115,5,1,0,109,0,19,9,844.0,0.043478260869565216,0.008695652173913044,0.1743119266055046,0.08256880733944955,7.743119266055046
2023,9,19805,AA,12889,11278,LAS,DCA,30,0,0,0,30,0,9,4,608.0,0.0,0.0,0.3,0.13333333333333333,20.266666666666666
2023,9,19805,AA,12889,11298,LAS,DFW,301,1,1,0,299,0,51,14,-765.0,0.0033222591362126247,0.0033222591362126247,0.1705685618729097,0.046822742474916385,-2.5585284280936453
2023,9,19805,AA,12889,12892,LAS,LAX,78,0,0,0,78,0,16,4,347.0,0.0,0.0,0.20512820512820512,0.05128205128205128,4.448717948717949
2023,9,19805,AA,12889,13303,LAS,MIA,66,0,1,0,65,0,13,5,46.0,0.0,0.015151515151515152,0.2,0.07692307692307693,0.7076923076923077
2023,9,19805,AA,12889,13930,LAS,ORD,159,0,0,0,159,0,23,6,-966.0,0.0,0.0,0.14465408805031446,0.03773584905660377,-6.0754716981132075
2023,9,19805,AA,12889,14100,LAS,PHL,110,2,0,0,108,0,18,9,834.0,0.01818181818181818,0.0,0.16666666666666666,0.08333333333333333,7.722222222222222
2023,9,19805,AA,12889,14107,LAS,PHX,146,0,0,0,146,0,26,10,915.0,0.0,0.0,0.1780821917808219,0.0684931506849315,6.267123287671233
2023,9,19805,AA,12892,10397,LAX,ATL,60,0,0,0,60,0,4,3,224.0,0.0,0.0,0.06666666666666667,0.05,3.7333333333333334
2023,9,19805,AA,12892,10721,LAX,BOS,53,0,0,0,53,0,2,1,-460.0,0.0,0.0,0.03773584905660377,0.018867924528301886,-8.679245283018869
2023,9,19805,AA,12892,11278,LAX,DCA,60,1,1,0,58,0,11,2,-259.0,0.016666666666666666,0.016666666666666666,0.1896551724137931,0.034482758620689655,-4.4655172413793105
2023,9,19805,AA,12892,11292,LAX,DEN,1,0,0,0,1,0,0,0,-13.0,0.0,0.0,0.0,0.0,-13.0
2023,9,19805,AA,12892,11298,LAX,DFW,390,1,3,0,386,0,54,16,-1198.0,0.002564102564102564,0.007692307692307693,0.13989637305699482,0.04145077720207254,-3.1036269430051813
2023,9,19805,AA,12892,12173,LAX,HNL,90,0,0,0,90,0,10,2,-597.0,0.0,0.0,0.1111111111111111,0.022222222222222223,-6.633333333333334
2023,9,19805,AA,12892,12478,LAX,JFK,270,5,5,0,260,0,41,18,623.0,0.018518518518518517,0.018518518518518517,0.1576923076923077,0.06923076923076923,2.396153846153846
2023,9,19805,AA,12892,12889,LAX,LAS,79,0,1,0,78,0,23,6,1335.0,0.0,0.012658227848101266,0.2948717948717949,0.07692307692307693,17.115384615384617
2023,9,19805,AA,12892,13204,LAX,MCO,56,0,2,0,54,0,8,4,245.0,0.0,0.03571428571428571,0.14814814814814814,0.07407407407407407,4.537037037037037
2023,9,19805,AA,12892,13303,LAX,MIA,185,0,1,0,184,0,25,6,-2008.0,0.0,0.005405405405405406,0.1358695652173913,0.03260869565217391,-10.91304347826087
2023,9,19805,AA,12892,13930,LAX,ORD,241,0,0,0,241,0,21,10,-2037.0,0.0,0.0,0.08713692946058091,0.04149377593360996,-8.452282157676349
2023,9,19805,AA,12892,14100,LAX,PHL,210,4,0,0,206,0,29,11,-596.0,0.01904761904761905,0.0,0.1407766990291262,0.05339805825242718,-2.8932038834951457
2023,9,19805,AA,12892,14107,LAX,PHX,146,0,0,0,146,0,21,8,139.0,0.0,0.0,0.14383561643835616,0.0547945205479452,0.952054794520548
2023,9,19805,AA,12892,15016,LAX,STL,30,0,0,0,30,0,5,1,-42.0,0.0,0.0,0.16666666666666666,0.03333333333333333,-1.4
2023,9,19805,AA,12953,11278,LGA,DCA,190,11,0,0,179,0,44,16,1846.0,0.05789473684210526,0.0,0.24581005586592178,0.0893854748603352,10.312849162011172
2023,9,19805,AA,12953,11298,LGA,DFW,293,4,3,0,286,0,49,25,2342.0,0.013651877133105802,0.010238907849829351,0.17132867132867133,0.08741258741258741,8.188811188811188
2023,9,19805,AA,12953,13303,LGA,MIA,280,7,5,0,268,0,70,21,1644.0,0.025,0.017857142857142856,0.26119402985074625,0.07835820895522388,6.134328358208955
2023,9,19805,AA,12953,13930,LGA,ORD,226,10,0,0,216,0,43,19,1705.0,0.04424778761061947,0.0,0.19907407407407407,0.08796296296296297,7.893518518518518
2023,9,19805,AA,12953,15016,LGA,STL,46,1,0,0,45,0,14,7,1256.0,0.021739130434782608,0.0,0.3111111111111111,0.15555555555555556,27.91111111111111
2023,9,19805,AA,13204,11278,MCO,DCA,150,3,3,0,144,0,28,15,1230.0,0.02,0.02,0.19444444444444445,0.10416666666666667,8.541666666666666
2023,9,19805,AA,13204,11298,MCO,DFW,238,4,0,0,234,0,58,25,4897.0,0.01680672268907563,0.0,0.24786324786324787,0.10683760683760683,20.927350427350426
2023,9,19805,AA,13204,12892,MCO,LAX,56,0,1,0,55,0,15,5,1898.0,0.0,0.017857142857142856,0.2727272727272727,0.09090909090909091,34.50909090909091
2023,9,19805,AA,13204,13303,MCO,MIA,267,1,2,0,264,0,57,30,3296.0,0.003745318352059925,0.00749063670411985,0.2159090909090909,0.11363636363636363,12.484848484848484
2023,9,19805,AA,13204,13930,MCO,ORD,82,1,0,0,81,0,14,7,316.0,0.012195121951219513,0.0,0.1728395061728395,0.08641975308641975,3.9012345679012346
2023,9,19805,AA,13204,14100,MCO,PHL,208,7,0,0,201,0,49,29,6289.0,0.03365384615384615,0.0,0.24378109452736318,0.14427860696517414,31.28855721393035
2023,9,19805,AA,13204,14107,MCO,PHX,55,0,1,0,54,0,9,4,1147.0,0.0,0.01818181818181818,0.16666666666666666,0.07407407407407407,21.24074074074074
2023,9,19805,AA,13303,10397,MIA,ATL,93,0,0,0,93,0,36,19,3578.0,0.0,0.0,0.3870967741935484,0.20430107526881722,38.473118279569896
2023,9,19805,AA,13303,10721,MIA,BOS,149,2,0,0,147,0,52,17,2098.0,0.013422818791946308,0.0,0.35374149659863946,0.11564625850340136,14.272108843537415
2023,9,19805,AA,13303,10821,MIA,BWI,30,0,0,0,30,0,15,9,814.0,0.0,0.0,0.5,0.3,27.133333333333333
2023,9,19805,AA,13303,11278,MIA,DCA,260,4,1,0,255,0,65,25,1963.0,0.015384615384615385,0.0038461538461538464,0.2549019607843137,0.09803921568627451,7.698039215686275
2023,9,19805,AA,13303,11292,MIA,DEN,59,0,0,0,59,0,18,4,513.0,0.0,0.0,0.3050847457627119,0.06779661016949153,8.694915254237289
2023,9,19805,AA,13303,11298,MIA,DFW,272,1,2,0,269,0,69,33,4080.0,0.003676470588235294,0.007352941176470588,0.25650557620817843,0.12267657992565056,15.16728624535316
2023,9,19805,AA,13303,11433,MIA,DTW,30,0,0,0,30,0,10,4,883.0,0.0,0.0,0.3333333333333333,0.13333333333333333,29.433333333333334
2023,9,19805,AA,13303,11618,MIA,EWR,120,5,0,0,115,0,43,16,1983.0,0.041666666666666664,0.0,0.3739130434782609,0.1391304347826087,17.243478260869566
2023,9,19805,AA,13303,12266,MIA,IAH,72,0,0,0,72,0,20,9,756.0,0.0,0.0,0.2777777777777778,0.125,10.5
2023,9,19805,AA,13303,12478,MIA,JFK,274,1,2,0,271,0,82,33,3483.0,0.0036496350364963502,0.0072992700729927005,0.3025830258302583,0.12177121771217712,12.85239852398524
2023,9,19805,AA,13303,12889,MIA,LAS,65,0,0,0,65,0,18,10,1980.0,0.0,0.0,0.27692307692307694,0.15384615384615385,30.46153846153846
2023,9,19805,AA,13303,12892,MIA,LAX,187,0,1,0,186,0,65,29,4926.0,0.0,0.0053475935828877,0.34946236559139787,0.15591397849462366,26.483870967741936
2023,9,19805,AA,13303,12953,MIA,LGA,280,7,2,0,271,0,67,17,530.0,0.025,0.007142857142857143,0.24723247232472326,0.06273062730627306,1.955719557195572
2023,9,19805,AA,13303,13204,MIA,MCO,267,1,0,0,266,0,68,33,3653.0,0.003745318352059925,0.0,0.2556390977443609,0.12406015037593984,13.733082706766917
2023,9,19805,AA,13303,13487,MIA,MSP,5,0,0,0,5,0,0,0,-45.0,0.0,0.0,0.0,0.0,-9.0
2023,9,19805,AA,13303,13930,MIA,ORD,212,0,0,0,212,0,46,10,967.0,0.0,0.0,0.2169811320754717,0.04716981132075472,4.561320754716981
2023,9,19805,AA,13303,14100,MIA,PHL,211,1,0,0,210,0,64,29,4636.0,0.004739336492890996,0.0,0.3047619047619048,0.1380952380952381,22.076190476190476
2023,9,19805,AA,13303,14107,MIA,PHX,120,1,1,0,118,0,38,16,2098.0,0.008333333333333333,0.008333333333333333,0.3220338983050847,0.13559322033898305,17.779661016949152
2023,9,19805,AA,13303,14679,MIA,SAN,30,0,0,0,30,0,15,8,1868.0,0.0,0.0,0.5,0.26666666666666666,62.266666666666666
2023,9,19805,AA,13303,14747,MIA,SEA,30,0,0,0,30,0,15,6,739.0,0.0,0.0,0.5,0.2,24.633333333333333
2023,9,19805,AA,13303,14771,MIA,SFO,90,0,0,0,90,0,34,15,2625.0,0.0,0.0,0.37777777777777777,0.16666666666666666,29.166666666666668
2023,9,19805,AA,13303,15016,MIA,STL,30,0,0,0,30,0,7,4,317.0,0.0,0.0,0.23333333333333334,0.13333333333333333,10.566666666666666
2023,9,19805,AA,13303,15304,MIA,TPA,146,0,1,0,145,0,54,27,5850.0,0.0,0.00684931506849315,0.3724137931034483,0.18620689655172415,40.3448275862069
2023,9,19805,AA,13487,11298,MSP,DFW,134,0,0,0,134,0,29,12,1563.0,0.0,0.0,0.21641791044776118,0.08955223880597014,11.664179104477611
2023,9,19805,AA,13487,13303,MSP,MIA,5,0,0,0,5,0,1,0,-58.0,0.0,0.0,0.2,0.0,-11.6
2023,9,19805,AA,13487,13930,MSP,ORD,30,0,0,0,30,0,3,2,75.0,0.0,0.0,0.1,0.06666666666666667,2.5
2023,9,19805,AA,13487,14100,MSP,PHL,30,0,0,0,30,0,4,0,4.0,0.0,0.0,0.13333333333333333,0.0,0.13333333333333333
2023,9,19805,AA,13487,14107,MSP,PHX,55,1,0,0,54,0,3,0,-713.0,0.01818181818181818,0.0,0.05555555555555555,0.0,-13.203703703703704
2023,9,19805,AA,13930,10397,ORD,ATL,59,0,0,0,59,0,7,2,-435.0,0.0,0.0,0.11864406779661017,0.03389830508474576,-7.372881355932203
2023,9,19805,AA,13930,10721,ORD,BOS,141,0,1,0,140,0,52,20,3470.0,0.0,0.0070921985815602835,0.37142857142857144,0.14285714285714285,24.785714285714285
2023,9,19805,AA,13930,10821,ORD,BWI,30,0,0,0,30,0,10,1,179.0,0.0,0.0,0.3333333333333333,0.03333333333333333,5.966666666666667
2023,9,19805,AA,13930,11278,ORD,DCA,235,5,0,0,230,0,59,24,6157.0,0.02127659574468085,0.0,0.2565217391304348,0.10434782608695652,26.769565217391303
2023,9,19805,AA,13930,11292,ORD,DEN,81,0,0,0,81,0,20,7,686.0,0.0,0.0,0.24691358024691357,0.08641975308641975,8.469135802469136
2023,9,19805,AA,13930,11298,ORD,DFW,309,0,1,0,308,0,48,15,2279.0,0.0,0.003236245954692557,0.15584415584415584,0.048701298701298704,7.39935064935065
2023,9,19805,AA,13930,11433,ORD,DTW,25,0,0,0,25,0,5,3,344.0,0.0,0.0,0.2,0.12,13.76
2023,9,19805,AA,13930,11618,ORD,EWR,68,3,0,0,65,0,24,11,2318.0,0.04411764705882353,0.0,0.36923076923076925,0.16923076923076924,35.66153846153846
2023,9,19805,AA,13930,12266,ORD,IAH,48,0,0,0,48,0,8,2,-141.0,0.0,0.0,0.16666666666666666,0.041666666666666664,-2.9375
2023,9,19805,AA,13930,12478,ORD,JFK,60,3,0,0,57,0,20,8,1200.0,0.05,0.0,0.3508771929824561,0.14035087719298245,21.05263157894737
2023,9,19805,AA,13930,12889,ORD,LAS,160,0,0,0,160,0,28,4,-178.0,0.0,0.0,0.175,0.025,-1.1125
2023,9,19805,AA,13930,12892,ORD,LAX,245,0,1,0,244,0,55,13,1510.0,0.0,0.004081632653061225,0.22540983606557377,0.05327868852459016,6.188524590163935
2023,9,19805,AA,13930,12953,ORD,LGA,226,10,2,0,214,0,49,22,5567.0,0.04424778761061947,0.008849557522123894,0.22897196261682243,0.102803738317757,26.014018691588785
2023,9,19805,AA,13930,13204,ORD,MCO,82,0,2,0,80,0,13,2,-160.0,0.0,0.024390243902439025,0.1625,0.025,-2.0
2023,9,19805,AA,13930,13303,ORD,MIA,210,0,4,0,206,0,34,10,-28.0,0.0,0.01904761904761905,0.1650485436893204,0.04854368932038835,-0.13592233009708737
2023,9,19805,AA,13930,13487,ORD,MSP,30,0,0,0,30,0,10,2,351.0,0.0,0.0,0.3333333333333333,0.06666666666666667,11.7
2023,9,19805,AA,13930,14100,ORD,PHL,242,2,1,0,239,0,66,24,4855.0,0.008264462809917356,0.004132231404958678,0.27615062761506276,0.100418410041841,20.313807531380753
2023,9,19805,AA,13930,14107,ORD,PHX,235,0,0,0,235,0,31,11,728.0,0.0,0.0,0.13191489361702127,0.04680851063829787,3.097872340425532
2023,9,19805,AA,13930,14635,ORD,RSW,30,0,0,0,30,0,1,0,-312.0,0.0,0.0,0.03333333333333333,0.0,-10.4
2023,9,19805,AA,13930,14679,ORD,SAN,88,0,1,0,87,0,23,4,536.0,0.0,0.011363636363636364,0.26436781609195403,0.04597701149425287,6.160919540229885
2023,9,19805,AA,13930,14747,ORD,SEA,79,0,0,0,79,0,18,6,237.0,0.0,0.0,0.22784810126582278,0.0759493670886076,3.0
2023,9,19805,AA,13930,14771,ORD,SFO,80,0,0,0,80,0,17,3,70.0,0.0,0.0,0.2125,0.0375,0.875
2023,9,19805,AA,13930,14869,ORD,SLC,29,0,0,0,29,0,5,2,156.0,0.0,0.0,0.1724137931034483,0.06896551724137931,5.379310344827586
2023,9,19805,AA,13930,15016,ORD,STL,9,0,0,0,9,0,1,0,0.0,0.0,0.0,0.1111111111111111,0.0,0.0
2023,9,19805,AA,13930,15304,ORD,TPA,60,0,2,0,58,0,8,3,-42.0,0.0,0.03333333333333333,0.13793103448275862,0.05172413793103448,-0.7241379310344828
2023,9,19805,AA,14100,10397,PHL,ATL,88,0,0,0,88,0,24,15,1117.0,0.0,0.0,0.2727272727272727,0.17045454545454544,12.693181818181818
2023,9,19805,AA,14100,10721,PHL,BOS,234,6,0,0,228,0,71,35,4253.0,0.02564102564102564,0.0,0.31140350877192985,0.15350877192982457,18.653508771929825
2023,9,19805,AA,14100,11292,PHL,DEN,81,3,0,0,78,0,14,2,-401.0,0.037037037037037035,0.0,0.1794871794871795,0.02564102564102564,-5.141025641025641
2023,9,19805,AA,14100,11298,PHL,DFW,258,4,1,0,253,0,35,12,-332.0,0.015503875968992248,0.003875968992248062,0.1383399209486166,0.04743083003952569,-1.3122529644268774
2023,9,19805,AA,14100,11433,PHL,DTW,59,1,0,0,58,0,7,3,166.0,0.01694915254237288,0.0,0.1206896551724138,0.05172413793103448,2.8620689655172415
2023,9,19805,AA,14100,11697,PHL,FLL,64,2,0,0,62,0,15,6,277.0,0.03125,0.0,0.24193548387096775,0.0967741935483871,4.467741935483871
2023,9,19805,AA,14100,12266,PHL,IAH,56,0,0,0,56,0,21,10,1219.0,0.0,0.0,0.375,0.17857142857142858,21.767857142857142
2023,9,19805,AA,14100,12889,PHL,LAS,110,2,0,0,108,0,28,14,1624.0,0.01818181818181818,0.0,0.25925925925925924,0.12962962962962962,15.037037037037036
2023,9,19805,AA,14100,12892,PHL,LAX,210,4,1,0,205,0,37,13,1444.0,0.01904761904761905,0.004761904761904762,0.18048780487804877,0.06341463414634146,7.04390243902439
2023,9,19805,AA,14100,13204,PHL,MCO,208,7,2,0,199,0,52,26,3808.0,0.03365384615384615,0.009615384615384616,0.2613065326633166,0.1306532663316583,19.1356783919598
2023,9,19805,AA,14100,13303,PHL,MIA,210,1,4,0,205,0,65,24,2936.0,0.004761904761904762,0.01904761904761905,0.3170731707317073,0.11707317073170732,14.321951219512195
2023,9,19805,AA,14100,13487,PHL,MSP,30,0,0,0,30,0,0,0,-253.0,0.0,0.0,0.0,0.0,-8.433333333333334
2023,9,19805,AA,14100,13930,PHL,ORD,241,4,2,0,235,0,36,16,21.0,0.016597510373443983,0.008298755186721992,0.15319148936170213,0.06808510638297872,0.08936170212765958
2023,9,19805,AA,14100,14107,PHL,PHX,211,4,0,0,207,0,30,12,1315.0,0.018957345971563982,0.0,0.14492753623188406,0.057971014492753624,6.352657004830918
2023,9,19805,AA,14100,14635,PHL,RSW,59,0,0,0,59,0,14,8,879.0,0.0,0.0,0.23728813559322035,0.13559322033898305,14.898305084745763
2023,9,19805,AA,14100,14679,PHL,SAN,90,3,0,0,87,0,22,6,2060.0,0.03333333333333333,0.0,0.25287356321839083,0.06896551724137931,23.67816091954023
2023,9,19805,AA,14100,14747,PHL,SEA,60,1,0,0,59,0,13,3,239.0,0.016666666666666666,0.0,0.22033898305084745,0.05084745762711865,4.0508474576271185
2023,9,19805,AA,14100,14771,PHL,SFO,115,3,0,0,112,0,26,12,2076.0,0.02608695652173913,0.0,0.23214285714285715,0.10714285714285714,18.535714285714285
2023,9,19805,AA,14100,15016,PHL,STL,60,1,0,0,59,0,19,6,1677.0,0.016666666666666666,0.0,0.3220338983050847,0.1016949152542373,28.423728813559322
2023,9,19805,AA,14100,15304,PHL,TPA,119,0,0,0,119,0,21,9,57.0,0.0,0.0,0.17647058823529413,0.07563025210084033,0.4789915966386555
2023,9,19805,AA,14107,10397,PHX,ATL,54,0,0,0,54,0,9,3,-153.0,0.0,0.0,0.16666666666666666,0.05555555555555555,-2.8333333333333335
2023,9,19805,AA,14107,10721,PHX,BOS,91,0,0,0,91,0,15,3,-347.0,0.0,0.0,0.16483516483516483,0.03296703296703297,-3.8131868131868134
2023,9,19805,AA,14107,11278,PHX,DCA,90,1,1,0,88,0,9,2,-903.0,0.011111111111111112,0.011111111111111112,0.10227272727272728,0.022727272727272728,-10.261363636363637
2023,9,19805,AA,14107,11292,PHX,DEN,84,0,0,0,84,0,18,6,665.0,0.0,0.0,0.21428571428571427,0.07142857142857142,7.916666666666667
2023,9,19805,AA,14107,11298,PHX,DFW,315,2,0,0,313,0,52,21,2071.0,0.006349206349206349,0.0,0.16613418530351437,0.0670926517571885,6.616613418530352
2023,9,19805,AA,14107,11433,PHX,DTW,54,0,0,0,54,0,16,7,883.0,0.0,0.0,0.2962962962962963,0.12962962962962962,16.35185185185185
2023,9,19805,AA,14107,11618,PHX,EWR,90,2,1,0,87,0,22,6,1495.0,0.022222222222222223,0.011111111111111112,0.25287356321839083,0.06896551724137931,17.183908045977013
2023,9,19805,AA,14107,12173,PHX,HNL,30,0,0,0,30,0,3,0,-205.0,0.0,0.0,0.1,0.0,-6.833333333333333
2023,9,19805,AA,14107,12266,PHX,IAH,55,0,0,0,55,0,7,3,164.0,0.0,0.0,0.12727272727272726,0.05454545454545454,2.981818181818182
2023,9,19805,AA,14107,12478,PHX,JFK,90,0,1,0,89,0,12,6,142.0,0.0,0.011111111111111112,0.1348314606741573,0.06741573033707865,1.595505617977528
2023,9,19805,AA,14107,12889,PHX,LAS,146,0,0,0,146,0,33,9,1192.0,0.0,0.0,0.22602739726027396,0.06164383561643835,8.164383561643836
2023,9,19805,AA,14107,12892,PHX,LAX,145,0,0,0,145,0,14,5,196.0,0.0,0.0,0.09655172413793103,0.034482758620689655,1.3517241379310345
2023,9,19805,AA,14107,13204,PHX,MCO,55,0,0,0,55,0,10,3,-185.0,0.0,0.0,0.18181818181818182,0.05454545454545454,-3.3636363636363638
2023,9,19805,AA,14107,13303,PHX,MIA,120,1,1,0,118,0,16,2,-1234.0,0.008333333333333333,0.008333333333333333,0.13559322033898305,0.01694915254237288,-10.457627118644067
2023,9,19805,AA,14107,13487,PHX,MSP,56,0,0,0,56,0,8,3,-185.0,0.0,0.0,0.14285714285714285,0.05357142857142857,-3.3035714285714284
2023,9,19805,AA,14107,13930,PHX,ORD,234,0,0,0,234,0,25,11,-1363.0,0.0,0.0,0.10683760683760683,0.04700854700854701,-5.8247863247863245
2023,9,19805,AA,14107,14100,PHX,PHL,210,4,0,0,206,0,26,9,-326.0,0.01904761904761905,0.0,0.1262135922330097,0.043689320388349516,-1.5825242718446602
2023,9,19805,AA,14107,14679,PHX,SAN,143,1,0,0,142,0,19,4,-41.0,0.006993006993006993,0.0,0.13380281690140844,0.028169014084507043,-0.2887323943661972
2023,9,19805,AA,14107,14747,PHX,SEA,59,0,0,0,59,0,6,2,-343.0,0.0,0.0,0.1016949152542373,0.03389830508474576,-5.813559322033898
2023,9,19805,AA,14107,14771,PHX,SFO,109,0,0,0,109,0,14,4,733.0,0.0,0.0,0.12844036697247707,0.03669724770642202,6.724770642201835
2023,9,19805,AA,14107,14869,PHX,SLC,54,0,0,0,54,0,9,2,17.0,0.0,0.0,0.16666666666666666,0.037037037037037035,0.3148148148148148
2023,9,19805,AA,14107,15016,PHX,STL,44,0,0,0,44,0,4,2,707.0,0.0,0.0,0.09090909090909091,0.045454545454545456,16.068181818181817
2023,9,19805,AA,14107,15304,PHX,TPA,30,0,0,0,30,0,3,0,-424.0,0.0,0.0,0.1,0.0,-14.133333333333333
2023,9,19805,AA,14635,11278,RSW,DCA,35,0,0,0,35,0,7,5,288.0,0.0,0.0,0.2,0.14285714285714285,8.228571428571428
2023,9,19805,AA,14635,11298,RSW,DFW,76,0,0,0,76,0,12,5,1385.0,0.0,0.0,0.15789473684210525,0.06578947368421052,18.223684210526315
2023,9,19805,AA,14635,13930,RSW,ORD,30,0,0,0,30,0,2,0,-438.0,0.0,0.0,0.06666666666666667,0.0,-14.6
2023,9,19805,AA,14635,14100,RSW,PHL,59,0,0,0,59,0,8,2,2.0,0.0,0.0,0.13559322033898305,0.03389830508474576,0.03389830508474576
2023,9,19805,AA,14679,11298,SAN,DFW,241,1,0,0,240,0,38,17,-158.0,0.004149377593360996,0.0,0.15833333333333333,0.07083333333333333,-0.6583333333333333
2023,9,19805,AA,14679,13303,SAN,MIA,30,0,0,0,30,0,0,0,-774.0,0.0,0.0,0.0,0.0,-25.8
2023,9,19805,AA,14679,13930,SAN,ORD,88,0,0,0,88,0,11,2,-391.0,0.0,0.0,0.125,0.022727272727272728,-4.443181818181818
2023,9,19805,AA,14679,14100,SAN,PHL,90,3,0,0,87,0,8,1,-1130.0,0.03333333333333333,0.0,0.09195402298850575,0.011494252873563218,-12.988505747126437
2023,9,19805,AA,14679,14107,SAN,PHX,143,2,0,0,141,0,18,6,-541.0,0.013986013986013986,0.0,0.1276595744680851,0.0425531914893617,-3.8368794326241136
2023,9,19805,AA,14747,11298,SEA,DFW,212,0,1,0,211,0,42,19,3733.0,0.0,0.0047169811320754715,0.1990521327014218,0.09004739336492891,17.691943127962084
2023,9,19805,AA,14747,13303,SEA,MIA,30,0,0,0,30,0,12,4,480.0,0.0,0.0,0.4,0.13333333333333333,16.0
2023,9,19805,AA,14747,13930,SEA,ORD,80,0,0,0,80,0,18,4,405.0,0.0,0.0,0.225,0.05,5.0625
2023,9,19805,AA,14747,14100,SEA,PHL,60,2,0,0,58,0,14,5,2549.0,0.03333333333333333,0.0,0.2413793103448276,0.08620689655172414,43.94827586206897
2023,9,19805,AA,14747,14107,SEA,PHX,59,0,1,0,58,0,8,3,690.0,0.0,0.01694915254237288,0.13793103448275862,0.05172413793103448,11.89655172413793
2023,9,19805,AA,14771,11298,SFO,DFW,236,0,2,0,234,0,29,17,868.0,0.0,0.00847457627118644,0.12393162393162394,0.07264957264957266,3.7094017094017095
2023,9,19805,AA,14771,12478,SFO,JFK,115,5,2,0,108,0,16,13,1360.0,0.043478260869565216,0.017391304347826087,0.14814814814814814,0.12037037037037036,12.592592592592593
2023,9,19805,AA,14771,13303,SFO,MIA,90,0,0,0,90,0,9,5,-1080.0,0.0,0.0,0.1,0.05555555555555555,-12.0
2023,9,19805,AA,14771,13930,SFO,ORD,79,0,0,0,79,0,6,1,-718.0,0.0,0.0,0.0759493670886076,0.012658227848101266,-9.08860759493671
2023,9,19805,AA,14771,14100,SFO,PHL,114,4,1,0,109,0,14,5,22.0,0.03508771929824561,0.008771929824561403,0.12844036697247707,0.045871559633027525,0.2018348623853211
2023,9,19805,AA,14771,14107,SFO,PHX,108,0,0,0,108,0,13,6,80.0,0.0,0.0,0.12037037037037036,0.05555555555555555,0.7407407407407407
2023,9,19805,AA,14869,11298,SLC,DFW,171,1,0,0,170,0,23,5,-760.0,0.005847953216374269,0.0,0.13529411764705881,0.029411764705882353,-4.470588235294118
2023,9,19805,AA,14869,13930,SLC,ORD,29,0,0,0,29,0,6,2,188.0,0.0,0.0,0.20689655172413793,0.06896551724137931,6.482758620689655
2023,9,19805,AA,14869,14107,SLC,PHX,54,0,0,0,54,0,8,2,91.0,0.0,0.0,0.14814814814814814,0.037037037037037035,1.6851851851851851
2023,9,19805,AA,15016,11278,STL,DCA,50,0,0,0,50,0,10,3,407.0,0.0,0.0,0.2,0.06,8.14
2023,9,19805,AA,15016,11298,STL,DFW,135,0,0,0,135,0,28,7,631.0,0.0,0.0,0.2074074074074074,0.05185185185185185,4.674074074074074
2023,9,19805,AA,15016,12892,STL,LAX,30,0,0,0,30,0,13,7,3882.0,0.0,0.0,0.43333333333333335,0.23333333333333334,129.4
2023,9,19805,AA,15016,12953,STL,LGA,46,1,0,0,45,0,11,3,259.0,0.021739130434782608,0.0,0.24444444444444444,0.06666666666666667,5.7555555555555555
2023,9,19805,AA,15016,13303,STL,MIA,30,0,0,0,30,0,5,0,-186.0,0.0,0.0,0.16666666666666666,0.0,-6.2
2023,9,19805,AA,15016,13930,STL,ORD,9,0,0,0,9,0,2,1,31.0,0.0,0.0,0.2222222222222222,0.1111111111111111,3.4444444444444446
2023,9,19805,AA,15016,14100,STL,PHL,60,1,0,0,59,0,13,7,1579.0,0.016666666666666666,0.0,0.22033898305084745,0.11864406779661017,26.76271186440678
2023,9,19805,AA,15016,14107,STL,PHX,44,0,0,0,44,0,4,2,64.0,0.0,0.0,0.09090909090909091,0.045454545454545456,1.4545454545454546
2023,9,19805,AA,15304,11278,TPA,DCA,120,1,1,0,118,0,17,8,-314.0,0.008333333333333333,0.008333333333333333,0.1440677966101695,0.06779661016949153,-2.6610169491525424
2023,9,19805,AA,15304,11298,TPA,DFW,170,1,1,0,168,0,26,5,-122.0,0.0058823529411764705,0.0058823529411764705,0.15476190476190477,0.02976190476190476,-0.7261904761904762
2023,9,19805,AA,15304,13303,TPA,MIA,146,0,0,0,146,0,39,22,3731.0,0.0,0.0,0.2671232876712329,0.1506849315068493,25.554794520547944
2023,9,19805,AA,15304,13930,TPA,ORD,60,0,0,0,60,0,9,5,451.0,0.0,0.0,0.15,0.08333333333333333,7.516666666666667
2023,9,19805,AA,15304,14100,TPA,PHL,118,0,0,0,118,0,24,14,1545.0,0.0,0.0,0.2033898305084746,0.11864406779661017,13.09322033898305
2023,9,19805,AA,15304,14107,TPA,PHX,30,0,0,0,30,0,3,0,-309.0,0.0,0.0,0.1,0.0,-10.3
2023,9,19930,AS,10397,14747,ATL,SEA,108,0,0,0,108,0,17,5,-171.0,0.0,0.0,0.1574074074074074,0.046296296296296294,-1.5833333333333333
2023,9,19930,AS,10721,14679,BOS,SAN,30,0,0,0,30,0,14,6,877.0,0.0,0.0,0.4666666666666667,0.2,29.233333333333334
2023,9,19930,AS,10721,14747,BOS,SEA,118,0,0,0,118,0,20,5,-558.0,0.0,0.0,0.1694915254237288,0.0423728813559322,-4.728813559322034
2023,9,19930,AS,10721,14771,BOS,SFO,53,0,0,0,53,0,11,2,-254.0,0.0,0.0,0.20754716981132076,0.03773584905660377,-4.7924528301886795
2023,9,19930,AS,10821,14747,BWI,SEA,60,1,0,0,59,0,9,3,45.0,0.016666666666666666,0.0,0.15254237288135594,0.05084745762711865,0.7627118644067796
2023,9,19930,AS,11278,12892,DCA,LAX,30,0,0,0,30,0,5,0,31.0,0.0,0.0,0.16666666666666666,0.0,1.0333333333333334
2023,9,19930,AS,11278,14747,DCA,SEA,60,0,0,0,60,0,9,6,-113.0,0.0,0.0,0.15,0.1,-1.8833333333333333
2023,9,19930,AS,11278,14771,DCA,SFO,30,0,0,0,30,0,4,1,38.0,0.0,0.0,0.13333333333333333,0.03333333333333333,1.2666666666666666
2023,9,19930,AS,11292,14747,DEN,SEA,150,0,0,0,150,0,29,3,-174.0,0.0,0.0,0.19333333333333333,0.02,-1.16
2023,9,19930,AS,11298,14747,DFW,SEA,175,1,0,0,174,0,58,14,2875.0,0.005714285714285714,0.0,0.3333333333333333,0.08045977011494253,16.522988505747126
2023,9,19930,AS,11433,14747,DTW,SEA,62,0,0,0,62,0,10,1,88.0,0.0,0.0,0.16129032258064516,0.016129032258064516,1.4193548387096775
2023,9,19930,AS,11618,12892,EWR,LAX,89,5,0,0,84,0,28,14,2488.0,0.056179775280898875,0.0,0.3333333333333333,0.16666666666666666,29.61904761904762
2023,9,19930,AS,11618,14679,EWR,SAN,30,0,0,0,30,0,8,4,833.0,0.0,0.0,0.26666666666666666,0.13333333333333333,27.766666666666666
2023,9,19930,AS,11618,14747,EWR,SEA,89,3,0,0,86,0,17,6,296.0,0.033707865168539325,0.0,0.19767441860465115,0.06976744186046512,3.441860465116279
2023,9,19930,AS,11618,14771,EWR,SFO,89,1,0,0,88,0,21,9,619.0,0.011235955056179775,0.0,0.23863636363636365,0.10227272727272728,7.034090909090909
2023,9,19930,AS,11697,14747,FLL,SEA,30,0,0,0,30,0,10,1,227.0,0.0,0.0,0.3333333333333333,0.03333333333333333,7.566666666666666
2023,9,19930,AS,12173,12892,HNL,LAX,30,0,0,0,30,0,9,2,590.0,0.0,0.0,0.3,0.06666666666666667,19.666666666666668
2023,9,19930,AS,12173,14679,HNL,SAN,30,0,0,0,30,0,2,0,-228.0,0.0,0.0,0.06666666666666667,0.0,-7.6
2023,9,19930,AS,12173,14747,HNL,SEA,150,2,0,0,148,0,28,5,74.0,0.013333333333333334,0.0,0.1891891891891892,0.033783783783783786,0.5
2023,9,19930,AS,12173,14771,HNL,SFO,60,1,0,0,59,0,11,1,120.0,0.016666666666666666,0.0,0.1864406779661017,0.01694915254237288,2.0338983050847457
2023,9,19930,AS,12266,14747,IAH,SEA,85,0,0,0,85,0,17,4,205.0,0.0,0.0,0.2,0.047058823529411764,2.411764705882353
2023,9,19930,AS,12478,14679,JFK,SAN,60,2,0,0,58,0,16,10,1000.0,0.03333333333333333,0.0,0.27586206896551724,0.1724137931034483,17.24137931034483
2023,9,19930,AS,12478,14747,JFK,SEA,120,2,0,0,118,0,16,8,-508.0,0.016666666666666666,0.0,0.13559322033898305,0.06779661016949153,-4.305084745762712
2023,9,19930,AS,12478,14771,JFK,SFO,149,2,0,0,147,0,31,17,1298.0,0.013422818791946308,0.0,0.2108843537414966,0.11564625850340136,8.829931972789115
2023,9,19930,AS,12889,12892,LAS,LAX,32,1,0,0,31,0,9,4,380.0,0.03125,0.0,0.2903225806451613,0.12903225806451613,12.258064516129032
2023,9,19930,AS,12889,14747,LAS,SEA,227,1,0,0,226,0,51,14,1381.0,0.004405286343612335,0.0,0.22566371681415928,0.061946902654867256,6.110619469026549
2023,9,19930,AS,12889,14771,LAS,SFO,54,0,0,0,54,0,3,0,-454.0,0.0,0.0,0.05555555555555555,0.0,-8.407407407407407
2023,9,19930,AS,12892,11278,LAX,DCA,30,0,0,0,30,0,4,2,148.0,0.0,0.0,0.13333333333333333,0.06666666666666667,4.933333333333334
2023,9,19930,AS,12892,11618,LAX,EWR,88,3,1,0,84,0,29,14,1992.0,0.03409090909090909,0.011363636363636364,0.34523809523809523,0.16666666666666666,23.714285714285715
2023,9,19930,AS,12892,12173,LAX,HNL,30,0,0,0,30,0,3,0,-296.0,0.0,0.0,0.1,0.0,-9.866666666666667
2023,9,19930,AS,12892,12889,LAX,LAS,32,1,0,0,31,0,6,3,359.0,0.03125,0.0,0.1935483870967742,0.0967741935483871,11.580645161290322
2023,9,19930,AS,12892,14747,LAX,SEA,299,1,0,0,298,0,58,23,3720.0,0.0033444816053511705,0.0,0.19463087248322147,0.07718120805369127,12.483221476510067
2023,9,19930,AS,12892,14771,LAX,SFO,32,0,0,0,32,0,3,1,-185.0,0.0,0.0,0.09375,0.03125,-5.78125
2023,9,19930,AS,13204,14679,MCO,SAN,30,0,0,0,30,0,8,4,414.0,0.0,0.0,0.26666666666666666,0.13333333333333333,13.8
2023,9,19930,AS,13204,14747,MCO,SEA,90,0,0,0,90,0,21,8,385.0,0.0,0.0,0.23333333333333334,0.08888888888888889,4.277777777777778
2023,9,19930,AS,13204,14771,MCO,SFO,30,0,0,0,30,0,8,3,549.0,0.0,0.0,0.26666666666666666,0.1,18.3
2023,9,19930,AS,13303,14747,MIA,SEA,30,0,0,0,30,0,6,0,-87.0,0.0,0.0,0.2,0.0,-2.9
2023,9,19930,AS,13487,14747,MSP,SEA,77,0,1,0,76,0,9,1,-188.0,0.0,0.012987012987012988,0.11842105263157894,0.013157894736842105,-2.473684210526316
2023,9,19930,AS,13796,14747,OAK,SEA,64,0,0,0,64,0,8,0,-580.0,0.0,0.0,0.125,0.0,-9.0625
2023,9,19930,AS,13930,14747,ORD,SEA,194,0,0,0,194,0,49,13,1539.0,0.0,0.0,0.25257731958762886,0.06701030927835051,7.93298969072165
2023,9,19930,AS,13930,14771,ORD,SFO,51,0,0,0,51,0,12,2,103.0,0.0,0.0,0.23529411764705882,0.0392156862745098,2.019607843137255
2023,9,19930,AS,14100,14747,PHL,SEA,60,0,0,0,60,0,11,4,-302.0,0.0,0.0,0.18333333333333332,0.06666666666666667,-5.033333333333333
2023,9,19930,AS,14107,14747,PHX,SEA,257,1,0,0,256,0,26,6,-855.0,0.0038910505836575876,0.0,0.1015625,0.0234375,-3.33984375
2023,9,19930,AS,14635,14747,RSW,SEA,9,0,0,0,9,0,0,0,-70.0,0.0,0.0,0.0,0.0,-7.777777777777778
2023,9,19930,AS,14679,10721,SAN,BOS,30,0,2,0,28,0,8,3,318.0,0.0,0.06666666666666667,0.2857142857142857,0.10714285714285714,11.357142857142858
2023,9,19930,AS,14679,11618,SAN,EWR,30,0,2,0,28,0,7,0,122.0,0.0,0.06666666666666667,0.25,0.0,4.357142857142857
2023,9,19930,AS,14679,12173,SAN,HNL,30,0,0,0,30,0,8,0,107.0,0.0,0.0,0.26666666666666666,0.0,3.566666666666667
2023,9,19930,AS,14679,12478,SAN,JFK,60,1,2,0,57,0,7,3,-463.0,0.016666666666666666,0.03333333333333333,0.12280701754385964,0.05263157894736842,-8.12280701754386
2023,9,19930,AS,14679,13204,SAN,MCO,30,0,1,0,29,0,5,2,-47.0,0.0,0.03333333333333333,0.1724137931034483,0.06896551724137931,-1.6206896551724137
2023,9,19930,AS,14679,14747,SAN,SEA,257,1,0,0,256,0,31,4,-1579.0,0.0038910505836575876,0.0,0.12109375,0.015625,-6.16796875
2023,9,19930,AS,14679,14771,SAN,SFO,1,0,0,0,1,0,0,0,11.0,0.0,0.0,0.0,0.0,11.0
2023,9,19930,AS,14747,10397,SEA,ATL,108,0,0,0,108,0,15,5,71.0,0.0,0.0,0.1388888888888889,0.046296296296296294,0.6574074074074074
2023,9,19930,AS,14747,10721,SEA,BOS,116,0,0,0,116,0,40,9,1774.0,0.0,0.0,0.3448275862068966,0.07758620689655173,15.293103448275861
2023,9,19930,AS,14747,10821,SEA,BWI,60,0,1,0,59,0,3,1,-168.0,0.0,0.016666666666666666,0.05084745762711865,0.01694915254237288,-2.847457627118644
2023,9,19930,AS,14747,11278,SEA,DCA,60,0,0,0,60,0,15,3,452.0,0.0,0.0,0.25,0.05,7.533333333333333
2023,9,19930,AS,14747,11292,SEA,DEN,150,0,0,0,150,0,30,2,264.0,0.0,0.0,0.2,0.013333333333333334,1.76
2023,9,19930,AS,14747,11298,SEA,DFW,175,0,1,0,174,0,40,5,1213.0,0.0,0.005714285714285714,0.22988505747126436,0.028735632183908046,6.971264367816092
2023,9,19930,AS,14747,11433,SEA,DTW,62,0,0,0,62,0,9,1,352.0,0.0,0.0,0.14516129032258066,0.016129032258064516,5.67741935483871
2023,9,19930,AS,14747,11618,SEA,EWR,90,0,1,0,89,0,24,3,429.0,0.0,0.011111111111111112,0.2696629213483146,0.033707865168539325,4.820224719101123
2023,9,19930,AS,14747,11697,SEA,FLL,30,0,0,0,30,0,8,1,33.0,0.0,0.0,0.26666666666666666,0.03333333333333333,1.1
2023,9,19930,AS,14747,12173,SEA,HNL,150,0,1,0,149,0,28,5,-6.0,0.0,0.006666666666666667,0.18791946308724833,0.03355704697986577,-0.040268456375838924
2023,9,19930,AS,14747,12266,SEA,IAH,85,0,1,0,84,0,24,5,635.0,0.0,0.011764705882352941,0.2857142857142857,0.05952380952380952,7.559523809523809
2023,9,19930,AS,14747,12478,SEA,JFK,119,0,2,0,117,0,39,14,2539.0,0.0,0.01680672268907563,0.3333333333333333,0.11965811965811966,21.700854700854702
2023,9,19930,AS,14747,12889,SEA,LAS,227,1,0,0,226,0,52,14,1689.0,0.004405286343612335,0.0,0.23008849557522124,0.061946902654867256,7.4734513274336285
2023,9,19930,AS,14747,12892,SEA,LAX,305,1,0,0,304,0,81,18,3408.0,0.003278688524590164,0.0,0.26644736842105265,0.05921052631578947,11.210526315789474
2023,9,19930,AS,14747,13204,SEA,MCO,90,0,0,0,90,0,14,1,101.0,0.0,0.0,0.15555555555555556,0.011111111111111112,1.1222222222222222
2023,9,19930,AS,14747,13303,SEA,MIA,30,0,0,0,30,0,5,1,-49.0,0.0,0.0,0.16666666666666666,0.03333333333333333,-1.6333333333333333
2023,9,19930,AS,14747,13487,SEA,MSP,77,0,0,0,77,0,10,2,331.0,0.0,0.0,0.12987012987012986,0.025974025974025976,4.298701298701299
2023,9,19930,AS,14747,13796,SEA,OAK,64,0,0,0,64,0,16,2,391.0,0.0,0.0,0.25,0.03125,6.109375
2023,9,19930,AS,14747,13930,SEA,ORD,193,0,1,0,192,0,45,7,984.0,0.0,0.0051813471502590676,0.234375,0.036458333333333336,5.125
2023,9,19930,AS,14747,14100,SEA,PHL,60,0,2,0,58,0,13,0,190.0,0.0,0.03333333333333333,0.22413793103448276,0.0,3.2758620689655173
2023,9,19930,AS,14747,14107,SEA,PHX,256,1,0,0,255,0,59,10,1746.0,0.00390625,0.0,0.23137254901960785,0.0392156862745098,6.847058823529411
2023,9,19930,AS,14747,14635,SEA,RSW,10,0,0,0,10,0,2,0,7.0,0.0,0.0,0.2,0.0,0.7
2023,9,19930,AS,14747,14679,SEA,SAN,261,0,0,0,261,0,47,9,878.0,0.0,0.0,0.18007662835249041,0.034482758620689655,3.363984674329502
2023,9,19930,AS,14747,14771,SEA,SFO,270,2,0,0,268,0,65,8,1383.0,0.007407407407407408,0.0,0.24253731343283583,0.029850746268656716,5.16044776119403
2023,9,19930,AS,14747,14869,SEA,SLC,111,1,0,0,110,0,18,2,268.0,0.009009009009009009,0.0,0.16363636363636364,0.01818181818181818,2.4363636363636365
2023,9,19930,AS,14747,15016,SEA,STL,85,1,0,0,84,0,14,3,223.0,0.011764705882352941,0.0,0.16666666666666666,0.03571428571428571,2.6547619047619047
2023,9,19930,AS,14747,15304,SEA,TPA,60,0,0,0,60,0,11,2,-96.0,0.0,0.0,0.18333333333333332,0.03333333333333333,-1.6
2023,9,19930,AS,14771,10721,SFO,BOS,52,0,0,0,52,0,14,4,302.0,0.0,0.0,0.2692307692307692,0.07692307692307693,5.8076923076923075
2023,9,19930,AS,14771,11278,SFO,DCA,30,0,1,0,29,0,3,0,-140.0,0.0,0.03333333333333333,0.10344827586206896,0.0,-4.827586206896552
2023,9,19930,AS,14771,11618,SFO,EWR,87,0,1,0,86,0,28,6,1066.0,0.0,0.011494252873563218,0.32558139534883723,0.06976744186046512,12.395348837209303
2023,9,19930,AS,14771,12173,SFO,HNL,60,0,1,0,59,0,5,0,-247.0,0.0,0.016666666666666666,0.0847457627118644,0.0,-4.186440677966102
2023,9,19930,AS,14771,12478,SFO,JFK,150,1,2,0,147,0,41,16,2225.0,0.006666666666666667,0.013333333333333334,0.2789115646258503,0.10884353741496598,15.136054421768707
2023,9,19930,AS,14771,12889,SFO,LAS,54,0,0,0,54,0,10,3,286.0,0.0,0.0,0.18518518518518517,0.05555555555555555,5.296296296296297
2023,9,19930,AS,14771,12892,SFO,LAX,31,0,0,0,31,0,0,0,-503.0,0.0,0.0,0.0,0.0,-16.225806451612904
2023,9,19930,AS,14771,13204,SFO,MCO,30,0,0,0,30,0,7,2,45.0,0.0,0.0,0.23333333333333334,0.06666666666666667,1.5
2023,9,19930,AS,14771,13930,SFO,ORD,50,0,0,0,50,0,7,3,3.0,0.0,0.0,0.14,0.06,0.06
2023,9,19930,AS,14771,14747,SFO,SEA,268,2,0,0,266,0,43,11,211.0,0.007462686567164179,0.0,0.16165413533834586,0.041353383458646614,0.793233082706767
2023,9,19930,AS,14869,14747,SLC,SEA,111,1,0,0,110,0,21,4,114.0,0.009009009009009009,0.0,0.19090909090909092,0.03636363636363636,1.0363636363636364
2023,9,19930,AS,15016,14747,STL,SEA,85,1,0,0,84,0,9,1,-561.0,0.011764705882352941,0.0,0.10714285714285714,0.011904761904761904,-6.678571428571429
2023,9,19930,AS,15304,14747,TPA,SEA,60,1,0,0,59,0,14,3,732.0,0.016666666666666666,0.0,0.23728813559322035,0.05084745762711865,12.40677966101695
2023,9,19977,UA,10397,11292,ATL,DEN,100,1,0,0,99,0,10,3,-14.0,0.01,0.0,0.10101010101010101,0.030303030303030304,-0.1414141414141414
2023,9,19977,UA,10397,11618,ATL,EWR,195,6,0,0,189,0,36,15,1374.0,0.03076923076923077,0.0,0.19047619047619047,0.07936507936507936,7.26984126984127
2023,9,19977,UA,10397,12266,ATL,IAH,137,2,0,0,135,0,24,8,437.0,0.014598540145985401,0.0,0.17777777777777778,0.05925925925925926,3.237037037037037
2023,9,19977,UA,10397,13930,ATL,ORD,145,0,0,0,145,0,23,1,130.0,0.0,0.0,0.15862068965517243,0.006896551724137931,0.896551724137931
2023,9,19977,UA,10397,14771,ATL,SFO,56,0,1,0,55,0,9,3,272.0,0.0,0.017857142857142856,0.16363636363636364,0.05454545454545454,4.945454545454545
2023,9,19977,UA,10721,11292,BOS,DEN,163,3,0,0,160,0,17,8,-1957.0,0.018404907975460124,0.0,0.10625,0.05,-12.23125
2023,9,19977,UA,10721,11618,BOS,EWR,235,22,1,0,212,0,67,21,3219.0,0.09361702127659574,0.00425531914893617,0.3160377358490566,0.09905660377358491,15.183962264150944
2023,9,19977,UA,10721,12266,BOS,IAH,107,3,0,0,104,0,25,11,1085.0,0.028037383177570093,0.0,0.2403846153846154,0.10576923076923077,10.432692307692308
2023,9,19977,UA,10721,12892,BOS,LAX,60,2,0,0,58,0,7,4,-212.0,0.03333333333333333,0.0,0.1206896551724138,0.06896551724137931,-3.6551724137931036
2023,9,19977,UA,10721,13930,BOS,ORD,195,6,0,0,189,0,40,18,714.0,0.03076923076923077,0.0,0.21164021164021163,0.09523809523809523,3.7777777777777777
2023,9,19977,UA,10721,14771,BOS,SFO,174,7,0,0,167,0,24,11,-946.0,0.040229885057471264,0.0,0.1437125748502994,0.0658682634730539,-5.664670658682635
2023,9,19977,UA,10821,11292,BWI,DEN,98,0,0,0,98,0,10,6,-568.0,0.0,0.0,0.10204081632653061,0.061224489795918366,-5.795918367346939
2023,9,19977,UA,10821,12266,BWI,IAH,50,0,0,0,50,0,8,1,-220.0,0.0,0.0,0.16,0.02,-4.4
2023,9,19977,UA,10821,12892,BWI,LAX,30,0,0,0,30,0,2,0,-462.0,0.0,0.0,0.06666666666666667,0.0,-15.4
2023,9,19977,UA,10821,13930,BWI,ORD,89,1,0,0,88,0,13,5,1200.0,0.011235955056179775,0.0,0.14772727272727273,0.056818181818181816,13.636363636363637
2023,9,19977,UA,10821,14771,BWI,SFO,59,0,0,0,59,0,7,0,-712.0,0.0,0.0,0.11864406779661017,0.0,-12.067796610169491
2023,9,19977,UA,11278,11292,DCA,DEN,30,0,0,0,30,0,6,2,134.0,0.0,0.0,0.2,0.06666666666666667,4.466666666666667
2023,9,19977,UA,11278,12266,DCA,IAH,169,1,0,0,168,0,27,11,2253.0,0.005917159763313609,0.0,0.16071428571428573,0.06547619047619048,13.410714285714286
2023,9,19977,UA,11278,13930,DCA,ORD,254,3,0,0,251,0,38,12,2142.0,0.011811023622047244,0.0,0.15139442231075698,0.04780876494023904,8.533864541832669
2023,9,19977,UA,11278,14771,DCA,SFO,30,1,1,0,28,0,3,0,-281.0,0.03333333333333333,0.03333333333333333,0.10714285714285714,0.0,-10.035714285714286
2023,9,19977,UA,11292,10397,DEN,ATL,100,1,0,0,99,0,15,4,170.0,0.01,0.0,0.15151515151515152,0.04040404040404041,1.7171717171717171
2023,9,19977,UA,11292,10721,DEN,BOS,163,3,2,0,158,0,54,18,2986.0,0.018404907975460124,0.012269938650306749,0.34177215189873417,0.11392405063291139,18.89873417721519
2023,9,19977,UA,11292,10821,DEN,BWI,98,0,0,0,98,0,21,6,366.0,0.0,0.0,0.21428571428571427,0.061224489795918366,3.7346938775510203
2023,9,19977,UA,11292,11278,DEN,DCA,30,0,0,0,30,0,5,2,47.0,0.0,0.0,0.16666666666666666,0.06666666666666667,1.5666666666666667
2023,9,19977,UA,11292,11298,DEN,DFW,158,0,0,0,158,0,20,7,43.0,0.0,0.0,0.12658227848101267,0.04430379746835443,0.2721518987341772
2023,9,19977,UA,11292,11433,DEN,DTW,60,0,0,0,60,0,10,2,225.0,0.0,0.0,0.16666666666666666,0.03333333333333333,3.75
2023,9,19977,UA,11292,11618,DEN,EWR,296,10,4,0,282,0,75,28,3489.0,0.033783783783783786,0.013513513513513514,0.26595744680851063,0.09929078014184398,12.372340425531915
2023,9,19977,UA,11292,11697,DEN,FLL,60,0,1,0,59,0,5,1,-155.0,0.0,0.016666666666666666,0.0847457627118644,0.01694915254237288,-2.6271186440677967
2023,9,19977,UA,11292,12173,DEN,HNL,35,0,0,0,35,0,5,3,118.0,0.0,0.0,0.14285714285714285,0.08571428571428572,3.3714285714285714
2023,9,19977,UA,11292,12266,DEN,IAH,328,2,1,0,325,0,56,15,-424.0,0.006097560975609756,0.003048780487804878,0.1723076923076923,0.046153846153846156,-1.3046153846153845
2023,9,19977,UA,11292,12889,DEN,LAS,217,0,0,0,217,0,41,16,1385.0,0.0,0.0,0.1889400921658986,0.07373271889400922,6.382488479262673
2023,9,19977,UA,11292,12892,DEN,LAX,267,2,0,0,265,0,41,16,158.0,0.00749063670411985,0.0,0.15471698113207547,0.06037735849056604,0.5962264150943396
2023,9,19977,UA,11292,12953,DEN,LGA,195,3,3,0,189,0,47,17,2073.0,0.015384615384615385,0.015384615384615385,0.24867724867724866,0.08994708994708994,10.968253968253968
2023,9,19977,UA,11292,13204,DEN,MCO,142,0,3,0,139,0,13,6,-979.0,0.0,0.02112676056338028,0.09352517985611511,0.04316546762589928,-7.043165467625899
2023,9,19977,UA,11292,13303,DEN,MIA,34,0,1,0,33,0,10,3,291.0,0.0,0.029411764705882353,0.30303030303030304,0.09090909090909091,8.818181818181818
2023,9,19977,UA,11292,13487,DEN,MSP,144,0,1,0,143,0,32,9,987.0,0.0,0.006944444444444444,0.22377622377622378,0.06293706293706294,6.9020979020979025
2023,9,19977,UA,11292,13930,DEN,ORD,297,0,0,0,297,0,47,16,1542.0,0.0,0.0,0.15824915824915825,0.05387205387205387,5.191919191919192
2023,9,19977,UA,11292,14100,DEN,PHL,104,1,0,0,103,0,30,8,1419.0,0.009615384615384616,0.0,0.2912621359223301,0.07766990291262135,13.776699029126213
2023,9,19977,UA,11292,14107,DEN,PHX,144,0,0,0,144,0,23,12,339.0,0.0,0.0,0.1597222222222222,0.08333333333333333,2.3541666666666665
2023,9,19977,UA,11292,14635,DEN,RSW,30,0,0,0,30,0,3,1,-79.0,0.0,0.0,0.1,0.03333333333333333,-2.6333333333333333
2023,9,19977,UA,11292,14679,DEN,SAN,193,0,1,0,192,0,32,5,-163.0,0.0,0.0051813471502590676,0.16666666666666666,0.026041666666666668,-0.8489583333333334
2023,9,19977,UA,11292,14747,DEN,SEA,178,0,0,0,178,0,22,7,-586.0,0.0,0.0,0.12359550561797752,0.03932584269662921,-3.292134831460674
2023,9,19977,UA,11292,14771,DEN,SFO,269,2,0,0,267,0,40,13,-75.0,0.007434944237918215,0.0,0.149812734082397,0.04868913857677903,-0.2808988764044944
2023,9,19977,UA,11292,14869,DEN,SLC,88,0,0,0,88,0,11,5,-99.0,0.0,0.0,0.125,0.056818181818181816,-1.125
2023,9,19977,UA,11292,15016,DEN,STL,119,0,0,0,119,0,24,7,770.0,0.0,0.0,0.20168067226890757,0.058823529411764705,6.470588235294118
2023,9,19977,UA,11292,15304,DEN,TPA,90,0,1,0,89,0,11,5,312.0,0.0,0.011111111111111112,0.12359550561797752,0.056179775280898875,3.50561797752809
2023,9,19977,UA,11298,11292,DFW,DEN,159,0,0,0,159,0,41,17,2198.0,0.0,0.0,0.2578616352201258,0.1069182389937107,13.823899371069182
2023,9,19977,UA,11298,11618,DFW,EWR,145,7,1,0,137,0,27,15,2242.0,0.04827586206896552,0.006896551724137931,0.19708029197080293,0.10948905109489052,16.364963503649633
2023,9,19977,UA,11298,12266,DFW,IAH,146,0,0,0,146,0,38,11,2266.0,0.0,0.0,0.2602739726027397,0.07534246575342465,15.520547945205479
2023,9,19977,UA,11298,13930,DFW,ORD,168,2,0,0,166,0,24,10,2280.0,0.011904761904761904,0.0,0.14457831325301204,0.060240963855421686,13.734939759036145
2023,9,19977,UA,11298,14771,DFW,SFO,60,1,0,0,59,0,18,5,744.0,0.016666666666666666,0.0,0.3050847457627119,0.0847457627118644,12.610169491525424
2023,9,19977,UA,11433,11292,DTW,DEN,59,0,0,0,59,0,6,5,46.0,0.0,0.0,0.1016949152542373,0.0847457627118644,0.7796610169491526
2023,9,19977,UA,11433,11618,DTW,EWR,25,2,0,0,23,0,5,2,973.0,0.08,0.0,0.21739130434782608,0.08695652173913043,42.30434782608695
2023,9,19977,UA,11433,12266,DTW,IAH,51,2,0,0,49,0,11,4,281.0,0.0392156862745098,0.0,0.22448979591836735,0.08163265306122448,5.73469387755102
2023,9,19977,UA,11433,12889,DTW,LAS,1,0,0,0,1,0,0,0,-8.0,0.0,0.0,0.0,0.0,-8.0
2023,9,19977,UA,11433,13930,DTW,ORD,66,2,0,0,64,0,12,2,274.0,0.030303030303030304,0.0,0.1875,0.03125,4.28125
2023,9,19977,UA,11433,14747,DTW,SEA,1,0,0,0,1,0,1,0,16.0,0.0,0.0,1.0,0.0,16.0
2023,9,19977,UA,11618,10397,EWR,ATL,196,6,0,0,190,0,45,17,1451.0,0.030612244897959183,0.0,0.23684210526315788,0.08947368421052632,7.636842105263158
2023,9,19977,UA,11618,10721,EWR,BOS,232,20,0,0,212,0,56,26,2803.0,0.08620689655172414,0.0,0.2641509433962264,0.12264150943396226,13.221698113207546
2023,9,19977,UA,11618,11292,EWR,DEN,297,12,0,0,285,0,42,23,-46.0,0.04040404040404041,0.0,0.14736842105263157,0.08070175438596491,-0.16140350877192983
2023,9,19977,UA,11618,11298,EWR,DFW,145,6,1,0,138,0,31,14,1693.0,0.041379310344827586,0.006896551724137931,0.2246376811594203,0.10144927536231885,12.268115942028986
2023,9,19977,UA,11618,11433,EWR,DTW,26,1,0,0,25,0,5,2,88.0,0.038461538461538464,0.0,0.2,0.08,3.52
2023,9,19977,UA,11618,11697,EWR,FLL,152,5,1,0,146,0,34,9,125.0,0.03289473684210526,0.006578947368421052,0.2328767123287671,0.06164383561643835,0.8561643835616438
2023,9,19977,UA,11618,12173,EWR,HNL,2,0,0,0,2,0,0,0,-30.0,0.0,0.0,0.0,0.0,-15.0
2023,9,19977,UA,11618,12266,EWR,IAH,298,12,1,0,285,0,59,26,2921.0,0.040268456375838924,0.003355704697986577,0.20701754385964913,0.0912280701754386,10.249122807017544
2023,9,19977,UA,11618,12889,EWR,LAS,210,3,0,0,207,0,43,25,1752.0,0.014285714285714285,0.0,0.20772946859903382,0.12077294685990338,8.46376811594203
2023,9,19977,UA,11618,12892,EWR,LAX,264,7,2,0,255,0,66,34,3671.0,0.026515151515151516,0.007575757575757576,0.25882352941176473,0.13333333333333333,14.39607843137255
2023,9,19977,UA,11618,13204,EWR,MCO,275,9,3,0,263,0,74,30,5299.0,0.03272727272727273,0.01090909090909091,0.2813688212927757,0.11406844106463879,20.14828897338403
2023,9,19977,UA,11618,13303,EWR,MIA,120,9,1,0,110,0,43,17,2184.0,0.075,0.008333333333333333,0.39090909090909093,0.15454545454545454,19.854545454545455
2023,9,19977,UA,11618,13487,EWR,MSP,89,4,0,0,85,0,17,5,-204.0,0.0449438202247191,0.0,0.2,0.058823529411764705,-2.4
2023,9,19977,UA,11618,13930,EWR,ORD,350,13,0,0,337,0,69,33,2170.0,0.037142857142857144,0.0,0.20474777448071216,0.09792284866468842,6.439169139465875
2023,9,19977,UA,11618,14107,EWR,PHX,116,3,0,0,113,0,16,8,-631.0,0.02586206896551724,0.0,0.1415929203539823,0.07079646017699115,-5.584070796460177
2023,9,19977,UA,11618,14635,EWR,RSW,94,3,0,0,91,0,20,7,792.0,0.031914893617021274,0.0,0.21978021978021978,0.07692307692307693,8.703296703296703
2023,9,19977,UA,11618,14679,EWR,SAN,120,6,0,0,114,0,17,7,-332.0,0.05,0.0,0.14912280701754385,0.06140350877192982,-2.912280701754386
2023,9,19977,UA,11618,14747,EWR,SEA,117,2,1,0,114,0,28,17,1759.0,0.017094017094017096,0.008547008547008548,0.24561403508771928,0.14912280701754385,15.429824561403509
2023,9,19977,UA,11618,14771,EWR,SFO,266,7,0,0,259,0,55,24,1275.0,0.02631578947368421,0.0,0.21235521235521235,0.09266409266409266,4.922779922779923
2023,9,19977,UA,11618,14869,EWR,SLC,30,2,0,0,28,0,7,2,287.0,0.06666666666666667,0.0,0.25,0.07142857142857142,10.25
2023,9,19977,UA,11618,15016,EWR,STL,32,1,0,0,31,0,3,0,-240.0,0.03125,0.0,0.0967741935483871,0.0,-7.741935483870968
2023,9,19977,UA,11618,15304,EWR,TPA,153,6,0,0,147,0,30,14,268.0,0.0392156862745098,0.0,0.20408163265306123,0.09523809523809523,1.8231292517006803
2023,9,19977,UA,11697,11292,FLL,DEN,60,0,0,0,60,0,7,2,-51.0,0.0,0.0,0.11666666666666667,0.03333333333333333,-0.85
2023,9,19977,UA,11697,11618,FLL,EWR,151,5,1,0,145,0,27,12,1078.0,0.033112582781456956,0.006622516556291391,0.18620689655172415,0.08275862068965517,7.43448275862069
2023,9,19977,UA,11697,12266,FLL,IAH,89,0,0,0,89,0,18,8,522.0,0.0,0.0,0.20224719101123595,0.0898876404494382,5.865168539325842
2023,9,19977,UA,11697,13930,FLL,ORD,90,0,0,0,90,0,20,3,-12.0,0.0,0.0,0.2222222222222222,0.03333333333333333,-0.13333333333333333
2023,9,19977,UA,11697,14771,FLL,SFO,7,0,0,0,7,0,1,1,607.0,0.0,0.0,0.14285714285714285,0.14285714285714285,86.71428571428571
2023,9,19977,UA,12173,11292,HNL,DEN,35,0,0,0,35,0,2,0,-471.0,0.0,0.0,0.05714285714285714,0.0,-13.457142857142857
2023,9,19977,UA,12173,11618,HNL,EWR,2,0,0,0,2,0,0,0,-16.0,0.0,0.0,0.0,0.0,-8.0
2023,9,19977,UA,12173,12266,HNL,IAH,30,0,0,0,30,0,3,0,-358.0,0.0,0.0,0.1,0.0,-11.933333333333334
2023,9,19977,UA,12173,12892,HNL,LAX,95,0,0,0,95,0,12,7,792.0,0.0,0.0,0.12631578947368421,0.07368421052631578,8.336842105263157
2023,9,19977,UA,12173,13930,HNL,ORD,30,1,0,0,29,0,1,0,-338.0,0.03333333333333333,0.0,0.034482758620689655,0.0,-11.655172413793103
2023,9,19977,UA,12173,14771,HNL,SFO,103,0,0,0,103,0,15,3,-399.0,0.0,0.0,0.14563106796116504,0.02912621359223301,-3.8737864077669903
2023,9,19977,UA,12266,10397,IAH,ATL,137,1,0,0,136,0,28,9,1249.0,0.0072992700729927005,0.0,0.20588235294117646,0.0661764705882353,9.183823529411764
2023,9,19977,UA,12266,10721,IAH,BOS,108,2,1,0,105,0,27,13,1225.0,0.018518518518518517,0.009259259259259259,0.2571428571428571,0.12380952380952381,11.666666666666666
2023,9,19977,UA,12266,10821,IAH,BWI,50,0,0,0,50,0,9,3,85.0,0.0,0.0,0.18,0.06,1.7
2023,9,19977,UA,12266,11278,IAH,DCA,169,1,1,0,167,0,41,12,987.0,0.005917159763313609,0.005917159763313609,0.24550898203592814,0.0718562874251497,5.910179640718563
2023,9,19977,UA,12266,11292,IAH,DEN,329,2,0,0,327,0,52,22,942.0,0.0060790273556231,0.0,0.15902140672782875,0.0672782874617737,2.8807339449541285
2023,9,19977,UA,12266,11298,IAH,DFW,147,0,1,0,146,0,60,19,3272.0,0.0,0.006802721088435374,0.410958904109589,0.13013698630136986,22.410958904109588
2023,9,19977,UA,12266,11433,IAH,DTW,51,2,0,0,49,0,11,5,342.0,0.0392156862745098,0.0,0.22448979591836735,0.10204081632653061,6.979591836734694
2023,9,19977,UA,12266,11618,IAH,EWR,297,14,0,0,283,0,65,28,3167.0,0.04713804713804714,0.0,0.22968197879858657,0.0989399293286219,11.190812720848056
2023,9,19977,UA,12266,11697,IAH,FLL,89,0,0,0,89,0,11,1,-355.0,0.0,0.0,0.12359550561797752,0.011235955056179775,-3.9887640449438204
2023,9,19977,UA,12266,12173,IAH,HNL,30,0,0,0,30,0,6,0,39.0,0.0,0.0,0.2,0.0,1.3
2023,9,19977,UA,12266,12889,IAH,LAS,152,1,1,0,150,0,32,8,450.0,0.006578947368421052,0.006578947368421052,0.21333333333333335,0.05333333333333334,3.0
2023,9,19977,UA,12266,12892,IAH,LAX,293,0,0,0,293,0,34,11,-366.0,0.0,0.0,0.11604095563139932,0.03754266211604096,-1.2491467576791808
2023,9,19977,UA,12266,12953,IAH,LGA,136,1,1,0,134,0,31,14,509.0,0.007352941176470588,0.007352941176470588,0.23134328358208955,0.1044776119402985,3.798507462686567
2023,9,19977,UA,12266,13204,IAH,MCO,151,0,0,0,151,0,32,19,1555.0,0.0,0.0,0.2119205298013245,0.12582781456953643,10.298013245033113
2023,9,19977,UA,12266,13303,IAH,MIA,86,0,1,0,85,0,16,4,329.0,0.0,0.011627906976744186,0.18823529411764706,0.047058823529411764,3.8705882352941177
2023,9,19977,UA,12266,13487,IAH,MSP,56,0,0,0,56,0,13,3,498.0,0.0,0.0,0.23214285714285715,0.05357142857142857,8.892857142857142
2023,9,19977,UA,12266,13930,IAH,ORD,299,0,0,0,299,0,51,13,1327.0,0.0,0.0,0.1705685618729097,0.043478260869565216,4.438127090301004
2023,9,19977,UA,12266,14100,IAH,PHL,82,0,0,0,82,0,11,3,-253.0,0.0,0.0,0.13414634146341464,0.036585365853658534,-3.0853658536585367
2023,9,19977,UA,12266,14107,IAH,PHX,88,0,0,0,88,0,21,9,1654.0,0.0,0.0,0.23863636363636365,0.10227272727272728,18.795454545454547
2023,9,19977,UA,12266,14635,IAH,RSW,32,0,0,0,32,0,6,1,94.0,0.0,0.0,0.1875,0.03125,2.9375
2023,9,19977,UA,12266,14679,IAH,SAN,168,0,0,0,168,0,22,6,-10.0,0.0,0.0,0.13095238095238096,0.03571428571428571,-0.05952380952380952
2023,9,19977,UA,12266,14747,IAH,SEA,93,0,0,0,93,0,19,7,302.0,0.0,0.0,0.20430107526881722,0.07526881720430108,3.247311827956989
2023,9,19977,UA,12266,14771,IAH,SFO,266,0,0,0,266,0,51,19,1236.0,0.0,0.0,0.19172932330827067,0.07142857142857142,4.646616541353383
2023,9,19977,UA,12266,14869,IAH,SLC,80,0,0,0,80,0,22,5,595.0,0.0,0.0,0.275,0.0625,7.4375
2023,9,19977,UA,12266,15016,IAH,STL,60,0,0,0,60,0,17,10,934.0,0.0,0.0,0.2833333333333333,0.16666666666666666,15.566666666666666
2023,9,19977,UA,12266,15304,IAH,TPA,90,0,0,0,90,0,18,10,420.0,0.0,0.0,0.2,0.1111111111111111,4.666666666666667
2023,9,19977,UA,12889,11292,LAS,DEN,216,1,0,0,215,0,31,12,-394.0,0.004629629629629629,0.0,0.14418604651162792,0.05581395348837209,-1.8325581395348838
2023,9,19977,UA,12889,11433,LAS,DTW,1,0,0,0,1,0,0,0,-19.0,0.0,0.0,0.0,0.0,-19.0
2023,9,19977,UA,12889,11618,LAS,EWR,210,4,2,0,204,0,48,29,3733.0,0.01904761904761905,0.009523809523809525,0.23529411764705882,0.14215686274509803,18.29901960784314
2023,9,19977,UA,12889,12266,LAS,IAH,152,2,1,0,149,0,15,4,86.0,0.013157894736842105,0.006578947368421052,0.10067114093959731,0.026845637583892617,0.5771812080536913
2023,9,19977,UA,12889,12892,LAS,LAX,117,2,0,0,115,0,23,10,1383.0,0.017094017094017096,0.0,0.2,0.08695652173913043,12.02608695652174
2023,9,19977,UA,12889,13930,LAS,ORD,159,0,0,0,159,0,20,6,-167.0,0.0,0.0,0.12578616352201258,0.03773584905660377,-1.050314465408805
2023,9,19977,UA,12889,14771,LAS,SFO,173,2,0,0,171,0,40,13,2521.0,0.011560693641618497,0.0,0.23391812865497075,0.07602339181286549,14.742690058479532
2023,9,19977,UA,12892,10721,LAX,BOS,60,2,1,0,57,0,6,3,-283.0,0.03333333333333333,0.016666666666666666,0.10526315789473684,0.05263157894736842,-4.964912280701754
2023,9,19977,UA,12892,10821,LAX,BWI,30,0,0,0,30,0,2,0,-438.0,0.0,0.0,0.06666666666666667,0.0,-14.6
2023,9,19977,UA,12892,11292,LAX,DEN,266,2,1,0,263,0,23,6,-2125.0,0.007518796992481203,0.0037593984962406013,0.08745247148288973,0.022813688212927757,-8.079847908745247
2023,9,19977,UA,12892,11618,LAX,EWR,264,7,4,0,253,0,64,24,2131.0,0.026515151515151516,0.015151515151515152,0.25296442687747034,0.09486166007905138,8.422924901185771
2023,9,19977,UA,12892,12173,LAX,HNL,95,0,0,0,95,0,16,6,890.0,0.0,0.0,0.16842105263157894,0.06315789473684211,9.368421052631579
2023,9,19977,UA,12892,12266,LAX,IAH,293,0,0,0,293,0,19,6,-3403.0,0.0,0.0,0.06484641638225255,0.020477815699658702,-11.61433447098976
2023,9,19977,UA,12892,12889,LAX,LAS,119,2,1,0,116,0,18,5,50.0,0.01680672268907563,0.008403361344537815,0.15517241379310345,0.04310344827586207,0.43103448275862066
2023,9,19977,UA,12892,13204,LAX,MCO,60,0,0,0,60,0,5,2,-752.0,0.0,0.0,0.08333333333333333,0.03333333333333333,-12.533333333333333
2023,9,19977,UA,12892,13930,LAX,ORD,265,3,0,0,262,0,16,4,-2746.0,0.011320754716981131,0.0,0.061068702290076333,0.015267175572519083,-10.48091603053435
2023,9,19977,UA,12892,14107,LAX,PHX,58,0,0,0,58,0,4,2,-201.0,0.0,0.0,0.06896551724137931,0.034482758620689655,-3.4655172413793105
2023,9,19977,UA,12892,14679,LAX,SAN,7,0,0,0,7,0,0,0,-94.0,0.0,0.0,0.0,0.0,-13.428571428571429
2023,9,19977,UA,12892,14747,LAX,SEA,58,0,0,0,58,0,5,1,-386.0,0.0,0.0,0.08620689655172414,0.017241379310344827,-6.655172413793103
2023,9,19977,UA,12892,14771,LAX,SFO,267,2,0,0,265,0,49,8,-498.0,0.00749063670411985,0.0,0.18490566037735848,0.03018867924528302,-1.879245283018868
2023,9,19977,UA,12892,15304,LAX,TPA,30,0,0,0,30,0,3,0,-673.0,0.0,0.0,0.1,0.0,-22.433333333333334
2023,9,19977,UA,12953,11292,LGA,DEN,196,6,1,0,189,0,24,11,-451.0,0.030612244897959183,0.00510204081632653,0.12698412698412698,0.0582010582010582,-2.386243386243386
2023,9,19977,UA,12953,12266,LGA,IAH,136,1,0,0,135,0,19,4,178.0,0.007352941176470588,0.0,0.14074074074074075,0.02962962962962963,1.3185185185185184
2023,9,19977,UA,12953,13930,LGA,ORD,343,13,0,0,330,0,51,30,2011.0,0.037900874635568516,0.0,0.15454545454545454,0.09090909090909091,6.093939393939394
2023,9,19977,UA,13204,11292,MCO,DEN,143,0,0,0,143,0,15,9,-535.0,0.0,0.0,0.1048951048951049,0.06293706293706294,-3.7412587412587412
2023,9,19977,UA,13204,11618,MCO,EWR,274,9,1,0,264,0,57,28,2065.0,0.032846715328467155,0.0036496350364963502,0.2159090909090909,0.10606060606060606,7.821969696969697
2023,9,19977,UA,13204,12266,MCO,IAH,151,0,0,0,151,0,24,12,979.0,0.0,0.0,0.15894039735099338,0.07947019867549669,6.483443708609271
2023,9,19977,UA,13204,12892,MCO,LAX,60,0,0,0,60,0,9,6,379.0,0.0,0.0,0.15,0.1,6.316666666666666
2023,9,19977,UA,13204,13930,MCO,ORD,144,1,0,0,143,0,29,11,1634.0,0.006944444444444444,0.0,0.20279720279720279,0.07692307692307693,11.426573426573427
2023,9,19977,UA,13204,14771,MCO,SFO,60,0,0,0,60,0,11,6,350.0,0.0,0.0,0.18333333333333332,0.1,5.833333333333333
2023,9,19977,UA,13303,11292,MIA,DEN,35,0,1,0,34,0,13,2,624.0,0.0,0.02857142857142857,0.38235294117647056,0.058823529411764705,18.352941176470587
2023,9,19977,UA,13303,11618,MIA,EWR,119,9,0,0,110,0,38,15,2431.0,0.07563025210084033,0.0,0.34545454545454546,0.13636363636363635,22.1
2023,9,19977,UA,13303,12266,MIA,IAH,86,1,0,0,85,0,23,2,484.0,0.011627906976744186,0.0,0.27058823529411763,0.023529411764705882,5.694117647058824
2023,9,19977,UA,13303,13930,MIA,ORD,68,1,0,0,67,0,13,4,270.0,0.014705882352941176,0.0,0.19402985074626866,0.05970149253731343,4.029850746268656
2023,9,19977,UA,13303,14771,MIA,SFO,6,0,0,0,6,0,0,0,-55.0,0.0,0.0,0.0,0.0,-9.166666666666666
2023,9,19977,UA,13487,11292,MSP,DEN,144,0,0,0,144,0,10,3,-1484.0,0.0,0.0,0.06944444444444445,0.020833333333333332,-10.305555555555555
2023,9,19977,UA,13487,11618,MSP,EWR,88,5,0,0,83,0,19,8,1990.0,0.056818181818181816,0.0,0.2289156626506024,0.0963855421686747,23.97590361445783
2023,9,19977,UA,13487,12266,MSP,IAH,56,0,1,0,55,0,4,1,-521.0,0.0,0.017857142857142856,0.07272727272727272,0.01818181818181818,-9.472727272727273
2023,9,19977,UA,13487,13930,MSP,ORD,192,1,0,0,191,0,37,12,858.0,0.005208333333333333,0.0,0.193717277486911,0.06282722513089005,4.492146596858639
2023,9,19977,UA,13487,14771,MSP,SFO,30,0,0,0,30,0,2,0,-452.0,0.0,0.0,0.06666666666666667,0.0,-15.066666666666666
2023,9,19977,UA,13930,10397,ORD,ATL,145,0,0,0,145,0,23,6,220.0,0.0,0.0,0.15862068965517243,0.041379310344827586,1.5172413793103448
2023,9,19977,UA,13930,10721,ORD,BOS,195,5,1,0,189,0,59,21,3244.0,0.02564102564102564,0.005128205128205128,0.31216931216931215,0.1111111111111111,17.164021164021165
2023,9,19977,UA,13930,10821,ORD,BWI,89,1,1,0,87,0,26,4,1146.0,0.011235955056179775,0.011235955056179775,0.2988505747126437,0.04597701149425287,13.172413793103448
2023,9,19977,UA,13930,11278,ORD,DCA,254,3,2,0,249,0,52,11,1944.0,0.011811023622047244,0.007874015748031496,0.20883534136546184,0.04417670682730924,7.807228915662651
2023,9,19977,UA,13930,11292,ORD,DEN,296,1,0,0,295,0,37,15,-688.0,0.0033783783783783786,0.0,0.12542372881355932,0.05084745762711865,-2.3322033898305086
2023,9,19977,UA,13930,11298,ORD,DFW,168,2,1,0,165,0,36,10,797.0,0.011904761904761904,0.005952380952380952,0.21818181818181817,0.06060606060606061,4.83030303030303
2023,9,19977,UA,13930,11433,ORD,DTW,65,2,0,0,63,0,7,2,-112.0,0.03076923076923077,0.0,0.1111111111111111,0.031746031746031744,-1.7777777777777777
2023,9,19977,UA,13930,11618,ORD,EWR,350,12,1,0,337,0,86,42,4549.0,0.03428571428571429,0.002857142857142857,0.2551928783382789,0.12462908011869436,13.498516320474778
2023,9,19977,UA,13930,11697,ORD,FLL,90,0,0,0,90,0,15,6,-70.0,0.0,0.0,0.16666666666666666,0.06666666666666667,-0.7777777777777778
2023,9,19977,UA,13930,12173,ORD,HNL,30,1,0,0,29,0,2,0,-355.0,0.03333333333333333,0.0,0.06896551724137931,0.0,-12.241379310344827
2023,9,19977,UA,13930,12266,ORD,IAH,297,0,0,0,297,0,47,10,-108.0,0.0,0.0,0.15824915824915825,0.03367003367003367,-0.36363636363636365
2023,9,19977,UA,13930,12889,ORD,LAS,160,0,2,0,158,0,33,9,458.0,0.0,0.0125,0.2088607594936709,0.056962025316455694,2.8987341772151898
2023,9,19977,UA,13930,12892,ORD,LAX,265,3,0,0,262,0,40,10,-341.0,0.011320754716981131,0.0,0.15267175572519084,0.03816793893129771,-1.3015267175572518
2023,9,19977,UA,13930,12953,ORD,LGA,343,13,2,0,328,0,81,30,3546.0,0.037900874635568516,0.0058309037900874635,0.24695121951219512,0.09146341463414634,10.810975609756097
2023,9,19977,UA,13930,13204,ORD,MCO,144,0,1,0,143,0,27,13,976.0,0.0,0.006944444444444444,0.1888111888111888,0.09090909090909091,6.825174825174825
2023,9,19977,UA,13930,13303,ORD,MIA,68,1,0,0,67,0,12,3,69.0,0.014705882352941176,0.0,0.1791044776119403,0.04477611940298507,1.0298507462686568
2023,9,19977,UA,13930,13487,ORD,MSP,191,0,0,0,191,0,44,4,969.0,0.0,0.0,0.23036649214659685,0.020942408376963352,5.0732984293193715
2023,9,19977,UA,13930,14100,ORD,PHL,144,4,0,0,140,0,43,4,1014.0,0.027777777777777776,0.0,0.30714285714285716,0.02857142857142857,7.242857142857143
2023,9,19977,UA,13930,14107,ORD,PHX,143,0,0,0,143,0,21,6,-754.0,0.0,0.0,0.14685314685314685,0.04195804195804196,-5.2727272727272725
2023,9,19977,UA,13930,14635,ORD,RSW,91,0,0,0,91,0,13,3,-231.0,0.0,0.0,0.14285714285714285,0.03296703296703297,-2.5384615384615383
2023,9,19977,UA,13930,14679,ORD,SAN,143,0,0,0,143,0,19,4,-328.0,0.0,0.0,0.13286713286713286,0.027972027972027972,-2.2937062937062938
2023,9,19977,UA,13930,14747,ORD,SEA,143,0,0,0,143,0,12,3,-1570.0,0.0,0.0,0.08391608391608392,0.02097902097902098,-10.979020979020978
2023,9,19977,UA,13930,14771,ORD,SFO,303,1,0,0,302,0,44,12,13.0,0.0033003300330033004,0.0,0.1456953642384106,0.039735099337748346,0.04304635761589404
2023,9,19977,UA,13930,14869,ORD,SLC,79,0,0,0,79,0,14,3,-232.0,0.0,0.0,0.17721518987341772,0.0379746835443038,-2.9367088607594938
2023,9,19977,UA,13930,15016,ORD,STL,34,0,0,0,34,0,4,1,169.0,0.0,0.0,0.11764705882352941,0.029411764705882353,4.970588235294118
2023,9,19977,UA,13930,15304,ORD,TPA,91,0,0,0,91,0,19,2,211.0,0.0,0.0,0.2087912087912088,0.02197802197802198,2.318681318681319
2023,9,19977,UA,14100,11292,PHL,DEN,104,1,0,0,103,0,14,3,-104.0,0.009615384615384616,0.0,0.13592233009708737,0.02912621359223301,-1.0097087378640777
2023,9,19977,UA,14100,12266,PHL,IAH,82,0,0,0,82,0,11,3,-193.0,0.0,0.0,0.13414634146341464,0.036585365853658534,-2.3536585365853657
2023,9,19977,UA,14100,13930,PHL,ORD,144,4,0,0,140,0,19,9,310.0,0.027777777777777776,0.0,0.1357142857142857,0.06428571428571428,2.2142857142857144
2023,9,19977,UA,14100,14771,PHL,SFO,30,0,0,0,30,0,2,0,-293.0,0.0,0.0,0.06666666666666667,0.0,-9.766666666666667
2023,9,19977,UA,14107,11292,PHX,DEN,142,0,0,0,142,0,16,6,-774.0,0.0,0.0,0.11267605633802817,0.04225352112676056,-5.450704225352113
2023,9,19977,UA,14107,11618,PHX,EWR,116,3,0,0,113,0,28,11,558.0,0.02586206896551724,0.0,0.24778761061946902,0.09734513274336283,4.938053097345133
2023,9,19977,UA,14107,12266,PHX,IAH,89,0,0,0,89,0,8,4,314.0,0.0,0.0,0.0898876404494382,0.0449438202247191,3.5280898876404496
2023,9,19977,UA,14107,12892,PHX,LAX,54,0,0,0,54,0,4,2,-229.0,0.0,0.0,0.07407407407407407,0.037037037037037035,-4.2407407407407405
2023,9,19977,UA,14107,13930,PHX,ORD,143,1,0,0,142,0,20,9,-222.0,0.006993006993006993,0.0,0.14084507042253522,0.06338028169014084,-1.5633802816901408
2023,9,19977,UA,14107,14771,PHX,SFO,90,0,0,0,90,0,5,1,-733.0,0.0,0.0,0.05555555555555555,0.011111111111111112,-8.144444444444444
2023,9,19977,UA,14635,11292,RSW,DEN,30,0,0,0,30,0,8,3,181.0,0.0,0.0,0.26666666666666666,0.1,6.033333333333333
2023,9,19977,UA,14635,11618,RSW,EWR,93,2,0,0,91,0,17,8,29.0,0.021505376344086023,0.0,0.18681318681318682,0.08791208791208792,0.31868131868131866
2023,9,19977,UA,14635,12266,RSW,IAH,32,0,0,0,32,0,10,2,335.0,0.0,0.0,0.3125,0.0625,10.46875
2023,9,19977,UA,14635,13930,RSW,ORD,90,0,0,0,90,0,13,1,-599.0,0.0,0.0,0.14444444444444443,0.011111111111111112,-6.655555555555556
2023,9,19977,UA,14679,11292,SAN,DEN,190,0,0,0,190,0,14,6,-1714.0,0.0,0.0,0.07368421052631578,0.031578947368421054,-9.021052631578947
2023,9,19977,UA,14679,11618,SAN,EWR,119,6,0,0,113,0,17,3,-203.0,0.05042016806722689,0.0,0.1504424778761062,0.02654867256637168,-1.7964601769911503
2023,9,19977,UA,14679,12266,SAN,IAH,168,2,1,0,165,0,14,5,-1695.0,0.011904761904761904,0.005952380952380952,0.08484848484848485,0.030303030303030304,-10.272727272727273
2023,9,19977,UA,14679,12892,SAN,LAX,10,0,0,0,10,0,0,0,-141.0,0.0,0.0,0.0,0.0,-14.1
2023,9,19977,UA,14679,13930,SAN,ORD,143,0,1,0,142,0,6,2,-1882.0,0.0,0.006993006993006993,0.04225352112676056,0.014084507042253521,-13.253521126760564
2023,9,19977,UA,14679,14771,SAN,SFO,181,0,0,0,181,0,22,3,-994.0,0.0,0.0,0.12154696132596685,0.016574585635359115,-5.49171270718232
2023,9,19977,UA,14747,11292,SEA,DEN,179,0,0,0,179,0,18,5,-1341.0,0.0,0.0,0.1005586592178771,0.027932960893854747,-7.4916201117318435
2023,9,19977,UA,14747,11433,SEA,DTW,1,0,0,0,1,0,0,0,-6.0,0.0,0.0,0.0,0.0,-6.0
2023,9,19977,UA,14747,11618,SEA,EWR,117,3,0,0,114,0,34,13,2036.0,0.02564102564102564,0.0,0.2982456140350877,0.11403508771929824,17.859649122807017
2023,9,19977,UA,14747,12266,SEA,IAH,93,1,0,0,92,0,16,2,-105.0,0.010752688172043012,0.0,0.17391304347826086,0.021739130434782608,-1.141304347826087
2023,9,19977,UA,14747,12892,SEA,LAX,58,0,0,0,58,0,6,3,-73.0,0.0,0.0,0.10344827586206896,0.05172413793103448,-1.2586206896551724
2023,9,19977,UA,14747,13930,SEA,ORD,141,0,1,0,140,0,27,6,539.0,0.0,0.0070921985815602835,0.19285714285714287,0.04285714285714286,3.85
2023,9,19977,UA,14747,14771,SEA,SFO,148,1,0,0,147,0,38,14,1535.0,0.006756756756756757,0.0,0.2585034013605442,0.09523809523809523,10.4421768707483
2023,9,19977,UA,14771,10397,SFO,ATL,55,0,0,0,55,0,11,1,338.0,0.0,0.0,0.2,0.01818181818181818,6.1454545454545455
2023,9,19977,UA,14771,10721,SFO,BOS,174,7,0,0,167,0,47,22,2958.0,0.040229885057471264,0.0,0.281437125748503,0.1317365269461078,17.7125748502994
2023,9,19977,UA,14771,10821,SFO,BWI,59,0,0,0,59,0,8,0,-465.0,0.0,0.0,0.13559322033898305,0.0,-7.88135593220339
2023,9,19977,UA,14771,11278,SFO,DCA,30,0,1,0,29,0,2,0,-217.0,0.0,0.03333333333333333,0.06896551724137931,0.0,-7.482758620689655
2023,9,19977,UA,14771,11292,SFO,DEN,268,1,0,0,267,0,44,15,39.0,0.0037313432835820895,0.0,0.1647940074906367,0.056179775280898875,0.14606741573033707
2023,9,19977,UA,14771,11298,SFO,DFW,60,1,1,0,58,0,11,5,259.0,0.016666666666666666,0.016666666666666666,0.1896551724137931,0.08620689655172414,4.4655172413793105
2023,9,19977,UA,14771,11618,SFO,EWR,266,6,0,0,260,0,87,28,2587.0,0.022556390977443608,0.0,0.3346153846153846,0.1076923076923077,9.95
2023,9,19977,UA,14771,11697,SFO,FLL,5,0,0,0,5,0,1,1,518.0,0.0,0.0,0.2,0.2,103.6
2023,9,19977,UA,14771,12173,SFO,HNL,105,0,0,0,105,0,21,7,1575.0,0.0,0.0,0.2,0.06666666666666667,15.0
2023,9,19977,UA,14771,12266,SFO,IAH,264,0,0,0,264,0,34,8,-487.0,0.0,0.0,0.12878787878787878,0.030303030303030304,-1.8446969696969697
2023,9,19977,UA,14771,12889,SFO,LAS,173,2,0,0,171,0,42,16,1880.0,0.011560693641618497,0.0,0.24561403508771928,0.0935672514619883,10.994152046783626
2023,9,19977,UA,14771,12892,SFO,LAX,267,1,0,0,266,0,32,8,-596.0,0.003745318352059925,0.0,0.12030075187969924,0.03007518796992481,-2.2406015037593985
2023,9,19977,UA,14771,13204,SFO,MCO,60,0,0,0,60,0,10,3,-301.0,0.0,0.0,0.16666666666666666,0.05,-5.016666666666667
2023,9,19977,UA,14771,13303,SFO,MIA,5,0,0,0,5,0,1,0,8.0,0.0,0.0,0.2,0.0,1.6
2023,9,19977,UA,14771,13487,SFO,MSP,30,0,0,0,30,0,5,0,-121.0,0.0,0.0,0.16666666666666666,0.0,-4.033333333333333
2023,9,19977,UA,14771,13930,SFO,ORD,302,2,0,0,300,0,38,13,-304.0,0.006622516556291391,0.0,0.12666666666666668,0.043333333333333335,-1.0133333333333334
2023,9,19977,UA,14771,14100,SFO,PHL,30,0,0,0,30,0,1,0,-371.0,0.0,0.0,0.03333333333333333,0.0,-12.366666666666667
2023,9,19977,UA,14771,14107,SFO,PHX,87,0,0,0,87,0,8,2,-317.0,0.0,0.0,0.09195402298850575,0.022988505747126436,-3.6436781609195403
2023,9,19977,UA,14771,14679,SFO,SAN,180,0,0,0,180,0,16,5,-334.0,0.0,0.0,0.08888888888888889,0.027777777777777776,-1.8555555555555556
2023,9,19977,UA,14771,14747,SFO,SEA,149,1,0,0,148,0,29,7,766.0,0.006711409395973154,0.0,0.19594594594594594,0.0472972972972973,5.175675675675675
2023,9,19977,UA,14771,14869,SFO,SLC,32,2,0,0,30,0,5,0,-169.0,0.0625,0.0,0.16666666666666666,0.0,-5.633333333333334
2023,9,19977,UA,14771,15304,SFO,TPA,30,0,0,0,30,0,6,0,-154.0,0.0,0.0,0.2,0.0,-5.133333333333334
2023,9,19977,UA,14869,11292,SLC,DEN,88,0,1,0,87,0,23,9,1133.0,0.0,0.011363636363636364,0.26436781609195403,0.10344827586206896,13.022988505747126
2023,9,19977,UA,14869,11618,SLC,EWR,30,2,0,0,28,0,8,1,40.0,0.06666666666666667,0.0,0.2857142857142857,0.03571428571428571,1.4285714285714286
2023,9,19977,UA,14869,12266,SLC,IAH,80,1,1,0,78,0,6,0,-701.0,0.0125,0.0125,0.07692307692307693,0.0,-8.987179487179487
2023,9,19977,UA,14869,13930,SLC,ORD,78,0,0,0,78,0,5,1,325.0,0.0,0.0,0.0641025641025641,0.01282051282051282,4.166666666666667
2023,9,19977,UA,14869,14771,SLC,SFO,32,2,0,0,30,0,3,0,-84.0,0.0625,0.0,0.1,0.0,-2.8
2023,9,19977,UA,15016,11292,STL,DEN,119,0,0,0,119,0,11,3,-286.0,0.0,0.0,0.09243697478991597,0.025210084033613446,-2.403361344537815
2023,9,19977,UA,15016,11618,STL,EWR,32,2,0,0,30,0,9,5,1199.0,0.0625,0.0,0.3,0.16666666666666666,39.96666666666667
2023,9,19977,UA,15016,12266,STL,IAH,60,0,0,0,60,0,7,4,-220.0,0.0,0.0,0.11666666666666667,0.06666666666666667,-3.6666666666666665
2023,9,19977,UA,15016,13930,STL,ORD,34,0,0,0,34,0,16,2,589.0,0.0,0.0,0.47058823529411764,0.058823529411764705,17.323529411764707
2023,9,19977,UA,15304,11292,TPA,DEN,90,1,1,0,88,0,11,3,706.0,0.011111111111111112,0.011111111111111112,0.125,0.03409090909090909,8.022727272727273
2023,9,19977,UA,15304,11618,TPA,EWR,154,6,0,0,148,0,29,18,453.0,0.03896103896103896,0.0,0.19594594594594594,0.12162162162162163,3.060810810810811
2023,9,19977,UA,15304,12266,TPA,IAH,90,0,0,0,90,0,10,3,-91.0,0.0,0.0,0.1111111111111111,0.03333333333333333,-1.011111111111111
2023,9,19977,UA,15304,12892,TPA,LAX,30,0,0,0,30,0,7,1,65.0,0.0,0.0,0.23333333333333334,0.03333333333333333,2.1666666666666665
2023,9,19977,UA,15304,13930,TPA,ORD,91,0,1,0,90,0,16,7,221.0,0.0,0.01098901098901099,0.17777777777777778,0.07777777777777778,2.4555555555555557
2023,9,19977,UA,15304,14771,TPA,SFO,31,0,0,0,31,0,3,0,-206.0,0.0,0.0,0.0967741935483871,0.0,-6.645161290322581
2023,9,20304,OO,10721,12478,BOS,JFK,47,2,0,0,45,0,12,3,438.0,0.0425531914893617,0.0,0.26666666666666666,0.06666666666666667,9.733333333333333
2023,9,20304,OO,10721,13930,BOS,ORD,7,0,0,0,7,0,0,0,-101.0,0.0,0.0,0.0,0.0,-14.428571428571429
2023,9,20304,OO,11278,13930,DCA,ORD,30,0,0,0,30,0,2,0,-514.0,0.0,0.0,0.06666666666666667,0.0,-17.133333333333333
2023,9,20304,OO,11292,12892,DEN,LAX,84,0,0,0,84,0,6,1,-523.0,0.0,0.0,0.07142857142857142,0.011904761904761904,-6.226190476190476
2023,9,20304,OO,11292,14869,DEN,SLC,122,0,0,0,122,0,28,11,602.0,0.0,0.0,0.22950819672131148,0.09016393442622951,4.934426229508197
2023,9,20304,OO,11298,12266,DFW,IAH,6,0,0,0,6,0,1,1,163.0,0.0,0.0,0.16666666666666666,0.16666666666666666,27.166666666666668
2023,9,20304,OO,11433,11292,DTW,DEN,1,0,0,0,1,0,0,0,7.0,0.0,0.0,0.0,0.0,7.0
2023,9,20304,OO,11433,12266,DTW,IAH,12,0,0,0,12,0,3,2,110.0,0.0,0.0,0.25,0.16666666666666666,9.166666666666666
2023,9,20304,OO,11433,13232,DTW,MDW,80,0,0,0,80,0,12,4,-229.0,0.0,0.0,0.15,0.05,-2.8625
2023,9,20304,OO,11433,13930,DTW,ORD,236,1,1,0,234,0,43,19,2186.0,0.00423728813559322,0.00423728813559322,0.18376068376068377,0.0811965811965812,9.341880341880342
2023,9,20304,OO,11433,15016,DTW,STL,2,0,0,0,2,0,0,0,-13.0,0.0,0.0,0.0,0.0,-6.5
2023,9,20304,OO,12266,11298,IAH,DFW,7,0,0,0,7,0,1,1,204.0,0.0,0.0,0.14285714285714285,0.14285714285714285,29.142857142857142
2023,9,20304,OO,12266,11433,IAH,DTW,12,0,0,0,12,0,3,2,127.0,0.0,0.0,0.25,0.16666666666666666,10.583333333333334
2023,9,20304,OO,12266,12892,IAH,LAX,18,0,0,0,18,0,2,0,-232.0,0.0,0.0,0.1111111111111111,0.0,-12.88888888888889
2023,9,20304,OO,12266,12953,IAH,LGA,28,0,0,0,28,0,5,1,80.0,0.0,0.0,0.17857142857142858,0.03571428571428571,2.857142857142857
2023,9,20304,OO,12266,13487,IAH,MSP,2,0,0,0,2,0,0,0,0.0,0.0,0.0,0.0,0.0,0.0
2023,9,20304,OO,12266,14107,IAH,PHX,1,0,0,0,1,0,0,0,-17.0,0.0,0.0,0.0,0.0,-17.0
2023,9,20304,OO,12478,10721,JFK,BOS,46,6,0,0,40,0,13,7,559.0,0.13043478260869565,0.0,0.325,0.175,13.975
2023,9,20304,OO,12478,13930,JFK,ORD,120,12,0,0,108,0,21,9,181.0,0.1,0.0,0.19444444444444445,0.08333333333333333,1.6759259259259258
2023,9,20304,OO,12889,12892,LAS,LAX,33,1,0,0,32,0,14,5,734.0,0.030303030303030304,0.0,0.4375,0.15625,22.9375
2023,9,20304,OO,12889,14771,LAS,SFO,47,0,0,0,47,0,18,10,2661.0,0.0,0.0,0.3829787234042553,0.2127659574468085,56.61702127659574
2023,9,20304,OO,12892,11292,LAX,DEN,84,0,0,0,84,0,7,1,-456.0,0.0,0.0,0.08333333333333333,0.011904761904761904,-5.428571428571429
2023,9,20304,OO,12892,12266,LAX,IAH,18,0,0,0,18,0,2,1,-104.0,0.0,0.0,0.1111111111111111,0.05555555555555555,-5.777777777777778
2023,9,20304,OO,12892,12889,LAX,LAS,32,0,1,0,31,0,12,4,648.0,0.0,0.03125,0.3870967741935484,0.12903225806451613,20.903225806451612
2023,9,20304,OO,12892,13796,LAX,OAK,84,0,0,0,84,0,2,1,-747.0,0.0,0.0,0.023809523809523808,0.011904761904761904,-8.892857142857142
2023,9,20304,OO,12892,14107,LAX,PHX,123,0,0,0,123,0,8,2,-759.0,0.0,0.0,0.06504065040650407,0.016260162601626018,-6.170731707317073
2023,9,20304,OO,12892,14679,LAX,SAN,168,0,0,0,168,0,11,2,-248.0,0.0,0.0,0.06547619047619048,0.011904761904761904,-1.4761904761904763
2023,9,20304,OO,12892,14747,LAX,SEA,90,0,0,0,90,0,4,0,-422.0,0.0,0.0,0.044444444444444446,0.0,-4.688888888888889
2023,9,20304,OO,12892,14771,LAX,SFO,302,1,1,0,300,0,79,14,2304.0,0.0033112582781456954,0.0033112582781456954,0.2633333333333333,0.04666666666666667,7.68
2023,9,20304,OO,12892,14869,LAX,SLC,30,0,0,0,30,0,3,1,-220.0,0.0,0.0,0.1,0.03333333333333333,-7.333333333333333
2023,9,20304,OO,12953,12266,LGA,IAH,28,0,0,0,28,0,6,4,2198.0,0.0,0.0,0.21428571428571427,0.14285714285714285,78.5
2023,9,20304,OO,12953,13930,LGA,ORD,1,0,0,0,1,0,0,0,-22.0,0.0,0.0,0.0,0.0,-22.0
2023,9,20304,OO,13232,11433,MDW,DTW,80,0,0,0,80,0,10,3,-198.0,0.0,0.0,0.125,0.0375,-2.475
2023,9,20304,OO,13232,13487,MDW,MSP,84,0,0,0,84,0,8,4,-750.0,0.0,0.0,0.09523809523809523,0.047619047619047616,-8.928571428571429
2023,9,20304,OO,13487,12266,MSP,IAH,2,0,0,0,2,0,0,0,-32.0,0.0,0.0,0.0,0.0,-16.0
2023,9,20304,OO,13487,13232,MSP,MDW,84,0,0,0,84,0,7,4,-591.0,0.0,0.0,0.08333333333333333,0.047619047619047616,-7.035714285714286
2023,9,20304,OO,13487,13930,MSP,ORD,4,0,0,0,4,0,0,0,-2.0,0.0,0.0,0.0,0.0,-0.5
2023,9,20304,OO,13796,12892,OAK,LAX,84,0,0,0,84,0,3,0,-1056.0,0.0,0.0,0.03571428571428571,0.0,-12.571428571428571
2023,9,20304,OO,13796,14747,OAK,SEA,26,0,0,0,26,0,3,2,87.0,0.0,0.0,0.11538461538461539,0.07692307692307693,3.3461538461538463
2023,9,20304,OO,13796,14869,OAK,SLC,34,0,0,0,34,0,3,1,-183.0,0.0,0.0,0.08823529411764706,0.029411764705882353,-5.382352941176471
2023,9,20304,OO,13930,10721,ORD,BOS,8,0,0,0,8,0,2,0,30.0,0.0,0.0,0.25,0.0,3.75
2023,9,20304,OO,13930,11278,ORD,DCA,30,0,0,0,30,0,4,0,-204.0,0.0,0.0,0.13333333333333333,0.0,-6.8
2023,9,20304,OO,13930,11433,ORD,DTW,235,1,1,0,233,0,67,25,4644.0,0.00425531914893617,0.00425531914893617,0.2875536480686695,0.1072961373390558,19.931330472103003
2023,9,20304,OO,13930,12478,ORD,JFK,120,13,0,0,107,0,28,13,2700.0,0.10833333333333334,0.0,0.2616822429906542,0.12149532710280374,25.233644859813083
2023,9,20304,OO,13930,12953,ORD,LGA,1,0,0,0,1,0,1,0,26.0,0.0,0.0,1.0,0.0,26.0
2023,9,20304,OO,13930,13487,ORD,MSP,4,0,0,0,4,0,0,0,-43.0,0.0,0.0,0.0,0.0,-10.75
2023,9,20304,OO,13930,14869,ORD,SLC,32,0,0,0,32,0,6,4,54.0,0.0,0.0,0.1875,0.125,1.6875
2023,9,20304,OO,13930,15016,ORD,STL,78,1,0,0,77,0,20,7,1004.0,0.01282051282051282,0.0,0.2597402597402597,0.09090909090909091,13.03896103896104
2023,9,20304,OO,14107,11292,PHX,DEN,1,0,0,0,1,0,0,0,-24.0,0.0,0.0,0.0,0.0,-24.0
2023,9,20304,OO,14107,12892,PHX,LAX,126,0,0,0,126,0,11,2,-315.0,0.0,0.0,0.0873015873015873,0.015873015873015872,-2.5
2023,9,20304,OO,14107,14747,PHX,SEA,5,0,0,0,5,0,0,0,-27.0,0.0,0.0,0.0,0.0,-5.4
2023,9,20304,OO,14107,14771,PHX,SFO,30,0,0,0,30,0,7,0,309.0,0.0,0.0,0.23333333333333334,0.0,10.3
2023,9,20304,OO,14107,14869,PHX,SLC,30,0,0,0,30,0,5,0,-111.0,0.0,0.0,0.16666666666666666,0.0,-3.7
2023,9,20304,OO,14679,11292,SAN,DEN,3,0,0,0,3,0,0,0,-42.0,0.0,0.0,0.0,0.0,-14.0
2023,9,20304,OO,14679,12892,SAN,LAX,165,0,0,0,165,0,12,3,-835.0,0.0,0.0,0.07272727272727272,0.01818181818181818,-5.0606060606060606
2023,9,20304,OO,14679,14747,SAN,SEA,1,0,0,0,1,0,0,0,5.0,0.0,0.0,0.0,0.0,5.0
2023,9,20304,OO,14679,14771,SAN,SFO,205,0,0,0,205,0,42,13,1480.0,0.0,0.0,0.2048780487804878,0.06341463414634146,7.219512195121951
2023,9,20304,OO,14679,14869,SAN,SLC,3,0,0,0,3,0,2,1,145.0,0.0,0.0,0.6666666666666666,0.3333333333333333,48.333333333333336
2023,9,20304,OO,14747,12892,SEA,LAX,90,0,0,0,90,0,5,1,-488.0,0.0,0.0,0.05555555555555555,0.011111111111111112,-5.4222222222222225
2023,9,20304,OO,14747,13796,SEA,OAK,26,0,0,0,26,0,5,1,28.0,0.0,0.0,0.19230769230769232,0.038461538461538464,1.0769230769230769
2023,9,20304,OO,14747,14107,SEA,PHX,5,0,0,0,5,0,1,0,2.0,0.0,0.0,0.2,0.0,0.4
2023,9,20304,OO,14747,14771,SEA,SFO,54,0,0,0,54,0,4,0,-223.0,0.0,0.0,0.07407407407407407,0.0,-4.12962962962963
2023,9,20304,OO,14747,14869,SEA,SLC,60,0,0,0,60,0,10,3,476.0,0.0,0.0,0.16666666666666666,0.05,7.933333333333334
2023,9,20304,OO,14771,12889,SFO,LAS,48,0,0,0,48,0,7,1,230.0,0.0,0.0,0.14583333333333334,0.020833333333333332,4.791666666666667
2023,9,20304,OO,14771,12892,SFO,LAX,303,0,0,0,303,0,53,10,384.0,0.0,0.0,0.17491749174917492,0.033003300330033,1.2673267326732673
2023,9,20304,OO,14771,14107,SFO,PHX,33,0,0,0,33,0,4,0,-77.0,0.0,0.0,0.12121212121212122,0.0,-2.3333333333333335
2023,9,20304,OO,14771,14679,SFO,SAN,205,0,0,0,205,0,42,12,1017.0,0.0,0.0,0.2048780487804878,0.05853658536585366,4.9609756097560975
2023,9,20304,OO,14771,14747,SFO,SEA,54,0,0,0,54,0,3,0,-740.0,0.0,0.0,0.05555555555555555,0.0,-13.703703703703704
2023,9,20304,OO,14771,14869,SFO,SLC,115,0,0,0,115,0,15,2,-563.0,0.0,0.0,0.13043478260869565,0.017391304347826087,-4.895652173913043
2023,9,20304,OO,14869,11292,SLC,DEN,122,0,0,0,122,0,12,5,572.0,0.0,0.0,0.09836065573770492,0.040983606557377046,4.688524590163935
2023,9,20304,OO,14869,12266,SLC,IAH,1,0,0,0,1,0,0,0,-5.0,0.0,0.0,0.0,0.0,-5.0
2023,9,20304,OO,14869,12892,SLC,LAX,29,0,0,0,29,0,1,0,-236.0,0.0,0.0,0.034482758620689655,0.0,-8.137931034482758
2023,9,20304,OO,14869,13796,SLC,OAK,34,0,0,0,34,0,2,0,-250.0,0.0,0.0,0.058823529411764705,0.0,-7.352941176470588
2023,9,20304,OO,14869,13930,SLC,ORD,33,0,0,0,33,0,5,3,1273.0,0.0,0.0,0.15151515151515152,0.09090909090909091,38.57575757575758
2023,9,20304,OO,14869,14107,SLC,PHX,30,0,0,0,30,0,1,1,-243.0,0.0,0.0,0.03333333333333333,0.03333333333333333,-8.1
2023,9,20304,OO,14869,14679,SLC,SAN,3,0,0,0,3,0,1,0,31.0,0.0,0.0,0.3333333333333333,0.0,10.333333333333334
2023,9,20304,OO,14869,14747,SLC,SEA,60,0,0,0,60,0,7,1,-338.0,0.0,0.0,0.11666666666666667,0.016666666666666666,-5.633333333333334
2023,9,20304,OO,14869,14771,SLC,SFO,115,0,1,0,114,0,33,7,1325.0,0.0,0.008695652173913044,0.2894736842105263,0.06140350877192982,11.62280701754386
2023,9,20304,OO,15016,11433,STL,DTW,2,0,0,0,2,0,0,0,-36.0,0.0,0.0,0.0,0.0,-18.0
2023,9,20304,OO,15016,13930,STL,ORD,77,1,0,0,76,0,18,6,998.0,0.012987012987012988,0.0,0.23684210526315788,0.07894736842105263,13.131578947368421
2023,9,20363,9E,10821,12478,BWI,JFK,75,8,0,0,67,0,14,6,939.0,0.10666666666666667,0.0,0.208955223880597,0.08955223880597014,14.014925373134329
2023,9,20363,9E,11278,12478,DCA,JFK,4,0,0,0,4,0,0,0,-110.0,0.0,0.0,0.0,0.0,-27.5
2023,9,20363,9E,11433,11618,DTW,EWR,1,0,0,0,1,0,0,0,-9.0,0.0,0.0,0.0,0.0,-9.0
2023,9,20363,9E,11433,12478,DTW,JFK,116,13,0,0,103,0,23,12,891.0,0.11206896551724138,0.0,0.22330097087378642,0.11650485436893204,8.650485436893204
2023,9,20363,9E,11433,13930,DTW,ORD,4,0,0,0,4,0,0,0,10.0,0.0,0.0,0.0,0.0,2.5
2023,9,20363,9E,11618,11433,EWR,DTW,1,0,0,0,1,0,0,0,-37.0,0.0,0.0,0.0,0.0,-37.0
2023,9,20363,9E,12478,10821,JFK,BWI,75,8,0,0,67,0,15,8,180.0,0.10666666666666667,0.0,0.22388059701492538,0.11940298507462686,2.6865671641791047
2023,9,20363,9E,12478,11278,JFK,DCA,4,0,0,0,4,0,0,0,-58.0,0.0,0.0,0.0,0.0,-14.5
2023,9,20363,9E,12478,11433,JFK,DTW,116,12,1,0,103,0,22,10,887.0,0.10344827586206896,0.008620689655172414,0.21359223300970873,0.0970873786407767,8.611650485436893
2023,9,20363,9E,12478,13487,JFK,MSP,4,0,0,0,4,0,0,0,-126.0,0.0,0.0,0.0,0.0,-31.5
2023,9,20363,9E,12953,15016,LGA,STL,81,5,1,0,75,0,15,7,-222.0,0.06172839506172839,0.012345679012345678,0.2,0.09333333333333334,-2.96
2023,9,20363,9E,13487,12478,MSP,JFK,4,0,0,0,4,0,0,0,-153.0,0.0,0.0,0.0,0.0,-38.25
2023,9,20363,9E,13487,15016,MSP,STL,3,0,0,0,3,0,0,0,-11.0,0.0,0.0,0.0,0.0,-3.6666666666666665
2023,9,20363,9E,13930,11433,ORD,DTW,4,0,0,0,4,0,0,0,-22.0,0.0,0.0,0.0,0.0,-5.5
2023,9,20363,9E,15016,12953,STL,LGA,81,5,1,0,75,0,13,6,238.0,0.06172839506172839,0.012345679012345678,0.17333333333333334,0.08,3.1733333333333333
2023,9,20363,9E,15016,13487,STL,MSP,3,0,0,0,3,0,0,0,-40.0,0.0,0.0,0.0,0.0,-13.333333333333334
2023,9,20368,G4,12889,13796,LAS,OAK,2,0,0,0,2,0,1,0,49.0,0.0,0.0,0.5,0.0,24.5
2023,9,20368,G4,13796,12889,OAK,LAS,2,0,0,0,2,0,1,0,58.0,0.0,0.0,0.5,0.0,29.0
2023,9,20397,OH,10397,11278,ATL,DCA,29,0,0,0,29,0,5,4,34.0,0.0,0.0,0.1724137931034483,0.13793103448275862,1.1724137931034482
2023,9,20397,OH,11278,10397,DCA,ATL,29,1,0,0,28,0,5,1,-146.0,0.034482758620689655,0.0,0.17857142857142858,0.03571428571428571,-5.214285714285714
2023,9,20397,OH,11278,11433,DCA,DTW,56,0,0,0,56,0,7,3,-652.0,0.0,0.0,0.125,0.05357142857142857,-11.642857142857142
2023,9,20397,OH,11278,13487,DCA,MSP,27,0,0,0,27,0,7,5,542.0,0.0,0.0,0.25925925925925924,0.18518518518518517,20.074074074074073
2023,9,20397,OH,11278,14100,DCA,PHL,56,2,0,0,54,0,12,7,586.0,0.03571428571428571,0.0,0.2222222222222222,0.12962962962962962,10.851851851851851
2023,9,20397,OH,11278,15016,DCA,STL,7,0,0,0,7,0,0,0,-133.0,0.0,0.0,0.0,0.0,-19.0
2023,9,20397,OH,11433,11278,DTW,DCA,57,2,0,0,55,0,8,3,-330.0,0.03508771929824561,0.0,0.14545454545454545,0.05454545454545454,-6.0
2023,9,20397,OH,11433,14100,DTW,PHL,6,0,0,0,6,0,0,0,-172.0,0.0,0.0,0.0,0.0,-28.666666666666668
2023,9,20397,OH,13487,11278,MSP,DCA,27,3,0,0,24,0,6,2,371.0,0.1111111111111111,0.0,0.25,0.08333333333333333,15.458333333333334
2023,9,20397,OH,13487,14100,MSP,PHL,25,0,0,0,25,0,5,1,-96.0,0.0,0.0,0.2,0.04,-3.84
2023,9,20397,OH,14100,11278,PHL,DCA,55,2,0,0,53,0,10,7,567.0,0.03636363636363636,0.0,0.18867924528301888,0.1320754716981132,10.69811320754717
2023,9,20397,OH,14100,11433,PHL,DTW,5,0,0,0,5,0,0,0,-88.0,0.0,0.0,0.0,0.0,-17.6
2023,9,20397,OH,14100,13487,PHL,MSP,25,0,0,0,25,0,3,1,-168.0,0.0,0.0,0.12,0.04,-6.72
2023,9,20397,OH,15016,11278,STL,DCA,8,0,0,0,8,0,2,0,10.0,0.0,0.0,0.25,0.0,1.25
2023,9,20398,MQ,10397,11278,ATL,DCA,25,1,0,0,24,0,3,1,-177.0,0.04,0.0,0.125,0.041666666666666664,-7.375
2023,9,20398,MQ,10397,13303,ATL,MIA,59,0,1,0,58,0,9,2,-221.0,0.0,0.01694915254237288,0.15517241379310345,0.034482758620689655,-3.810344827586207
2023,9,20398,MQ,10397,13930,ATL,ORD,22,0,0,0,22,0,7,0,105.0,0.0,0.0,0.3181818181818182,0.0,4.7727272727272725
2023,9,20398,MQ,10721,13303,BOS,MIA,1,0,0,0,1,0,1,0,21.0,0.0,0.0,1.0,0.0,21.0
2023,9,20398,MQ,10721,13930,BOS,ORD,30,1,0,0,29,0,8,5,232.0,0.03333333333333333,0.0,0.27586206896551724,0.1724137931034483,8.0
2023,9,20398,MQ,10721,15016,BOS,STL,55,0,0,0,55,0,2,1,-464.0,0.0,0.0,0.03636363636363636,0.01818181818181818,-8.436363636363636
2023,9,20398,MQ,10821,13930,BWI,ORD,27,0,0,0,27,0,4,1,-197.0,0.0,0.0,0.14814814814814814,0.037037037037037035,-7.296296296296297
2023,9,20398,MQ,11278,10397,DCA,ATL,25,0,0,0,25,0,6,1,95.0,0.0,0.0,0.24,0.04,3.8
2023,9,20398,MQ,11278,13487,DCA,MSP,29,0,0,0,29,0,4,0,-277.0,0.0,0.0,0.13793103448275862,0.0,-9.551724137931034
2023,9,20398,MQ,11298,12266,DFW,IAH,83,0,0,0,83,0,14,6,497.0,0.0,0.0,0.1686746987951807,0.07228915662650602,5.9879518072289155
2023,9,20398,MQ,11298,13303,DFW,MIA,1,0,0,0,1,0,0,0,-9.0,0.0,0.0,0.0,0.0,-9.0
2023,9,20398,MQ,11298,15016,DFW,STL,29,0,0,0,29,0,5,1,-36.0,0.0,0.0,0.1724137931034483,0.034482758620689655,-1.2413793103448276
2023,9,20398,MQ,11618,13930,EWR,ORD,32,0,0,0,32,0,5,1,-159.0,0.0,0.0,0.15625,0.03125,-4.96875
2023,9,20398,MQ,12266,11298,IAH,DFW,83,0,2,0,81,0,18,9,343.0,0.0,0.024096385542168676,0.2222222222222222,0.1111111111111111,4.234567901234568
2023,9,20398,MQ,12266,13303,IAH,MIA,25,0,0,0,25,0,15,4,882.0,0.0,0.0,0.6,0.16,35.28
2023,9,20398,MQ,13303,10397,MIA,ATL,59,0,0,0,59,0,10,2,-91.0,0.0,0.0,0.1694915254237288,0.03389830508474576,-1.5423728813559323
2023,9,20398,MQ,13303,10721,MIA,BOS,1,0,0,0,1,0,0,0,2.0,0.0,0.0,0.0,0.0,2.0
2023,9,20398,MQ,13303,11298,MIA,DFW,1,0,0,0,1,0,1,0,15.0,0.0,0.0,1.0,0.0,15.0
2023,9,20398,MQ,13303,12266,MIA,IAH,25,0,0,0,25,0,14,6,845.0,0.0,0.0,0.56,0.24,33.8
2023,9,20398,MQ,13303,15304,MIA,TPA,4,0,0,0,4,0,2,2,168.0,0.0,0.0,0.5,0.5,42.0
2023,9,20398,MQ,13487,11278,MSP,DCA,29,0,0,0,29,0,4,1,210.0,0.0,0.0,0.13793103448275862,0.034482758620689655,7.241379310344827
2023,9,20398,MQ,13930,10397,ORD,ATL,22,0,0,0,22,0,4,0,-66.0,0.0,0.0,0.18181818181818182,0.0,-3.0
2023,9,20398,MQ,13930,10721,ORD,BOS,30,1,0,0,29,0,2,0,-222.0,0.03333333333333333,0.0,0.06896551724137931,0.0,-7.655172413793103
2023,9,20398,MQ,13930,10821,ORD,BWI,27,0,0,0,27,0,3,1,-110.0,0.0,0.0,0.1111111111111111,0.037037037037037035,-4.074074074074074
2023,9,20398,MQ,13930,11298,ORD,DFW,1,0,0,0,1,0,0,0,-22.0,0.0,0.0,0.0,0.0,-22.0
2023,9,20398,MQ,13930,11618,ORD,EWR,32,0,0,0,32,0,7,1,90.0,0.0,0.0,0.21875,0.03125,2.8125
2023,9,20398,MQ,13930,15016,ORD,STL,49,0,0,0,49,0,10,3,126.0,0.0,0.0,0.20408163265306123,0.061224489795918366,2.5714285714285716
2023,9,20398,MQ,14107,14747,PHX,SEA,25,0,0,0,25,0,2,0,-203.0,0.0,0.0,0.08,0.0,-8.12
2023,9,20398,MQ,14747,14107,SEA,PHX,25,0,0,0,25,0,6,1,302.0,0.0,0.0,0.24,0.04,12.08
2023,9,20398,MQ,15016,10721,STL,BOS,55,1,1,0,53,0,19,6,788.0,0.01818181818181818,0.01818181818181818,0.3584905660377358,0.11320754716981132,14.867924528301886
2023,9,20398,MQ,15016,11298,STL,DFW,29,0,0,0,29,0,3,2,73.0,0.0,0.0,0.10344827586206896,0.06896551724137931,2.5172413793103448
2023,9,20398,MQ,15016,13930,STL,ORD,49,0,0,0,49,0,11,2,181.0,0.0,0.0,0.22448979591836735,0.04081632653061224,3.693877551020408
2023,9,20398,MQ,15304,13303,TPA,MIA,4,0,0,0,4,0,2,2,301.0,0.0,0.0,0.5,0.5,75.25
2023,9,20409,B6,10397,10721,ATL,BOS,90,5,0,0,85,0,24,11,2477.0,0.05555555555555555,0.0,0.2823529411764706,0.12941176470588237,29.141176470588235
2023,9,20409,B6,10397,11697,ATL,FLL,30,1,0,0,29,0,10,4,746.0,0.03333333333333333,0.0,0.3448275862068966,0.13793103448275862,25.724137931034484
2023,9,20409,B6,10397,12478,ATL,JFK,109,5,1,0,103,0,51,23,4560.0,0.045871559633027525,0.009174311926605505,0.49514563106796117,0.22330097087378642,44.271844660194176
2023,9,20409,B6,10397,12953,ATL,LGA,112,3,1,0,108,0,40,18,4489.0,0.026785714285714284,0.008928571428571428,0.37037037037037035,0.16666666666666666,41.56481481481482
2023,9,20409,B6,10721,10397,BOS,ATL,90,5,0,0,85,0,34,19,2622.0,0.05555555555555555,0.0,0.4,0.2235294117647059,30.847058823529412
2023,9,20409,B6,10721,10821,BOS,BWI,60,1,0,0,59,0,10,7,665.0,0.016666666666666666,0.0,0.1694915254237288,0.11864406779661017,11.271186440677965
2023,9,20409,B6,10721,11278,BOS,DCA,278,8,0,0,270,0,94,39,6844.0,0.02877697841726619,0.0,0.34814814814814815,0.14444444444444443,25.348148148148148
2023,9,20409,B6,10721,11292,BOS,DEN,60,0,1,0,59,0,17,11,857.0,0.0,0.016666666666666666,0.288135593220339,0.1864406779661017,14.525423728813559
2023,9,20409,B6,10721,11298,BOS,DFW,30,0,0,0,30,0,11,4,609.0,0.0,0.0,0.36666666666666664,0.13333333333333333,20.3
2023,9,20409,B6,10721,11433,BOS,DTW,89,3,0,0,86,0,27,12,1464.0,0.033707865168539325,0.0,0.313953488372093,0.13953488372093023,17.023255813953487
2023,9,20409,B6,10721,11618,BOS,EWR,35,3,0,0,32,0,4,4,744.0,0.08571428571428572,0.0,0.125,0.125,23.25
2023,9,20409,B6,10721,11697,BOS,FLL,114,4,5,0,105,0,58,20,3897.0,0.03508771929824561,0.043859649122807015,0.5523809523809524,0.19047619047619047,37.114285714285714
2023,9,20409,B6,10721,12266,BOS,IAH,56,1,1,0,54,0,19,9,716.0,0.017857142857142856,0.017857142857142856,0.35185185185185186,0.16666666666666666,13.25925925925926
2023,9,20409,B6,10721,12478,BOS,JFK,183,9,1,0,173,0,60,33,5165.0,0.04918032786885246,0.00546448087431694,0.3468208092485549,0.1907514450867052,29.85549132947977
2023,9,20409,B6,10721,12889,BOS,LAS,85,0,0,0,85,0,24,15,1539.0,0.0,0.0,0.2823529411764706,0.17647058823529413,18.105882352941176
2023,9,20409,B6,10721,12892,BOS,LAX,142,0,0,0,142,0,52,24,3389.0,0.0,0.0,0.36619718309859156,0.16901408450704225,23.866197183098592
2023,9,20409,B6,10721,12953,BOS,LGA,288,18,0,0,270,0,97,51,8272.0,0.0625,0.0,0.3592592592592593,0.18888888888888888,30.637037037037036
2023,9,20409,B6,10721,13204,BOS,MCO,167,3,3,0,161,0,68,32,4130.0,0.017964071856287425,0.017964071856287425,0.422360248447205,0.19875776397515527,25.652173913043477
2023,9,20409,B6,10721,13303,BOS,MIA,30,2,0,0,28,0,6,1,11.0,0.06666666666666667,0.0,0.21428571428571427,0.03571428571428571,0.39285714285714285
2023,9,20409,B6,10721,13487,BOS,MSP,55,3,0,0,52,0,14,8,914.0,0.05454545454545454,0.0,0.2692307692307692,0.15384615384615385,17.576923076923077
2023,9,20409,B6,10721,13930,BOS,ORD,30,1,0,0,29,0,19,13,1976.0,0.03333333333333333,0.0,0.6551724137931034,0.4482758620689655,68.13793103448276
2023,9,20409,B6,10721,14100,BOS,PHL,69,3,1,0,65,0,30,13,1512.0,0.043478260869565216,0.014492753623188406,0.46153846153846156,0.2,23.26153846153846
2023,9,20409,B6,10721,14107,BOS,PHX,30,0,0,0,30,0,17,9,1509.0,0.0,0.0,0.5666666666666667,0.3,50.3
2023,9,20409,B6,10721,14635,BOS,RSW,59,2,0,0,57,0,21,14,1789.0,0.03389830508474576,0.0,0.3684210526315789,0.24561403508771928,31.385964912280702
2023,9,20409,B6,10721,14679,BOS,SAN,60,0,0,0,60,0,21,9,928.0,0.0,0.0,0.35,0.15,15.466666666666667
2023,9,20409,B6,10721,14747,BOS,SEA,35,1,0,0,34,0,12,7,1117.0,0.02857142857142857,0.0,0.35294117647058826,0.20588235294117646,32.85294117647059
2023,9,20409,B6,10721,14771,BOS,SFO,165,1,1,0,163,0,53,31,3598.0,0.006060606060606061,0.006060606060606061,0.32515337423312884,0.1901840490797546,22.073619631901842
2023,9,20409,B6,10721,14869,BOS,SLC,30,1,0,0,29,0,13,6,1106.0,0.03333333333333333,0.0,0.4482758620689655,0.20689655172413793,38.13793103448276
2023,9,20409,B6,10721,15304,BOS,TPA,111,3,1,0,107,0,30,13,2325.0,0.02702702702702703,0.009009009009009009,0.2803738317757009,0.12149532710280374,21.72897196261682
2023,9,20409,B6,10821,10721,BWI,BOS,60,3,0,0,57,0,25,10,3443.0,0.05,0.0,0.43859649122807015,0.17543859649122806,60.40350877192982
2023,9,20409,B6,11278,10721,DCA,BOS,278,11,0,0,267,0,105,62,8708.0,0.039568345323741004,0.0,0.39325842696629215,0.23220973782771537,32.61423220973783
2023,9,20409,B6,11278,11697,DCA,FLL,133,3,2,0,128,0,28,11,1114.0,0.022556390977443608,0.015037593984962405,0.21875,0.0859375,8.703125
2023,9,20409,B6,11278,12478,DCA,JFK,45,2,0,0,43,0,12,6,817.0,0.044444444444444446,0.0,0.27906976744186046,0.13953488372093023,19.0
2023,9,20409,B6,11278,13204,DCA,MCO,108,3,1,0,104,0,29,15,2252.0,0.027777777777777776,0.009259259259259259,0.27884615384615385,0.14423076923076922,21.653846153846153
2023,9,20409,B6,11278,14635,DCA,RSW,30,1,0,0,29,0,5,2,111.0,0.03333333333333333,0.0,0.1724137931034483,0.06896551724137931,3.8275862068965516
2023,9,20409,B6,11292,10721,DEN,BOS,60,1,2,0,57,0,27,17,2491.0,0.016666666666666666,0.03333333333333333,0.47368421052631576,0.2982456140350877,43.70175438596491
2023,9,20409,B6,11292,12478,DEN,JFK,35,1,0,0,34,0,13,9,1637.0,0.02857142857142857,0.0,0.38235294117647056,0.2647058823529412,48.14705882352941
2023,9,20409,B6,11292,12953,DEN,LGA,69,2,2,0,65,0,28,16,4452.0,0.028985507246376812,0.028985507246376812,0.4307692307692308,0.24615384615384617,68.49230769230769
2023,9,20409,B6,11298,10721,DFW,BOS,30,0,1,0,29,0,15,7,2087.0,0.0,0.03333333333333333,0.5172413793103449,0.2413793103448276,71.96551724137932
2023,9,20409,B6,11433,10721,DTW,BOS,88,4,0,0,84,0,27,10,1712.0,0.045454545454545456,0.0,0.32142857142857145,0.11904761904761904,20.38095238095238
2023,9,20409,B6,11433,12478,DTW,JFK,90,9,0,0,81,0,37,20,5948.0,0.1,0.0,0.4567901234567901,0.24691358024691357,73.4320987654321
2023,9,20409,B6,11618,10721,EWR,BOS,35,3,0,0,32,0,7,4,715.0,0.08571428571428572,0.0,0.21875,0.125,22.34375
2023,9,20409,B6,11618,11697,EWR,FLL,60,5,0,0,55,0,13,7,1651.0,0.08333333333333333,0.0,0.23636363636363636,0.12727272727272726,30.01818181818182
2023,9,20409,B6,11618,12892,EWR,LAX,110,1,1,0,108,0,26,17,2485.0,0.00909090909090909,0.00909090909090909,0.24074074074074073,0.1574074074074074,23.00925925925926
2023,9,20409,B6,11618,13204,EWR,MCO,113,6,3,0,104,0,37,21,3186.0,0.05309734513274336,0.02654867256637168,0.3557692307692308,0.20192307692307693,30.634615384615383
2023,9,20409,B6,11618,13303,EWR,MIA,30,2,1,0,27,0,14,9,1558.0,0.06666666666666667,0.03333333333333333,0.5185185185185185,0.3333333333333333,57.7037037037037
2023,9,20409,B6,11618,14635,EWR,RSW,30,0,1,0,29,0,10,8,1487.0,0.0,0.03333333333333333,0.3448275862068966,0.27586206896551724,51.275862068965516
2023,9,20409,B6,11618,15304,EWR,TPA,35,0,0,0,35,0,10,2,343.0,0.0,0.0,0.2857142857142857,0.05714285714285714,9.8
2023,9,20409,B6,11697,10397,FLL,ATL,30,1,0,0,29,0,17,7,1214.0,0.03333333333333333,0.0,0.5862068965517241,0.2413793103448276,41.86206896551724
2023,9,20409,B6,11697,10721,FLL,BOS,115,3,1,0,111,0,51,21,3501.0,0.02608695652173913,0.008695652173913044,0.4594594594594595,0.1891891891891892,31.54054054054054
2023,9,20409,B6,11697,11278,FLL,DCA,133,3,1,0,129,0,39,16,1829.0,0.022556390977443608,0.007518796992481203,0.3023255813953488,0.12403100775193798,14.178294573643411
2023,9,20409,B6,11697,11618,FLL,EWR,60,4,0,0,56,0,19,10,1337.0,0.06666666666666667,0.0,0.3392857142857143,0.17857142857142858,23.875
2023,9,20409,B6,11697,12478,FLL,JFK,155,6,2,0,147,0,62,32,5178.0,0.03870967741935484,0.012903225806451613,0.4217687074829932,0.21768707482993196,35.224489795918366
2023,9,20409,B6,11697,12889,FLL,LAS,30,1,0,0,29,0,15,6,625.0,0.03333333333333333,0.0,0.5172413793103449,0.20689655172413793,21.551724137931036
2023,9,20409,B6,11697,12892,FLL,LAX,90,0,0,0,90,0,38,17,2789.0,0.0,0.0,0.4222222222222222,0.18888888888888888,30.988888888888887
2023,9,20409,B6,11697,12953,FLL,LGA,146,7,3,0,136,0,44,23,2897.0,0.04794520547945205,0.02054794520547945,0.3235294117647059,0.16911764705882354,21.301470588235293
2023,9,20409,B6,11697,14679,FLL,SAN,30,0,0,0,30,0,16,6,698.0,0.0,0.0,0.5333333333333333,0.2,23.266666666666666
2023,9,20409,B6,11697,14771,FLL,SFO,60,1,0,0,59,0,28,11,1578.0,0.016666666666666666,0.0,0.4745762711864407,0.1864406779661017,26.74576271186441
2023,9,20409,B6,11697,14869,FLL,SLC,30,0,0,0,30,0,10,3,214.0,0.0,0.0,0.3333333333333333,0.1,7.133333333333334
2023,9,20409,B6,12266,10721,IAH,BOS,56,1,0,0,55,0,24,13,3579.0,0.017857142857142856,0.0,0.43636363636363634,0.23636363636363636,65.07272727272728
2023,9,20409,B6,12266,12478,IAH,JFK,30,0,0,0,30,0,15,11,2902.0,0.0,0.0,0.5,0.36666666666666664,96.73333333333333
2023,9,20409,B6,12478,10397,JFK,ATL,110,5,0,0,105,0,47,20,4235.0,0.045454545454545456,0.0,0.44761904761904764,0.19047619047619047,40.333333333333336
2023,9,20409,B6,12478,10721,JFK,BOS,183,8,1,0,174,0,74,32,5714.0,0.04371584699453552,0.00546448087431694,0.42528735632183906,0.1839080459770115,32.839080459770116
2023,9,20409,B6,12478,11278,JFK,DCA,45,2,0,0,43,0,18,12,1183.0,0.044444444444444446,0.0,0.4186046511627907,0.27906976744186046,27.511627906976745
2023,9,20409,B6,12478,11292,JFK,DEN,35,1,0,0,34,0,16,8,1135.0,0.02857142857142857,0.0,0.47058823529411764,0.23529411764705882,33.38235294117647
2023,9,20409,B6,12478,11433,JFK,DTW,90,5,0,0,85,0,42,26,4787.0,0.05555555555555555,0.0,0.49411764705882355,0.3058823529411765,56.31764705882353
2023,9,20409,B6,12478,11697,JFK,FLL,156,4,2,0,150,0,65,29,4395.0,0.02564102564102564,0.01282051282051282,0.43333333333333335,0.19333333333333333,29.3
2023,9,20409,B6,12478,12266,JFK,IAH,30,0,0,0,30,0,12,6,1294.0,0.0,0.0,0.4,0.2,43.13333333333333
2023,9,20409,B6,12478,12889,JFK,LAS,116,2,1,0,113,0,43,18,3776.0,0.017241379310344827,0.008620689655172414,0.3805309734513274,0.1592920353982301,33.415929203539825
2023,9,20409,B6,12478,12892,JFK,LAX,299,8,1,0,290,0,87,52,6479.0,0.026755852842809364,0.0033444816053511705,0.3,0.1793103448275862,22.341379310344827
2023,9,20409,B6,12478,13204,JFK,MCO,242,10,2,0,230,0,115,61,9635.0,0.04132231404958678,0.008264462809917356,0.5,0.26521739130434785,41.891304347826086
2023,9,20409,B6,12478,13303,JFK,MIA,50,2,0,0,48,0,29,15,2380.0,0.04,0.0,0.6041666666666666,0.3125,49.583333333333336
2023,9,20409,B6,12478,13930,JFK,ORD,45,0,1,0,44,0,20,7,936.0,0.0,0.022222222222222223,0.45454545454545453,0.1590909090909091,21.272727272727273
2023,9,20409,B6,12478,14107,JFK,PHX,30,0,0,0,30,0,7,2,-3.0,0.0,0.0,0.23333333333333334,0.06666666666666667,-0.1
2023,9,20409,B6,12478,14635,JFK,RSW,50,1,1,0,48,0,11,5,346.0,0.02,0.02,0.22916666666666666,0.10416666666666667,7.208333333333333
2023,9,20409,B6,12478,14679,JFK,SAN,85,5,0,0,80,0,31,17,1610.0,0.058823529411764705,0.0,0.3875,0.2125,20.125
2023,9,20409,B6,12478,14747,JFK,SEA,34,2,0,0,32,0,13,10,1717.0,0.058823529411764705,0.0,0.40625,0.3125,53.65625
2023,9,20409,B6,12478,14771,JFK,SFO,171,4,0,0,167,0,45,18,2041.0,0.023391812865497075,0.0,0.2694610778443114,0.10778443113772455,12.221556886227544
2023,9,20409,B6,12478,14869,JFK,SLC,35,0,0,0,35,0,11,8,1006.0,0.0,0.0,0.3142857142857143,0.22857142857142856,28.742857142857144
2023,9,20409,B6,12478,15304,JFK,TPA,86,4,1,0,81,0,32,16,2547.0,0.046511627906976744,0.011627906976744186,0.3950617283950617,0.19753086419753085,31.444444444444443
2023,9,20409,B6,12889,10721,LAS,BOS,85,1,2,0,82,0,43,21,4281.0,0.011764705882352941,0.023529411764705882,0.524390243902439,0.25609756097560976,52.207317073170735
2023,9,20409,B6,12889,11697,LAS,FLL,30,1,0,0,29,0,14,6,741.0,0.03333333333333333,0.0,0.4827586206896552,0.20689655172413793,25.551724137931036
2023,9,20409,B6,12889,12478,LAS,JFK,116,4,1,0,111,0,62,38,10541.0,0.034482758620689655,0.008620689655172414,0.5585585585585585,0.34234234234234234,94.96396396396396
2023,9,20409,B6,12889,12892,LAS,LAX,35,2,0,0,33,0,10,3,1613.0,0.05714285714285714,0.0,0.30303030303030304,0.09090909090909091,48.878787878787875
2023,9,20409,B6,12892,10721,LAX,BOS,141,1,2,0,138,0,53,25,3696.0,0.0070921985815602835,0.014184397163120567,0.38405797101449274,0.18115942028985507,26.782608695652176
2023,9,20409,B6,12892,11618,LAX,EWR,110,1,2,0,107,0,29,14,1780.0,0.00909090909090909,0.01818181818181818,0.27102803738317754,0.1308411214953271,16.635514018691588
2023,9,20409,B6,12892,11697,LAX,FLL,90,0,2,0,88,0,29,13,1172.0,0.0,0.022222222222222223,0.32954545454545453,0.14772727272727273,13.318181818181818
2023,9,20409,B6,12892,12478,LAX,JFK,301,10,3,0,288,0,100,59,9485.0,0.03322259136212625,0.009966777408637873,0.3472222222222222,0.2048611111111111,32.93402777777778
2023,9,20409,B6,12892,12889,LAX,LAS,35,2,1,0,32,0,6,3,733.0,0.05714285714285714,0.02857142857142857,0.1875,0.09375,22.90625
2023,9,20409,B6,12892,13204,LAX,MCO,30,0,0,0,30,0,11,3,623.0,0.0,0.0,0.36666666666666664,0.1,20.766666666666666
2023,9,20409,B6,12892,13303,LAX,MIA,60,1,1,0,58,0,27,11,1331.0,0.016666666666666666,0.016666666666666666,0.46551724137931033,0.1896551724137931,22.948275862068964
2023,9,20409,B6,12892,14747,LAX,SEA,60,0,0,0,60,0,20,8,1050.0,0.0,0.0,0.3333333333333333,0.13333333333333333,17.5
2023,9,20409,B6,12892,14771,LAX,SFO,60,1,0,0,59,0,21,7,1247.0,0.016666666666666666,0.0,0.3559322033898305,0.11864406779661017,21.135593220338983
2023,9,20409,B6,12892,14869,LAX,SLC,60,0,0,0,60,0,11,3,114.0,0.0,0.0,0.18333333333333332,0.05,1.9
2023,9,20409,B6,12953,10397,LGA,ATL,112,3,0,0,109,0,45,21,3190.0,0.026785714285714284,0.0,0.41284403669724773,0.1926605504587156,29.26605504587156
2023,9,20409,B6,12953,10721,LGA,BOS,289,17,0,0,272,0,96,56,7940.0,0.058823529411764705,0.0,0.35294117647058826,0.20588235294117646,29.191176470588236
2023,9,20409,B6,12953,11292,LGA,DEN,69,2,5,0,62,0,12,4,-139.0,0.028985507246376812,0.07246376811594203,0.1935483870967742,0.06451612903225806,-2.2419354838709675
2023,9,20409,B6,12953,11697,LGA,FLL,146,7,2,0,137,0,50,29,3885.0,0.04794520547945205,0.0136986301369863,0.36496350364963503,0.2116788321167883,28.357664233576642
2023,9,20409,B6,12953,13204,LGA,MCO,159,7,4,0,148,0,56,29,3716.0,0.0440251572327044,0.025157232704402517,0.3783783783783784,0.19594594594594594,25.10810810810811
2023,9,20409,B6,12953,14635,LGA,RSW,34,3,0,0,31,0,13,6,1281.0,0.08823529411764706,0.0,0.41935483870967744,0.1935483870967742,41.32258064516129
2023,9,20409,B6,12953,15304,LGA,TPA,69,2,0,0,67,0,18,6,339.0,0.028985507246376812,0.0,0.26865671641791045,0.08955223880597014,5.059701492537314
2023,9,20409,B6,13204,10721,MCO,BOS,168,4,1,0,163,0,82,44,7091.0,0.023809523809523808,0.005952380952380952,0.5030674846625767,0.26993865030674846,43.50306748466258
2023,9,20409,B6,13204,11278,MCO,DCA,108,2,0,0,106,0,29,8,1074.0,0.018518518518518517,0.0,0.27358490566037735,0.07547169811320754,10.132075471698114
2023,9,20409,B6,13204,11618,MCO,EWR,113,3,0,0,110,0,42,24,3147.0,0.02654867256637168,0.0,0.38181818181818183,0.21818181818181817,28.60909090909091
2023,9,20409,B6,13204,12478,MCO,JFK,239,9,0,0,230,0,112,67,11012.0,0.03765690376569038,0.0,0.48695652173913045,0.29130434782608694,47.87826086956522
2023,9,20409,B6,13204,12892,MCO,LAX,30,0,0,0,30,0,6,4,350.0,0.0,0.0,0.2,0.13333333333333333,11.666666666666666
2023,9,20409,B6,13204,12953,MCO,LGA,158,8,2,0,148,0,70,32,6096.0,0.05063291139240506,0.012658227848101266,0.47297297297297297,0.21621621621621623,41.189189189189186
2023,9,20409,B6,13204,14869,MCO,SLC,23,0,0,0,23,0,17,11,1545.0,0.0,0.0,0.7391304347826086,0.4782608695652174,67.17391304347827
2023,9,20409,B6,13303,10721,MIA,BOS,30,2,0,0,28,0,9,2,502.0,0.06666666666666667,0.0,0.32142857142857145,0.07142857142857142,17.928571428571427
2023,9,20409,B6,13303,11618,MIA,EWR,30,2,0,0,28,0,14,11,1710.0,0.06666666666666667,0.0,0.5,0.39285714285714285,61.07142857142857
2023,9,20409,B6,13303,12478,MIA,JFK,50,2,0,0,48,0,31,20,3673.0,0.04,0.0,0.6458333333333334,0.4166666666666667,76.52083333333333
2023,9,20409,B6,13303,12892,MIA,LAX,60,1,0,0,59,0,28,15,1638.0,0.016666666666666666,0.0,0.4745762711864407,0.2542372881355932,27.76271186440678
2023,9,20409,B6,13487,10721,MSP,BOS,55,3,0,0,52,0,24,9,2943.0,0.05454545454545454,0.0,0.46153846153846156,0.17307692307692307,56.59615384615385
2023,9,20409,B6,13930,10721,ORD,BOS,30,2,0,0,28,0,17,10,2359.0,0.06666666666666667,0.0,0.6071428571428571,0.35714285714285715,84.25
2023,9,20409,B6,13930,12478,ORD,JFK,45,0,0,0,45,0,23,10,1614.0,0.0,0.0,0.5111111111111111,0.2222222222222222,35.86666666666667
2023,9,20409,B6,14100,10721,PHL,BOS,69,3,0,0,66,0,26,14,2028.0,0.043478260869565216,0.0,0.3939393939393939,0.21212121212121213,30.727272727272727
2023,9,20409,B6,14107,10721,PHX,BOS,30,0,0,0,30,0,20,11,3207.0,0.0,0.0,0.6666666666666666,0.36666666666666664,106.9
2023,9,20409,B6,14107,12478,PHX,JFK,30,0,0,0,30,0,11,7,808.0,0.0,0.0,0.36666666666666664,0.23333333333333334,26.933333333333334
2023,9,20409,B6,14635,10721,RSW,BOS,59,3,1,0,55,0,27,15,1991.0,0.05084745762711865,0.01694915254237288,0.4909090909090909,0.2727272727272727,36.2
2023,9,20409,B6,14635,11278,RSW,DCA,30,1,0,0,29,0,15,3,682.0,0.03333333333333333,0.0,0.5172413793103449,0.10344827586206896,23.517241379310345
2023,9,20409,B6,14635,11618,RSW,EWR,30,3,0,0,27,0,13,10,2057.0,0.1,0.0,0.48148148148148145,0.37037037037037035,76.18518518518519
2023,9,20409,B6,14635,12478,RSW,JFK,50,1,0,0,49,0,18,9,1076.0,0.02,0.0,0.3673469387755102,0.1836734693877551,21.959183673469386
2023,9,20409,B6,14635,12953,RSW,LGA,35,2,1,0,32,0,4,1,-20.0,0.05714285714285714,0.02857142857142857,0.125,0.03125,-0.625
2023,9,20409,B6,14679,10721,SAN,BOS,60,0,1,0,59,0,27,13,2317.0,0.0,0.016666666666666666,0.4576271186440678,0.22033898305084745,39.271186440677965
2023,9,20409,B6,14679,11697,SAN,FLL,30,0,0,0,30,0,13,5,2258.0,0.0,0.0,0.43333333333333335,0.16666666666666666,75.26666666666667
2023,9,20409,B6,14679,12478,SAN,JFK,85,5,1,0,79,0,34,20,3133.0,0.058823529411764705,0.011764705882352941,0.43037974683544306,0.25316455696202533,39.65822784810127
2023,9,20409,B6,14747,10721,SEA,BOS,35,1,0,0,34,0,16,8,2103.0,0.02857142857142857,0.0,0.47058823529411764,0.23529411764705882,61.85294117647059
2023,9,20409,B6,14747,12478,SEA,JFK,34,2,0,0,32,0,23,11,5453.0,0.058823529411764705,0.0,0.71875,0.34375,170.40625
2023,9,20409,B6,14747,12892,SEA,LAX,60,1,0,0,59,0,24,11,1534.0,0.016666666666666666,0.0,0.4067796610169492,0.1864406779661017,26.0
2023,9,20409,B6,14771,10721,SFO,BOS,165,1,2,0,162,0,66,28,5723.0,0.006060606060606061,0.012121212121212121,0.4074074074074074,0.1728395061728395,35.32716049382716
2023,9,20409,B6,14771,11697,SFO,FLL,60,1,1,0,58,0,14,8,966.0,0.016666666666666666,0.016666666666666666,0.2413793103448276,0.13793103448275862,16.655172413793103
2023,9,20409,B6,14771,12478,SFO,JFK,171,4,1,0,166,0,72,29,5272.0,0.023391812865497075,0.005847953216374269,0.43373493975903615,0.1746987951807229,31.759036144578314
2023,9,20409,B6,14771,12892,SFO,LAX,60,1,0,0,59,0,7,0,-285.0,0.016666666666666666,0.0,0.11864406779661017,0.0,-4.830508474576271
2023,9,20409,B6,14869,10721,SLC,BOS,30,0,0,0,30,0,12,5,858.0,0.0,0.0,0.4,0.16666666666666666,28.6
2023,9,20409,B6,14869,11697,SLC,FLL,30,0,0,0,30,0,9,2,2.0,0.0,0.0,0.3,0.06666666666666667,0.06666666666666667
2023,9,20409,B6,14869,12478,SLC,JFK,35,0,0,0,35,0,18,15,2333.0,0.0,0.0,0.5142857142857142,0.42857142857142855,66.65714285714286
2023,9,20409,B6,14869,12892,SLC,LAX,60,0,0,0,60,0,15,2,205.0,0.0,0.0,0.25,0.03333333333333333,3.4166666666666665
2023,9,20409,B6,14869,13204,SLC,MCO,23,2,0,0,21,0,4,2,196.0,0.08695652173913043,0.0,0.19047619047619047,0.09523809523809523,9.333333333333334
2023,9,20409,B6,15304,10721,TPA,BOS,111,4,0,0,107,0,33,19,2734.0,0.036036036036036036,0.0,0.308411214953271,0.17757009345794392,25.55140186915888
2023,9,20409,B6,15304,11618,TPA,EWR,35,0,1,0,34,0,8,5,687.0,0.0,0.02857142857142857,0.23529411764705882,0.14705882352941177,20.205882352941178
2023,9,20409,B6,15304,12478,TPA,JFK,85,5,1,0,79,0,22,13,1436.0,0.058823529411764705,0.011764705882352941,0.27848101265822783,0.16455696202531644,18.17721518987342
2023,9,20409,B6,15304,12953,TPA,LGA,70,1,0,0,69,0,22,15,1987.0,0.014285714285714285,0.0,0.3188405797101449,0.21739130434782608,28.797101449275363
2023,9,20416,NK,10397,10721,ATL,BOS,30,0,0,0,30,0,8,2,276.0,0.0,0.0,0.26666666666666666,0.06666666666666667,9.2
2023,9,20416,NK,10397,10821,ATL,BWI,53,0,0,0,53,0,13,7,892.0,0.0,0.0,0.24528301886792453,0.1320754716981132,16.830188679245282
2023,9,20416,NK,10397,11298,ATL,DFW,35,0,0,0,35,0,6,0,67.0,0.0,0.0,0.17142857142857143,0.0,1.9142857142857144
2023,9,20416,NK,10397,11433,ATL,DTW,108,1,0,0,107,0,16,2,-152.0,0.009259259259259259,0.0,0.14953271028037382,0.018691588785046728,-1.4205607476635513
2023,9,20416,NK,10397,11618,ATL,EWR,55,3,0,0,52,0,8,4,277.0,0.05454545454545454,0.0,0.15384615384615385,0.07692307692307693,5.326923076923077
2023,9,20416,NK,10397,11697,ATL,FLL,148,1,2,0,145,0,36,9,1565.0,0.006756756756756757,0.013513513513513514,0.2482758620689655,0.06206896551724138,10.793103448275861
2023,9,20416,NK,10397,12266,ATL,IAH,55,0,0,0,55,0,9,1,-138.0,0.0,0.0,0.16363636363636364,0.01818181818181818,-2.5090909090909093
2023,9,20416,NK,10397,12889,ATL,LAS,56,0,0,0,56,0,20,10,1230.0,0.0,0.0,0.35714285714285715,0.17857142857142858,21.964285714285715
2023,9,20416,NK,10397,12892,ATL,LAX,88,1,0,0,87,0,15,1,-442.0,0.011363636363636364,0.0,0.1724137931034483,0.011494252873563218,-5.080459770114943
2023,9,20416,NK,10397,13204,ATL,MCO,90,2,1,0,87,0,17,7,767.0,0.022222222222222223,0.011111111111111112,0.19540229885057472,0.08045977011494253,8.816091954022989
2023,9,20416,NK,10397,13303,ATL,MIA,49,0,1,0,48,0,17,5,747.0,0.0,0.02040816326530612,0.3541666666666667,0.10416666666666667,15.5625
2023,9,20416,NK,10397,13487,ATL,MSP,52,0,0,0,52,0,5,1,-394.0,0.0,0.0,0.09615384615384616,0.019230769230769232,-7.576923076923077
2023,9,20416,NK,10397,13930,ATL,ORD,60,0,0,0,60,0,8,2,-369.0,0.0,0.0,0.13333333333333333,0.03333333333333333,-6.15
2023,9,20416,NK,10397,14100,ATL,PHL,30,1,0,0,29,0,8,1,302.0,0.03333333333333333,0.0,0.27586206896551724,0.034482758620689655,10.413793103448276
2023,9,20416,NK,10397,15304,ATL,TPA,30,0,0,0,30,0,10,2,400.0,0.0,0.0,0.3333333333333333,0.06666666666666667,13.333333333333334
2023,9,20416,NK,10721,10397,BOS,ATL,30,0,0,0,30,0,10,2,222.0,0.0,0.0,0.3333333333333333,0.06666666666666667,7.4
2023,9,20416,NK,10721,11298,BOS,DFW,31,3,0,0,28,0,9,5,522.0,0.0967741935483871,0.0,0.32142857142857145,0.17857142857142858,18.642857142857142
2023,9,20416,NK,10721,11697,BOS,FLL,64,5,0,0,59,0,18,5,666.0,0.078125,0.0,0.3050847457627119,0.0847457627118644,11.288135593220339
2023,9,20416,NK,10721,12889,BOS,LAS,31,0,0,0,31,0,5,3,242.0,0.0,0.0,0.16129032258064516,0.0967741935483871,7.806451612903226
2023,9,20416,NK,10721,12892,BOS,LAX,4,0,0,0,4,0,2,1,99.0,0.0,0.0,0.5,0.25,24.75
2023,9,20416,NK,10721,13204,BOS,MCO,105,6,1,0,98,0,48,21,2761.0,0.05714285714285714,0.009523809523809525,0.4897959183673469,0.21428571428571427,28.1734693877551
2023,9,20416,NK,10721,13303,BOS,MIA,35,1,0,0,34,0,14,5,1048.0,0.02857142857142857,0.0,0.4117647058823529,0.14705882352941177,30.823529411764707
2023,9,20416,NK,10721,14107,BOS,PHX,5,0,0,0,5,0,0,0,-94.0,0.0,0.0,0.0,0.0,-18.8
2023,9,20416,NK,10821,10397,BWI,ATL,54,0,0,0,54,0,10,4,293.0,0.0,0.0,0.18518518518518517,0.07407407407407407,5.425925925925926
2023,9,20416,NK,10821,11298,BWI,DFW,30,1,0,0,29,0,3,1,-131.0,0.03333333333333333,0.0,0.10344827586206896,0.034482758620689655,-4.517241379310345
2023,9,20416,NK,10821,11697,BWI,FLL,82,1,1,0,80,0,23,5,893.0,0.012195121951219513,0.012195121951219513,0.2875,0.0625,11.1625
2023,9,20416,NK,10821,12266,BWI,IAH,32,0,1,0,31,0,9,2,54.0,0.0,0.03125,0.2903225806451613,0.06451612903225806,1.7419354838709677
2023,9,20416,NK,10821,12889,BWI,LAS,30,0,0,0,30,0,2,0,-346.0,0.0,0.0,0.06666666666666667,0.0,-11.533333333333333
2023,9,20416,NK,10821,12892,BWI,LAX,59,1,0,0,58,0,6,1,-777.0,0.01694915254237288,0.0,0.10344827586206896,0.017241379310344827,-13.39655172413793
2023,9,20416,NK,10821,13204,BWI,MCO,82,1,1,0,80,0,20,7,1027.0,0.012195121951219513,0.012195121951219513,0.25,0.0875,12.8375
2023,9,20416,NK,10821,13303,BWI,MIA,30,1,0,0,29,0,10,4,580.0,0.03333333333333333,0.0,0.3448275862068966,0.13793103448275862,20.0
2023,9,20416,NK,10821,15304,BWI,TPA,31,0,0,0,31,0,2,0,-269.0,0.0,0.0,0.06451612903225806,0.0,-8.67741935483871
2023,9,20416,NK,11292,11298,DEN,DFW,5,0,0,0,5,0,2,0,77.0,0.0,0.0,0.4,0.0,15.4
2023,9,20416,NK,11292,11697,DEN,FLL,30,0,0,0,30,0,10,2,125.0,0.0,0.0,0.3333333333333333,0.06666666666666667,4.166666666666667
2023,9,20416,NK,11292,12889,DEN,LAS,94,4,0,0,90,0,23,8,1301.0,0.0425531914893617,0.0,0.25555555555555554,0.08888888888888889,14.455555555555556
2023,9,20416,NK,11292,13303,DEN,MIA,5,0,0,0,5,0,0,0,-44.0,0.0,0.0,0.0,0.0,-8.8
2023,9,20416,NK,11298,10397,DFW,ATL,35,0,0,0,35,0,10,0,125.0,0.0,0.0,0.2857142857142857,0.0,3.5714285714285716
2023,9,20416,NK,11298,10721,DFW,BOS,30,2,1,0,27,0,7,2,231.0,0.06666666666666667,0.03333333333333333,0.25925925925925924,0.07407407407407407,8.555555555555555
2023,9,20416,NK,11298,10821,DFW,BWI,30,1,0,0,29,0,9,4,491.0,0.03333333333333333,0.0,0.3103448275862069,0.13793103448275862,16.93103448275862
2023,9,20416,NK,11298,11292,DFW,DEN,5,0,0,0,5,0,1,0,42.0,0.0,0.0,0.2,0.0,8.4
2023,9,20416,NK,11298,11433,DFW,DTW,33,0,1,0,32,0,11,4,948.0,0.0,0.030303030303030304,0.34375,0.125,29.625
2023,9,20416,NK,11298,11618,DFW,EWR,5,0,0,0,5,0,2,0,28.0,0.0,0.0,0.4,0.0,5.6
2023,9,20416,NK,11298,11697,DFW,FLL,89,0,0,0,89,0,23,6,983.0,0.0,0.0,0.25842696629213485,0.06741573033707865,11.044943820224718
2023,9,20416,NK,11298,12889,DFW,LAS,101,0,0,0,101,0,28,2,872.0,0.0,0.0,0.27722772277227725,0.019801980198019802,8.633663366336634
2023,9,20416,NK,11298,12892,DFW,LAX,108,0,0,0,108,0,22,7,482.0,0.0,0.0,0.2037037037037037,0.06481481481481481,4.462962962962963
2023,9,20416,NK,11298,12953,DFW,LGA,24,1,1,0,22,0,8,5,465.0,0.041666666666666664,0.041666666666666664,0.36363636363636365,0.22727272727272727,21.136363636363637
2023,9,20416,NK,11298,13204,DFW,MCO,85,1,0,0,84,0,16,4,550.0,0.011764705882352941,0.0,0.19047619047619047,0.047619047619047616,6.5476190476190474
2023,9,20416,NK,11298,13303,DFW,MIA,30,0,0,0,30,0,10,2,228.0,0.0,0.0,0.3333333333333333,0.06666666666666667,7.6
2023,9,20416,NK,11298,13796,DFW,OAK,30,0,0,0,30,0,8,1,207.0,0.0,0.0,0.26666666666666666,0.03333333333333333,6.9
2023,9,20416,NK,11298,13930,DFW,ORD,41,0,0,0,41,0,5,2,479.0,0.0,0.0,0.12195121951219512,0.04878048780487805,11.682926829268293
2023,9,20416,NK,11298,14100,DFW,PHL,5,0,0,0,5,0,0,0,-36.0,0.0,0.0,0.0,0.0,-7.2
2023,9,20416,NK,11298,14107,DFW,PHX,13,0,0,0,13,0,6,2,182.0,0.0,0.0,0.46153846153846156,0.15384615384615385,14.0
2023,9,20416,NK,11433,10397,DTW,ATL,108,1,0,0,107,0,13,1,-225.0,0.009259259259259259,0.0,0.12149532710280374,0.009345794392523364,-2.102803738317757
2023,9,20416,NK,11433,11298,DTW,DFW,33,0,1,0,32,0,8,1,176.0,0.0,0.030303030303030304,0.25,0.03125,5.5
2023,9,20416,NK,11433,11618,DTW,EWR,24,0,0,0,24,0,2,0,-48.0,0.0,0.0,0.08333333333333333,0.0,-2.0
2023,9,20416,NK,11433,11697,DTW,FLL,56,0,1,0,55,0,7,0,-368.0,0.0,0.017857142857142856,0.12727272727272726,0.0,-6.6909090909090905
2023,9,20416,NK,11433,12266,DTW,IAH,33,0,0,0,33,0,9,4,619.0,0.0,0.0,0.2727272727272727,0.12121212121212122,18.757575757575758
2023,9,20416,NK,11433,12889,DTW,LAS,99,1,0,0,98,0,12,2,-301.0,0.010101010101010102,0.0,0.12244897959183673,0.02040816326530612,-3.0714285714285716
2023,9,20416,NK,11433,12892,DTW,LAX,71,0,0,0,71,0,8,2,-577.0,0.0,0.0,0.11267605633802817,0.028169014084507043,-8.126760563380282
2023,9,20416,NK,11433,12953,DTW,LGA,90,10,0,0,80,0,17,10,930.0,0.1111111111111111,0.0,0.2125,0.125,11.625
2023,9,20416,NK,11433,13204,DTW,MCO,119,2,0,0,117,0,20,9,-16.0,0.01680672268907563,0.0,0.17094017094017094,0.07692307692307693,-0.13675213675213677
2023,9,20416,NK,11433,13303,DTW,MIA,29,0,1,0,28,0,7,1,330.0,0.0,0.034482758620689655,0.25,0.03571428571428571,11.785714285714286
2023,9,20416,NK,11433,13487,DTW,MSP,30,0,0,0,30,0,6,0,-106.0,0.0,0.0,0.2,0.0,-3.533333333333333
2023,9,20416,NK,11433,13930,DTW,ORD,1,0,0,0,1,0,0,0,-7.0,0.0,0.0,0.0,0.0,-7.0
2023,9,20416,NK,11433,14100,DTW,PHL,48,2,0,0,46,0,9,2,42.0,0.041666666666666664,0.0,0.1956521739130435,0.043478260869565216,0.9130434782608695
2023,9,20416,NK,11433,14635,DTW,RSW,48,0,0,0,48,0,5,4,-17.0,0.0,0.0,0.10416666666666667,0.08333333333333333,-0.3541666666666667
2023,9,20416,NK,11433,15304,DTW,TPA,60,0,0,0,60,0,6,2,-393.0,0.0,0.0,0.1,0.03333333333333333,-6.55
2023,9,20416,NK,11618,10397,EWR,ATL,55,2,0,0,53,0,14,6,411.0,0.03636363636363636,0.0,0.2641509433962264,0.11320754716981132,7.754716981132075
2023,9,20416,NK,11618,11298,EWR,DFW,5,0,0,0,5,0,1,0,-59.0,0.0,0.0,0.2,0.0,-11.8
2023,9,20416,NK,11618,11433,EWR,DTW,25,2,0,0,23,0,5,4,204.0,0.08,0.0,0.21739130434782608,0.17391304347826086,8.869565217391305
2023,9,20416,NK,11618,11697,EWR,FLL,143,5,0,0,138,0,40,17,1674.0,0.03496503496503497,0.0,0.2898550724637681,0.12318840579710146,12.130434782608695
2023,9,20416,NK,11618,12266,EWR,IAH,30,1,0,0,29,0,12,6,1733.0,0.03333333333333333,0.0,0.41379310344827586,0.20689655172413793,59.758620689655174
2023,9,20416,NK,11618,12889,EWR,LAS,35,0,0,0,35,0,8,5,445.0,0.0,0.0,0.22857142857142856,0.14285714285714285,12.714285714285714
2023,9,20416,NK,11618,12892,EWR,LAX,46,4,0,0,42,0,7,1,-170.0,0.08695652173913043,0.0,0.16666666666666666,0.023809523809523808,-4.0476190476190474
2023,9,20416,NK,11618,13204,EWR,MCO,143,3,2,0,138,0,33,16,862.0,0.02097902097902098,0.013986013986013986,0.2391304347826087,0.11594202898550725,6.246376811594203
2023,9,20416,NK,11618,13303,EWR,MIA,55,3,1,0,51,0,14,4,493.0,0.05454545454545454,0.01818181818181818,0.27450980392156865,0.0784313725490196,9.666666666666666
2023,9,20416,NK,11618,13796,EWR,OAK,19,0,0,0,19,0,4,2,91.0,0.0,0.0,0.21052631578947367,0.10526315789473684,4.7894736842105265
2023,9,20416,NK,11618,14107,EWR,PHX,30,0,0,0,30,0,5,2,126.0,0.0,0.0,0.16666666666666666,0.06666666666666667,4.2
2023,9,20416,NK,11618,14869,EWR,SLC,5,0,0,0,5,0,0,0,-147.0,0.0,0.0,0.0,0.0,-29.4
2023,9,20416,NK,11697,10397,FLL,ATL,149,1,0,0,148,0,52,13,2180.0,0.006711409395973154,0.0,0.35135135135135137,0.08783783783783784,14.72972972972973
2023,9,20416,NK,11697,10721,FLL,BOS,65,3,0,0,62,0,36,14,1905.0,0.046153846153846156,0.0,0.5806451612903226,0.22580645161290322,30.725806451612904
2023,9,20416,NK,11697,10821,FLL,BWI,83,0,1,0,82,0,31,10,1337.0,0.0,0.012048192771084338,0.3780487804878049,0.12195121951219512,16.304878048780488
2023,9,20416,NK,11697,11292,FLL,DEN,30,0,0,0,30,0,12,1,492.0,0.0,0.0,0.4,0.03333333333333333,16.4
2023,9,20416,NK,11697,11298,FLL,DFW,89,0,1,0,88,0,30,14,2518.0,0.0,0.011235955056179775,0.3409090909090909,0.1590909090909091,28.613636363636363
2023,9,20416,NK,11697,11433,FLL,DTW,55,0,0,0,55,0,5,0,-440.0,0.0,0.0,0.09090909090909091,0.0,-8.0
2023,9,20416,NK,11697,11618,FLL,EWR,143,5,1,0,137,0,43,19,1757.0,0.03496503496503497,0.006993006993006993,0.31386861313868614,0.1386861313868613,12.824817518248175
2023,9,20416,NK,11697,12266,FLL,IAH,82,1,0,0,81,0,29,9,1398.0,0.012195121951219513,0.0,0.35802469135802467,0.1111111111111111,17.25925925925926
2023,9,20416,NK,11697,12889,FLL,LAS,31,0,0,0,31,0,12,3,825.0,0.0,0.0,0.3870967741935484,0.0967741935483871,26.612903225806452
2023,9,20416,NK,11697,12892,FLL,LAX,30,0,0,0,30,0,12,3,469.0,0.0,0.0,0.4,0.1,15.633333333333333
2023,9,20416,NK,11697,12953,FLL,LGA,90,5,1,0,84,0,18,7,338.0,0.05555555555555555,0.011111111111111112,0.21428571428571427,0.08333333333333333,4.023809523809524
2023,9,20416,NK,11697,13204,FLL,MCO,61,2,0,0,59,0,24,9,1774.0,0.03278688524590164,0.0,0.4067796610169492,0.15254237288135594,30.06779661016949
2023,9,20416,NK,11697,13930,FLL,ORD,112,1,0,0,111,0,50,20,3135.0,0.008928571428571428,0.0,0.45045045045045046,0.18018018018018017,28.243243243243242
2023,9,20416,NK,11697,14100,FLL,PHL,87,2,0,0,85,0,21,5,476.0,0.022988505747126436,0.0,0.24705882352941178,0.058823529411764705,5.6
2023,9,20416,NK,11697,15304,FLL,TPA,60,1,0,0,59,0,18,9,1207.0,0.016666666666666666,0.0,0.3050847457627119,0.15254237288135594,20.45762711864407
2023,9,20416,NK,12266,10397,IAH,ATL,55,0,0,0,55,0,13,5,427.0,0.0,0.0,0.23636363636363636,0.09090909090909091,7.763636363636364
2023,9,20416,NK,12266,10821,IAH,BWI,32,0,0,0,32,0,8,1,30.0,0.0,0.0,0.25,0.03125,0.9375
2023,9,20416,NK,12266,11433,IAH,DTW,31,0,0,0,31,0,7,2,509.0,0.0,0.0,0.22580645161290322,0.06451612903225806,16.419354838709676
2023,9,20416,NK,12266,11618,IAH,EWR,30,1,0,0,29,0,7,1,372.0,0.03333333333333333,0.0,0.2413793103448276,0.034482758620689655,12.827586206896552
2023,9,20416,NK,12266,11697,IAH,FLL,82,1,1,0,80,0,29,11,1709.0,0.012195121951219513,0.012195121951219513,0.3625,0.1375,21.3625
2023,9,20416,NK,12266,12889,IAH,LAS,84,0,0,0,84,0,14,4,330.0,0.0,0.0,0.16666666666666666,0.047619047619047616,3.9285714285714284
2023,9,20416,NK,12266,12892,IAH,LAX,69,0,0,0,69,0,11,1,-162.0,0.0,0.0,0.15942028985507245,0.014492753623188406,-2.347826086956522
2023,9,20416,NK,12266,12953,IAH,LGA,24,0,1,0,23,0,1,0,-358.0,0.0,0.041666666666666664,0.043478260869565216,0.0,-15.565217391304348
2023,9,20416,NK,12266,13204,IAH,MCO,88,0,1,0,87,0,18,7,414.0,0.0,0.011363636363636364,0.20689655172413793,0.08045977011494253,4.758620689655173
2023,9,20416,NK,12266,13303,IAH,MIA,30,1,1,0,28,0,15,5,999.0,0.03333333333333333,0.03333333333333333,0.5357142857142857,0.17857142857142858,35.67857142857143
2023,9,20416,NK,12266,13930,IAH,ORD,33,1,0,0,32,0,9,2,255.0,0.030303030303030304,0.0,0.28125,0.0625,7.96875
2023,9,20416,NK,12266,14100,IAH,PHL,22,0,0,0,22,0,3,0,-47.0,0.0,0.0,0.13636363636363635,0.0,-2.1363636363636362
2023,9,20416,NK,12889,10397,LAS,ATL,56,0,0,0,56,0,8,3,-16.0,0.0,0.0,0.14285714285714285,0.05357142857142857,-0.2857142857142857
2023,9,20416,NK,12889,10721,LAS,BOS,29,0,0,0,29,0,3,1,-171.0,0.0,0.0,0.10344827586206896,0.034482758620689655,-5.896551724137931
2023,9,20416,NK,12889,10821,LAS,BWI,31,0,0,0,31,0,1,0,-278.0,0.0,0.0,0.03225806451612903,0.0,-8.96774193548387
2023,9,20416,NK,12889,11292,LAS,DEN,94,3,0,0,91,0,22,7,917.0,0.031914893617021274,0.0,0.24175824175824176,0.07692307692307693,10.076923076923077
2023,9,20416,NK,12889,11298,LAS,DFW,101,0,0,0,101,0,17,4,92.0,0.0,0.0,0.16831683168316833,0.039603960396039604,0.9108910891089109
2023,9,20416,NK,12889,11433,LAS,DTW,99,1,0,0,98,0,20,4,513.0,0.010101010101010102,0.0,0.20408163265306123,0.04081632653061224,5.23469387755102
2023,9,20416,NK,12889,11618,LAS,EWR,35,0,0,0,35,0,8,3,177.0,0.0,0.0,0.22857142857142856,0.08571428571428572,5.057142857142857
2023,9,20416,NK,12889,11697,LAS,FLL,29,0,0,0,29,0,10,5,519.0,0.0,0.0,0.3448275862068966,0.1724137931034483,17.896551724137932
2023,9,20416,NK,12889,12266,LAS,IAH,84,0,0,0,84,0,26,8,1443.0,0.0,0.0,0.30952380952380953,0.09523809523809523,17.178571428571427
2023,9,20416,NK,12889,12892,LAS,LAX,119,1,0,0,118,0,21,7,637.0,0.008403361344537815,0.0,0.17796610169491525,0.059322033898305086,5.398305084745763
2023,9,20416,NK,12889,13204,LAS,MCO,23,0,0,0,23,0,5,3,705.0,0.0,0.0,0.21739130434782608,0.13043478260869565,30.652173913043477
2023,9,20416,NK,12889,13303,LAS,MIA,35,0,0,0,35,0,5,3,-8.0,0.0,0.0,0.14285714285714285,0.08571428571428572,-0.22857142857142856
2023,9,20416,NK,12889,13487,LAS,MSP,29,1,0,0,28,0,7,1,105.0,0.034482758620689655,0.0,0.25,0.03571428571428571,3.75
2023,9,20416,NK,12889,13796,LAS,OAK,101,1,0,0,100,0,26,10,1074.0,0.009900990099009901,0.0,0.26,0.1,10.74
2023,9,20416,NK,12889,13930,LAS,ORD,101,0,1,0,100,0,16,1,-390.0,0.0,0.009900990099009901,0.16,0.01,-3.9
2023,9,20416,NK,12889,14100,LAS,PHL,30,0,0,0,30,0,6,1,-102.0,0.0,0.0,0.2,0.03333333333333333,-3.4
2023,9,20416,NK,12889,14107,LAS,PHX,52,1,0,0,51,0,12,4,372.0,0.019230769230769232,0.0,0.23529411764705882,0.0784313725490196,7.294117647058823
2023,9,20416,NK,12889,14679,LAS,SAN,124,1,0,0,123,0,31,6,774.0,0.008064516129032258,0.0,0.25203252032520324,0.04878048780487805,6.2926829268292686
2023,9,20416,NK,12889,14747,LAS,SEA,77,3,0,0,74,0,18,6,378.0,0.03896103896103896,0.0,0.24324324324324326,0.08108108108108109,5.108108108108108
2023,9,20416,NK,12889,14869,LAS,SLC,59,1,0,0,58,0,18,5,642.0,0.01694915254237288,0.0,0.3103448275862069,0.08620689655172414,11.068965517241379
2023,9,20416,NK,12889,15016,LAS,STL,4,1,0,0,3,0,2,1,93.0,0.25,0.0,0.6666666666666666,0.3333333333333333,31.0
2023,9,20416,NK,12889,15304,LAS,TPA,30,0,0,0,30,0,9,2,277.0,0.0,0.0,0.3,0.06666666666666667,9.233333333333333
2023,9,20416,NK,12892,10397,LAX,ATL,88,1,0,0,87,0,9,0,-792.0,0.011363636363636364,0.0,0.10344827586206896,0.0,-9.10344827586207
2023,9,20416,NK,12892,10721,LAX,BOS,5,0,0,0,5,0,1,0,28.0,0.0,0.0,0.2,0.0,5.6
2023,9,20416,NK,12892,10821,LAX,BWI,59,1,0,0,58,0,14,6,223.0,0.01694915254237288,0.0,0.2413793103448276,0.10344827586206896,3.8448275862068964
2023,9,20416,NK,12892,11298,LAX,DFW,108,1,2,0,105,0,15,2,-1158.0,0.009259259259259259,0.018518518518518517,0.14285714285714285,0.01904761904761905,-11.028571428571428
2023,9,20416,NK,12892,11433,LAX,DTW,72,0,0,0,72,0,7,3,-1025.0,0.0,0.0,0.09722222222222222,0.041666666666666664,-14.23611111111111
2023,9,20416,NK,12892,11618,LAX,EWR,46,3,0,0,43,0,8,3,115.0,0.06521739130434782,0.0,0.18604651162790697,0.06976744186046512,2.6744186046511627
2023,9,20416,NK,12892,11697,LAX,FLL,31,0,0,0,31,0,5,3,-71.0,0.0,0.0,0.16129032258064516,0.0967741935483871,-2.2903225806451615
2023,9,20416,NK,12892,12266,LAX,IAH,69,0,0,0,69,0,20,8,2522.0,0.0,0.0,0.2898550724637681,0.11594202898550725,36.55072463768116
2023,9,20416,NK,12892,12889,LAX,LAS,119,2,0,0,117,0,16,7,45.0,0.01680672268907563,0.0,0.13675213675213677,0.05982905982905983,0.38461538461538464
2023,9,20416,NK,12892,13204,LAX,MCO,5,0,0,0,5,0,2,1,164.0,0.0,0.0,0.4,0.2,32.8
2023,9,20416,NK,12892,13796,LAX,OAK,33,0,0,0,33,0,3,1,-206.0,0.0,0.0,0.09090909090909091,0.030303030303030304,-6.242424242424242
2023,9,20416,NK,12892,13930,LAX,ORD,90,3,0,0,87,0,14,2,-433.0,0.03333333333333333,0.0,0.16091954022988506,0.022988505747126436,-4.977011494252873
2023,9,20416,NK,12892,14100,LAX,PHL,30,0,1,0,29,0,8,0,-92.0,0.0,0.03333333333333333,0.27586206896551724,0.0,-3.1724137931034484
2023,9,20416,NK,12892,14869,LAX,SLC,30,0,0,0,30,0,3,2,-60.0,0.0,0.0,0.1,0.06666666666666667,-2.0
2023,9,20416,NK,12953,11298,LGA,DFW,24,2,0,0,22,0,10,7,892.0,0.08333333333333333,0.0,0.45454545454545453,0.3181818181818182,40.54545454545455
2023,9,20416,NK,12953,11433,LGA,DTW,90,10,0,0,80,0,14,8,-378.0,0.1111111111111111,0.0,0.175,0.1,-4.725
2023,9,20416,NK,12953,11697,LGA,FLL,90,6,0,0,84,0,29,15,1449.0,0.06666666666666667,0.0,0.34523809523809523,0.17857142857142858,17.25
2023,9,20416,NK,12953,12266,LGA,IAH,24,1,1,0,22,0,4,2,-133.0,0.041666666666666664,0.041666666666666664,0.18181818181818182,0.09090909090909091,-6.045454545454546
2023,9,20416,NK,12953,13204,LGA,MCO,86,6,0,0,80,0,18,10,685.0,0.06976744186046512,0.0,0.225,0.125,8.5625
2023,9,20416,NK,12953,13303,LGA,MIA,30,1,0,0,29,0,11,2,132.0,0.03333333333333333,0.0,0.3793103448275862,0.06896551724137931,4.551724137931035
2023,9,20416,NK,13204,10397,MCO,ATL,90,1,0,0,89,0,19,5,522.0,0.011111111111111112,0.0,0.21348314606741572,0.056179775280898875,5.865168539325842
2023,9,20416,NK,13204,10721,MCO,BOS,106,8,0,0,98,0,34,15,2407.0,0.07547169811320754,0.0,0.3469387755102041,0.15306122448979592,24.56122448979592
2023,9,20416,NK,13204,10821,MCO,BWI,82,2,0,0,80,0,35,19,2521.0,0.024390243902439025,0.0,0.4375,0.2375,31.5125
2023,9,20416,NK,13204,11298,MCO,DFW,84,1,0,0,83,0,27,7,1059.0,0.011904761904761904,0.0,0.3253012048192771,0.08433734939759036,12.759036144578314
2023,9,20416,NK,13204,11433,MCO,DTW,120,2,0,0,118,0,26,10,734.0,0.016666666666666666,0.0,0.22033898305084745,0.0847457627118644,6.220338983050848
2023,9,20416,NK,13204,11618,MCO,EWR,143,1,0,0,142,0,37,12,1368.0,0.006993006993006993,0.0,0.2605633802816901,0.08450704225352113,9.633802816901408
2023,9,20416,NK,13204,11697,MCO,FLL,60,2,0,0,58,0,12,5,640.0,0.03333333333333333,0.0,0.20689655172413793,0.08620689655172414,11.03448275862069
2023,9,20416,NK,13204,12266,MCO,IAH,89,0,1,0,88,0,20,5,585.0,0.0,0.011235955056179775,0.22727272727272727,0.056818181818181816,6.6477272727272725
2023,9,20416,NK,13204,12889,MCO,LAS,23,0,0,0,23,0,6,1,199.0,0.0,0.0,0.2608695652173913,0.043478260869565216,8.652173913043478
2023,9,20416,NK,13204,12892,MCO,LAX,5,0,0,0,5,0,2,1,116.0,0.0,0.0,0.4,0.2,23.2
2023,9,20416,NK,13204,12953,MCO,LGA,86,3,0,0,83,0,18,6,138.0,0.03488372093023256,0.0,0.21686746987951808,0.07228915662650602,1.6626506024096386
2023,9,20416,NK,13204,13930,MCO,ORD,80,1,0,0,79,0,32,13,2291.0,0.0125,0.0,0.4050632911392405,0.16455696202531644,29.0
2023,9,20416,NK,13204,14100,MCO,PHL,130,3,0,0,127,0,51,23,2953.0,0.023076923076923078,0.0,0.4015748031496063,0.18110236220472442,23.251968503937007
2023,9,20416,NK,13204,14107,MCO,PHX,5,0,0,0,5,0,1,1,23.0,0.0,0.0,0.2,0.2,4.6
2023,9,20416,NK,13204,14869,MCO,SLC,29,0,0,0,29,0,6,3,312.0,0.0,0.0,0.20689655172413793,0.10344827586206896,10.758620689655173
2023,9,20416,NK,13204,15016,MCO,STL,29,0,0,0,29,0,5,4,167.0,0.0,0.0,0.1724137931034483,0.13793103448275862,5.758620689655173
2023,9,20416,NK,13303,10397,MIA,ATL,49,2,0,0,47,0,14,9,869.0,0.04081632653061224,0.0,0.2978723404255319,0.19148936170212766,18.48936170212766
2023,9,20416,NK,13303,10721,MIA,BOS,35,0,0,0,35,0,12,5,687.0,0.0,0.0,0.34285714285714286,0.14285714285714285,19.62857142857143
2023,9,20416,NK,13303,10821,MIA,BWI,29,0,0,0,29,0,2,1,-130.0,0.0,0.0,0.06896551724137931,0.034482758620689655,-4.482758620689655
2023,9,20416,NK,13303,11292,MIA,DEN,5,0,0,0,5,0,0,0,22.0,0.0,0.0,0.0,0.0,4.4
2023,9,20416,NK,13303,11298,MIA,DFW,30,1,0,0,29,0,14,9,1241.0,0.03333333333333333,0.0,0.4827586206896552,0.3103448275862069,42.793103448275865
2023,9,20416,NK,13303,11433,MIA,DTW,30,1,0,0,29,0,4,1,-163.0,0.03333333333333333,0.0,0.13793103448275862,0.034482758620689655,-5.620689655172414
2023,9,20416,NK,13303,11618,MIA,EWR,55,3,0,0,52,0,12,4,319.0,0.05454545454545454,0.0,0.23076923076923078,0.07692307692307693,6.134615384615385
2023,9,20416,NK,13303,11697,MIA,FLL,1,0,0,0,1,0,0,0,-15.0,0.0,0.0,0.0,0.0,-15.0
2023,9,20416,NK,13303,12266,MIA,IAH,30,0,0,0,30,0,14,6,628.0,0.0,0.0,0.4666666666666667,0.2,20.933333333333334
2023,9,20416,NK,13303,12889,MIA,LAS,36,0,0,0,36,0,6,0,-217.0,0.0,0.0,0.16666666666666666,0.0,-6.027777777777778
2023,9,20416,NK,13303,12953,MIA,LGA,30,2,0,0,28,0,8,3,369.0,0.06666666666666667,0.0,0.2857142857142857,0.10714285714285714,13.178571428571429
2023,9,20416,NK,13303,13930,MIA,ORD,59,0,0,0,59,0,21,11,1010.0,0.0,0.0,0.3559322033898305,0.1864406779661017,17.11864406779661
2023,9,20416,NK,13303,14100,MIA,PHL,24,0,0,0,24,0,12,6,725.0,0.0,0.0,0.5,0.25,30.208333333333332
2023,9,20416,NK,13487,10397,MSP,ATL,52,0,0,0,52,0,8,2,-338.0,0.0,0.0,0.15384615384615385,0.038461538461538464,-6.5
2023,9,20416,NK,13487,11433,MSP,DTW,30,0,0,0,30,0,4,0,-39.0,0.0,0.0,0.13333333333333333,0.0,-1.3
2023,9,20416,NK,13487,12889,MSP,LAS,29,1,0,0,28,0,6,2,-151.0,0.034482758620689655,0.0,0.21428571428571427,0.07142857142857142,-5.392857142857143
2023,9,20416,NK,13796,11298,OAK,DFW,30,0,0,0,30,0,4,1,16.0,0.0,0.0,0.13333333333333333,0.03333333333333333,0.5333333333333333
2023,9,20416,NK,13796,11618,OAK,EWR,19,0,0,0,19,0,3,3,-22.0,0.0,0.0,0.15789473684210525,0.15789473684210525,-1.1578947368421053
2023,9,20416,NK,13796,12889,OAK,LAS,101,1,0,0,100,0,26,11,2006.0,0.009900990099009901,0.0,0.26,0.11,20.06
2023,9,20416,NK,13796,12892,OAK,LAX,33,0,0,0,33,0,8,2,357.0,0.0,0.0,0.24242424242424243,0.06060606060606061,10.818181818181818
2023,9,20416,NK,13796,14100,OAK,PHL,3,0,0,0,3,0,0,0,-39.0,0.0,0.0,0.0,0.0,-13.0
2023,9,20416,NK,13796,14679,OAK,SAN,23,0,0,0,23,0,4,2,381.0,0.0,0.0,0.17391304347826086,0.08695652173913043,16.565217391304348
2023,9,20416,NK,13930,10397,ORD,ATL,60,0,0,0,60,0,8,3,-66.0,0.0,0.0,0.13333333333333333,0.05,-1.1
2023,9,20416,NK,13930,11298,ORD,DFW,42,0,0,0,42,0,13,1,336.0,0.0,0.0,0.30952380952380953,0.023809523809523808,8.0
2023,9,20416,NK,13930,11697,ORD,FLL,110,1,1,0,108,0,34,9,1275.0,0.00909090909090909,0.00909090909090909,0.3148148148148148,0.08333333333333333,11.805555555555555
2023,9,20416,NK,13930,12266,ORD,IAH,33,1,0,0,32,0,2,1,-82.0,0.030303030303030304,0.0,0.0625,0.03125,-2.5625
2023,9,20416,NK,13930,12889,ORD,LAS,103,0,0,0,103,0,19,6,-184.0,0.0,0.0,0.18446601941747573,0.05825242718446602,-1.7864077669902914
2023,9,20416,NK,13930,12892,ORD,LAX,89,1,0,0,88,0,31,9,914.0,0.011235955056179775,0.0,0.3522727272727273,0.10227272727272728,10.386363636363637
2023,9,20416,NK,13930,13204,ORD,MCO,79,1,0,0,78,0,22,9,1264.0,0.012658227848101266,0.0,0.28205128205128205,0.11538461538461539,16.205128205128204
2023,9,20416,NK,13930,13303,ORD,MIA,60,0,1,0,59,0,17,9,1166.0,0.0,0.016666666666666666,0.288135593220339,0.15254237288135594,19.76271186440678
2023,9,20416,NK,13930,14635,ORD,RSW,30,0,0,0,30,0,14,1,448.0,0.0,0.0,0.4666666666666667,0.03333333333333333,14.933333333333334
2023,9,20416,NK,13930,15304,ORD,TPA,42,0,0,0,42,0,10,1,237.0,0.0,0.0,0.23809523809523808,0.023809523809523808,5.642857142857143
2023,9,20416,NK,14100,10397,PHL,ATL,30,1,0,0,29,0,3,1,-251.0,0.03333333333333333,0.0,0.10344827586206896,0.034482758620689655,-8.655172413793103
2023,9,20416,NK,14100,11298,PHL,DFW,5,0,0,0,5,0,1,0,-21.0,0.0,0.0,0.2,0.0,-4.2
2023,9,20416,NK,14100,11433,PHL,DTW,48,0,0,0,48,0,11,3,127.0,0.0,0.0,0.22916666666666666,0.0625,2.6458333333333335
2023,9,20416,NK,14100,11697,PHL,FLL,88,3,1,0,84,0,23,4,193.0,0.03409090909090909,0.011363636363636364,0.27380952380952384,0.047619047619047616,2.2976190476190474
2023,9,20416,NK,14100,12266,PHL,IAH,22,0,0,0,22,0,10,8,932.0,0.0,0.0,0.45454545454545453,0.36363636363636365,42.36363636363637
2023,9,20416,NK,14100,12889,PHL,LAS,31,0,0,0,31,0,9,3,446.0,0.0,0.0,0.2903225806451613,0.0967741935483871,14.387096774193548
2023,9,20416,NK,14100,12892,PHL,LAX,30,0,0,0,30,0,4,3,10.0,0.0,0.0,0.13333333333333333,0.1,0.3333333333333333
2023,9,20416,NK,14100,13204,PHL,MCO,130,4,3,0,123,0,39,16,1700.0,0.03076923076923077,0.023076923076923078,0.3170731707317073,0.13008130081300814,13.821138211382113
2023,9,20416,NK,14100,13303,PHL,MIA,23,0,0,0,23,0,2,0,-210.0,0.0,0.0,0.08695652173913043,0.0,-9.130434782608695
2023,9,20416,NK,14100,13796,PHL,OAK,3,0,0,0,3,0,1,1,289.0,0.0,0.0,0.3333333333333333,0.3333333333333333,96.33333333333333
2023,9,20416,NK,14107,10721,PHX,BOS,5,0,0,0,5,0,0,0,-43.0,0.0,0.0,0.0,0.0,-8.6
2023,9,20416,NK,14107,11298,PHX,DFW,13,0,0,0,13,0,6,2,152.0,0.0,0.0,0.46153846153846156,0.15384615384615385,11.692307692307692
2023,9,20416,NK,14107,11618,PHX,EWR,30,2,0,0,28,0,14,5,1036.0,0.06666666666666667,0.0,0.5,0.17857142857142858,37.0
2023,9,20416,NK,14107,12889,PHX,LAS,52,1,0,0,51,0,8,3,293.0,0.019230769230769232,0.0,0.1568627450980392,0.058823529411764705,5.745098039215686
2023,9,20416,NK,14107,13204,PHX,MCO,5,0,0,0,5,0,0,0,-152.0,0.0,0.0,0.0,0.0,-30.4
2023,9,20416,NK,14635,11433,RSW,DTW,48,0,0,0,48,0,8,5,-231.0,0.0,0.0,0.16666666666666666,0.10416666666666667,-4.8125
2023,9,20416,NK,14635,13930,RSW,ORD,30,0,0,0,30,0,15,2,461.0,0.0,0.0,0.5,0.06666666666666667,15.366666666666667
2023,9,20416,NK,14679,12889,SAN,LAS,124,1,0,0,123,0,24,7,804.0,0.008064516129032258,0.0,0.1951219512195122,0.056910569105691054,6.536585365853658
2023,9,20416,NK,14679,13796,SAN,OAK,23,0,0,0,23,0,3,1,301.0,0.0,0.0,0.13043478260869565,0.043478260869565216,13.08695652173913
2023,9,20416,NK,14747,12889,SEA,LAS,77,3,0,0,74,0,22,6,472.0,0.03896103896103896,0.0,0.2972972972972973,0.08108108108108109,6.378378378378378
2023,9,20416,NK,14869,11618,SLC,EWR,5,0,0,0,5,0,0,0,-36.0,0.0,0.0,0.0,0.0,-7.2
2023,9,20416,NK,14869,12889,SLC,LAS,59,1,1,0,57,0,18,8,1641.0,0.01694915254237288,0.01694915254237288,0.3157894736842105,0.14035087719298245,28.789473684210527
2023,9,20416,NK,14869,12892,SLC,LAX,30,0,0,0,30,0,6,2,393.0,0.0,0.0,0.2,0.06666666666666667,13.1
2023,9,20416,NK,14869,13204,SLC,MCO,29,0,1,0,28,0,5,2,-101.0,0.0,0.034482758620689655,0.17857142857142858,0.07142857142857142,-3.607142857142857
2023,9,20416,NK,15016,12889,STL,LAS,5,1,0,0,4,0,2,1,103.0,0.2,0.0,0.5,0.25,25.75
2023,9,20416,NK,15016,13204,STL,MCO,29,0,0,0,29,0,11,6,592.0,0.0,0.0,0.3793103448275862,0.20689655172413793,20.413793103448278
2023,9,20416,NK,15304,10397,TPA,ATL,30,0,0,0,30,0,4,2,369.0,0.0,0.0,0.13333333333333333,0.06666666666666667,12.3
2023,9,20416,NK,15304,10821,TPA,BWI,30,1,0,0,29,0,6,1,88.0,0.03333333333333333,0.0,0.20689655172413793,0.034482758620689655,3.0344827586206895
2023,9,20416,NK,15304,11433,TPA,DTW,60,0,0,0,60,0,3,1,-384.0,0.0,0.0,0.05,0.016666666666666666,-6.4
2023,9,20416,NK,15304,11697,TPA,FLL,60,0,0,0,60,0,12,6,568.0,0.0,0.0,0.2,0.1,9.466666666666667
2023,9,20416,NK,15304,12889,TPA,LAS,30,0,0,0,30,0,2,0,-349.0,0.0,0.0,0.06666666666666667,0.0,-11.633333333333333
2023,9,20416,NK,15304,13930,TPA,ORD,43,0,0,0,43,0,8,3,151.0,0.0,0.0,0.18604651162790697,0.06976744186046512,3.511627906976744
2023,9,20436,F9,10397,10821,ATL,BWI,60,0,0,0,60,0,29,16,1731.0,0.0,0.0,0.48333333333333334,0.26666666666666666,28.85
2023,9,20436,F9,10397,11292,ATL,DEN,57,1,1,0,55,0,20,11,1526.0,0.017543859649122806,0.017543859649122806,0.36363636363636365,0.2,27.745454545454546
2023,9,20436,F9,10397,11298,ATL,DFW,33,0,0,0,33,0,19,10,1385.0,0.0,0.0,0.5757575757575758,0.30303030303030304,41.96969696969697
2023,9,20436,F9,10397,11433,ATL,DTW,32,1,0,0,31,0,9,3,418.0,0.03125,0.0,0.2903225806451613,0.0967741935483871,13.483870967741936
2023,9,20436,F9,10397,11697,ATL,FLL,57,0,0,0,57,0,18,9,935.0,0.0,0.0,0.3157894736842105,0.15789473684210525,16.403508771929825
2023,9,20436,F9,10397,12266,ATL,IAH,21,0,0,0,21,0,3,2,194.0,0.0,0.0,0.14285714285714285,0.09523809523809523,9.238095238095237
2023,9,20436,F9,10397,12889,ATL,LAS,33,0,0,0,33,0,18,5,1020.0,0.0,0.0,0.5454545454545454,0.15151515151515152,30.90909090909091
2023,9,20436,F9,10397,12953,ATL,LGA,59,7,1,0,51,0,18,6,390.0,0.11864406779661017,0.01694915254237288,0.35294117647058826,0.11764705882352941,7.647058823529412
2023,9,20436,F9,10397,13204,ATL,MCO,101,2,0,0,99,0,30,13,1701.0,0.019801980198019802,0.0,0.30303030303030304,0.13131313131313133,17.181818181818183
2023,9,20436,F9,10397,13232,ATL,MDW,45,0,0,0,45,0,21,16,1895.0,0.0,0.0,0.4666666666666667,0.35555555555555557,42.111111111111114
2023,9,20436,F9,10397,13303,ATL,MIA,60,1,1,0,58,0,25,12,1398.0,0.016666666666666666,0.016666666666666666,0.43103448275862066,0.20689655172413793,24.103448275862068
2023,9,20436,F9,10397,13930,ATL,ORD,30,0,0,0,30,0,9,1,34.0,0.0,0.0,0.3,0.03333333333333333,1.1333333333333333
2023,9,20436,F9,10397,14100,ATL,PHL,81,2,0,0,79,0,27,13,1486.0,0.024691358024691357,0.0,0.34177215189873417,0.16455696202531644,18.810126582278482
2023,9,20436,F9,10397,14107,ATL,PHX,28,0,0,0,28,0,12,1,387.0,0.0,0.0,0.42857142857142855,0.03571428571428571,13.821428571428571
2023,9,20436,F9,10397,14679,ATL,SAN,2,0,0,0,2,0,0,0,-7.0,0.0,0.0,0.0,0.0,-3.5
2023,9,20436,F9,10397,14771,ATL,SFO,30,1,0,0,29,0,18,5,989.0,0.03333333333333333,0.0,0.6206896551724138,0.1724137931034483,34.10344827586207
2023,9,20436,F9,10397,14869,ATL,SLC,18,0,0,0,18,0,4,2,217.0,0.0,0.0,0.2222222222222222,0.1111111111111111,12.055555555555555
2023,9,20436,F9,10397,15304,ATL,TPA,51,2,0,0,49,0,22,9,1760.0,0.0392156862745098,0.0,0.4489795918367347,0.1836734693877551,35.91836734693877
2023,9,20436,F9,10721,13204,BOS,MCO,30,0,1,0,29,0,1,1,170.0,0.0,0.03333333333333333,0.034482758620689655,0.034482758620689655,5.862068965517241
2023,9,20436,F9,10721,14100,BOS,PHL,26,1,0,0,25,0,11,6,1012.0,0.038461538461538464,0.0,0.44,0.24,40.48
2023,9,20436,F9,10821,10397,BWI,ATL,60,1,0,0,59,0,18,4,439.0,0.016666666666666666,0.0,0.3050847457627119,0.06779661016949153,7.440677966101695
2023,9,20436,F9,10821,11292,BWI,DEN,19,0,0,0,19,0,5,1,79.0,0.0,0.0,0.2631578947368421,0.05263157894736842,4.157894736842105
2023,9,20436,F9,10821,11298,BWI,DFW,17,0,0,0,17,0,6,3,274.0,0.0,0.0,0.35294117647058826,0.17647058823529413,16.11764705882353
2023,9,20436,F9,10821,13204,BWI,MCO,62,1,0,0,61,0,19,7,760.0,0.016129032258064516,0.0,0.3114754098360656,0.11475409836065574,12.459016393442623
2023,9,20436,F9,10821,13303,BWI,MIA,24,2,0,0,22,0,12,3,1205.0,0.08333333333333333,0.0,0.5454545454545454,0.13636363636363635,54.77272727272727
2023,9,20436,F9,10821,14107,BWI,PHX,30,0,0,0,30,0,16,5,2187.0,0.0,0.0,0.5333333333333333,0.16666666666666666,72.9
2023,9,20436,F9,11278,11292,DCA,DEN,90,2,0,0,88,0,13,4,-246.0,0.022222222222222223,0.0,0.14772727272727273,0.045454545454545456,-2.7954545454545454
2023,9,20436,F9,11292,10397,DEN,ATL,57,0,1,0,56,0,15,4,532.0,0.0,0.017543859649122806,0.26785714285714285,0.07142857142857142,9.5
2023,9,20436,F9,11292,10821,DEN,BWI,19,0,0,0,19,0,6,1,145.0,0.0,0.0,0.3157894736842105,0.05263157894736842,7.631578947368421
2023,9,20436,F9,11292,11278,DEN,DCA,90,2,0,0,88,0,24,6,743.0,0.022222222222222223,0.0,0.2727272727272727,0.06818181818181818,8.443181818181818
2023,9,20436,F9,11292,11298,DEN,DFW,87,1,0,0,86,0,23,6,924.0,0.011494252873563218,0.0,0.26744186046511625,0.06976744186046512,10.744186046511627
2023,9,20436,F9,11292,11433,DEN,DTW,60,2,0,0,58,0,14,4,674.0,0.03333333333333333,0.0,0.2413793103448276,0.06896551724137931,11.620689655172415
2023,9,20436,F9,11292,12266,DEN,IAH,30,0,0,0,30,0,5,2,191.0,0.0,0.0,0.16666666666666666,0.06666666666666667,6.366666666666666
2023,9,20436,F9,11292,12889,DEN,LAS,142,1,0,0,141,0,39,13,1032.0,0.007042253521126761,0.0,0.2765957446808511,0.09219858156028368,7.319148936170213
2023,9,20436,F9,11292,13204,DEN,MCO,70,1,1,0,68,0,17,10,906.0,0.014285714285714285,0.014285714285714285,0.25,0.14705882352941177,13.323529411764707
2023,9,20436,F9,11292,13232,DEN,MDW,50,0,0,0,50,0,7,5,-2.0,0.0,0.0,0.14,0.1,-0.04
2023,9,20436,F9,11292,13303,DEN,MIA,23,0,0,0,23,0,7,2,302.0,0.0,0.0,0.30434782608695654,0.08695652173913043,13.130434782608695
2023,9,20436,F9,11292,13487,DEN,MSP,60,1,0,0,59,0,13,6,728.0,0.016666666666666666,0.0,0.22033898305084745,0.1016949152542373,12.338983050847459
2023,9,20436,F9,11292,14100,DEN,PHL,51,2,0,0,49,0,16,3,667.0,0.0392156862745098,0.0,0.32653061224489793,0.061224489795918366,13.612244897959183
2023,9,20436,F9,11292,14107,DEN,PHX,139,0,0,0,139,0,27,11,1434.0,0.0,0.0,0.19424460431654678,0.07913669064748201,10.316546762589928
2023,9,20436,F9,11292,14679,DEN,SAN,75,0,0,0,75,0,24,10,1462.0,0.0,0.0,0.32,0.13333333333333333,19.493333333333332
2023,9,20436,F9,11292,14747,DEN,SEA,54,0,0,0,54,0,8,2,-110.0,0.0,0.0,0.14814814814814814,0.037037037037037035,-2.037037037037037
2023,9,20436,F9,11292,14771,DEN,SFO,60,0,0,0,60,0,9,2,832.0,0.0,0.0,0.15,0.03333333333333333,13.866666666666667
2023,9,20436,F9,11292,14869,DEN,SLC,60,0,0,0,60,0,18,7,723.0,0.0,0.0,0.3,0.11666666666666667,12.05
2023,9,20436,F9,11292,15016,DEN,STL,60,0,0,0,60,0,10,4,-21.0,0.0,0.0,0.16666666666666666,0.06666666666666667,-0.35
2023,9,20436,F9,11292,15304,DEN,TPA,30,1,0,0,29,0,7,1,72.0,0.03333333333333333,0.0,0.2413793103448276,0.034482758620689655,2.4827586206896552
2023,9,20436,F9,11298,10397,DFW,ATL,33,0,0,0,33,0,12,5,985.0,0.0,0.0,0.36363636363636365,0.15151515151515152,29.848484848484848
2023,9,20436,F9,11298,10821,DFW,BWI,17,0,0,0,17,0,2,2,104.0,0.0,0.0,0.11764705882352941,0.11764705882352941,6.117647058823529
2023,9,20436,F9,11298,11292,DFW,DEN,87,2,0,0,85,0,27,10,879.0,0.022988505747126436,0.0,0.3176470588235294,0.11764705882352941,10.341176470588236
2023,9,20436,F9,11298,12889,DFW,LAS,81,2,0,0,79,0,32,14,2278.0,0.024691358024691357,0.0,0.4050632911392405,0.17721518987341772,28.835443037974684
2023,9,20436,F9,11298,12953,DFW,LGA,27,2,0,0,25,0,8,6,506.0,0.07407407407407407,0.0,0.32,0.24,20.24
2023,9,20436,F9,11298,13204,DFW,MCO,50,0,1,0,49,0,22,11,3272.0,0.0,0.02,0.4489795918367347,0.22448979591836735,66.77551020408163
2023,9,20436,F9,11298,13232,DFW,MDW,67,2,0,0,65,0,22,9,1760.0,0.029850746268656716,0.0,0.3384615384615385,0.13846153846153847,27.076923076923077
2023,9,20436,F9,11298,13303,DFW,MIA,21,1,0,0,20,0,10,5,646.0,0.047619047619047616,0.0,0.5,0.25,32.3
2023,9,20436,F9,11298,14100,DFW,PHL,24,1,0,0,23,0,9,4,526.0,0.041666666666666664,0.0,0.391304347826087,0.17391304347826086,22.869565217391305
2023,9,20436,F9,11298,14107,DFW,PHX,53,0,0,0,53,0,26,12,2218.0,0.0,0.0,0.49056603773584906,0.22641509433962265,41.84905660377358
2023,9,20436,F9,11298,14679,DFW,SAN,33,0,0,0,33,0,12,6,718.0,0.0,0.0,0.36363636363636365,0.18181818181818182,21.757575757575758
2023,9,20436,F9,11298,14771,DFW,SFO,29,0,0,0,29,0,6,2,103.0,0.0,0.0,0.20689655172413793,0.06896551724137931,3.5517241379310347
2023,9,20436,F9,11298,15304,DFW,TPA,26,1,0,0,25,0,7,2,286.0,0.038461538461538464,0.0,0.28,0.08,11.44
2023,9,20436,F9,11433,10397,DTW,ATL,32,1,0,0,31,0,15,6,915.0,0.03125,0.0,0.4838709677419355,0.1935483870967742,29.516129032258064
2023,9,20436,F9,11433,11292,DTW,DEN,60,2,0,0,58,0,6,0,-574.0,0.03333333333333333,0.0,0.10344827586206896,0.0,-9.89655172413793
2023,9,20436,F9,11433,12889,DTW,LAS,30,0,0,0,30,0,8,3,177.0,0.0,0.0,0.26666666666666666,0.1,5.9
2023,9,20436,F9,11433,13204,DTW,MCO,48,5,0,0,43,0,9,5,864.0,0.10416666666666667,0.0,0.20930232558139536,0.11627906976744186,20.093023255813954
2023,9,20436,F9,11433,14107,DTW,PHX,24,0,0,0,24,0,8,2,404.0,0.0,0.0,0.3333333333333333,0.08333333333333333,16.833333333333332
2023,9,20436,F9,11433,14771,DTW,SFO,25,1,0,0,24,0,2,1,-26.0,0.04,0.0,0.08333333333333333,0.041666666666666664,-1.0833333333333333
2023,9,20436,F9,11433,15304,DTW,TPA,29,2,0,0,27,0,5,3,194.0,0.06896551724137931,0.0,0.18518518518518517,0.1111111111111111,7.185185185185185
2023,9,20436,F9,11697,10397,FLL,ATL,57,0,0,0,57,0,19,5,748.0,0.0,0.0,0.3333333333333333,0.08771929824561403,13.12280701754386
2023,9,20436,F9,11697,14100,FLL,PHL,44,1,0,0,43,0,12,5,848.0,0.022727272727272728,0.0,0.27906976744186046,0.11627906976744186,19.72093023255814
2023,9,20436,F9,12266,10397,IAH,ATL,21,0,0,0,21,0,5,3,389.0,0.0,0.0,0.23809523809523808,0.14285714285714285,18.523809523809526
2023,9,20436,F9,12266,11292,IAH,DEN,30,0,0,0,30,0,6,3,1571.0,0.0,0.0,0.2,0.1,52.36666666666667
2023,9,20436,F9,12266,11298,IAH,DFW,1,0,0,0,1,0,1,1,837.0,0.0,0.0,1.0,1.0,837.0
2023,9,20436,F9,12266,12889,IAH,LAS,35,0,0,0,35,0,9,1,7.0,0.0,0.0,0.2571428571428571,0.02857142857142857,0.2
2023,9,20436,F9,12266,13204,IAH,MCO,11,0,0,0,11,0,5,4,280.0,0.0,0.0,0.45454545454545453,0.36363636363636365,25.454545454545453
2023,9,20436,F9,12266,14107,IAH,PHX,21,1,0,0,20,0,4,1,129.0,0.047619047619047616,0.0,0.2,0.05,6.45
2023,9,20436,F9,12889,10397,LAS,ATL,32,0,0,0,32,0,8,3,272.0,0.0,0.0,0.25,0.09375,8.5
2023,9,20436,F9,12889,11292,LAS,DEN,141,1,0,0,140,0,41,13,1642.0,0.0070921985815602835,0.0,0.29285714285714287,0.09285714285714286,11.728571428571428
2023,9,20436,F9,12889,11298,LAS,DFW,80,2,0,0,78,0,25,6,628.0,0.025,0.0,0.32051282051282054,0.07692307692307693,8.051282051282051
2023,9,20436,F9,12889,11433,LAS,DTW,30,0,0,0,30,0,4,1,-135.0,0.0,0.0,0.13333333333333333,0.03333333333333333,-4.5
2023,9,20436,F9,12889,12266,LAS,IAH,35,0,1,0,34,0,3,1,-238.0,0.0,0.02857142857142857,0.08823529411764706,0.029411764705882353,-7.0
2023,9,20436,F9,12889,13204,LAS,MCO,60,1,0,0,59,0,14,3,385.0,0.016666666666666666,0.0,0.23728813559322035,0.05084745762711865,6.52542372881356
2023,9,20436,F9,12889,13232,LAS,MDW,34,1,0,0,33,0,9,0,37.0,0.029411764705882353,0.0,0.2727272727272727,0.0,1.121212121212121
2023,9,20436,F9,12889,13303,LAS,MIA,4,0,0,0,4,0,1,1,54.0,0.0,0.0,0.25,0.25,13.5
2023,9,20436,F9,12889,14100,LAS,PHL,30,0,0,0,30,0,11,4,542.0,0.0,0.0,0.36666666666666664,0.13333333333333333,18.066666666666666
2023,9,20436,F9,12889,14107,LAS,PHX,99,2,0,0,97,0,29,15,2124.0,0.020202020202020204,0.0,0.29896907216494845,0.15463917525773196,21.896907216494846
2023,9,20436,F9,12889,14679,LAS,SAN,58,0,0,0,58,0,15,5,688.0,0.0,0.0,0.25862068965517243,0.08620689655172414,11.862068965517242
2023,9,20436,F9,12889,14747,LAS,SEA,56,0,0,0,56,0,12,0,49.0,0.0,0.0,0.21428571428571427,0.0,0.875
2023,9,20436,F9,12889,14771,LAS,SFO,106,1,0,0,105,0,19,3,-112.0,0.009433962264150943,0.0,0.18095238095238095,0.02857142857142857,-1.0666666666666667
2023,9,20436,F9,12889,14869,LAS,SLC,55,1,0,0,54,0,9,4,748.0,0.01818181818181818,0.0,0.16666666666666666,0.07407407407407407,13.851851851851851
2023,9,20436,F9,12889,15016,LAS,STL,37,0,0,0,37,0,5,1,-330.0,0.0,0.0,0.13513513513513514,0.02702702702702703,-8.91891891891892
2023,9,20436,F9,12889,15304,LAS,TPA,30,0,0,0,30,0,10,4,659.0,0.0,0.0,0.3333333333333333,0.13333333333333333,21.966666666666665
2023,9,20436,F9,12953,10397,LGA,ATL,59,9,0,0,50,0,21,7,892.0,0.15254237288135594,0.0,0.42,0.14,17.84
2023,9,20436,F9,12953,11298,LGA,DFW,27,2,0,0,25,0,8,5,213.0,0.07407407407407407,0.0,0.32,0.2,8.52
2023,9,20436,F9,12953,13204,LGA,MCO,30,4,0,0,26,0,12,8,1128.0,0.13333333333333333,0.0,0.46153846153846156,0.3076923076923077,43.38461538461539
2023,9,20436,F9,13204,10397,MCO,ATL,101,3,0,0,98,0,37,9,1559.0,0.0297029702970297,0.0,0.37755102040816324,0.09183673469387756,15.908163265306122
2023,9,20436,F9,13204,10721,MCO,BOS,30,0,0,0,30,0,2,1,193.0,0.0,0.0,0.06666666666666667,0.03333333333333333,6.433333333333334
2023,9,20436,F9,13204,10821,MCO,BWI,62,1,0,0,61,0,19,8,575.0,0.016129032258064516,0.0,0.3114754098360656,0.13114754098360656,9.426229508196721
2023,9,20436,F9,13204,11292,MCO,DEN,72,1,0,0,71,0,24,8,1271.0,0.013888888888888888,0.0,0.3380281690140845,0.11267605633802817,17.901408450704224
2023,9,20436,F9,13204,11298,MCO,DFW,50,0,1,0,49,0,16,7,821.0,0.0,0.02,0.32653061224489793,0.14285714285714285,16.755102040816325
2023,9,20436,F9,13204,11433,MCO,DTW,48,3,0,0,45,0,13,5,439.0,0.0625,0.0,0.28888888888888886,0.1111111111111111,9.755555555555556
2023,9,20436,F9,13204,12266,MCO,IAH,11,0,0,0,11,0,4,3,238.0,0.0,0.0,0.36363636363636365,0.2727272727272727,21.636363636363637
2023,9,20436,F9,13204,12889,MCO,LAS,60,1,0,0,59,0,25,13,1827.0,0.016666666666666666,0.0,0.423728813559322,0.22033898305084745,30.966101694915253
2023,9,20436,F9,13204,12953,MCO,LGA,30,3,0,0,27,0,8,5,711.0,0.1,0.0,0.2962962962962963,0.18518518518518517,26.333333333333332
2023,9,20436,F9,13204,13232,MCO,MDW,27,2,0,0,25,0,11,4,510.0,0.07407407407407407,0.0,0.44,0.16,20.4
2023,9,20436,F9,13204,13930,MCO,ORD,28,1,0,0,27,0,7,3,400.0,0.03571428571428571,0.0,0.25925925925925924,0.1111111111111111,14.814814814814815
2023,9,20436,F9,13204,14100,MCO,PHL,191,4,0,0,187,0,59,28,4712.0,0.020942408376963352,0.0,0.3155080213903743,0.1497326203208556,25.197860962566846
2023,9,20436,F9,13204,14107,MCO,PHX,30,1,0,0,29,0,14,9,1410.0,0.03333333333333333,0.0,0.4827586206896552,0.3103448275862069,48.62068965517241
2023,9,20436,F9,13204,14679,MCO,SAN,5,0,0,0,5,0,1,0,-2.0,0.0,0.0,0.2,0.0,-0.4
2023,9,20436,F9,13204,14771,MCO,SFO,5,0,0,0,5,0,2,1,129.0,0.0,0.0,0.4,0.2,25.8
2023,9,20436,F9,13204,15016,MCO,STL,23,0,0,0,23,0,5,3,237.0,0.0,0.0,0.21739130434782608,0.13043478260869565,10.304347826086957
2023,9,20436,F9,13232,10397,MDW,ATL,45,0,0,0,45,0,15,7,837.0,0.0,0.0,0.3333333333333333,0.15555555555555556,18.6
2023,9,20436,F9,13232,11292,MDW,DEN,50,2,0,0,48,0,14,5,597.0,0.04,0.0,0.2916666666666667,0.10416666666666667,12.4375
2023,9,20436,F9,13232,11298,MDW,DFW,67,3,0,0,64,0,19,6,983.0,0.04477611940298507,0.0,0.296875,0.09375,15.359375
2023,9,20436,F9,13232,12889,MDW,LAS,34,1,0,0,33,0,11,1,131.0,0.029411764705882353,0.0,0.3333333333333333,0.030303030303030304,3.9696969696969697
2023,9,20436,F9,13232,13204,MDW,MCO,27,2,0,0,25,0,13,7,687.0,0.07407407407407407,0.0,0.52,0.28,27.48
2023,9,20436,F9,13232,13303,MDW,MIA,30,1,0,0,29,0,10,4,512.0,0.03333333333333333,0.0,0.3448275862068966,0.13793103448275862,17.655172413793103
2023,9,20436,F9,13232,14100,MDW,PHL,42,4,0,0,38,0,15,8,673.0,0.09523809523809523,0.0,0.39473684210526316,0.21052631578947367,17.710526315789473
2023,9,20436,F9,13232,14107,MDW,PHX,55,2,0,0,53,0,13,0,139.0,0.03636363636363636,0.0,0.24528301886792453,0.0,2.6226415094339623
2023,9,20436,F9,13232,14771,MDW,SFO,30,0,0,0,30,0,7,4,372.0,0.0,0.0,0.23333333333333334,0.13333333333333333,12.4
2023,9,20436,F9,13232,15304,MDW,TPA,25,0,0,0,25,0,6,4,318.0,0.0,0.0,0.24,0.16,12.72
2023,9,20436,F9,13303,10397,MIA,ATL,61,1,0,0,60,0,26,15,2913.0,0.01639344262295082,0.0,0.43333333333333335,0.25,48.55
2023,9,20436,F9,13303,10821,MIA,BWI,24,2,0,0,22,0,9,5,484.0,0.08333333333333333,0.0,0.4090909090909091,0.22727272727272727,22.0
2023,9,20436,F9,13303,11292,MIA,DEN,23,0,0,0,23,0,4,2,222.0,0.0,0.0,0.17391304347826086,0.08695652173913043,9.652173913043478
2023,9,20436,F9,13303,11298,MIA,DFW,21,1,0,0,20,0,11,3,454.0,0.047619047619047616,0.0,0.55,0.15,22.7
2023,9,20436,F9,13303,12889,MIA,LAS,5,0,0,0,5,0,1,1,61.0,0.0,0.0,0.2,0.2,12.2
2023,9,20436,F9,13303,13232,MIA,MDW,30,1,0,0,29,0,5,2,78.0,0.03333333333333333,0.0,0.1724137931034483,0.06896551724137931,2.689655172413793
2023,9,20436,F9,13303,14100,MIA,PHL,26,0,0,0,26,0,3,1,-175.0,0.0,0.0,0.11538461538461539,0.038461538461538464,-6.730769230769231
2023,9,20436,F9,13487,11292,MSP,DEN,60,1,0,0,59,0,11,6,193.0,0.016666666666666666,0.0,0.1864406779661017,0.1016949152542373,3.2711864406779663
2023,9,20436,F9,13930,10397,ORD,ATL,30,0,0,0,30,0,14,4,507.0,0.0,0.0,0.4666666666666667,0.13333333333333333,16.9
2023,9,20436,F9,13930,13204,ORD,MCO,28,1,1,0,26,0,12,7,819.0,0.03571428571428571,0.03571428571428571,0.46153846153846156,0.2692307692307692,31.5
2023,9,20436,F9,13930,14107,ORD,PHX,17,0,0,0,17,0,4,2,185.0,0.0,0.0,0.23529411764705882,0.11764705882352941,10.882352941176471
2023,9,20436,F9,14100,10397,PHL,ATL,81,1,0,0,80,0,28,13,2213.0,0.012345679012345678,0.0,0.35,0.1625,27.6625
2023,9,20436,F9,14100,10721,PHL,BOS,26,1,0,0,25,0,12,5,1156.0,0.038461538461538464,0.0,0.48,0.2,46.24
2023,9,20436,F9,14100,11292,PHL,DEN,51,2,0,0,49,0,15,5,583.0,0.0392156862745098,0.0,0.30612244897959184,0.10204081632653061,11.89795918367347
2023,9,20436,F9,14100,11298,PHL,DFW,24,0,0,0,24,0,14,6,696.0,0.0,0.0,0.5833333333333334,0.25,29.0
2023,9,20436,F9,14100,11697,PHL,FLL,45,1,1,0,43,0,12,4,780.0,0.022222222222222223,0.022222222222222223,0.27906976744186046,0.09302325581395349,18.13953488372093
2023,9,20436,F9,14100,12889,PHL,LAS,30,0,0,0,30,0,14,5,937.0,0.0,0.0,0.4666666666666667,0.16666666666666666,31.233333333333334
2023,9,20436,F9,14100,13204,PHL,MCO,191,6,1,0,184,0,53,30,4162.0,0.031413612565445025,0.005235602094240838,0.28804347826086957,0.16304347826086957,22.619565217391305
2023,9,20436,F9,14100,13232,PHL,MDW,42,4,0,0,38,0,10,4,389.0,0.09523809523809523,0.0,0.2631578947368421,0.10526315789473684,10.236842105263158
2023,9,20436,F9,14100,13303,PHL,MIA,25,1,0,0,24,0,5,1,53.0,0.04,0.0,0.20833333333333334,0.041666666666666664,2.2083333333333335
2023,9,20436,F9,14100,14635,PHL,RSW,50,4,0,0,46,0,14,7,651.0,0.08,0.0,0.30434782608695654,0.15217391304347827,14.152173913043478
2023,9,20436,F9,14100,15304,PHL,TPA,87,3,0,0,84,0,20,8,751.0,0.034482758620689655,0.0,0.23809523809523808,0.09523809523809523,8.94047619047619
2023,9,20436,F9,14107,10397,PHX,ATL,27,0,0,0,27,0,5,0,-27.0,0.0,0.0,0.18518518518518517,0.0,-1.0
2023,9,20436,F9,14107,10821,PHX,BWI,30,0,0,0,30,0,8,4,786.0,0.0,0.0,0.26666666666666666,0.13333333333333333,26.2
2023,9,20436,F9,14107,11292,PHX,DEN,138,1,0,0,137,0,28,11,1760.0,0.007246376811594203,0.0,0.20437956204379562,0.08029197080291971,12.846715328467154
2023,9,20436,F9,14107,11298,PHX,DFW,53,0,0,0,53,0,15,5,794.0,0.0,0.0,0.2830188679245283,0.09433962264150944,14.981132075471699
2023,9,20436,F9,14107,11433,PHX,DTW,24,0,0,0,24,0,4,2,111.0,0.0,0.0,0.16666666666666666,0.08333333333333333,4.625
2023,9,20436,F9,14107,12266,PHX,IAH,21,1,0,0,20,0,2,1,-113.0,0.047619047619047616,0.0,0.1,0.05,-5.65
2023,9,20436,F9,14107,12889,PHX,LAS,99,0,0,0,99,0,20,12,865.0,0.0,0.0,0.20202020202020202,0.12121212121212122,8.737373737373737
2023,9,20436,F9,14107,13204,PHX,MCO,29,1,0,0,28,0,10,8,1529.0,0.034482758620689655,0.0,0.35714285714285715,0.2857142857142857,54.607142857142854
2023,9,20436,F9,14107,13232,PHX,MDW,55,1,0,0,54,0,6,0,-411.0,0.01818181818181818,0.0,0.1111111111111111,0.0,-7.611111111111111
2023,9,20436,F9,14107,13930,PHX,ORD,17,0,0,0,17,0,5,1,110.0,0.0,0.0,0.29411764705882354,0.058823529411764705,6.470588235294118
2023,9,20436,F9,14107,14679,PHX,SAN,58,1,0,0,57,0,19,6,872.0,0.017241379310344827,0.0,0.3333333333333333,0.10526315789473684,15.298245614035087
2023,9,20436,F9,14107,14747,PHX,SEA,35,0,0,0,35,0,10,2,430.0,0.0,0.0,0.2857142857142857,0.05714285714285714,12.285714285714286
2023,9,20436,F9,14107,14771,PHX,SFO,27,0,0,0,27,0,6,1,235.0,0.0,0.0,0.2222222222222222,0.037037037037037035,8.703703703703704
2023,9,20436,F9,14107,14869,PHX,SLC,40,0,0,0,40,0,6,2,43.0,0.0,0.0,0.15,0.05,1.075
2023,9,20436,F9,14107,15304,PHX,TPA,5,0,0,0,5,0,0,0,-91.0,0.0,0.0,0.0,0.0,-18.2
2023,9,20436,F9,14635,14100,RSW,PHL,50,3,0,0,47,0,14,8,1261.0,0.06,0.0,0.2978723404255319,0.1702127659574468,26.829787234042552
2023,9,20436,F9,14679,10397,SAN,ATL,2,0,0,0,2,0,1,0,38.0,0.0,0.0,0.5,0.0,19.0
2023,9,20436,F9,14679,11292,SAN,DEN,75,0,0,0,75,0,16,7,393.0,0.0,0.0,0.21333333333333335,0.09333333333333334,5.24
2023,9,20436,F9,14679,11298,SAN,DFW,33,0,0,0,33,0,15,8,785.0,0.0,0.0,0.45454545454545453,0.24242424242424243,23.78787878787879
2023,9,20436,F9,14679,12889,SAN,LAS,58,1,0,0,57,0,14,3,457.0,0.017241379310344827,0.0,0.24561403508771928,0.05263157894736842,8.017543859649123
2023,9,20436,F9,14679,13204,SAN,MCO,5,0,0,0,5,0,0,0,-28.0,0.0,0.0,0.0,0.0,-5.6
2023,9,20436,F9,14679,14107,SAN,PHX,58,0,0,0,58,0,19,5,763.0,0.0,0.0,0.3275862068965517,0.08620689655172414,13.155172413793103
2023,9,20436,F9,14747,11292,SEA,DEN,53,1,1,0,51,0,13,2,332.0,0.018867924528301886,0.018867924528301886,0.2549019607843137,0.0392156862745098,6.509803921568627
2023,9,20436,F9,14747,12889,SEA,LAS,56,0,0,0,56,0,11,4,185.0,0.0,0.0,0.19642857142857142,0.07142857142857142,3.3035714285714284
2023,9,20436,F9,14747,14107,SEA,PHX,35,0,0,0,35,0,13,4,784.0,0.0,0.0,0.37142857142857144,0.11428571428571428,22.4
2023,9,20436,F9,14771,10397,SFO,ATL,30,1,0,0,29,0,8,3,822.0,0.03333333333333333,0.0,0.27586206896551724,0.10344827586206896,28.344827586206897
2023,9,20436,F9,14771,11292,SFO,DEN,60,0,0,0,60,0,12,3,989.0,0.0,0.0,0.2,0.05,16.483333333333334
2023,9,20436,F9,14771,11298,SFO,DFW,29,0,0,0,29,0,5,3,21.0,0.0,0.0,0.1724137931034483,0.10344827586206896,0.7241379310344828
2023,9,20436,F9,14771,11433,SFO,DTW,25,0,0,0,25,0,6,0,106.0,0.0,0.0,0.24,0.0,4.24
2023,9,20436,F9,14771,12889,SFO,LAS,106,2,0,0,104,0,20,5,-68.0,0.018867924528301886,0.0,0.19230769230769232,0.04807692307692308,-0.6538461538461539
2023,9,20436,F9,14771,13204,SFO,MCO,5,1,0,0,4,0,0,0,-46.0,0.2,0.0,0.0,0.0,-11.5
2023,9,20436,F9,14771,13232,SFO,MDW,30,0,0,0,30,0,10,4,420.0,0.0,0.0,0.3333333333333333,0.13333333333333333,14.0
2023,9,20436,F9,14771,14107,SFO,PHX,27,0,0,0,27,0,5,1,24.0,0.0,0.0,0.18518518518518517,0.037037037037037035,0.8888888888888888
2023,9,20436,F9,14869,10397,SLC,ATL,18,0,0,0,18,0,5,2,122.0,0.0,0.0,0.2777777777777778,0.1111111111111111,6.777777777777778
2023,9,20436,F9,14869,11292,SLC,DEN,60,0,0,0,60,0,9,4,477.0,0.0,0.0,0.15,0.06666666666666667,7.95
2023,9,20436,F9,14869,12889,SLC,LAS,55,1,0,0,54,0,13,6,1292.0,0.01818181818181818,0.0,0.24074074074074073,0.1111111111111111,23.925925925925927
2023,9,20436,F9,14869,14107,SLC,PHX,40,0,0,0,40,0,9,2,198.0,0.0,0.0,0.225,0.05,4.95
2023,9,20436,F9,15016,11292,STL,DEN,60,0,0,0,60,0,9,3,-246.0,0.0,0.0,0.15,0.05,-4.1
2023,9,20436,F9,15016,12889,STL,LAS,37,1,0,0,36,0,6,1,-62.0,0.02702702702702703,0.0,0.16666666666666666,0.027777777777777776,-1.7222222222222223
2023,9,20436,F9,15016,13204,STL,MCO,23,1,0,0,22,0,5,0,-65.0,0.043478260869565216,0.0,0.22727272727272727,0.0,-2.9545454545454546
2023,9,20436,F9,15304,10397,TPA,ATL,51,2,0,0,49,0,16,7,980.0,0.0392156862745098,0.0,0.32653061224489793,0.14285714285714285,20.0
2023,9,20436,F9,15304,11292,TPA,DEN,30,1,0,0,29,0,4,0,-13.0,0.03333333333333333,0.0,0.13793103448275862,0.0,-0.4482758620689655
2023,9,20436,F9,15304,11298,TPA,DFW,26,0,0,0,26,0,9,3,487.0,0.0,0.0,0.34615384615384615,0.11538461538461539,18.73076923076923
2023,9,20436,F9,15304,11433,TPA,DTW,29,1,0,0,28,0,7,2,269.0,0.034482758620689655,0.0,0.25,0.07142857142857142,9.607142857142858
2023,9,20436,F9,15304,12889,TPA,LAS,30,0,0,0,30,0,9,2,349.0,0.0,0.0,0.3,0.06666666666666667,11.633333333333333
2023,9,20436,F9,15304,13232,TPA,MDW,25,0,0,0,25,0,3,2,-61.0,0.0,0.0,0.12,0.08,-2.44
2023,9,20436,F9,15304,14100,TPA,PHL,87,3,0,0,84,0,13,3,-310.0,0.034482758620689655,0.0,0.15476190476190477,0.03571428571428571,-3.6904761904761907
2023,9,20436,F9,15304,14107,TPA,PHX,5,0,1,0,4,0,2,1,273.0,0.0,0.2,0.5,0.25,68.25
2023,9,20452,YX,10397,11278,ATL,DCA,55,3,0,0,52,0,9,3,-113.0,0.05454545454545454,0.0,0.17307692307692307,0.057692307692307696,-2.173076923076923
2023,9,20452,YX,10397,11618,ATL,EWR,1,0,0,0,1,0,0,0,-20.0,0.0,0.0,0.0,0.0,-20.0
2023,9,20452,YX,10397,13930,ATL,ORD,4,0,0,0,4,0,0,0,-71.0,0.0,0.0,0.0,0.0,-17.75
2023,9,20452,YX,10397,14100,ATL,PHL,25,2,0,0,23,0,4,0,-127.0,0.08,0.0,0.17391304347826086,0.0,-5.521739130434782
2023,9,20452,YX,10721,10821,BOS,BWI,70,5,0,0,65,0,7,5,49.0,0.07142857142857142,0.0,0.1076923076923077,0.07692307692307693,0.7538461538461538
2023,9,20452,YX,10721,11278,BOS,DCA,282,14,1,0,267,0,49,20,78.0,0.04964539007092199,0.0035460992907801418,0.18352059925093633,0.0749063670411985,0.29213483146067415
2023,9,20452,YX,10721,11618,BOS,EWR,60,8,0,0,52,0,15,6,820.0,0.13333333333333333,0.0,0.28846153846153844,0.11538461538461539,15.76923076923077
2023,9,20452,YX,10721,12478,BOS,JFK,226,27,1,0,198,0,42,19,443.0,0.11946902654867257,0.004424778761061947,0.21212121212121213,0.09595959595959595,2.2373737373737375
2023,9,20452,YX,10721,12953,BOS,LGA,305,27,1,0,277,0,50,25,540.0,0.08852459016393442,0.003278688524590164,0.18050541516245489,0.09025270758122744,1.9494584837545126
2023,9,20452,YX,10721,13303,BOS,MIA,1,0,0,0,1,0,0,0,-7.0,0.0,0.0,0.0,0.0,-7.0
2023,9,20452,YX,10721,13930,BOS,ORD,26,2,0,0,24,0,2,2,-387.0,0.07692307692307693,0.0,0.08333333333333333,0.08333333333333333,-16.125
2023,9,20452,YX,10721,14100,BOS,PHL,71,4,0,0,67,0,17,6,238.0,0.056338028169014086,0.0,0.2537313432835821,0.08955223880597014,3.5522388059701493
2023,9,20452,YX,10821,10721,BWI,BOS,70,5,0,0,65,0,23,11,1433.0,0.07142857142857142,0.0,0.35384615384615387,0.16923076923076924,22.046153846153846
2023,9,20452,YX,11278,10397,DCA,ATL,55,4,0,0,51,0,3,2,-306.0,0.07272727272727272,0.0,0.058823529411764705,0.0392156862745098,-6.0
2023,9,20452,YX,11278,10721,DCA,BOS,281,15,0,0,266,0,56,20,1054.0,0.05338078291814947,0.0,0.21052631578947367,0.07518796992481203,3.962406015037594
2023,9,20452,YX,11278,11433,DCA,DTW,29,1,0,0,28,0,4,2,-110.0,0.034482758620689655,0.0,0.14285714285714285,0.07142857142857142,-3.9285714285714284
2023,9,20452,YX,11278,11618,DCA,EWR,59,6,0,0,53,0,5,2,-510.0,0.1016949152542373,0.0,0.09433962264150944,0.03773584905660377,-9.622641509433961
2023,9,20452,YX,11278,12478,DCA,JFK,191,22,0,0,169,0,32,14,891.0,0.11518324607329843,0.0,0.1893491124260355,0.08284023668639054,5.272189349112426
2023,9,20452,YX,11278,12953,DCA,LGA,217,17,0,0,200,0,34,17,1069.0,0.07834101382488479,0.0,0.17,0.085,5.345
2023,9,20452,YX,11278,13930,DCA,ORD,1,0,0,0,1,0,0,0,-40.0,0.0,0.0,0.0,0.0,-40.0
2023,9,20452,YX,11278,14100,DCA,PHL,61,0,0,0,61,0,5,1,-538.0,0.0,0.0,0.08196721311475409,0.01639344262295082,-8.819672131147541
2023,9,20452,YX,11278,15016,DCA,STL,18,0,0,0,18,0,2,0,-166.0,0.0,0.0,0.1111111111111111,0.0,-9.222222222222221
2023,9,20452,YX,11433,11278,DTW,DCA,28,1,0,0,27,0,6,2,417.0,0.03571428571428571,0.0,0.2222222222222222,0.07407407407407407,15.444444444444445
2023,9,20452,YX,11433,11618,DTW,EWR,141,15,1,0,125,0,23,12,428.0,0.10638297872340426,0.0070921985815602835,0.184,0.096,3.424
2023,9,20452,YX,11433,12953,DTW,LGA,105,16,0,0,89,0,9,1,-594.0,0.1523809523809524,0.0,0.10112359550561797,0.011235955056179775,-6.674157303370786
2023,9,20452,YX,11433,14100,DTW,PHL,24,1,0,0,23,0,2,0,-107.0,0.041666666666666664,0.0,0.08695652173913043,0.0,-4.6521739130434785
2023,9,20452,YX,11618,10721,EWR,BOS,60,8,0,0,52,0,11,7,740.0,0.13333333333333333,0.0,0.21153846153846154,0.1346153846153846,14.23076923076923
2023,9,20452,YX,11618,11278,EWR,DCA,58,5,0,0,53,0,4,1,-484.0,0.08620689655172414,0.0,0.07547169811320754,0.018867924528301886,-9.132075471698114
2023,9,20452,YX,11618,11433,EWR,DTW,141,18,0,0,123,0,14,7,-576.0,0.1276595744680851,0.0,0.11382113821138211,0.056910569105691054,-4.682926829268292
2023,9,20452,YX,11618,13930,EWR,ORD,17,2,0,0,15,0,7,4,754.0,0.11764705882352941,0.0,0.4666666666666667,0.26666666666666666,50.266666666666666
2023,9,20452,YX,11618,14100,EWR,PHL,28,5,0,0,23,0,7,2,285.0,0.17857142857142858,0.0,0.30434782608695654,0.08695652173913043,12.391304347826088
2023,9,20452,YX,11618,15016,EWR,STL,53,4,0,0,49,0,6,2,-453.0,0.07547169811320754,0.0,0.12244897959183673,0.04081632653061224,-9.244897959183673
2023,9,20452,YX,12266,12953,IAH,LGA,46,3,1,0,42,0,13,4,442.0,0.06521739130434782,0.021739130434782608,0.30952380952380953,0.09523809523809523,10.523809523809524
2023,9,20452,YX,12478,10721,JFK,BOS,226,28,0,0,198,0,41,22,2677.0,0.12389380530973451,0.0,0.20707070707070707,0.1111111111111111,13.52020202020202
2023,9,20452,YX,12478,11278,JFK,DCA,191,19,0,0,172,0,27,6,-1990.0,0.09947643979057591,0.0,0.1569767441860465,0.03488372093023256,-11.569767441860465
2023,9,20452,YX,12953,10721,LGA,BOS,306,24,0,0,282,0,74,29,2602.0,0.0784313725490196,0.0,0.2624113475177305,0.10283687943262411,9.22695035460993
2023,9,20452,YX,12953,11278,LGA,DCA,218,10,0,0,208,0,30,12,-112.0,0.045871559633027525,0.0,0.14423076923076922,0.057692307692307696,-0.5384615384615384
2023,9,20452,YX,12953,11433,LGA,DTW,105,8,0,0,97,0,13,5,-66.0,0.0761904761904762,0.0,0.13402061855670103,0.05154639175257732,-0.6804123711340206
2023,9,20452,YX,12953,12266,LGA,IAH,46,3,2,0,41,0,5,1,-186.0,0.06521739130434782,0.043478260869565216,0.12195121951219512,0.024390243902439025,-4.536585365853658
2023,9,20452,YX,12953,13487,LGA,MSP,51,3,0,0,48,0,3,1,-598.0,0.058823529411764705,0.0,0.0625,0.020833333333333332,-12.458333333333334
2023,9,20452,YX,12953,13930,LGA,ORD,6,0,0,0,6,0,0,0,-176.0,0.0,0.0,0.0,0.0,-29.333333333333332
2023,9,20452,YX,12953,15016,LGA,STL,83,5,1,0,77,0,13,5,239.0,0.060240963855421686,0.012048192771084338,0.16883116883116883,0.06493506493506493,3.103896103896104
2023,9,20452,YX,13303,10721,MIA,BOS,1,0,0,0,1,0,0,0,-19.0,0.0,0.0,0.0,0.0,-19.0
2023,9,20452,YX,13487,12953,MSP,LGA,51,6,1,0,44,0,10,1,19.0,0.11764705882352941,0.0196078431372549,0.22727272727272727,0.022727272727272728,0.4318181818181818
2023,9,20452,YX,13930,10397,ORD,ATL,4,0,0,0,4,0,0,0,-62.0,0.0,0.0,0.0,0.0,-15.5
2023,9,20452,YX,13930,10721,ORD,BOS,26,1,0,0,25,0,7,2,362.0,0.038461538461538464,0.0,0.28,0.08,14.48
2023,9,20452,YX,13930,11278,ORD,DCA,1,0,0,0,1,0,0,0,-21.0,0.0,0.0,0.0,0.0,-21.0
2023,9,20452,YX,13930,11618,ORD,EWR,17,2,0,0,15,0,6,4,590.0,0.11764705882352941,0.0,0.4,0.26666666666666666,39.333333333333336
2023,9,20452,YX,13930,12953,ORD,LGA,6,0,1,0,5,0,0,0,-43.0,0.0,0.16666666666666666,0.0,0.0,-8.6
2023,9,20452,YX,14100,10397,PHL,ATL,25,1,0,0,24,0,1,0,-137.0,0.04,0.0,0.041666666666666664,0.0,-5.708333333333333
2023,9,20452,YX,14100,10721,PHL,BOS,71,3,0,0,68,0,16,7,793.0,0.04225352112676056,0.0,0.23529411764705882,0.10294117647058823,11.661764705882353
2023,9,20452,YX,14100,11278,PHL,DCA,62,2,0,0,60,0,4,1,-397.0,0.03225806451612903,0.0,0.06666666666666667,0.016666666666666666,-6.616666666666666
2023,9,20452,YX,14100,11433,PHL,DTW,25,1,0,0,24,0,4,2,491.0,0.04,0.0,0.16666666666666666,0.08333333333333333,20.458333333333332
2023,9,20452,YX,14100,11618,PHL,EWR,27,0,0,0,27,0,2,1,-272.0,0.0,0.0,0.07407407407407407,0.037037037037037035,-10.074074074074074
2023,9,20452,YX,15016,11278,STL,DCA,18,0,0,0,18,0,0,0,-202.0,0.0,0.0,0.0,0.0,-11.222222222222221
2023,9,20452,YX,15016,11618,STL,EWR,52,2,1,0,49,0,6,1,-441.0,0.038461538461538464,0.019230769230769232,0.12244897959183673,0.02040816326530612,-9.0
2023,9,20452,YX,15016,12953,STL,LGA,83,8,2,0,73,0,13,8,435.0,0.0963855421686747,0.024096385542168676,0.1780821917808219,0.1095890410958904,5.958904109589041
2023,9,20452,YX,15016,13930,STL,ORD,30,1,0,0,29,0,2,0,-328.0,0.03333333333333333,0.0,0.06896551724137931,0.0,-11.310344827586206
2023,10,19393,WN,10397,10821,ATL,BWI,208,0,0,0,208,0,42,10,1588.0,0.0,0.0,0.20192307692307693,0.04807692307692308,7.634615384615385
2023,10,19393,WN,10397,11278,ATL,DCA,124,0,0,0,124,0,17,4,182.0,0.0,0.0,0.13709677419354838,0.03225806451612903,1.467741935483871
2023,10,19393,WN,10397,11292,ATL,DEN,128,0,0,0,128,0,30,4,767.0,0.0,0.0,0.234375,0.03125,5.9921875
2023,10,19393,WN,10397,11697,ATL,FLL,102,0,0,0,102,0,20,2,425.0,0.0,0.0,0.19607843137254902,0.0196078431372549,4.166666666666667
2023,10,19393,WN,10397,12889,ATL,LAS,55,0,0,0,55,0,10,0,50.0,0.0,0.0,0.18181818181818182,0.0,0.9090909090909091
2023,10,19393,WN,10397,12892,ATL,LAX,10,0,0,0,10,0,7,0,170.0,0.0,0.0,0.7,0.0,17.0
2023,10,19393,WN,10397,12953,ATL,LGA,120,0,0,0,120,0,21,1,51.0,0.0,0.0,0.175,0.008333333333333333,0.425
2023,10,19393,WN,10397,13204,ATL,MCO,153,0,0,0,153,0,22,1,-133.0,0.0,0.0,0.1437908496732026,0.006535947712418301,-0.869281045751634
2023,10,19393,WN,10397,13232,ATL,MDW,178,1,0,0,177,0,21,4,284.0,0.0056179775280898875,0.0,0.11864406779661017,0.022598870056497175,1.6045197740112995
2023,10,19393,WN,10397,13303,ATL,MIA,50,0,0,0,50,0,10,0,271.0,0.0,0.0,0.2,0.0,5.42
2023,10,19393,WN,10397,13796,ATL,OAK,9,0,0,0,9,0,3,0,109.0,0.0,0.0,0.3333333333333333,0.0,12.11111111111111
2023,10,19393,WN,10397,14100,ATL,PHL,66,0,0,0,66,0,10,1,110.0,0.0,0.0,0.15151515151515152,0.015151515151515152,1.6666666666666667
2023,10,19393,WN,10397,14107,ATL,PHX,45,0,1,0,44,0,7,0,-40.0,0.0,0.022222222222222223,0.1590909090909091,0.0,-0.9090909090909091
2023,10,19393,WN,10397,14635,ATL,RSW,36,0,0,0,36,0,5,0,36.0,0.0,0.0,0.1388888888888889,0.0,1.0
2023,10,19393,WN,10397,14679,ATL,SAN,9,0,0,0,9,0,2,1,75.0,0.0,0.0,0.2222222222222222,0.1111111111111111,8.333333333333334
2023,10,19393,WN,10397,15016,ATL,STL,112,1,0,0,111,0,26,3,643.0,0.008928571428571428,0.0,0.23423423423423423,0.02702702702702703,5.792792792792793
2023,10,19393,WN,10397,15304,ATL,TPA,129,0,1,0,128,0,23,5,788.0,0.0,0.007751937984496124,0.1796875,0.0390625,6.15625
2023,10,19393,WN,10721,10821,BOS,BWI,227,0,0,0,227,0,47,8,930.0,0.0,0.0,0.20704845814977973,0.03524229074889868,4.096916299559472
2023,10,19393,WN,10721,11292,BOS,DEN,62,0,0,0,62,0,13,1,197.0,0.0,0.0,0.20967741935483872,0.016129032258064516,3.1774193548387095
2023,10,19393,WN,10721,13232,BOS,MDW,142,0,0,0,142,0,31,4,695.0,0.0,0.0,0.21830985915492956,0.028169014084507043,4.894366197183099
2023,10,19393,WN,10721,15016,BOS,STL,89,0,0,0,89,0,23,2,543.0,0.0,0.0,0.25842696629213485,0.02247191011235955,6.101123595505618
2023,10,19393,WN,10821,10397,BWI,ATL,204,0,0,0,204,0,40,6,1323.0,0.0,0.0,0.19607843137254902,0.029411764705882353,6.485294117647059
2023,10,19393,WN,10821,10721,BWI,BOS,227,0,0,0,227,0,54,5,1507.0,0.0,0.0,0.23788546255506607,0.022026431718061675,6.638766519823789
2023,10,19393,WN,10821,11292,BWI,DEN,150,0,0,0,150,0,50,6,1710.0,0.0,0.0,0.3333333333333333,0.04,11.4
2023,10,19393,WN,10821,11433,BWI,DTW,71,0,0,0,71,0,17,1,333.0,0.0,0.0,0.23943661971830985,0.014084507042253521,4.690140845070423
2023,10,19393,WN,10821,11697,BWI,FLL,251,1,1,0,249,0,45,5,651.0,0.00398406374501992,0.00398406374501992,0.18072289156626506,0.020080321285140562,2.6144578313253013
2023,10,19393,WN,10821,12889,BWI,LAS,111,0,0,0,111,0,35,8,1191.0,0.0,0.0,0.3153153153153153,0.07207207207207207,10.72972972972973
2023,10,19393,WN,10821,12892,BWI,LAX,70,0,0,0,70,0,28,2,900.0,0.0,0.0,0.4,0.02857142857142857,12.857142857142858
2023,10,19393,WN,10821,13204,BWI,MCO,319,1,0,0,318,0,65,12,1931.0,0.003134796238244514,0.0,0.20440251572327045,0.03773584905660377,6.072327044025157
2023,10,19393,WN,10821,13232,BWI,MDW,191,1,0,0,190,0,44,8,1210.0,0.005235602094240838,0.0,0.23157894736842105,0.042105263157894736,6.368421052631579
2023,10,19393,WN,10821,13303,BWI,MIA,111,0,1,0,110,0,19,4,413.0,0.0,0.009009009009009009,0.17272727272727273,0.03636363636363636,3.7545454545454544
2023,10,19393,WN,10821,13487,BWI,MSP,49,0,0,0,49,0,12,1,320.0,0.0,0.0,0.24489795918367346,0.02040816326530612,6.530612244897959
2023,10,19393,WN,10821,13796,BWI,OAK,31,0,0,0,31,0,8,0,-79.0,0.0,0.0,0.25806451612903225,0.0,-2.5483870967741935
2023,10,19393,WN,10821,13930,BWI,ORD,110,0,0,0,110,0,21,3,89.0,0.0,0.0,0.19090909090909092,0.02727272727272727,0.8090909090909091
2023,10,19393,WN,10821,14107,BWI,PHX,96,0,1,0,95,0,30,4,557.0,0.0,0.010416666666666666,0.3157894736842105,0.042105263157894736,5.863157894736842
2023,10,19393,WN,10821,14635,BWI,RSW,115,0,0,0,115,0,25,5,605.0,0.0,0.0,0.21739130434782608,0.043478260869565216,5.260869565217392
2023,10,19393,WN,10821,14679,BWI,SAN,59,0,0,0,59,0,18,3,369.0,0.0,0.0,0.3050847457627119,0.05084745762711865,6.254237288135593
2023,10,19393,WN,10821,14869,BWI,SLC,31,0,0,0,31,0,7,0,91.0,0.0,0.0,0.22580645161290322,0.0,2.935483870967742
2023,10,19393,WN,10821,15016,BWI,STL,124,0,0,0,124,0,18,4,432.0,0.0,0.0,0.14516129032258066,0.03225806451612903,3.4838709677419355
2023,10,19393,WN,10821,15304,BWI,TPA,224,1,1,0,222,0,49,9,1053.0,0.004464285714285714,0.004464285714285714,0.22072072072072071,0.04054054054054054,4.743243243243243
2023,10,19393,WN,11278,10397,DCA,ATL,124,0,0,0,124,0,17,4,43.0,0.0,0.0,0.13709677419354838,0.03225806451612903,0.3467741935483871
2023,10,19393,WN,11278,11697,DCA,FLL,62,0,0,0,62,0,11,2,-63.0,0.0,0.0,0.1774193548387097,0.03225806451612903,-1.0161290322580645
2023,10,19393,WN,11278,13204,DCA,MCO,70,0,0,0,70,0,8,2,-54.0,0.0,0.0,0.11428571428571428,0.02857142857142857,-0.7714285714285715
2023,10,19393,WN,11278,13232,DCA,MDW,186,1,0,0,185,0,18,6,-429.0,0.005376344086021506,0.0,0.0972972972972973,0.032432432432432434,-2.3189189189189188
2023,10,19393,WN,11278,15016,DCA,STL,120,0,0,0,120,0,14,1,-373.0,0.0,0.0,0.11666666666666667,0.008333333333333333,-3.1083333333333334
2023,10,19393,WN,11278,15304,DCA,TPA,66,0,0,0,66,0,4,1,-479.0,0.0,0.0,0.06060606060606061,0.015151515151515152,-7.257575757575758
2023,10,19393,WN,11292,10397,DEN,ATL,128,0,0,0,128,0,28,7,1191.0,0.0,0.0,0.21875,0.0546875,9.3046875
2023,10,19393,WN,11292,10721,DEN,BOS,62,0,0,0,62,0,32,4,1212.0,0.0,0.0,0.5161290322580645,0.06451612903225806,19.548387096774192
2023,10,19393,WN,11292,10821,DEN,BWI,150,0,0,0,150,0,40,5,710.0,0.0,0.0,0.26666666666666666,0.03333333333333333,4.733333333333333
2023,10,19393,WN,11292,11433,DEN,DTW,46,0,0,0,46,0,14,4,565.0,0.0,0.0,0.30434782608695654,0.08695652173913043,12.282608695652174
2023,10,19393,WN,11292,11697,DEN,FLL,27,0,0,0,27,0,7,0,190.0,0.0,0.0,0.25925925925925924,0.0,7.037037037037037
2023,10,19393,WN,11292,12266,DEN,IAH,70,0,0,0,70,0,20,3,743.0,0.0,0.0,0.2857142857142857,0.04285714285714286,10.614285714285714
2023,10,19393,WN,11292,12889,DEN,LAS,356,2,0,0,354,0,109,28,3774.0,0.0056179775280898875,0.0,0.307909604519774,0.07909604519774012,10.661016949152541
2023,10,19393,WN,11292,12892,DEN,LAX,191,0,0,0,191,0,52,12,1923.0,0.0,0.0,0.27225130890052357,0.06282722513089005,10.06806282722513
2023,10,19393,WN,11292,12953,DEN,LGA,111,0,0,0,111,0,29,6,552.0,0.0,0.0,0.26126126126126126,0.05405405405405406,4.972972972972973
2023,10,19393,WN,11292,13204,DEN,MCO,148,1,0,0,147,0,46,14,1960.0,0.006756756756756757,0.0,0.3129251700680272,0.09523809523809523,13.333333333333334
2023,10,19393,WN,11292,13232,DEN,MDW,272,0,1,0,271,0,68,11,1253.0,0.0,0.003676470588235294,0.25092250922509224,0.04059040590405904,4.623616236162362
2023,10,19393,WN,11292,13303,DEN,MIA,28,0,0,0,28,0,9,1,246.0,0.0,0.0,0.32142857142857145,0.03571428571428571,8.785714285714286
2023,10,19393,WN,11292,13487,DEN,MSP,216,0,0,0,216,0,58,14,2134.0,0.0,0.0,0.26851851851851855,0.06481481481481481,9.87962962962963
2023,10,19393,WN,11292,13796,DEN,OAK,165,0,0,0,165,0,47,12,1978.0,0.0,0.0,0.28484848484848485,0.07272727272727272,11.987878787878788
2023,10,19393,WN,11292,13930,DEN,ORD,178,0,0,0,178,0,38,6,1001.0,0.0,0.0,0.21348314606741572,0.033707865168539325,5.623595505617978
2023,10,19393,WN,11292,14100,DEN,PHL,55,0,0,0,55,0,25,5,1058.0,0.0,0.0,0.45454545454545453,0.09090909090909091,19.236363636363638
2023,10,19393,WN,11292,14107,DEN,PHX,374,1,0,0,373,0,111,26,4872.0,0.00267379679144385,0.0,0.2975871313672922,0.06970509383378017,13.06166219839142
2023,10,19393,WN,11292,14679,DEN,SAN,209,0,1,0,208,0,64,15,2977.0,0.0,0.004784688995215311,0.3076923076923077,0.07211538461538461,14.3125
2023,10,19393,WN,11292,14747,DEN,SEA,155,0,0,0,155,0,41,6,1356.0,0.0,0.0,0.2645161290322581,0.03870967741935484,8.748387096774193
2023,10,19393,WN,11292,14771,DEN,SFO,123,0,0,0,123,0,47,7,1790.0,0.0,0.0,0.3821138211382114,0.056910569105691054,14.552845528455284
2023,10,19393,WN,11292,14869,DEN,SLC,255,0,0,0,255,0,71,14,2778.0,0.0,0.0,0.2784313725490196,0.054901960784313725,10.894117647058824
2023,10,19393,WN,11292,15016,DEN,STL,202,0,0,0,202,0,61,14,2157.0,0.0,0.0,0.30198019801980197,0.06930693069306931,10.678217821782178
2023,10,19393,WN,11292,15304,DEN,TPA,100,0,0,0,100,0,23,4,378.0,0.0,0.0,0.23,0.04,3.78
2023,10,19393,WN,11433,10821,DTW,BWI,67,0,0,0,67,0,4,1,-156.0,0.0,0.0,0.05970149253731343,0.014925373134328358,-2.328358208955224
2023,10,19393,WN,11433,11292,DTW,DEN,50,0,0,0,50,0,8,1,33.0,0.0,0.0,0.16,0.02,0.66
2023,10,19393,WN,11433,12889,DTW,LAS,5,0,0,0,5,0,1,0,-23.0,0.0,0.0,0.2,0.0,-4.6
2023,10,19393,WN,11433,13232,DTW,MDW,128,0,0,0,128,0,21,5,1020.0,0.0,0.0,0.1640625,0.0390625,7.96875
2023,10,19393,WN,11433,14107,DTW,PHX,8,0,0,0,8,0,2,0,-13.0,0.0,0.0,0.25,0.0,-1.625
2023,10,19393,WN,11433,15016,DTW,STL,58,0,0,0,58,0,10,0,178.0,0.0,0.0,0.1724137931034483,0.0,3.0689655172413794
2023,10,19393,WN,11697,10397,FLL,ATL,102,0,0,0,102,0,18,4,476.0,0.0,0.0,0.17647058823529413,0.0392156862745098,4.666666666666667
2023,10,19393,WN,11697,10821,FLL,BWI,251,3,0,0,248,0,36,14,510.0,0.01195219123505976,0.0,0.14516129032258066,0.056451612903225805,2.056451612903226
2023,10,19393,WN,11697,11278,FLL,DCA,62,0,0,0,62,0,17,3,593.0,0.0,0.0,0.27419354838709675,0.04838709677419355,9.564516129032258
2023,10,19393,WN,11697,11292,FLL,DEN,31,0,0,0,31,0,7,1,108.0,0.0,0.0,0.22580645161290322,0.03225806451612903,3.4838709677419355
2023,10,19393,WN,11697,13204,FLL,MCO,45,0,0,0,45,0,4,0,-226.0,0.0,0.0,0.08888888888888889,0.0,-5.022222222222222
2023,10,19393,WN,11697,13232,FLL,MDW,91,1,0,0,90,0,18,4,483.0,0.01098901098901099,0.0,0.2,0.044444444444444446,5.366666666666666
2023,10,19393,WN,11697,13930,FLL,ORD,4,0,0,0,4,0,0,0,-55.0,0.0,0.0,0.0,0.0,-13.75
2023,10,19393,WN,11697,15016,FLL,STL,68,0,0,0,68,0,15,4,707.0,0.0,0.0,0.22058823529411764,0.058823529411764705,10.397058823529411
2023,10,19393,WN,11697,15304,FLL,TPA,74,0,0,0,74,0,12,2,-24.0,0.0,0.0,0.16216216216216217,0.02702702702702703,-0.32432432432432434
2023,10,19393,WN,12173,12889,HNL,LAS,59,0,0,0,59,0,6,0,-396.0,0.0,0.0,0.1016949152542373,0.0,-6.711864406779661
2023,10,19393,WN,12173,12892,HNL,LAX,31,0,0,0,31,0,4,1,52.0,0.0,0.0,0.12903225806451613,0.03225806451612903,1.6774193548387097
2023,10,19393,WN,12173,13796,HNL,OAK,62,0,0,0,62,0,1,0,-686.0,0.0,0.0,0.016129032258064516,0.0,-11.064516129032258
2023,10,19393,WN,12173,14107,HNL,PHX,62,0,0,0,62,0,10,1,-5.0,0.0,0.0,0.16129032258064516,0.016129032258064516,-0.08064516129032258
2023,10,19393,WN,12173,14679,HNL,SAN,62,0,0,0,62,0,5,0,-211.0,0.0,0.0,0.08064516129032258,0.0,-3.403225806451613
2023,10,19393,WN,12266,11292,IAH,DEN,74,0,0,0,74,0,13,2,161.0,0.0,0.0,0.17567567567567569,0.02702702702702703,2.175675675675676
2023,10,19393,WN,12266,12889,IAH,LAS,70,0,0,0,70,0,14,2,410.0,0.0,0.0,0.2,0.02857142857142857,5.857142857142857
2023,10,19393,WN,12266,13204,IAH,MCO,31,0,0,0,31,0,9,2,90.0,0.0,0.0,0.2903225806451613,0.06451612903225806,2.903225806451613
2023,10,19393,WN,12266,13232,IAH,MDW,69,0,0,0,69,0,14,4,77.0,0.0,0.0,0.2028985507246377,0.057971014492753624,1.1159420289855073
2023,10,19393,WN,12266,14107,IAH,PHX,5,0,0,0,5,0,0,0,35.0,0.0,0.0,0.0,0.0,7.0
2023,10,19393,WN,12889,10397,LAS,ATL,62,0,0,0,62,0,11,2,101.0,0.0,0.0,0.1774193548387097,0.03225806451612903,1.6290322580645162
2023,10,19393,WN,12889,10821,LAS,BWI,125,0,1,0,124,0,27,7,431.0,0.0,0.008,0.21774193548387097,0.056451612903225805,3.475806451612903
2023,10,19393,WN,12889,11292,LAS,DEN,359,1,0,0,358,0,96,27,3508.0,0.002785515320334262,0.0,0.2681564245810056,0.07541899441340782,9.798882681564246
2023,10,19393,WN,12889,11433,LAS,DTW,5,0,0,0,5,0,2,0,30.0,0.0,0.0,0.4,0.0,6.0
2023,10,19393,WN,12889,12173,LAS,HNL,59,0,0,0,59,0,12,1,-139.0,0.0,0.0,0.2033898305084746,0.01694915254237288,-2.3559322033898304
2023,10,19393,WN,12889,12266,LAS,IAH,70,0,0,0,70,0,20,7,654.0,0.0,0.0,0.2857142857142857,0.1,9.342857142857143
2023,10,19393,WN,12889,12892,LAS,LAX,274,3,0,0,271,0,99,29,4219.0,0.010948905109489052,0.0,0.36531365313653136,0.1070110701107011,15.568265682656827
2023,10,19393,WN,12889,13204,LAS,MCO,35,0,0,0,35,0,9,2,215.0,0.0,0.0,0.2571428571428571,0.05714285714285714,6.142857142857143
2023,10,19393,WN,12889,13232,LAS,MDW,241,0,0,0,241,0,45,9,475.0,0.0,0.0,0.18672199170124482,0.03734439834024896,1.9709543568464731
2023,10,19393,WN,12889,13487,LAS,MSP,39,0,0,0,39,0,16,4,701.0,0.0,0.0,0.41025641025641024,0.10256410256410256,17.974358974358974
2023,10,19393,WN,12889,13796,LAS,OAK,328,2,0,0,326,0,80,16,2658.0,0.006097560975609756,0.0,0.24539877300613497,0.049079754601226995,8.153374233128835
2023,10,19393,WN,12889,13930,LAS,ORD,97,0,0,0,97,0,18,3,-179.0,0.0,0.0,0.18556701030927836,0.030927835051546393,-1.8453608247422681
2023,10,19393,WN,12889,14107,LAS,PHX,321,0,0,0,321,0,88,13,1982.0,0.0,0.0,0.27414330218068533,0.040498442367601244,6.174454828660436
2023,10,19393,WN,12889,14679,LAS,SAN,388,4,1,0,383,0,136,36,6197.0,0.010309278350515464,0.002577319587628866,0.35509138381201044,0.09399477806788512,16.180156657963447
2023,10,19393,WN,12889,14747,LAS,SEA,77,0,0,0,77,0,24,4,675.0,0.0,0.0,0.3116883116883117,0.05194805194805195,8.766233766233766
2023,10,19393,WN,12889,14771,LAS,SFO,113,0,0,0,113,0,41,9,1831.0,0.0,0.0,0.36283185840707965,0.07964601769911504,16.20353982300885
2023,10,19393,WN,12889,14869,LAS,SLC,155,0,0,0,155,0,37,3,469.0,0.0,0.0,0.23870967741935484,0.01935483870967742,3.0258064516129033
2023,10,19393,WN,12889,15016,LAS,STL,151,0,1,0,150,0,39,3,721.0,0.0,0.006622516556291391,0.26,0.02,4.806666666666667
2023,10,19393,WN,12889,15304,LAS,TPA,31,0,0,0,31,0,8,1,351.0,0.0,0.0,0.25806451612903225,0.03225806451612903,11.32258064516129
2023,10,19393,WN,12892,10397,LAX,ATL,10,0,0,0,10,0,2,1,63.0,0.0,0.0,0.2,0.1,6.3
2023,10,19393,WN,12892,10821,LAX,BWI,62,0,0,0,62,0,12,1,56.0,0.0,0.0,0.1935483870967742,0.016129032258064516,0.9032258064516129
2023,10,19393,WN,12892,11292,LAX,DEN,187,1,0,0,186,0,46,8,1543.0,0.0053475935828877,0.0,0.24731182795698925,0.043010752688172046,8.295698924731182
2023,10,19393,WN,12892,12173,LAX,HNL,31,0,0,0,31,0,2,1,-331.0,0.0,0.0,0.06451612903225806,0.03225806451612903,-10.67741935483871
2023,10,19393,WN,12892,12889,LAX,LAS,270,1,0,0,269,0,74,18,2809.0,0.003703703703703704,0.0,0.275092936802974,0.06691449814126393,10.442379182156134
2023,10,19393,WN,12892,13232,LAX,MDW,118,0,0,0,118,0,32,9,797.0,0.0,0.0,0.2711864406779661,0.07627118644067797,6.754237288135593
2023,10,19393,WN,12892,13796,LAX,OAK,254,5,0,0,249,0,59,13,1442.0,0.01968503937007874,0.0,0.23694779116465864,0.05220883534136546,5.791164658634538
2023,10,19393,WN,12892,14107,LAX,PHX,217,0,0,0,217,0,54,10,2000.0,0.0,0.0,0.2488479262672811,0.04608294930875576,9.216589861751151
2023,10,19393,WN,12892,14771,LAX,SFO,147,0,0,0,147,0,72,11,2839.0,0.0,0.0,0.4897959183673469,0.07482993197278912,19.312925170068027
2023,10,19393,WN,12892,14869,LAX,SLC,31,0,0,0,31,0,6,1,51.0,0.0,0.0,0.1935483870967742,0.03225806451612903,1.6451612903225807
2023,10,19393,WN,12892,15016,LAX,STL,73,0,0,0,73,0,11,2,322.0,0.0,0.0,0.1506849315068493,0.0273972602739726,4.410958904109589
2023,10,19393,WN,12953,10397,LGA,ATL,120,0,0,0,120,0,17,3,-620.0,0.0,0.0,0.14166666666666666,0.025,-5.166666666666667
2023,10,19393,WN,12953,11292,LGA,DEN,111,0,0,0,111,0,37,3,332.0,0.0,0.0,0.3333333333333333,0.02702702702702703,2.990990990990991
2023,10,19393,WN,12953,13232,LGA,MDW,223,0,0,0,223,0,46,7,535.0,0.0,0.0,0.2062780269058296,0.03139013452914798,2.399103139013453
2023,10,19393,WN,12953,15016,LGA,STL,138,0,0,0,138,0,22,7,181.0,0.0,0.0,0.15942028985507245,0.050724637681159424,1.3115942028985508
2023,10,19393,WN,12953,15304,LGA,TPA,32,0,0,0,32,0,7,3,209.0,0.0,0.0,0.21875,0.09375,6.53125
2023,10,19393,WN,13204,10397,MCO,ATL,141,0,0,0,141,0,23,2,9.0,0.0,0.0,0.16312056737588654,0.014184397163120567,0.06382978723404255
2023,10,19393,WN,13204,10821,MCO,BWI,311,0,0,0,311,0,50,9,-36.0,0.0,0.0,0.1607717041800643,0.028938906752411574,-0.1157556270096463
2023,10,19393,WN,13204,11278,MCO,DCA,70,1,0,0,69,0,13,5,559.0,0.014285714285714285,0.0,0.18840579710144928,0.07246376811594203,8.101449275362318
2023,10,19393,WN,13204,11292,MCO,DEN,133,0,0,0,133,0,27,5,884.0,0.0,0.0,0.20300751879699247,0.03759398496240601,6.646616541353383
2023,10,19393,WN,13204,11697,MCO,FLL,57,0,0,0,57,0,5,0,-243.0,0.0,0.0,0.08771929824561403,0.0,-4.2631578947368425
2023,10,19393,WN,13204,12266,MCO,IAH,31,0,0,0,31,0,8,1,130.0,0.0,0.0,0.25806451612903225,0.03225806451612903,4.193548387096774
2023,10,19393,WN,13204,12889,MCO,LAS,39,0,0,0,39,0,7,1,146.0,0.0,0.0,0.1794871794871795,0.02564102564102564,3.7435897435897436
2023,10,19393,WN,13204,13232,MCO,MDW,240,0,0,0,240,0,55,8,1200.0,0.0,0.0,0.22916666666666666,0.03333333333333333,5.0
2023,10,19393,WN,13204,13930,MCO,ORD,40,0,0,0,40,0,5,0,-124.0,0.0,0.0,0.125,0.0,-3.1
2023,10,19393,WN,13204,14100,MCO,PHL,36,0,0,0,36,0,5,0,-186.0,0.0,0.0,0.1388888888888889,0.0,-5.166666666666667
2023,10,19393,WN,13204,14107,MCO,PHX,43,0,0,0,43,0,9,3,628.0,0.0,0.0,0.20930232558139536,0.06976744186046512,14.604651162790697
2023,10,19393,WN,13204,14635,MCO,RSW,36,0,0,0,36,0,10,5,464.0,0.0,0.0,0.2777777777777778,0.1388888888888889,12.88888888888889
2023,10,19393,WN,13204,15016,MCO,STL,158,0,0,0,158,0,35,6,1085.0,0.0,0.0,0.22151898734177214,0.0379746835443038,6.867088607594937
2023,10,19393,WN,13232,10397,MDW,ATL,178,0,0,0,178,0,27,11,704.0,0.0,0.0,0.15168539325842698,0.06179775280898876,3.955056179775281
2023,10,19393,WN,13232,10721,MDW,BOS,142,0,0,0,142,0,34,6,794.0,0.0,0.0,0.23943661971830985,0.04225352112676056,5.591549295774648
2023,10,19393,WN,13232,10821,MDW,BWI,186,1,0,0,185,0,30,3,122.0,0.005376344086021506,0.0,0.16216216216216217,0.016216216216216217,0.6594594594594595
2023,10,19393,WN,13232,11278,MDW,DCA,186,0,0,0,186,0,48,9,911.0,0.0,0.0,0.25806451612903225,0.04838709677419355,4.897849462365591
2023,10,19393,WN,13232,11292,MDW,DEN,272,0,0,0,272,0,52,10,621.0,0.0,0.0,0.19117647058823528,0.03676470588235294,2.2830882352941178
2023,10,19393,WN,13232,11433,MDW,DTW,128,0,0,0,128,0,30,6,1223.0,0.0,0.0,0.234375,0.046875,9.5546875
2023,10,19393,WN,13232,11697,MDW,FLL,91,0,1,0,90,0,20,4,693.0,0.0,0.01098901098901099,0.2222222222222222,0.044444444444444446,7.7
2023,10,19393,WN,13232,12266,MDW,IAH,69,0,0,0,69,0,9,1,-63.0,0.0,0.0,0.13043478260869565,0.014492753623188406,-0.9130434782608695
2023,10,19393,WN,13232,12889,MDW,LAS,264,0,1,0,263,0,72,8,1592.0,0.0,0.003787878787878788,0.2737642585551331,0.030418250950570342,6.053231939163498
2023,10,19393,WN,13232,12892,MDW,LAX,116,0,1,0,115,0,32,8,1077.0,0.0,0.008620689655172414,0.2782608695652174,0.06956521739130435,9.365217391304348
2023,10,19393,WN,13232,12953,MDW,LGA,223,0,0,0,223,0,36,7,318.0,0.0,0.0,0.16143497757847533,0.03139013452914798,1.4260089686098654
2023,10,19393,WN,13232,13204,MDW,MCO,233,0,0,0,233,0,48,20,1991.0,0.0,0.0,0.20600858369098712,0.08583690987124463,8.545064377682403
2023,10,19393,WN,13232,13303,MDW,MIA,43,0,0,0,43,0,5,0,-14.0,0.0,0.0,0.11627906976744186,0.0,-0.32558139534883723
2023,10,19393,WN,13232,13487,MDW,MSP,209,0,0,0,209,0,39,6,315.0,0.0,0.0,0.18660287081339713,0.028708133971291867,1.507177033492823
2023,10,19393,WN,13232,13796,MDW,OAK,74,0,1,0,73,0,13,1,-161.0,0.0,0.013513513513513514,0.1780821917808219,0.0136986301369863,-2.2054794520547945
2023,10,19393,WN,13232,14100,MDW,PHL,138,0,0,0,138,0,32,5,819.0,0.0,0.0,0.2318840579710145,0.036231884057971016,5.934782608695652
2023,10,19393,WN,13232,14107,MDW,PHX,232,0,0,0,232,0,50,10,1245.0,0.0,0.0,0.21551724137931033,0.04310344827586207,5.366379310344827
2023,10,19393,WN,13232,14635,MDW,RSW,92,0,0,0,92,0,19,5,293.0,0.0,0.0,0.20652173913043478,0.05434782608695652,3.1847826086956523
2023,10,19393,WN,13232,14679,MDW,SAN,91,0,1,0,90,0,23,6,380.0,0.0,0.01098901098901099,0.25555555555555554,0.06666666666666667,4.222222222222222
2023,10,19393,WN,13232,14747,MDW,SEA,46,0,0,0,46,0,9,1,-5.0,0.0,0.0,0.1956521739130435,0.021739130434782608,-0.10869565217391304
2023,10,19393,WN,13232,14771,MDW,SFO,1,0,0,0,1,0,0,0,10.0,0.0,0.0,0.0,0.0,10.0
2023,10,19393,WN,13232,14869,MDW,SLC,57,0,0,0,57,0,10,1,83.0,0.0,0.0,0.17543859649122806,0.017543859649122806,1.456140350877193
2023,10,19393,WN,13232,15016,MDW,STL,215,0,0,0,215,0,33,7,790.0,0.0,0.0,0.15348837209302327,0.03255813953488372,3.6744186046511627
2023,10,19393,WN,13232,15304,MDW,TPA,129,0,0,0,129,0,24,6,787.0,0.0,0.0,0.18604651162790697,0.046511627906976744,6.10077519379845
2023,10,19393,WN,13303,10397,MIA,ATL,62,0,0,0,62,0,13,2,102.0,0.0,0.0,0.20967741935483872,0.03225806451612903,1.6451612903225807
2023,10,19393,WN,13303,10821,MIA,BWI,113,1,0,0,112,0,27,11,1023.0,0.008849557522123894,0.0,0.24107142857142858,0.09821428571428571,9.133928571428571
2023,10,19393,WN,13303,11292,MIA,DEN,28,0,0,0,28,0,10,5,537.0,0.0,0.0,0.35714285714285715,0.17857142857142858,19.178571428571427
2023,10,19393,WN,13303,13232,MIA,MDW,48,0,0,0,48,0,17,4,724.0,0.0,0.0,0.3541666666666667,0.08333333333333333,15.083333333333334
2023,10,19393,WN,13303,15016,MIA,STL,28,0,0,0,28,0,5,2,103.0,0.0,0.0,0.17857142857142858,0.07142857142857142,3.6785714285714284
2023,10,19393,WN,13487,10821,MSP,BWI,56,0,0,0,56,0,8,0,-213.0,0.0,0.0,0.14285714285714285,0.0,-3.8035714285714284
2023,10,19393,WN,13487,11292,MSP,DEN,203,0,0,0,203,0,46,12,1064.0,0.0,0.0,0.22660098522167488,0.059113300492610835,5.241379310344827
2023,10,19393,WN,13487,12889,MSP,LAS,39,0,0,0,39,0,4,2,104.0,0.0,0.0,0.10256410256410256,0.05128205128205128,2.6666666666666665
2023,10,19393,WN,13487,13232,MSP,MDW,214,1,0,0,213,0,35,9,128.0,0.004672897196261682,0.0,0.1643192488262911,0.04225352112676056,0.6009389671361502
2023,10,19393,WN,13487,14107,MSP,PHX,43,0,0,0,43,0,6,3,73.0,0.0,0.0,0.13953488372093023,0.06976744186046512,1.697674418604651
2023,10,19393,WN,13487,15016,MSP,STL,53,0,0,0,53,0,8,1,-105.0,0.0,0.0,0.1509433962264151,0.018867924528301886,-1.9811320754716981
2023,10,19393,WN,13796,10397,OAK,ATL,9,0,0,0,9,0,2,0,8.0,0.0,0.0,0.2222222222222222,0.0,0.8888888888888888
2023,10,19393,WN,13796,10821,OAK,BWI,31,0,0,0,31,0,5,0,-35.0,0.0,0.0,0.16129032258064516,0.0,-1.1290322580645162
2023,10,19393,WN,13796,11292,OAK,DEN,163,0,0,0,163,0,24,4,675.0,0.0,0.0,0.147239263803681,0.024539877300613498,4.141104294478527
2023,10,19393,WN,13796,12173,OAK,HNL,62,0,0,0,62,0,8,1,-220.0,0.0,0.0,0.12903225806451613,0.016129032258064516,-3.5483870967741935
2023,10,19393,WN,13796,12889,OAK,LAS,335,1,0,0,334,0,72,17,2466.0,0.0029850746268656717,0.0,0.2155688622754491,0.05089820359281437,7.383233532934132
2023,10,19393,WN,13796,12892,OAK,LAX,260,4,0,0,256,0,52,11,1080.0,0.015384615384615385,0.0,0.203125,0.04296875,4.21875
2023,10,19393,WN,13796,13232,OAK,MDW,51,0,0,0,51,0,5,0,-289.0,0.0,0.0,0.09803921568627451,0.0,-5.666666666666667
2023,10,19393,WN,13796,14107,OAK,PHX,173,0,0,0,173,0,49,14,2160.0,0.0,0.0,0.2832369942196532,0.08092485549132948,12.485549132947977
2023,10,19393,WN,13796,14679,OAK,SAN,304,0,1,0,303,0,57,8,1425.0,0.0,0.003289473684210526,0.18811881188118812,0.026402640264026403,4.702970297029703
2023,10,19393,WN,13796,14747,OAK,SEA,144,0,0,0,144,0,21,8,255.0,0.0,0.0,0.14583333333333334,0.05555555555555555,1.7708333333333333
2023,10,19393,WN,13796,14869,OAK,SLC,84,0,0,0,84,0,11,2,-24.0,0.0,0.0,0.13095238095238096,0.023809523809523808,-0.2857142857142857
2023,10,19393,WN,13796,15016,OAK,STL,31,0,0,0,31,0,1,0,-35.0,0.0,0.0,0.03225806451612903,0.0,-1.1290322580645162
2023,10,19393,WN,13930,10821,ORD,BWI,110,0,0,0,110,0,15,0,-245.0,0.0,0.0,0.13636363636363635,0.0,-2.227272727272727
2023,10,19393,WN,13930,11292,ORD,DEN,178,1,0,0,177,0,46,11,1423.0,0.0056179775280898875,0.0,0.2598870056497175,0.062146892655367235,8.03954802259887
2023,10,19393,WN,13930,11697,ORD,FLL,4,0,0,0,4,0,1,1,83.0,0.0,0.0,0.25,0.25,20.75
2023,10,19393,WN,13930,12889,ORD,LAS,97,0,0,0,97,0,28,4,615.0,0.0,0.0,0.28865979381443296,0.041237113402061855,6.34020618556701
2023,10,19393,WN,13930,13204,ORD,MCO,40,0,0,0,40,0,6,1,381.0,0.0,0.0,0.15,0.025,9.525
2023,10,19393,WN,13930,14107,ORD,PHX,97,0,0,0,97,0,29,7,1145.0,0.0,0.0,0.29896907216494845,0.07216494845360824,11.804123711340207
2023,10,19393,WN,13930,15304,ORD,TPA,35,0,0,0,35,0,11,3,431.0,0.0,0.0,0.3142857142857143,0.08571428571428572,12.314285714285715
2023,10,19393,WN,14100,10397,PHL,ATL,66,0,0,0,66,0,7,1,-331.0,0.0,0.0,0.10606060606060606,0.015151515151515152,-5.015151515151516
2023,10,19393,WN,14100,11292,PHL,DEN,55,0,0,0,55,0,13,1,210.0,0.0,0.0,0.23636363636363636,0.01818181818181818,3.8181818181818183
2023,10,19393,WN,14100,13204,PHL,MCO,36,0,0,0,36,0,9,0,-72.0,0.0,0.0,0.25,0.0,-2.0
2023,10,19393,WN,14100,13232,PHL,MDW,134,0,0,0,134,0,24,3,93.0,0.0,0.0,0.1791044776119403,0.022388059701492536,0.6940298507462687
2023,10,19393,WN,14100,15016,PHL,STL,84,0,0,0,84,0,8,0,-361.0,0.0,0.0,0.09523809523809523,0.0,-4.2976190476190474
2023,10,19393,WN,14100,15304,PHL,TPA,8,0,0,0,8,0,0,0,-46.0,0.0,0.0,0.0,0.0,-5.75
2023,10,19393,WN,14107,10397,PHX,ATL,41,0,0,0,41,0,6,2,45.0,0.0,0.0,0.14634146341463414,0.04878048780487805,1.0975609756097562
2023,10,19393,WN,14107,10821,PHX,BWI,97,0,1,0,96,0,23,2,105.0,0.0,0.010309278350515464,0.23958333333333334,0.020833333333333332,1.09375
2023,10,19393,WN,14107,11292,PHX,DEN,378,0,0,0,378,0,93,15,2874.0,0.0,0.0,0.24603174603174602,0.03968253968253968,7.603174603174603
2023,10,19393,WN,14107,11433,PHX,DTW,8,0,0,0,8,0,2,0,-10.0,0.0,0.0,0.25,0.0,-1.25
2023,10,19393,WN,14107,12173,PHX,HNL,62,0,4,0,58,0,13,3,-84.0,0.0,0.06451612903225806,0.22413793103448276,0.05172413793103448,-1.4482758620689655
2023,10,19393,WN,14107,12266,PHX,IAH,5,0,0,0,5,0,1,0,35.0,0.0,0.0,0.2,0.0,7.0
2023,10,19393,WN,14107,12889,PHX,LAS,325,0,0,0,325,0,86,19,2425.0,0.0,0.0,0.26461538461538464,0.05846153846153846,7.461538461538462
2023,10,19393,WN,14107,12892,PHX,LAX,208,0,0,0,208,0,63,13,2060.0,0.0,0.0,0.30288461538461536,0.0625,9.903846153846153
2023,10,19393,WN,14107,13204,PHX,MCO,39,0,0,0,39,0,6,2,38.0,0.0,0.0,0.15384615384615385,0.05128205128205128,0.9743589743589743
2023,10,19393,WN,14107,13232,PHX,MDW,259,0,0,0,259,0,51,15,997.0,0.0,0.0,0.1969111969111969,0.05791505791505792,3.8494208494208495
2023,10,19393,WN,14107,13487,PHX,MSP,42,0,0,0,42,0,13,5,488.0,0.0,0.0,0.30952380952380953,0.11904761904761904,11.619047619047619
2023,10,19393,WN,14107,13796,PHX,OAK,182,0,0,0,182,0,46,9,1630.0,0.0,0.0,0.25274725274725274,0.04945054945054945,8.956043956043956
2023,10,19393,WN,14107,13930,PHX,ORD,97,0,0,0,97,0,21,3,-228.0,0.0,0.0,0.21649484536082475,0.030927835051546393,-2.350515463917526
2023,10,19393,WN,14107,14679,PHX,SAN,298,4,0,0,294,0,73,17,2734.0,0.013422818791946308,0.0,0.24829931972789115,0.05782312925170068,9.299319727891156
2023,10,19393,WN,14107,14747,PHX,SEA,75,0,0,0,75,0,14,0,-19.0,0.0,0.0,0.18666666666666668,0.0,-0.25333333333333335
2023,10,19393,WN,14107,14771,PHX,SFO,98,0,0,0,98,0,29,6,1011.0,0.0,0.0,0.29591836734693877,0.061224489795918366,10.316326530612244
2023,10,19393,WN,14107,14869,PHX,SLC,152,0,0,0,152,0,32,10,783.0,0.0,0.0,0.21052631578947367,0.06578947368421052,5.151315789473684
2023,10,19393,WN,14107,15016,PHX,STL,116,0,0,0,116,0,23,4,588.0,0.0,0.0,0.19827586206896552,0.034482758620689655,5.068965517241379
2023,10,19393,WN,14107,15304,PHX,TPA,31,0,0,0,31,0,3,1,2.0,0.0,0.0,0.0967741935483871,0.03225806451612903,0.06451612903225806
2023,10,19393,WN,14635,10397,RSW,ATL,36,0,0,0,36,0,1,0,-327.0,0.0,0.0,0.027777777777777776,0.0,-9.083333333333334
2023,10,19393,WN,14635,10821,RSW,BWI,115,0,0,0,115,0,15,3,-17.0,0.0,0.0,0.13043478260869565,0.02608695652173913,-0.14782608695652175
2023,10,19393,WN,14635,13204,RSW,MCO,36,0,0,0,36,0,2,0,-458.0,0.0,0.0,0.05555555555555555,0.0,-12.722222222222221
2023,10,19393,WN,14635,13232,RSW,MDW,92,0,0,0,92,0,16,4,249.0,0.0,0.0,0.17391304347826086,0.043478260869565216,2.7065217391304346
2023,10,19393,WN,14635,15016,RSW,STL,48,0,0,0,48,0,10,2,235.0,0.0,0.0,0.20833333333333334,0.041666666666666664,4.895833333333333
2023,10,19393,WN,14679,10397,SAN,ATL,9,0,0,0,9,0,3,1,143.0,0.0,0.0,0.3333333333333333,0.1111111111111111,15.88888888888889
2023,10,19393,WN,14679,10821,SAN,BWI,63,0,0,0,63,0,13,4,60.0,0.0,0.0,0.20634920634920634,0.06349206349206349,0.9523809523809523
2023,10,19393,WN,14679,11292,SAN,DEN,206,0,0,0,206,0,52,15,2315.0,0.0,0.0,0.2524271844660194,0.07281553398058252,11.237864077669903
2023,10,19393,WN,14679,12173,SAN,HNL,62,0,0,0,62,0,17,8,573.0,0.0,0.0,0.27419354838709675,0.12903225806451613,9.241935483870968
2023,10,19393,WN,14679,12889,SAN,LAS,365,4,1,0,360,0,103,27,3332.0,0.010958904109589041,0.0027397260273972603,0.2861111111111111,0.075,9.255555555555556
2023,10,19393,WN,14679,13232,SAN,MDW,90,0,0,0,90,0,27,9,1046.0,0.0,0.0,0.3,0.1,11.622222222222222
2023,10,19393,WN,14679,13796,SAN,OAK,306,0,0,0,306,0,71,15,1936.0,0.0,0.0,0.23202614379084968,0.049019607843137254,6.326797385620915
2023,10,19393,WN,14679,14107,SAN,PHX,301,4,0,0,297,0,69,13,1535.0,0.013289036544850499,0.0,0.23232323232323232,0.04377104377104377,5.168350168350169
2023,10,19393,WN,14679,14771,SAN,SFO,136,0,0,0,136,0,45,12,1987.0,0.0,0.0,0.33088235294117646,0.08823529411764706,14.610294117647058
2023,10,19393,WN,14679,14869,SAN,SLC,35,0,0,0,35,0,8,2,419.0,0.0,0.0,0.22857142857142856,0.05714285714285714,11.971428571428572
2023,10,19393,WN,14679,15016,SAN,STL,55,0,0,0,55,0,13,2,213.0,0.0,0.0,0.23636363636363636,0.03636363636363636,3.8727272727272726
2023,10,19393,WN,14747,11292,SEA,DEN,147,0,0,0,147,0,31,3,568.0,0.0,0.0,0.2108843537414966,0.02040816326530612,3.8639455782312924
2023,10,19393,WN,14747,12889,SEA,LAS,80,0,0,0,80,0,14,1,144.0,0.0,0.0,0.175,0.0125,1.8
2023,10,19393,WN,14747,13232,SEA,MDW,34,0,0,0,34,0,4,0,-48.0,0.0,0.0,0.11764705882352941,0.0,-1.411764705882353
2023,10,19393,WN,14747,13796,SEA,OAK,141,0,0,0,141,0,16,2,-135.0,0.0,0.0,0.11347517730496454,0.014184397163120567,-0.9574468085106383
2023,10,19393,WN,14747,14107,SEA,PHX,79,0,0,0,79,0,21,2,206.0,0.0,0.0,0.26582278481012656,0.02531645569620253,2.607594936708861
2023,10,19393,WN,14747,15016,SEA,STL,1,0,0,0,1,0,0,0,7.0,0.0,0.0,0.0,0.0,7.0
2023,10,19393,WN,14771,11292,SFO,DEN,138,0,1,0,137,0,40,8,1334.0,0.0,0.007246376811594203,0.291970802919708,0.058394160583941604,9.737226277372264
2023,10,19393,WN,14771,12889,SFO,LAS,105,0,0,0,105,0,35,9,1529.0,0.0,0.0,0.3333333333333333,0.08571428571428572,14.561904761904762
2023,10,19393,WN,14771,12892,SFO,LAX,151,0,0,0,151,0,57,10,1919.0,0.0,0.0,0.37748344370860926,0.06622516556291391,12.708609271523178
2023,10,19393,WN,14771,13232,SFO,MDW,1,0,0,0,1,0,0,0,-10.0,0.0,0.0,0.0,0.0,-10.0
2023,10,19393,WN,14771,14107,SFO,PHX,98,0,0,0,98,0,29,7,817.0,0.0,0.0,0.29591836734693877,0.07142857142857142,8.33673469387755
2023,10,19393,WN,14771,14679,SFO,SAN,114,0,0,0,114,0,38,10,1621.0,0.0,0.0,0.3333333333333333,0.08771929824561403,14.219298245614034
2023,10,19393,WN,14869,10821,SLC,BWI,31,0,0,0,31,0,6,2,270.0,0.0,0.0,0.1935483870967742,0.06451612903225806,8.709677419354838
2023,10,19393,WN,14869,11292,SLC,DEN,255,1,0,0,254,0,50,13,1089.0,0.00392156862745098,0.0,0.1968503937007874,0.051181102362204724,4.28740157480315
2023,10,19393,WN,14869,12889,SLC,LAS,151,0,0,0,151,0,29,8,779.0,0.0,0.0,0.19205298013245034,0.052980132450331126,5.158940397350993
2023,10,19393,WN,14869,12892,SLC,LAX,31,0,0,0,31,0,9,1,154.0,0.0,0.0,0.2903225806451613,0.03225806451612903,4.967741935483871
2023,10,19393,WN,14869,13232,SLC,MDW,57,0,1,0,56,0,4,0,-131.0,0.0,0.017543859649122806,0.07142857142857142,0.0,-2.3392857142857144
2023,10,19393,WN,14869,13796,SLC,OAK,84,0,0,0,84,0,13,2,115.0,0.0,0.0,0.15476190476190477,0.023809523809523808,1.369047619047619
2023,10,19393,WN,14869,14107,SLC,PHX,156,0,0,0,156,0,32,6,573.0,0.0,0.0,0.20512820512820512,0.038461538461538464,3.673076923076923
2023,10,19393,WN,14869,14679,SLC,SAN,35,0,0,0,35,0,10,1,160.0,0.0,0.0,0.2857142857142857,0.02857142857142857,4.571428571428571
2023,10,19393,WN,15016,10397,STL,ATL,105,0,0,0,105,0,15,5,392.0,0.0,0.0,0.14285714285714285,0.047619047619047616,3.7333333333333334
2023,10,19393,WN,15016,10721,STL,BOS,89,0,0,0,89,0,18,2,474.0,0.0,0.0,0.20224719101123595,0.02247191011235955,5.325842696629214
2023,10,19393,WN,15016,10821,STL,BWI,120,0,0,0,120,0,21,4,232.0,0.0,0.0,0.175,0.03333333333333333,1.9333333333333333
2023,10,19393,WN,15016,11278,STL,DCA,120,0,0,0,120,0,19,3,366.0,0.0,0.0,0.15833333333333333,0.025,3.05
2023,10,19393,WN,15016,11292,STL,DEN,205,0,0,0,205,0,41,8,969.0,0.0,0.0,0.2,0.03902439024390244,4.726829268292683
2023,10,19393,WN,15016,11433,STL,DTW,58,0,0,0,58,0,18,2,518.0,0.0,0.0,0.3103448275862069,0.034482758620689655,8.931034482758621
2023,10,19393,WN,15016,11697,STL,FLL,68,0,0,0,68,0,14,3,360.0,0.0,0.0,0.20588235294117646,0.04411764705882353,5.294117647058823
2023,10,19393,WN,15016,12889,STL,LAS,151,0,0,0,151,0,31,7,531.0,0.0,0.0,0.2052980132450331,0.046357615894039736,3.5165562913907285
2023,10,19393,WN,15016,12892,STL,LAX,73,0,0,0,73,0,15,1,413.0,0.0,0.0,0.2054794520547945,0.0136986301369863,5.657534246575342
2023,10,19393,WN,15016,12953,STL,LGA,138,0,0,0,138,0,17,1,-253.0,0.0,0.0,0.12318840579710146,0.007246376811594203,-1.8333333333333333
2023,10,19393,WN,15016,13204,STL,MCO,158,0,0,0,158,0,20,4,-149.0,0.0,0.0,0.12658227848101267,0.02531645569620253,-0.9430379746835443
2023,10,19393,WN,15016,13232,STL,MDW,212,1,0,0,211,0,33,6,379.0,0.0047169811320754715,0.0,0.15639810426540285,0.02843601895734597,1.7962085308056872
2023,10,19393,WN,15016,13303,STL,MIA,32,0,0,0,32,0,8,4,393.0,0.0,0.0,0.25,0.125,12.28125
2023,10,19393,WN,15016,13487,STL,MSP,53,0,0,0,53,0,11,4,438.0,0.0,0.0,0.20754716981132076,0.07547169811320754,8.264150943396226
2023,10,19393,WN,15016,13796,STL,OAK,27,0,0,0,27,0,8,3,559.0,0.0,0.0,0.2962962962962963,0.1111111111111111,20.703703703703702
2023,10,19393,WN,15016,14100,STL,PHL,84,0,0,0,84,0,20,9,890.0,0.0,0.0,0.23809523809523808,0.10714285714285714,10.595238095238095
2023,10,19393,WN,15016,14107,STL,PHX,112,0,0,0,112,0,20,4,652.0,0.0,0.0,0.17857142857142858,0.03571428571428571,5.821428571428571
2023,10,19393,WN,15016,14635,STL,RSW,48,0,0,0,48,0,11,3,442.0,0.0,0.0,0.22916666666666666,0.0625,9.208333333333334
2023,10,19393,WN,15016,14679,STL,SAN,51,0,0,0,51,0,15,2,384.0,0.0,0.0,0.29411764705882354,0.0392156862745098,7.529411764705882
2023,10,19393,WN,15016,14747,STL,SEA,1,0,0,0,1,0,0,0,3.0,0.0,0.0,0.0,0.0,3.0
2023,10,19393,WN,15016,15304,STL,TPA,90,0,0,0,90,0,13,2,45.0,0.0,0.0,0.14444444444444443,0.022222222222222223,0.5
2023,10,19393,WN,15304,10397,TPA,ATL,129,0,0,0,129,0,22,3,209.0,0.0,0.0,0.17054263565891473,0.023255813953488372,1.62015503875969
2023,10,19393,WN,15304,10821,TPA,BWI,211,0,0,0,211,0,30,6,23.0,0.0,0.0,0.14218009478672985,0.02843601895734597,0.10900473933649289
2023,10,19393,WN,15304,11278,TPA,DCA,66,1,0,0,65,0,7,3,-178.0,0.015151515151515152,0.0,0.1076923076923077,0.046153846153846156,-2.7384615384615385
2023,10,19393,WN,15304,11292,TPA,DEN,112,1,0,0,111,0,18,5,192.0,0.008928571428571428,0.0,0.16216216216216217,0.04504504504504504,1.7297297297297298
2023,10,19393,WN,15304,11697,TPA,FLL,74,0,0,0,74,0,11,2,145.0,0.0,0.0,0.14864864864864866,0.02702702702702703,1.9594594594594594
2023,10,19393,WN,15304,12889,TPA,LAS,31,0,0,0,31,0,3,0,56.0,0.0,0.0,0.0967741935483871,0.0,1.8064516129032258
2023,10,19393,WN,15304,12953,TPA,LGA,32,0,0,0,32,0,4,0,-90.0,0.0,0.0,0.125,0.0,-2.8125
2023,10,19393,WN,15304,13232,TPA,MDW,125,1,0,0,124,0,16,6,390.0,0.008,0.0,0.12903225806451613,0.04838709677419355,3.1451612903225805
2023,10,19393,WN,15304,13930,TPA,ORD,35,0,0,0,35,0,4,1,-95.0,0.0,0.0,0.11428571428571428,0.02857142857142857,-2.7142857142857144
2023,10,19393,WN,15304,14100,TPA,PHL,8,0,0,0,8,0,1,0,45.0,0.0,0.0,0.125,0.0,5.625
2023,10,19393,WN,15304,14107,TPA,PHX,31,0,0,0,31,0,5,0,78.0,0.0,0.0,0.16129032258064516,0.0,2.5161290322580645
2023,10,19393,WN,15304,15016,TPA,STL,90,0,0,0,90,0,21,7,834.0,0.0,0.0,0.23333333333333334,0.07777777777777778,9.266666666666667
2023,10,19690,HA,10721,12173,BOS,HNL,18,0,0,0,18,0,5,1,1225.0,0.0,0.0,0.2777777777777778,0.05555555555555555,68.05555555555556
2023,10,19690,HA,12173,10721,HNL,BOS,18,0,0,0,18,0,7,0,127.0,0.0,0.0,0.3888888888888889,0.0,7.055555555555555
2023,10,19690,HA,12173,12478,HNL,JFK,31,0,0,0,31,0,9,4,388.0,0.0,0.0,0.2903225806451613,0.12903225806451613,12.516129032258064
2023,10,19690,HA,12173,12889,HNL,LAS,86,0,0,0,86,0,21,7,907.0,0.0,0.0,0.2441860465116279,0.08139534883720931,10.546511627906977
2023,10,19690,HA,12173,12892,HNL,LAX,94,1,0,0,93,0,27,9,1331.0,0.010638297872340425,0.0,0.2903225806451613,0.0967741935483871,14.311827956989248
2023,10,19690,HA,12173,13796,HNL,OAK,35,6,0,0,29,0,13,2,409.0,0.17142857142857143,0.0,0.4482758620689655,0.06896551724137931,14.10344827586207
2023,10,19690,HA,12173,14107,HNL,PHX,31,0,0,0,31,0,12,1,334.0,0.0,0.0,0.3870967741935484,0.03225806451612903,10.774193548387096
2023,10,19690,HA,12173,14679,HNL,SAN,31,0,0,0,31,0,10,0,177.0,0.0,0.0,0.3225806451612903,0.0,5.709677419354839
2023,10,19690,HA,12173,14747,HNL,SEA,31,0,0,0,31,0,8,0,158.0,0.0,0.0,0.25806451612903225,0.0,5.096774193548387
2023,10,19690,HA,12173,14771,HNL,SFO,37,7,0,0,30,0,16,4,691.0,0.1891891891891892,0.0,0.5333333333333333,0.13333333333333333,23.033333333333335
2023,10,19690,HA,12478,12173,JFK,HNL,31,0,0,0,31,0,12,4,1108.0,0.0,0.0,0.3870967741935484,0.12903225806451613,35.74193548387097
2023,10,19690,HA,12889,12173,LAS,HNL,87,2,1,0,84,0,28,9,2981.0,0.022988505747126436,0.011494252873563218,0.3333333333333333,0.10714285714285714,35.48809523809524
2023,10,19690,HA,12892,12173,LAX,HNL,94,1,0,0,93,0,20,5,1162.0,0.010638297872340425,0.0,0.21505376344086022,0.053763440860215055,12.494623655913978
2023,10,19690,HA,13796,12173,OAK,HNL,35,6,0,0,29,0,8,1,674.0,0.17142857142857143,0.0,0.27586206896551724,0.034482758620689655,23.24137931034483
2023,10,19690,HA,14107,12173,PHX,HNL,31,0,0,0,31,0,16,1,618.0,0.0,0.0,0.5161290322580645,0.03225806451612903,19.93548387096774
2023,10,19690,HA,14679,12173,SAN,HNL,31,0,0,0,31,0,10,1,250.0,0.0,0.0,0.3225806451612903,0.03225806451612903,8.064516129032258
2023,10,19690,HA,14747,12173,SEA,HNL,31,0,0,0,31,0,17,2,635.0,0.0,0.0,0.5483870967741935,0.06451612903225806,20.483870967741936
2023,10,19690,HA,14771,12173,SFO,HNL,36,6,0,0,30,0,9,4,699.0,0.16666666666666666,0.0,0.3,0.13333333333333333,23.3
2023,10,19790,DL,10397,10721,ATL,BOS,323,0,0,0,323,0,16,4,-2394.0,0.0,0.0,0.04953560371517028,0.01238390092879257,-7.411764705882353
2023,10,19790,DL,10397,10821,ATL,BWI,241,0,0,0,241,0,32,8,-27.0,0.0,0.0,0.13278008298755187,0.03319502074688797,-0.11203319502074689
2023,10,19790,DL,10397,11278,ATL,DCA,328,0,2,0,326,0,29,5,-1387.0,0.0,0.006097560975609756,0.08895705521472393,0.015337423312883436,-4.254601226993865
2023,10,19790,DL,10397,11292,ATL,DEN,227,0,0,0,227,0,15,1,-1162.0,0.0,0.0,0.06607929515418502,0.004405286343612335,-5.118942731277533
2023,10,19790,DL,10397,11298,ATL,DFW,243,0,0,0,243,0,41,7,860.0,0.0,0.0,0.16872427983539096,0.02880658436213992,3.539094650205761
2023,10,19790,DL,10397,11433,ATL,DTW,319,0,0,0,319,0,23,6,-813.0,0.0,0.0,0.07210031347962383,0.018808777429467086,-2.54858934169279
2023,10,19790,DL,10397,11618,ATL,EWR,251,0,0,0,251,0,27,7,185.0,0.0,0.0,0.10756972111553785,0.027888446215139442,0.7370517928286853
2023,10,19790,DL,10397,11697,ATL,FLL,315,0,3,0,312,0,34,9,-11.0,0.0,0.009523809523809525,0.10897435897435898,0.028846153846153848,-0.035256410256410256
2023,10,19790,DL,10397,12173,ATL,HNL,31,0,0,0,31,0,8,1,277.0,0.0,0.0,0.25806451612903225,0.03225806451612903,8.935483870967742
2023,10,19790,DL,10397,12266,ATL,IAH,198,0,0,0,198,0,23,1,184.0,0.0,0.0,0.11616161616161616,0.005050505050505051,0.9292929292929293
2023,10,19790,DL,10397,12478,ATL,JFK,217,0,1,0,216,0,12,3,-2768.0,0.0,0.004608294930875576,0.05555555555555555,0.013888888888888888,-12.814814814814815
2023,10,19790,DL,10397,12889,ATL,LAS,288,0,0,0,288,0,38,4,-269.0,0.0,0.0,0.13194444444444445,0.013888888888888888,-0.9340277777777778
2023,10,19790,DL,10397,12892,ATL,LAX,360,0,0,0,360,0,42,5,-1158.0,0.0,0.0,0.11666666666666667,0.013888888888888888,-3.216666666666667
2023,10,19790,DL,10397,12953,ATL,LGA,400,0,0,0,400,0,15,3,-5935.0,0.0,0.0,0.0375,0.0075,-14.8375
2023,10,19790,DL,10397,13204,ATL,MCO,429,0,0,0,429,0,50,10,532.0,0.0,0.0,0.11655011655011654,0.023310023310023312,1.24009324009324
2023,10,19790,DL,10397,13232,ATL,MDW,117,0,0,0,117,0,15,5,-43.0,0.0,0.0,0.1282051282051282,0.042735042735042736,-0.36752136752136755
2023,10,19790,DL,10397,13303,ATL,MIA,247,0,0,0,247,0,37,11,1146.0,0.0,0.0,0.14979757085020243,0.044534412955465584,4.6396761133603235
2023,10,19790,DL,10397,13487,ATL,MSP,273,0,0,0,273,0,26,2,-1163.0,0.0,0.0,0.09523809523809523,0.007326007326007326,-4.26007326007326
2023,10,19790,DL,10397,13930,ATL,ORD,197,0,0,0,197,0,35,2,124.0,0.0,0.0,0.17766497461928935,0.01015228426395939,0.6294416243654822
2023,10,19790,DL,10397,14100,ATL,PHL,259,0,0,0,259,0,14,1,-2003.0,0.0,0.0,0.05405405405405406,0.003861003861003861,-7.7335907335907335
2023,10,19790,DL,10397,14107,ATL,PHX,168,0,0,0,168,0,15,4,-467.0,0.0,0.0,0.08928571428571429,0.023809523809523808,-2.7797619047619047
2023,10,19790,DL,10397,14635,ATL,RSW,200,0,1,0,199,0,28,6,431.0,0.0,0.005,0.1407035175879397,0.03015075376884422,2.1658291457286434
2023,10,19790,DL,10397,14679,ATL,SAN,180,0,1,0,179,0,28,7,256.0,0.0,0.005555555555555556,0.1564245810055866,0.03910614525139665,1.4301675977653632
2023,10,19790,DL,10397,14747,ATL,SEA,207,0,1,0,206,0,19,2,-1552.0,0.0,0.004830917874396135,0.09223300970873786,0.009708737864077669,-7.533980582524272
2023,10,19790,DL,10397,14771,ATL,SFO,215,0,0,0,215,0,14,3,-1920.0,0.0,0.0,0.06511627906976744,0.013953488372093023,-8.930232558139535
2023,10,19790,DL,10397,14869,ATL,SLC,247,0,0,0,247,0,8,0,-2401.0,0.0,0.0,0.032388663967611336,0.0,-9.720647773279353
2023,10,19790,DL,10397,15016,ATL,STL,193,0,0,0,193,0,19,5,530.0,0.0,0.0,0.09844559585492228,0.025906735751295335,2.7461139896373057
2023,10,19790,DL,10397,15304,ATL,TPA,344,1,1,0,342,0,36,5,-87.0,0.0029069767441860465,0.0029069767441860465,0.10526315789473684,0.014619883040935672,-0.2543859649122807
2023,10,19790,DL,10721,10397,BOS,ATL,323,0,0,0,323,0,32,13,483.0,0.0,0.0,0.09907120743034056,0.04024767801857585,1.4953560371517027
2023,10,19790,DL,10721,11292,BOS,DEN,31,0,0,0,31,0,9,1,-19.0,0.0,0.0,0.2903225806451613,0.03225806451612903,-0.6129032258064516
2023,10,19790,DL,10721,11298,BOS,DFW,85,0,0,0,85,0,23,5,624.0,0.0,0.0,0.27058823529411763,0.058823529411764705,7.341176470588235
2023,10,19790,DL,10721,11433,BOS,DTW,148,0,0,0,148,0,9,3,-1261.0,0.0,0.0,0.060810810810810814,0.02027027027027027,-8.52027027027027
2023,10,19790,DL,10721,11697,BOS,FLL,62,0,0,0,62,0,7,0,-334.0,0.0,0.0,0.11290322580645161,0.0,-5.387096774193548
2023,10,19790,DL,10721,12478,BOS,JFK,31,0,0,0,31,0,0,0,-371.0,0.0,0.0,0.0,0.0,-11.96774193548387
2023,10,19790,DL,10721,12889,BOS,LAS,49,0,0,0,49,0,8,2,-98.0,0.0,0.0,0.16326530612244897,0.04081632653061224,-2.0
2023,10,19790,DL,10721,12892,BOS,LAX,106,0,1,0,105,0,17,3,-678.0,0.0,0.009433962264150943,0.1619047619047619,0.02857142857142857,-6.457142857142857
2023,10,19790,DL,10721,12953,BOS,LGA,42,1,0,0,41,0,5,1,-211.0,0.023809523809523808,0.0,0.12195121951219512,0.024390243902439025,-5.146341463414634
2023,10,19790,DL,10721,13204,BOS,MCO,93,0,0,0,93,0,12,2,-296.0,0.0,0.0,0.12903225806451613,0.021505376344086023,-3.182795698924731
2023,10,19790,DL,10721,13303,BOS,MIA,62,0,0,0,62,0,11,1,-48.0,0.0,0.0,0.1774193548387097,0.016129032258064516,-0.7741935483870968
2023,10,19790,DL,10721,13487,BOS,MSP,180,0,0,0,180,0,12,2,-2398.0,0.0,0.0,0.06666666666666667,0.011111111111111112,-13.322222222222223
2023,10,19790,DL,10721,13930,BOS,ORD,137,1,0,0,136,0,19,5,122.0,0.0072992700729927005,0.0,0.13970588235294118,0.03676470588235294,0.8970588235294118
2023,10,19790,DL,10721,14107,BOS,PHX,31,0,0,0,31,0,4,1,-317.0,0.0,0.0,0.12903225806451613,0.03225806451612903,-10.225806451612904
2023,10,19790,DL,10721,14635,BOS,RSW,31,0,0,0,31,0,2,0,-259.0,0.0,0.0,0.06451612903225806,0.0,-8.35483870967742
2023,10,19790,DL,10721,14679,BOS,SAN,31,0,0,0,31,0,5,1,-150.0,0.0,0.0,0.16129032258064516,0.03225806451612903,-4.838709677419355
2023,10,19790,DL,10721,14747,BOS,SEA,78,0,0,0,78,0,3,0,-1763.0,0.0,0.0,0.038461538461538464,0.0,-22.602564102564102
2023,10,19790,DL,10721,14771,BOS,SFO,62,0,0,0,62,0,6,0,-1026.0,0.0,0.0,0.0967741935483871,0.0,-16.548387096774192
2023,10,19790,DL,10721,14869,BOS,SLC,81,0,0,0,81,0,5,1,-1227.0,0.0,0.0,0.06172839506172839,0.012345679012345678,-15.148148148148149
2023,10,19790,DL,10721,15304,BOS,TPA,78,0,0,0,78,0,11,5,368.0,0.0,0.0,0.14102564102564102,0.0641025641025641,4.717948717948718
2023,10,19790,DL,10821,10397,BWI,ATL,242,0,0,0,242,0,24,6,-2.0,0.0,0.0,0.09917355371900827,0.024793388429752067,-0.008264462809917356
2023,10,19790,DL,10821,11433,BWI,DTW,86,0,0,0,86,0,5,2,-242.0,0.0,0.0,0.05813953488372093,0.023255813953488372,-2.813953488372093
2023,10,19790,DL,10821,13487,BWI,MSP,86,0,0,0,86,0,9,3,-325.0,0.0,0.0,0.10465116279069768,0.03488372093023256,-3.7790697674418605
2023,10,19790,DL,10821,14869,BWI,SLC,31,0,0,0,31,0,2,1,-332.0,0.0,0.0,0.06451612903225806,0.03225806451612903,-10.709677419354838
2023,10,19790,DL,11278,10397,DCA,ATL,329,0,0,0,329,0,24,7,-2223.0,0.0,0.0,0.0729483282674772,0.02127659574468085,-6.756838905775076
2023,10,19790,DL,11278,11433,DCA,DTW,148,0,0,0,148,0,9,2,-1350.0,0.0,0.0,0.060810810810810814,0.013513513513513514,-9.121621621621621
2023,10,19790,DL,11278,12892,DCA,LAX,31,0,0,0,31,0,1,1,-428.0,0.0,0.0,0.03225806451612903,0.03225806451612903,-13.806451612903226
2023,10,19790,DL,11278,13487,DCA,MSP,150,0,0,0,150,0,22,7,-287.0,0.0,0.0,0.14666666666666667,0.04666666666666667,-1.9133333333333333
2023,10,19790,DL,11278,14869,DCA,SLC,31,0,0,0,31,0,2,0,-290.0,0.0,0.0,0.06451612903225806,0.0,-9.35483870967742
2023,10,19790,DL,11292,10397,DEN,ATL,227,0,0,0,227,0,17,6,-1506.0,0.0,0.0,0.07488986784140969,0.02643171806167401,-6.634361233480176
2023,10,19790,DL,11292,10721,DEN,BOS,31,0,0,0,31,0,3,0,-384.0,0.0,0.0,0.0967741935483871,0.0,-12.387096774193548
2023,10,19790,DL,11292,11433,DEN,DTW,117,0,0,0,117,0,10,2,-190.0,0.0,0.0,0.08547008547008547,0.017094017094017096,-1.623931623931624
2023,10,19790,DL,11292,12478,DEN,JFK,81,0,0,0,81,0,8,3,-923.0,0.0,0.0,0.09876543209876543,0.037037037037037035,-11.395061728395062
2023,10,19790,DL,11292,12892,DEN,LAX,93,0,0,0,93,0,10,0,-756.0,0.0,0.0,0.10752688172043011,0.0,-8.129032258064516
2023,10,19790,DL,11292,12953,DEN,LGA,89,2,0,0,87,0,9,4,-376.0,0.02247191011235955,0.0,0.10344827586206896,0.04597701149425287,-4.32183908045977
2023,10,19790,DL,11292,13487,DEN,MSP,148,0,0,0,148,0,20,7,262.0,0.0,0.0,0.13513513513513514,0.0472972972972973,1.7702702702702702
2023,10,19790,DL,11292,14747,DEN,SEA,93,0,0,0,93,0,14,4,-585.0,0.0,0.0,0.15053763440860216,0.043010752688172046,-6.290322580645161
2023,10,19790,DL,11292,14869,DEN,SLC,137,0,0,0,137,0,7,2,-1651.0,0.0,0.0,0.051094890510948905,0.014598540145985401,-12.05109489051095
2023,10,19790,DL,11298,10397,DFW,ATL,243,0,0,0,243,0,19,5,-994.0,0.0,0.0,0.07818930041152264,0.0205761316872428,-4.090534979423868
2023,10,19790,DL,11298,10721,DFW,BOS,85,0,0,0,85,0,8,2,-677.0,0.0,0.0,0.09411764705882353,0.023529411764705882,-7.964705882352941
2023,10,19790,DL,11298,11433,DFW,DTW,119,0,0,0,119,0,9,3,-923.0,0.0,0.0,0.07563025210084033,0.025210084033613446,-7.756302521008403
2023,10,19790,DL,11298,12478,DFW,JFK,62,0,0,0,62,0,6,0,-802.0,0.0,0.0,0.0967741935483871,0.0,-12.935483870967742
2023,10,19790,DL,11298,12892,DFW,LAX,63,0,0,0,63,0,9,0,-683.0,0.0,0.0,0.14285714285714285,0.0,-10.841269841269842
2023,10,19790,DL,11298,12953,DFW,LGA,165,1,1,0,163,0,15,6,-2544.0,0.006060606060606061,0.006060606060606061,0.09202453987730061,0.03680981595092025,-15.607361963190185
2023,10,19790,DL,11298,13487,DFW,MSP,123,0,0,0,123,0,15,10,1085.0,0.0,0.0,0.12195121951219512,0.08130081300813008,8.821138211382113
2023,10,19790,DL,11298,14869,DFW,SLC,146,0,0,0,146,0,15,8,109.0,0.0,0.0,0.10273972602739725,0.0547945205479452,0.7465753424657534
2023,10,19790,DL,11433,10397,DTW,ATL,318,0,0,0,318,0,19,8,-2462.0,0.0,0.0,0.059748427672955975,0.025157232704402517,-7.7421383647798745
2023,10,19790,DL,11433,10721,DTW,BOS,147,0,0,0,147,0,18,3,-705.0,0.0,0.0,0.12244897959183673,0.02040816326530612,-4.795918367346939
2023,10,19790,DL,11433,10821,DTW,BWI,86,0,0,0,86,0,7,2,-403.0,0.0,0.0,0.08139534883720931,0.023255813953488372,-4.686046511627907
2023,10,19790,DL,11433,11278,DTW,DCA,148,0,0,0,148,0,20,6,-202.0,0.0,0.0,0.13513513513513514,0.04054054054054054,-1.364864864864865
2023,10,19790,DL,11433,11292,DTW,DEN,117,0,0,0,117,0,6,0,-1602.0,0.0,0.0,0.05128205128205128,0.0,-13.692307692307692
2023,10,19790,DL,11433,11298,DTW,DFW,119,0,2,0,117,0,17,4,-43.0,0.0,0.01680672268907563,0.1452991452991453,0.03418803418803419,-0.36752136752136755
2023,10,19790,DL,11433,11618,DTW,EWR,145,0,0,0,145,0,15,6,-1040.0,0.0,0.0,0.10344827586206896,0.041379310344827586,-7.172413793103448
2023,10,19790,DL,11433,11697,DTW,FLL,114,0,0,0,114,0,9,2,-748.0,0.0,0.0,0.07894736842105263,0.017543859649122806,-6.56140350877193
2023,10,19790,DL,11433,12173,DTW,HNL,21,0,0,0,21,0,6,4,784.0,0.0,0.0,0.2857142857142857,0.19047619047619047,37.333333333333336
2023,10,19790,DL,11433,12266,DTW,IAH,117,0,0,0,117,0,14,4,-353.0,0.0,0.0,0.11965811965811966,0.03418803418803419,-3.017094017094017
2023,10,19790,DL,11433,12478,DTW,JFK,1,0,0,0,1,0,1,1,287.0,0.0,0.0,1.0,1.0,287.0
2023,10,19790,DL,11433,12889,DTW,LAS,173,0,0,0,173,0,26,7,-1008.0,0.0,0.0,0.15028901734104047,0.04046242774566474,-5.826589595375722
2023,10,19790,DL,11433,12892,DTW,LAX,169,0,0,0,169,0,13,3,-1978.0,0.0,0.0,0.07692307692307693,0.01775147928994083,-11.70414201183432
2023,10,19790,DL,11433,12953,DTW,LGA,181,0,0,0,181,0,10,2,-2153.0,0.0,0.0,0.055248618784530384,0.011049723756906077,-11.895027624309392
2023,10,19790,DL,11433,13204,DTW,MCO,141,0,0,0,141,0,15,8,-108.0,0.0,0.0,0.10638297872340426,0.05673758865248227,-0.7659574468085106
2023,10,19790,DL,11433,13303,DTW,MIA,54,0,0,0,54,0,9,0,69.0,0.0,0.0,0.16666666666666666,0.0,1.2777777777777777
2023,10,19790,DL,11433,13487,DTW,MSP,155,0,0,0,155,0,15,6,-558.0,0.0,0.0,0.0967741935483871,0.03870967741935484,-3.6
2023,10,19790,DL,11433,13930,DTW,ORD,96,0,0,0,96,0,10,3,-447.0,0.0,0.0,0.10416666666666667,0.03125,-4.65625
2023,10,19790,DL,11433,14100,DTW,PHL,135,0,0,0,135,0,7,2,-1638.0,0.0,0.0,0.05185185185185185,0.014814814814814815,-12.133333333333333
2023,10,19790,DL,11433,14107,DTW,PHX,120,0,0,0,120,0,20,3,-626.0,0.0,0.0,0.16666666666666666,0.025,-5.216666666666667
2023,10,19790,DL,11433,14635,DTW,RSW,77,0,0,0,77,0,6,5,-231.0,0.0,0.0,0.07792207792207792,0.06493506493506493,-3.0
2023,10,19790,DL,11433,14679,DTW,SAN,109,0,0,0,109,0,8,0,-868.0,0.0,0.0,0.07339449541284404,0.0,-7.963302752293578
2023,10,19790,DL,11433,14747,DTW,SEA,125,0,0,0,125,0,5,0,-1895.0,0.0,0.0,0.04,0.0,-15.16
2023,10,19790,DL,11433,14771,DTW,SFO,111,0,0,0,111,0,8,0,-1553.0,0.0,0.0,0.07207207207207207,0.0,-13.99099099099099
2023,10,19790,DL,11433,14869,DTW,SLC,124,0,0,0,124,0,12,1,-1101.0,0.0,0.0,0.0967741935483871,0.008064516129032258,-8.879032258064516
2023,10,19790,DL,11433,15016,DTW,STL,117,1,0,0,116,0,6,3,-637.0,0.008547008547008548,0.0,0.05172413793103448,0.02586206896551724,-5.491379310344827
2023,10,19790,DL,11433,15304,DTW,TPA,114,0,1,0,113,0,9,2,-920.0,0.0,0.008771929824561403,0.07964601769911504,0.017699115044247787,-8.141592920353983
2023,10,19790,DL,11618,10397,EWR,ATL,251,1,0,0,250,0,30,12,755.0,0.00398406374501992,0.0,0.12,0.048,3.02
2023,10,19790,DL,11618,11433,EWR,DTW,145,0,0,0,145,0,19,5,213.0,0.0,0.0,0.1310344827586207,0.034482758620689655,1.4689655172413794
2023,10,19790,DL,11618,13487,EWR,MSP,119,0,0,0,119,0,12,5,-314.0,0.0,0.0,0.10084033613445378,0.04201680672268908,-2.638655462184874
2023,10,19790,DL,11618,14869,EWR,SLC,61,0,0,0,61,0,12,4,325.0,0.0,0.0,0.19672131147540983,0.06557377049180328,5.327868852459017
2023,10,19790,DL,11697,10397,FLL,ATL,314,0,0,0,314,0,43,12,259.0,0.0,0.0,0.13694267515923567,0.03821656050955414,0.8248407643312102
2023,10,19790,DL,11697,10721,FLL,BOS,62,0,0,0,62,0,5,0,-785.0,0.0,0.0,0.08064516129032258,0.0,-12.661290322580646
2023,10,19790,DL,11697,11433,FLL,DTW,114,0,0,0,114,0,7,2,-741.0,0.0,0.0,0.06140350877192982,0.017543859649122806,-6.5
2023,10,19790,DL,11697,12478,FLL,JFK,124,0,0,0,124,0,16,7,-1228.0,0.0,0.0,0.12903225806451613,0.056451612903225805,-9.903225806451612
2023,10,19790,DL,11697,12892,FLL,LAX,27,0,0,0,27,0,6,2,41.0,0.0,0.0,0.2222222222222222,0.07407407407407407,1.5185185185185186
2023,10,19790,DL,11697,12953,FLL,LGA,151,0,0,0,151,0,12,5,-1907.0,0.0,0.0,0.07947019867549669,0.033112582781456956,-12.629139072847682
2023,10,19790,DL,11697,13487,FLL,MSP,49,0,0,0,49,0,3,1,-372.0,0.0,0.0,0.061224489795918366,0.02040816326530612,-7.591836734693878
2023,10,19790,DL,11697,14747,FLL,SEA,31,2,0,0,29,0,4,3,59.0,0.06451612903225806,0.0,0.13793103448275862,0.10344827586206896,2.0344827586206895
2023,10,19790,DL,11697,14869,FLL,SLC,31,0,0,0,31,0,1,0,-343.0,0.0,0.0,0.03225806451612903,0.0,-11.064516129032258
2023,10,19790,DL,12173,10397,HNL,ATL,31,0,0,0,31,0,3,2,253.0,0.0,0.0,0.0967741935483871,0.06451612903225806,8.161290322580646
2023,10,19790,DL,12173,11433,HNL,DTW,21,0,0,0,21,0,6,4,652.0,0.0,0.0,0.2857142857142857,0.19047619047619047,31.047619047619047
2023,10,19790,DL,12173,12478,HNL,JFK,22,0,0,0,22,0,0,0,-495.0,0.0,0.0,0.0,0.0,-22.5
2023,10,19790,DL,12173,12892,HNL,LAX,93,1,0,0,92,0,5,2,-529.0,0.010752688172043012,0.0,0.05434782608695652,0.021739130434782608,-5.75
2023,10,19790,DL,12173,13487,HNL,MSP,30,1,0,0,29,0,3,0,-465.0,0.03333333333333333,0.0,0.10344827586206896,0.0,-16.03448275862069
2023,10,19790,DL,12173,14747,HNL,SEA,62,0,0,0,62,0,8,5,449.0,0.0,0.0,0.12903225806451613,0.08064516129032258,7.241935483870968
2023,10,19790,DL,12173,14869,HNL,SLC,31,0,0,0,31,0,2,1,695.0,0.0,0.0,0.06451612903225806,0.03225806451612903,22.419354838709676
2023,10,19790,DL,12266,10397,IAH,ATL,198,0,0,0,198,0,12,0,-1398.0,0.0,0.0,0.06060606060606061,0.0,-7.0606060606060606
2023,10,19790,DL,12266,11433,IAH,DTW,117,0,0,0,117,0,15,7,1313.0,0.0,0.0,0.1282051282051282,0.05982905982905983,11.222222222222221
2023,10,19790,DL,12266,12892,IAH,LAX,55,0,0,0,55,0,8,2,852.0,0.0,0.0,0.14545454545454545,0.03636363636363636,15.49090909090909
2023,10,19790,DL,12266,12953,IAH,LGA,111,1,0,0,110,0,17,7,435.0,0.009009009009009009,0.0,0.15454545454545454,0.06363636363636363,3.9545454545454546
2023,10,19790,DL,12266,13487,IAH,MSP,117,0,0,0,117,0,11,6,250.0,0.0,0.0,0.09401709401709402,0.05128205128205128,2.1367521367521367
2023,10,19790,DL,12266,14869,IAH,SLC,86,0,0,0,86,0,7,4,-752.0,0.0,0.0,0.08139534883720931,0.046511627906976744,-8.744186046511627
2023,10,19790,DL,12478,10397,JFK,ATL,217,0,0,0,217,0,31,10,-959.0,0.0,0.0,0.14285714285714285,0.04608294930875576,-4.419354838709677
2023,10,19790,DL,12478,10721,JFK,BOS,31,0,0,0,31,0,1,0,-363.0,0.0,0.0,0.03225806451612903,0.0,-11.709677419354838
2023,10,19790,DL,12478,11292,JFK,DEN,81,0,1,0,80,0,17,4,-402.0,0.0,0.012345679012345678,0.2125,0.05,-5.025
2023,10,19790,DL,12478,11298,JFK,DFW,62,0,1,0,61,0,9,0,-724.0,0.0,0.016129032258064516,0.14754098360655737,0.0,-11.868852459016393
2023,10,19790,DL,12478,11697,JFK,FLL,124,0,0,0,124,0,17,6,-322.0,0.0,0.0,0.13709677419354838,0.04838709677419355,-2.596774193548387
2023,10,19790,DL,12478,12173,JFK,HNL,22,0,0,0,22,0,2,0,-298.0,0.0,0.0,0.09090909090909091,0.0,-13.545454545454545
2023,10,19790,DL,12478,12889,JFK,LAS,155,0,1,0,154,0,20,6,-1210.0,0.0,0.0064516129032258064,0.12987012987012986,0.03896103896103896,-7.857142857142857
2023,10,19790,DL,12478,12892,JFK,LAX,285,0,0,0,285,0,72,12,2398.0,0.0,0.0,0.25263157894736843,0.042105263157894736,8.414035087719299
2023,10,19790,DL,12478,13204,JFK,MCO,155,0,0,0,155,0,15,4,-1159.0,0.0,0.0,0.0967741935483871,0.025806451612903226,-7.47741935483871
2023,10,19790,DL,12478,13303,JFK,MIA,124,0,0,0,124,0,19,5,-475.0,0.0,0.0,0.1532258064516129,0.04032258064516129,-3.8306451612903225
2023,10,19790,DL,12478,13487,JFK,MSP,93,0,0,0,93,0,16,3,-477.0,0.0,0.0,0.17204301075268819,0.03225806451612903,-5.129032258064516
2023,10,19790,DL,12478,14107,JFK,PHX,85,0,0,0,85,0,13,2,-976.0,0.0,0.0,0.15294117647058825,0.023529411764705882,-11.48235294117647
2023,10,19790,DL,12478,14635,JFK,RSW,31,0,0,0,31,0,2,0,-339.0,0.0,0.0,0.06451612903225806,0.0,-10.935483870967742
2023,10,19790,DL,12478,14679,JFK,SAN,84,0,1,0,83,0,6,3,-1182.0,0.0,0.011904761904761904,0.07228915662650602,0.03614457831325301,-14.240963855421686
2023,10,19790,DL,12478,14747,JFK,SEA,123,0,0,0,123,0,20,3,-1048.0,0.0,0.0,0.16260162601626016,0.024390243902439025,-8.520325203252032
2023,10,19790,DL,12478,14771,JFK,SFO,204,0,0,0,204,0,22,5,-3166.0,0.0,0.0,0.10784313725490197,0.024509803921568627,-15.519607843137255
2023,10,19790,DL,12478,14869,JFK,SLC,124,0,0,0,124,0,7,2,-2206.0,0.0,0.0,0.056451612903225805,0.016129032258064516,-17.79032258064516
2023,10,19790,DL,12478,15304,JFK,TPA,93,0,0,0,93,0,7,0,-605.0,0.0,0.0,0.07526881720430108,0.0,-6.505376344086022
2023,10,19790,DL,12889,10397,LAS,ATL,289,0,0,0,289,0,29,7,-515.0,0.0,0.0,0.10034602076124567,0.02422145328719723,-1.782006920415225
2023,10,19790,DL,12889,10721,LAS,BOS,49,0,1,0,48,0,7,3,31.0,0.0,0.02040816326530612,0.14583333333333334,0.0625,0.6458333333333334
2023,10,19790,DL,12889,11433,LAS,DTW,174,1,0,0,173,0,19,2,-1008.0,0.005747126436781609,0.0,0.10982658959537572,0.011560693641618497,-5.826589595375722
2023,10,19790,DL,12889,12478,LAS,JFK,155,0,0,0,155,0,26,4,-1172.0,0.0,0.0,0.16774193548387098,0.025806451612903226,-7.561290322580645
2023,10,19790,DL,12889,12892,LAS,LAX,154,0,0,0,154,0,24,4,-139.0,0.0,0.0,0.15584415584415584,0.025974025974025976,-0.9025974025974026
2023,10,19790,DL,12889,12953,LAS,LGA,4,1,1,0,2,0,0,0,-57.0,0.25,0.25,0.0,0.0,-28.5
2023,10,19790,DL,12889,13487,LAS,MSP,204,0,1,0,203,0,22,2,-489.0,0.0,0.004901960784313725,0.10837438423645321,0.009852216748768473,-2.4088669950738915
2023,10,19790,DL,12889,14747,LAS,SEA,147,0,0,0,147,0,18,4,-992.0,0.0,0.0,0.12244897959183673,0.027210884353741496,-6.7482993197278915
2023,10,19790,DL,12889,14869,LAS,SLC,148,0,0,0,148,0,15,2,-608.0,0.0,0.0,0.10135135135135136,0.013513513513513514,-4.108108108108108
2023,10,19790,DL,12892,10397,LAX,ATL,358,0,0,0,358,0,26,3,-3756.0,0.0,0.0,0.07262569832402235,0.008379888268156424,-10.491620111731844
2023,10,19790,DL,12892,10721,LAX,BOS,106,0,1,0,105,0,10,2,-1248.0,0.0,0.009433962264150943,0.09523809523809523,0.01904761904761905,-11.885714285714286
2023,10,19790,DL,12892,11278,LAX,DCA,31,0,0,0,31,0,4,1,-560.0,0.0,0.0,0.12903225806451613,0.03225806451612903,-18.06451612903226
2023,10,19790,DL,12892,11292,LAX,DEN,93,0,0,0,93,0,12,1,-814.0,0.0,0.0,0.12903225806451613,0.010752688172043012,-8.75268817204301
2023,10,19790,DL,12892,11298,LAX,DFW,63,0,0,0,63,0,6,3,85.0,0.0,0.0,0.09523809523809523,0.047619047619047616,1.3492063492063493
2023,10,19790,DL,12892,11433,LAX,DTW,168,0,0,0,168,0,16,5,-1000.0,0.0,0.0,0.09523809523809523,0.02976190476190476,-5.9523809523809526
2023,10,19790,DL,12892,11697,LAX,FLL,26,0,0,0,26,0,6,2,202.0,0.0,0.0,0.23076923076923078,0.07692307692307693,7.769230769230769
2023,10,19790,DL,12892,12173,LAX,HNL,93,1,0,0,92,0,6,0,-1080.0,0.010752688172043012,0.0,0.06521739130434782,0.0,-11.73913043478261
2023,10,19790,DL,12892,12266,LAX,IAH,55,0,0,0,55,0,9,4,2001.0,0.0,0.0,0.16363636363636364,0.07272727272727272,36.38181818181818
2023,10,19790,DL,12892,12478,LAX,JFK,283,0,0,0,283,0,51,17,1552.0,0.0,0.0,0.18021201413427562,0.06007067137809187,5.4840989399293285
2023,10,19790,DL,12892,12889,LAX,LAS,154,0,0,0,154,0,17,5,-620.0,0.0,0.0,0.11038961038961038,0.032467532467532464,-4.025974025974026
2023,10,19790,DL,12892,12953,LAX,LGA,4,0,0,0,4,0,1,1,2.0,0.0,0.0,0.25,0.25,0.5
2023,10,19790,DL,12892,13204,LAX,MCO,109,0,0,0,109,0,8,3,-1172.0,0.0,0.0,0.07339449541284404,0.027522935779816515,-10.752293577981652
2023,10,19790,DL,12892,13303,LAX,MIA,31,0,0,0,31,0,9,0,207.0,0.0,0.0,0.2903225806451613,0.0,6.67741935483871
2023,10,19790,DL,12892,13487,LAX,MSP,198,0,0,0,198,0,14,5,-1706.0,0.0,0.0,0.0707070707070707,0.025252525252525252,-8.616161616161616
2023,10,19790,DL,12892,14747,LAX,SEA,202,0,0,0,202,0,19,2,-1529.0,0.0,0.0,0.09405940594059406,0.009900990099009901,-7.569306930693069
2023,10,19790,DL,12892,14771,LAX,SFO,197,0,0,0,197,0,15,6,-1662.0,0.0,0.0,0.07614213197969544,0.030456852791878174,-8.436548223350254
2023,10,19790,DL,12892,14869,LAX,SLC,211,0,0,0,211,0,11,1,-2052.0,0.0,0.0,0.052132701421800945,0.004739336492890996,-9.725118483412322
2023,10,19790,DL,12892,15304,LAX,TPA,44,0,0,0,44,0,9,3,704.0,0.0,0.0,0.20454545454545456,0.06818181818181818,16.0
2023,10,19790,DL,12953,10397,LGA,ATL,400,0,0,0,400,0,39,8,-5099.0,0.0,0.0,0.0975,0.02,-12.7475
2023,10,19790,DL,12953,10721,LGA,BOS,43,1,0,0,42,0,7,3,-141.0,0.023255813953488372,0.0,0.16666666666666666,0.07142857142857142,-3.357142857142857
2023,10,19790,DL,12953,11292,LGA,DEN,89,2,0,0,87,0,13,6,112.0,0.02247191011235955,0.0,0.14942528735632185,0.06896551724137931,1.2873563218390804
2023,10,19790,DL,12953,11298,LGA,DFW,165,1,0,0,164,0,28,13,-463.0,0.006060606060606061,0.0,0.17073170731707318,0.07926829268292683,-2.823170731707317
2023,10,19790,DL,12953,11433,LGA,DTW,181,0,0,0,181,0,18,6,-1398.0,0.0,0.0,0.09944751381215469,0.03314917127071823,-7.723756906077348
2023,10,19790,DL,12953,11697,LGA,FLL,151,0,1,0,150,0,16,6,-1447.0,0.0,0.006622516556291391,0.10666666666666667,0.04,-9.646666666666667
2023,10,19790,DL,12953,12266,LGA,IAH,111,0,0,0,111,0,12,4,-1040.0,0.0,0.0,0.10810810810810811,0.036036036036036036,-9.36936936936937
2023,10,19790,DL,12953,12889,LGA,LAS,4,0,0,0,4,0,0,0,-68.0,0.0,0.0,0.0,0.0,-17.0
2023,10,19790,DL,12953,12892,LGA,LAX,4,0,0,0,4,0,1,1,85.0,0.0,0.0,0.25,0.25,21.25
2023,10,19790,DL,12953,13204,LGA,MCO,182,0,0,0,182,0,10,5,-1980.0,0.0,0.0,0.054945054945054944,0.027472527472527472,-10.87912087912088
2023,10,19790,DL,12953,13303,LGA,MIA,120,0,0,0,120,0,11,6,-366.0,0.0,0.0,0.09166666666666666,0.05,-3.05
2023,10,19790,DL,12953,13487,LGA,MSP,151,0,0,0,151,0,14,4,-1864.0,0.0,0.0,0.09271523178807947,0.026490066225165563,-12.344370860927153
2023,10,19790,DL,12953,13930,LGA,ORD,218,1,0,0,217,0,25,7,-1966.0,0.0045871559633027525,0.0,0.1152073732718894,0.03225806451612903,-9.059907834101383
2023,10,19790,DL,12953,14107,LGA,PHX,3,0,0,0,3,0,2,0,31.0,0.0,0.0,0.6666666666666666,0.0,10.333333333333334
2023,10,19790,DL,12953,14635,LGA,RSW,62,0,0,0,62,0,10,2,-571.0,0.0,0.0,0.16129032258064516,0.03225806451612903,-9.209677419354838
2023,10,19790,DL,12953,14869,LGA,SLC,4,0,0,0,4,0,0,0,-81.0,0.0,0.0,0.0,0.0,-20.25
2023,10,19790,DL,12953,15304,LGA,TPA,120,1,0,0,119,0,12,4,-1386.0,0.008333333333333333,0.0,0.10084033613445378,0.03361344537815126,-11.647058823529411
2023,10,19790,DL,13204,10397,MCO,ATL,429,0,0,0,429,0,37,11,-1109.0,0.0,0.0,0.08624708624708624,0.02564102564102564,-2.585081585081585
2023,10,19790,DL,13204,10721,MCO,BOS,93,0,0,0,93,0,8,2,-767.0,0.0,0.0,0.08602150537634409,0.021505376344086023,-8.24731182795699
2023,10,19790,DL,13204,11433,MCO,DTW,141,0,0,0,141,0,18,7,166.0,0.0,0.0,0.1276595744680851,0.04964539007092199,1.177304964539007
2023,10,19790,DL,13204,12478,MCO,JFK,155,0,0,0,155,0,8,2,-2250.0,0.0,0.0,0.05161290322580645,0.012903225806451613,-14.516129032258064
2023,10,19790,DL,13204,12892,MCO,LAX,109,0,0,0,109,0,2,0,-1444.0,0.0,0.0,0.01834862385321101,0.0,-13.247706422018348
2023,10,19790,DL,13204,12953,MCO,LGA,182,0,0,0,182,0,14,3,-2576.0,0.0,0.0,0.07692307692307693,0.016483516483516484,-14.153846153846153
2023,10,19790,DL,13204,13303,MCO,MIA,93,0,0,0,93,0,13,5,393.0,0.0,0.0,0.13978494623655913,0.053763440860215055,4.225806451612903
2023,10,19790,DL,13204,13487,MCO,MSP,145,0,0,0,145,0,13,1,-1550.0,0.0,0.0,0.0896551724137931,0.006896551724137931,-10.689655172413794
2023,10,19790,DL,13204,14747,MCO,SEA,61,0,0,0,61,0,0,0,-1223.0,0.0,0.0,0.0,0.0,-20.049180327868854
2023,10,19790,DL,13204,14869,MCO,SLC,122,0,0,0,122,0,7,1,-1058.0,0.0,0.0,0.05737704918032787,0.00819672131147541,-8.672131147540984
2023,10,19790,DL,13232,10397,MDW,ATL,117,0,0,0,117,0,10,5,-670.0,0.0,0.0,0.08547008547008547,0.042735042735042736,-5.726495726495727
2023,10,19790,DL,13303,10397,MIA,ATL,247,0,0,0,247,0,41,16,1899.0,0.0,0.0,0.1659919028340081,0.06477732793522267,7.6882591093117405
2023,10,19790,DL,13303,10721,MIA,BOS,62,0,0,0,62,0,6,1,-349.0,0.0,0.0,0.0967741935483871,0.016129032258064516,-5.629032258064516
2023,10,19790,DL,13303,11433,MIA,DTW,55,0,0,0,55,0,12,1,414.0,0.0,0.0,0.21818181818181817,0.01818181818181818,7.527272727272727
2023,10,19790,DL,13303,12478,MIA,JFK,124,0,0,0,124,0,18,7,254.0,0.0,0.0,0.14516129032258066,0.056451612903225805,2.0483870967741935
2023,10,19790,DL,13303,12892,MIA,LAX,31,0,0,0,31,0,1,0,-209.0,0.0,0.0,0.03225806451612903,0.0,-6.741935483870968
2023,10,19790,DL,13303,12953,MIA,LGA,120,0,0,0,120,0,24,8,706.0,0.0,0.0,0.2,0.06666666666666667,5.883333333333334
2023,10,19790,DL,13303,13204,MIA,MCO,93,0,0,0,93,0,14,4,241.0,0.0,0.0,0.15053763440860216,0.043010752688172046,2.5913978494623655
2023,10,19790,DL,13303,13487,MIA,MSP,55,0,0,0,55,0,7,4,364.0,0.0,0.0,0.12727272727272726,0.07272727272727272,6.618181818181818
2023,10,19790,DL,13303,14869,MIA,SLC,31,0,0,0,31,0,9,3,361.0,0.0,0.0,0.2903225806451613,0.0967741935483871,11.64516129032258
2023,10,19790,DL,13487,10397,MSP,ATL,275,0,0,0,275,0,23,8,-1362.0,0.0,0.0,0.08363636363636363,0.02909090909090909,-4.952727272727273
2023,10,19790,DL,13487,10721,MSP,BOS,179,0,0,0,179,0,24,3,-453.0,0.0,0.0,0.1340782122905028,0.01675977653631285,-2.53072625698324
2023,10,19790,DL,13487,10821,MSP,BWI,86,0,0,0,86,0,5,1,-448.0,0.0,0.0,0.05813953488372093,0.011627906976744186,-5.209302325581396
2023,10,19790,DL,13487,11278,MSP,DCA,150,0,0,0,150,0,16,3,-986.0,0.0,0.0,0.10666666666666667,0.02,-6.573333333333333
2023,10,19790,DL,13487,11292,MSP,DEN,148,0,0,0,148,0,21,5,-179.0,0.0,0.0,0.14189189189189189,0.033783783783783786,-1.2094594594594594
2023,10,19790,DL,13487,11298,MSP,DFW,123,0,1,0,122,0,26,10,695.0,0.0,0.008130081300813009,0.21311475409836064,0.08196721311475409,5.69672131147541
2023,10,19790,DL,13487,11433,MSP,DTW,155,0,0,0,155,0,14,3,-947.0,0.0,0.0,0.09032258064516129,0.01935483870967742,-6.109677419354838
2023,10,19790,DL,13487,11618,MSP,EWR,119,0,0,0,119,0,20,9,839.0,0.0,0.0,0.16806722689075632,0.07563025210084033,7.050420168067227
2023,10,19790,DL,13487,11697,MSP,FLL,48,0,0,0,48,0,3,1,-426.0,0.0,0.0,0.0625,0.020833333333333332,-8.875
2023,10,19790,DL,13487,12173,MSP,HNL,30,1,0,0,29,0,12,1,400.0,0.03333333333333333,0.0,0.41379310344827586,0.034482758620689655,13.793103448275861
2023,10,19790,DL,13487,12266,MSP,IAH,117,0,0,0,117,0,23,6,33.0,0.0,0.0,0.19658119658119658,0.05128205128205128,0.28205128205128205
2023,10,19790,DL,13487,12478,MSP,JFK,93,0,0,0,93,0,12,2,-1137.0,0.0,0.0,0.12903225806451613,0.021505376344086023,-12.225806451612904
2023,10,19790,DL,13487,12889,MSP,LAS,203,0,0,0,203,0,21,1,-1781.0,0.0,0.0,0.10344827586206896,0.0049261083743842365,-8.773399014778326
2023,10,19790,DL,13487,12892,MSP,LAX,198,0,0,0,198,0,19,5,-1397.0,0.0,0.0,0.09595959595959595,0.025252525252525252,-7.055555555555555
2023,10,19790,DL,13487,12953,MSP,LGA,151,0,0,0,151,0,9,0,-1792.0,0.0,0.0,0.059602649006622516,0.0,-11.867549668874172
2023,10,19790,DL,13487,13204,MSP,MCO,145,0,0,0,145,0,19,5,-776.0,0.0,0.0,0.1310344827586207,0.034482758620689655,-5.3517241379310345
2023,10,19790,DL,13487,13303,MSP,MIA,54,0,0,0,54,0,7,2,-271.0,0.0,0.0,0.12962962962962962,0.037037037037037035,-5.018518518518518
2023,10,19790,DL,13487,13930,MSP,ORD,179,0,0,0,179,0,29,9,322.0,0.0,0.0,0.16201117318435754,0.05027932960893855,1.7988826815642458
2023,10,19790,DL,13487,14100,MSP,PHL,93,0,0,0,93,0,6,1,-812.0,0.0,0.0,0.06451612903225806,0.010752688172043012,-8.731182795698924
2023,10,19790,DL,13487,14107,MSP,PHX,171,0,0,0,171,0,23,2,-1190.0,0.0,0.0,0.13450292397660818,0.011695906432748537,-6.95906432748538
2023,10,19790,DL,13487,14635,MSP,RSW,79,0,0,0,79,0,6,1,-476.0,0.0,0.0,0.0759493670886076,0.012658227848101266,-6.025316455696203
2023,10,19790,DL,13487,14679,MSP,SAN,120,0,1,0,119,0,10,2,-1430.0,0.0,0.008333333333333333,0.08403361344537816,0.01680672268907563,-12.016806722689076
2023,10,19790,DL,13487,14747,MSP,SEA,157,0,0,0,157,0,14,2,-1535.0,0.0,0.0,0.08917197452229299,0.012738853503184714,-9.777070063694268
2023,10,19790,DL,13487,14771,MSP,SFO,137,0,0,0,137,0,14,2,-882.0,0.0,0.0,0.10218978102189781,0.014598540145985401,-6.437956204379562
2023,10,19790,DL,13487,14869,MSP,SLC,127,0,0,0,127,0,12,2,-555.0,0.0,0.0,0.09448818897637795,0.015748031496062992,-4.3700787401574805
2023,10,19790,DL,13487,15016,MSP,STL,117,0,0,0,117,0,15,4,-117.0,0.0,0.0,0.1282051282051282,0.03418803418803419,-1.0
2023,10,19790,DL,13487,15304,MSP,TPA,91,0,0,0,91,0,4,1,-1006.0,0.0,0.0,0.04395604395604396,0.01098901098901099,-11.054945054945055
2023,10,19790,DL,13796,14869,OAK,SLC,62,0,0,0,62,0,2,1,-582.0,0.0,0.0,0.03225806451612903,0.016129032258064516,-9.387096774193548
2023,10,19790,DL,13930,10397,ORD,ATL,197,0,0,0,197,0,19,5,-465.0,0.0,0.0,0.09644670050761421,0.025380710659898477,-2.3604060913705585
2023,10,19790,DL,13930,10721,ORD,BOS,137,1,0,0,136,0,22,13,445.0,0.0072992700729927005,0.0,0.16176470588235295,0.09558823529411764,3.2720588235294117
2023,10,19790,DL,13930,11433,ORD,DTW,96,0,0,0,96,0,10,3,297.0,0.0,0.0,0.10416666666666667,0.03125,3.09375
2023,10,19790,DL,13930,12953,ORD,LGA,218,1,0,0,217,0,21,8,-2125.0,0.0045871559633027525,0.0,0.0967741935483871,0.03686635944700461,-9.7926267281106
2023,10,19790,DL,13930,13487,ORD,MSP,179,0,0,0,179,0,23,11,585.0,0.0,0.0,0.12849162011173185,0.061452513966480445,3.2681564245810057
2023,10,19790,DL,13930,14747,ORD,SEA,86,0,0,0,86,0,6,1,-872.0,0.0,0.0,0.06976744186046512,0.011627906976744186,-10.13953488372093
2023,10,19790,DL,13930,14869,ORD,SLC,86,0,0,0,86,0,8,2,-410.0,0.0,0.0,0.09302325581395349,0.023255813953488372,-4.767441860465116
2023,10,19790,DL,14100,10397,PHL,ATL,259,0,0,0,259,0,8,1,-2957.0,0.0,0.0,0.03088803088803089,0.003861003861003861,-11.416988416988417
2023,10,19790,DL,14100,11433,PHL,DTW,135,0,0,0,135,0,5,4,-1509.0,0.0,0.0,0.037037037037037035,0.02962962962962963,-11.177777777777777
2023,10,19790,DL,14100,13487,PHL,MSP,93,0,0,0,93,0,2,2,-1308.0,0.0,0.0,0.021505376344086023,0.021505376344086023,-14.064516129032258
2023,10,19790,DL,14100,14869,PHL,SLC,58,0,0,0,58,0,7,2,-226.0,0.0,0.0,0.1206896551724138,0.034482758620689655,-3.896551724137931
2023,10,19790,DL,14107,10397,PHX,ATL,169,0,0,0,169,0,10,2,-1796.0,0.0,0.0,0.05917159763313609,0.011834319526627219,-10.627218934911243
2023,10,19790,DL,14107,10721,PHX,BOS,31,0,0,0,31,0,2,0,-585.0,0.0,0.0,0.06451612903225806,0.0,-18.870967741935484
2023,10,19790,DL,14107,11433,PHX,DTW,120,0,0,0,120,0,4,0,-1103.0,0.0,0.0,0.03333333333333333,0.0,-9.191666666666666
2023,10,19790,DL,14107,12478,PHX,JFK,85,0,0,0,85,0,3,0,-1498.0,0.0,0.0,0.03529411764705882,0.0,-17.623529411764707
2023,10,19790,DL,14107,12953,PHX,LGA,3,0,0,0,3,0,0,0,-164.0,0.0,0.0,0.0,0.0,-54.666666666666664
2023,10,19790,DL,14107,13487,PHX,MSP,171,0,0,0,171,0,12,1,-1298.0,0.0,0.0,0.07017543859649122,0.005847953216374269,-7.590643274853801
2023,10,19790,DL,14107,14747,PHX,SEA,148,0,0,0,148,0,8,3,-2117.0,0.0,0.0,0.05405405405405406,0.02027027027027027,-14.304054054054054
2023,10,19790,DL,14107,14869,PHX,SLC,147,1,0,0,146,0,8,4,-815.0,0.006802721088435374,0.0,0.0547945205479452,0.0273972602739726,-5.582191780821918
2023,10,19790,DL,14635,10397,RSW,ATL,200,0,0,0,200,0,12,7,-1058.0,0.0,0.0,0.06,0.035,-5.29
2023,10,19790,DL,14635,10721,RSW,BOS,31,0,0,0,31,0,4,1,24.0,0.0,0.0,0.12903225806451613,0.03225806451612903,0.7741935483870968
2023,10,19790,DL,14635,11433,RSW,DTW,76,0,0,0,76,0,4,3,-468.0,0.0,0.0,0.05263157894736842,0.039473684210526314,-6.157894736842105
2023,10,19790,DL,14635,12478,RSW,JFK,31,0,0,0,31,0,3,2,-264.0,0.0,0.0,0.0967741935483871,0.06451612903225806,-8.516129032258064
2023,10,19790,DL,14635,12953,RSW,LGA,62,0,0,0,62,0,2,1,-1046.0,0.0,0.0,0.03225806451612903,0.016129032258064516,-16.870967741935484
2023,10,19790,DL,14635,13487,RSW,MSP,78,0,0,0,78,0,8,1,-701.0,0.0,0.0,0.10256410256410256,0.01282051282051282,-8.987179487179487
2023,10,19790,DL,14679,10397,SAN,ATL,180,0,0,0,180,0,23,6,456.0,0.0,0.0,0.12777777777777777,0.03333333333333333,2.533333333333333
2023,10,19790,DL,14679,10721,SAN,BOS,31,0,0,0,31,0,2,0,-403.0,0.0,0.0,0.06451612903225806,0.0,-13.0
2023,10,19790,DL,14679,11433,SAN,DTW,109,0,0,0,109,0,11,4,-116.0,0.0,0.0,0.10091743119266056,0.03669724770642202,-1.0642201834862386
2023,10,19790,DL,14679,12478,SAN,JFK,84,0,0,0,84,0,12,5,-305.0,0.0,0.0,0.14285714285714285,0.05952380952380952,-3.630952380952381
2023,10,19790,DL,14679,13487,SAN,MSP,120,0,0,0,120,0,10,0,-1043.0,0.0,0.0,0.08333333333333333,0.0,-8.691666666666666
2023,10,19790,DL,14679,14747,SAN,SEA,148,0,0,0,148,0,12,4,-552.0,0.0,0.0,0.08108108108108109,0.02702702702702703,-3.72972972972973
2023,10,19790,DL,14679,14869,SAN,SLC,148,0,0,0,148,0,16,2,-637.0,0.0,0.0,0.10810810810810811,0.013513513513513514,-4.304054054054054
2023,10,19790,DL,14747,10397,SEA,ATL,207,0,0,0,207,0,14,5,-1062.0,0.0,0.0,0.06763285024154589,0.024154589371980676,-5.130434782608695
2023,10,19790,DL,14747,10721,SEA,BOS,78,0,0,0,78,0,8,1,-796.0,0.0,0.0,0.10256410256410256,0.01282051282051282,-10.205128205128204
2023,10,19790,DL,14747,11292,SEA,DEN,93,0,0,0,93,0,13,3,-142.0,0.0,0.0,0.13978494623655913,0.03225806451612903,-1.5268817204301075
2023,10,19790,DL,14747,11433,SEA,DTW,125,0,1,0,124,0,12,3,-870.0,0.0,0.008,0.0967741935483871,0.024193548387096774,-7.016129032258065
2023,10,19790,DL,14747,11697,SEA,FLL,31,1,0,0,30,0,7,3,-142.0,0.03225806451612903,0.0,0.23333333333333334,0.1,-4.733333333333333
2023,10,19790,DL,14747,12173,SEA,HNL,62,0,0,0,62,0,8,4,391.0,0.0,0.0,0.12903225806451613,0.06451612903225806,6.306451612903226
2023,10,19790,DL,14747,12478,SEA,JFK,124,0,0,0,124,0,14,2,-1175.0,0.0,0.0,0.11290322580645161,0.016129032258064516,-9.475806451612904
2023,10,19790,DL,14747,12889,SEA,LAS,147,0,0,0,147,0,13,4,-378.0,0.0,0.0,0.08843537414965986,0.027210884353741496,-2.5714285714285716
2023,10,19790,DL,14747,12892,SEA,LAX,202,0,0,0,202,0,27,10,397.0,0.0,0.0,0.13366336633663367,0.04950495049504951,1.9653465346534653
2023,10,19790,DL,14747,13204,SEA,MCO,61,0,0,0,61,0,4,0,-851.0,0.0,0.0,0.06557377049180328,0.0,-13.950819672131148
2023,10,19790,DL,14747,13487,SEA,MSP,157,0,0,0,157,0,14,5,-575.0,0.0,0.0,0.08917197452229299,0.03184713375796178,-3.662420382165605
2023,10,19790,DL,14747,13930,SEA,ORD,86,0,1,0,85,0,7,0,-523.0,0.0,0.011627906976744186,0.08235294117647059,0.0,-6.152941176470589
2023,10,19790,DL,14747,14107,SEA,PHX,148,0,0,0,148,0,22,3,-468.0,0.0,0.0,0.14864864864864866,0.02027027027027027,-3.1621621621621623
2023,10,19790,DL,14747,14679,SEA,SAN,148,0,1,0,147,0,14,1,-915.0,0.0,0.006756756756756757,0.09523809523809523,0.006802721088435374,-6.224489795918367
2023,10,19790,DL,14747,14771,SEA,SFO,93,0,0,0,93,0,9,3,-6.0,0.0,0.0,0.0967741935483871,0.03225806451612903,-0.06451612903225806
2023,10,19790,DL,14747,14869,SEA,SLC,180,0,0,0,180,0,24,3,-405.0,0.0,0.0,0.13333333333333333,0.016666666666666666,-2.25
2023,10,19790,DL,14747,15304,SEA,TPA,31,0,0,0,31,0,2,1,-550.0,0.0,0.0,0.06451612903225806,0.03225806451612903,-17.741935483870968
2023,10,19790,DL,14771,10397,SFO,ATL,215,1,0,0,214,0,10,5,-2428.0,0.004651162790697674,0.0,0.04672897196261682,0.02336448598130841,-11.345794392523365
2023,10,19790,DL,14771,10721,SFO,BOS,62,0,0,0,62,0,5,0,-688.0,0.0,0.0,0.08064516129032258,0.0,-11.096774193548388
2023,10,19790,DL,14771,11433,SFO,DTW,111,0,0,0,111,0,4,3,-1180.0,0.0,0.0,0.036036036036036036,0.02702702702702703,-10.63063063063063
2023,10,19790,DL,14771,12478,SFO,JFK,204,0,0,0,204,0,13,2,-4009.0,0.0,0.0,0.06372549019607843,0.00980392156862745,-19.651960784313726
2023,10,19790,DL,14771,12892,SFO,LAX,197,0,0,0,197,0,13,4,-1702.0,0.0,0.0,0.06598984771573604,0.02030456852791878,-8.639593908629442
2023,10,19790,DL,14771,13487,SFO,MSP,137,0,0,0,137,0,9,0,-1534.0,0.0,0.0,0.06569343065693431,0.0,-11.197080291970803
2023,10,19790,DL,14771,14747,SFO,SEA,93,0,0,0,93,0,8,5,-887.0,0.0,0.0,0.08602150537634409,0.053763440860215055,-9.53763440860215
2023,10,19790,DL,14771,14869,SFO,SLC,105,0,0,0,105,0,7,2,-896.0,0.0,0.0,0.06666666666666667,0.01904761904761905,-8.533333333333333
2023,10,19790,DL,14869,10397,SLC,ATL,248,0,0,0,248,0,9,3,-3210.0,0.0,0.0,0.036290322580645164,0.012096774193548387,-12.943548387096774
2023,10,19790,DL,14869,10721,SLC,BOS,81,0,1,0,80,0,4,0,-1312.0,0.0,0.012345679012345678,0.05,0.0,-16.4
2023,10,19790,DL,14869,10821,SLC,BWI,31,0,0,0,31,0,6,0,61.0,0.0,0.0,0.1935483870967742,0.0,1.967741935483871
2023,10,19790,DL,14869,11278,SLC,DCA,31,0,0,0,31,0,1,0,-571.0,0.0,0.0,0.03225806451612903,0.0,-18.419354838709676
2023,10,19790,DL,14869,11292,SLC,DEN,137,0,0,0,137,0,11,1,-534.0,0.0,0.0,0.08029197080291971,0.0072992700729927005,-3.897810218978102
2023,10,19790,DL,14869,11298,SLC,DFW,146,0,2,0,144,0,16,7,-208.0,0.0,0.0136986301369863,0.1111111111111111,0.04861111111111111,-1.4444444444444444
2023,10,19790,DL,14869,11433,SLC,DTW,125,0,0,0,125,0,7,3,-1455.0,0.0,0.0,0.056,0.024,-11.64
2023,10,19790,DL,14869,11618,SLC,EWR,61,0,0,0,61,0,8,2,-262.0,0.0,0.0,0.13114754098360656,0.03278688524590164,-4.295081967213115
2023,10,19790,DL,14869,11697,SLC,FLL,31,0,0,0,31,0,2,1,-356.0,0.0,0.0,0.06451612903225806,0.03225806451612903,-11.483870967741936
2023,10,19790,DL,14869,12173,SLC,HNL,30,1,0,0,29,0,3,0,-249.0,0.03333333333333333,0.0,0.10344827586206896,0.0,-8.586206896551724
2023,10,19790,DL,14869,12266,SLC,IAH,86,0,0,0,86,0,14,3,121.0,0.0,0.0,0.16279069767441862,0.03488372093023256,1.4069767441860466
2023,10,19790,DL,14869,12478,SLC,JFK,124,0,0,0,124,0,5,0,-2673.0,0.0,0.0,0.04032258064516129,0.0,-21.556451612903224
2023,10,19790,DL,14869,12889,SLC,LAS,148,0,0,0,148,0,26,7,829.0,0.0,0.0,0.17567567567567569,0.0472972972972973,5.601351351351352
2023,10,19790,DL,14869,12892,SLC,LAX,211,0,0,0,211,0,19,3,-495.0,0.0,0.0,0.09004739336492891,0.014218009478672985,-2.345971563981043
2023,10,19790,DL,14869,12953,SLC,LGA,4,0,0,0,4,0,1,0,-86.0,0.0,0.0,0.25,0.0,-21.5
2023,10,19790,DL,14869,13204,SLC,MCO,122,0,0,0,122,0,6,2,-1821.0,0.0,0.0,0.04918032786885246,0.01639344262295082,-14.926229508196721
2023,10,19790,DL,14869,13303,SLC,MIA,31,0,0,0,31,0,2,0,-306.0,0.0,0.0,0.06451612903225806,0.0,-9.870967741935484
2023,10,19790,DL,14869,13487,SLC,MSP,124,0,1,0,123,0,14,3,-240.0,0.0,0.008064516129032258,0.11382113821138211,0.024390243902439025,-1.951219512195122
2023,10,19790,DL,14869,13796,SLC,OAK,62,0,0,0,62,0,4,1,-920.0,0.0,0.0,0.06451612903225806,0.016129032258064516,-14.838709677419354
2023,10,19790,DL,14869,13930,SLC,ORD,86,0,0,0,86,0,8,3,-693.0,0.0,0.0,0.09302325581395349,0.03488372093023256,-8.05813953488372
2023,10,19790,DL,14869,14100,SLC,PHL,58,0,0,0,58,0,6,4,-235.0,0.0,0.0,0.10344827586206896,0.06896551724137931,-4.051724137931035
2023,10,19790,DL,14869,14107,SLC,PHX,147,0,0,0,147,0,15,4,-700.0,0.0,0.0,0.10204081632653061,0.027210884353741496,-4.761904761904762
2023,10,19790,DL,14869,14679,SLC,SAN,148,0,1,0,147,0,15,1,-460.0,0.0,0.006756756756756757,0.10204081632653061,0.006802721088435374,-3.129251700680272
2023,10,19790,DL,14869,14747,SLC,SEA,180,0,0,0,180,0,19,2,-1368.0,0.0,0.0,0.10555555555555556,0.011111111111111112,-7.6
2023,10,19790,DL,14869,14771,SLC,SFO,105,0,0,0,105,0,10,5,-353.0,0.0,0.0,0.09523809523809523,0.047619047619047616,-3.361904761904762
2023,10,19790,DL,14869,15016,SLC,STL,86,0,0,0,86,0,8,2,-648.0,0.0,0.0,0.09302325581395349,0.023255813953488372,-7.534883720930233
2023,10,19790,DL,14869,15304,SLC,TPA,31,0,0,0,31,0,2,0,-179.0,0.0,0.0,0.06451612903225806,0.0,-5.774193548387097
2023,10,19790,DL,15016,10397,STL,ATL,193,0,0,0,193,0,12,3,-1244.0,0.0,0.0,0.06217616580310881,0.015544041450777202,-6.44559585492228
2023,10,19790,DL,15016,11433,STL,DTW,117,1,0,0,116,0,8,5,-645.0,0.008547008547008548,0.0,0.06896551724137931,0.04310344827586207,-5.560344827586207
2023,10,19790,DL,15016,13487,STL,MSP,117,0,0,0,117,0,5,2,-825.0,0.0,0.0,0.042735042735042736,0.017094017094017096,-7.051282051282051
2023,10,19790,DL,15016,14869,STL,SLC,86,0,0,0,86,0,7,1,-703.0,0.0,0.0,0.08139534883720931,0.011627906976744186,-8.174418604651162
2023,10,19790,DL,15304,10397,TPA,ATL,344,1,0,0,343,0,34,14,-92.0,0.0029069767441860465,0.0,0.09912536443148688,0.04081632653061224,-0.26822157434402333
2023,10,19790,DL,15304,10721,TPA,BOS,78,0,0,0,78,0,8,5,-343.0,0.0,0.0,0.10256410256410256,0.0641025641025641,-4.397435897435898
2023,10,19790,DL,15304,11433,TPA,DTW,114,0,0,0,114,0,9,4,-471.0,0.0,0.0,0.07894736842105263,0.03508771929824561,-4.131578947368421
2023,10,19790,DL,15304,12478,TPA,JFK,93,0,0,0,93,0,6,1,-1032.0,0.0,0.0,0.06451612903225806,0.010752688172043012,-11.096774193548388
2023,10,19790,DL,15304,12892,TPA,LAX,44,0,0,0,44,0,7,2,38.0,0.0,0.0,0.1590909090909091,0.045454545454545456,0.8636363636363636
2023,10,19790,DL,15304,12953,TPA,LGA,120,0,0,0,120,0,7,2,-1123.0,0.0,0.0,0.058333333333333334,0.016666666666666666,-9.358333333333333
2023,10,19790,DL,15304,13487,TPA,MSP,91,0,0,0,91,0,5,2,-294.0,0.0,0.0,0.054945054945054944,0.02197802197802198,-3.230769230769231
2023,10,19790,DL,15304,14747,TPA,SEA,31,0,0,0,31,0,5,1,113.0,0.0,0.0,0.16129032258064516,0.03225806451612903,3.6451612903225805
2023,10,19790,DL,15304,14869,TPA,SLC,31,0,0,0,31,0,2,0,-416.0,0.0,0.0,0.06451612903225806,0.0,-13.419354838709678
2023,10,19805,AA,10397,11278,ATL,DCA,31,0,0,0,31,0,1,0,-427.0,0.0,0.0,0.03225806451612903,0.0,-13.774193548387096
2023,10,19805,AA,10397,11298,ATL,DFW,235,3,2,0,230,0,40,18,759.0,0.01276595744680851,0.00851063829787234,0.17391304347826086,0.0782608695652174,3.3
2023,10,19805,AA,10397,12892,ATL,LAX,61,0,0,0,61,0,7,6,687.0,0.0,0.0,0.11475409836065574,0.09836065573770492,11.262295081967213
2023,10,19805,AA,10397,13303,ATL,MIA,120,0,2,0,118,0,25,7,1435.0,0.0,0.016666666666666666,0.211864406779661,0.059322033898305086,12.161016949152541
2023,10,19805,AA,10397,13930,ATL,ORD,52,0,0,0,52,0,5,2,-319.0,0.0,0.0,0.09615384615384616,0.038461538461538464,-6.134615384615385
2023,10,19805,AA,10397,14100,ATL,PHL,113,0,0,0,113,0,20,9,423.0,0.0,0.0,0.17699115044247787,0.07964601769911504,3.743362831858407
2023,10,19805,AA,10397,14107,ATL,PHX,58,0,0,0,58,0,4,0,-274.0,0.0,0.0,0.06896551724137931,0.0,-4.724137931034483
2023,10,19805,AA,10721,11278,BOS,DCA,155,0,0,0,155,0,28,13,1006.0,0.0,0.0,0.18064516129032257,0.08387096774193549,6.490322580645161
2023,10,19805,AA,10721,11298,BOS,DFW,209,3,1,0,205,0,38,12,1108.0,0.014354066985645933,0.004784688995215311,0.18536585365853658,0.05853658536585366,5.404878048780488
2023,10,19805,AA,10721,12892,BOS,LAX,60,0,0,0,60,0,16,4,205.0,0.0,0.0,0.26666666666666666,0.06666666666666667,3.4166666666666665
2023,10,19805,AA,10721,12953,BOS,LGA,12,0,0,0,12,0,5,3,786.0,0.0,0.0,0.4166666666666667,0.25,65.5
2023,10,19805,AA,10721,13303,BOS,MIA,178,0,0,0,178,0,17,4,-1722.0,0.0,0.0,0.09550561797752809,0.02247191011235955,-9.674157303370787
2023,10,19805,AA,10721,13930,BOS,ORD,92,0,0,0,92,0,13,3,-508.0,0.0,0.0,0.14130434782608695,0.03260869565217391,-5.521739130434782
2023,10,19805,AA,10721,14100,BOS,PHL,242,0,0,0,242,0,38,19,692.0,0.0,0.0,0.15702479338842976,0.07851239669421488,2.8595041322314048
2023,10,19805,AA,10721,14107,BOS,PHX,90,0,0,0,90,0,23,3,204.0,0.0,0.0,0.25555555555555554,0.03333333333333333,2.2666666666666666
2023,10,19805,AA,10821,11298,BWI,DFW,86,0,0,0,86,0,14,5,-275.0,0.0,0.0,0.16279069767441862,0.05813953488372093,-3.197674418604651
2023,10,19805,AA,10821,13303,BWI,MIA,31,0,0,0,31,0,4,2,-45.0,0.0,0.0,0.12903225806451613,0.06451612903225806,-1.4516129032258065
2023,10,19805,AA,10821,13930,BWI,ORD,31,1,0,0,30,0,1,1,-265.0,0.03225806451612903,0.0,0.03333333333333333,0.03333333333333333,-8.833333333333334
2023,10,19805,AA,11278,10397,DCA,ATL,31,0,0,0,31,0,2,1,-373.0,0.0,0.0,0.06451612903225806,0.03225806451612903,-12.03225806451613
2023,10,19805,AA,11278,10721,DCA,BOS,155,0,0,0,155,0,35,11,454.0,0.0,0.0,0.22580645161290322,0.07096774193548387,2.9290322580645163
2023,10,19805,AA,11278,11298,DCA,DFW,278,3,1,0,274,0,44,19,1131.0,0.01079136690647482,0.0035971223021582736,0.16058394160583941,0.06934306569343066,4.127737226277373
2023,10,19805,AA,11278,12889,DCA,LAS,31,0,0,0,31,0,6,0,-160.0,0.0,0.0,0.1935483870967742,0.0,-5.161290322580645
2023,10,19805,AA,11278,12892,DCA,LAX,62,0,0,0,62,0,15,5,432.0,0.0,0.0,0.24193548387096775,0.08064516129032258,6.967741935483871
2023,10,19805,AA,11278,12953,DCA,LGA,200,0,0,0,200,0,35,17,500.0,0.0,0.0,0.175,0.085,2.5
2023,10,19805,AA,11278,13204,DCA,MCO,182,0,0,0,182,0,17,6,-1466.0,0.0,0.0,0.09340659340659341,0.03296703296703297,-8.054945054945055
2023,10,19805,AA,11278,13303,DCA,MIA,299,0,1,0,298,0,48,10,-1994.0,0.0,0.0033444816053511705,0.1610738255033557,0.03355704697986577,-6.691275167785235
2023,10,19805,AA,11278,13930,DCA,ORD,220,1,0,0,219,0,31,12,-743.0,0.004545454545454545,0.0,0.1415525114155251,0.0547945205479452,-3.3926940639269407
2023,10,19805,AA,11278,14107,DCA,PHX,93,0,0,0,93,0,16,2,264.0,0.0,0.0,0.17204301075268819,0.021505376344086023,2.838709677419355
2023,10,19805,AA,11278,14635,DCA,RSW,31,0,0,0,31,0,12,3,344.0,0.0,0.0,0.3870967741935484,0.0967741935483871,11.096774193548388
2023,10,19805,AA,11278,15016,DCA,STL,35,0,0,0,35,0,17,5,1431.0,0.0,0.0,0.4857142857142857,0.14285714285714285,40.885714285714286
2023,10,19805,AA,11278,15304,DCA,TPA,123,0,0,0,123,0,15,3,-695.0,0.0,0.0,0.12195121951219512,0.024390243902439025,-5.650406504065041
2023,10,19805,AA,11292,11298,DEN,DFW,265,2,2,0,261,0,60,20,2762.0,0.007547169811320755,0.007547169811320755,0.22988505747126436,0.07662835249042145,10.582375478927203
2023,10,19805,AA,11292,12892,DEN,LAX,1,0,0,0,1,0,1,0,34.0,0.0,0.0,1.0,0.0,34.0
2023,10,19805,AA,11292,13303,DEN,MIA,58,0,1,0,57,0,11,2,-332.0,0.0,0.017241379310344827,0.19298245614035087,0.03508771929824561,-5.824561403508772
2023,10,19805,AA,11292,13930,DEN,ORD,77,0,0,0,77,0,12,1,12.0,0.0,0.0,0.15584415584415584,0.012987012987012988,0.15584415584415584
2023,10,19805,AA,11292,14100,DEN,PHL,63,0,0,0,63,0,9,3,470.0,0.0,0.0,0.14285714285714285,0.047619047619047616,7.4603174603174605
2023,10,19805,AA,11292,14107,DEN,PHX,89,0,0,0,89,0,13,2,-120.0,0.0,0.0,0.14606741573033707,0.02247191011235955,-1.348314606741573
2023,10,19805,AA,11298,10397,DFW,ATL,235,3,0,0,232,0,43,14,246.0,0.01276595744680851,0.0,0.1853448275862069,0.0603448275862069,1.0603448275862069
2023,10,19805,AA,11298,10721,DFW,BOS,208,3,0,0,205,0,34,8,-571.0,0.014423076923076924,0.0,0.16585365853658537,0.03902439024390244,-2.7853658536585364
2023,10,19805,AA,11298,10821,DFW,BWI,85,0,0,0,85,0,11,4,-418.0,0.0,0.0,0.12941176470588237,0.047058823529411764,-4.91764705882353
2023,10,19805,AA,11298,11278,DFW,DCA,278,3,2,0,273,0,53,15,-279.0,0.01079136690647482,0.007194244604316547,0.19413919413919414,0.054945054945054944,-1.021978021978022
2023,10,19805,AA,11298,11292,DFW,DEN,265,2,0,0,263,0,58,19,2074.0,0.007547169811320755,0.0,0.22053231939163498,0.07224334600760456,7.885931558935361
2023,10,19805,AA,11298,11433,DFW,DTW,145,1,1,0,143,0,24,11,969.0,0.006896551724137931,0.006896551724137931,0.16783216783216784,0.07692307692307693,6.776223776223776
2023,10,19805,AA,11298,11618,DFW,EWR,127,2,0,0,125,0,18,7,226.0,0.015748031496062992,0.0,0.144,0.056,1.808
2023,10,19805,AA,11298,11697,DFW,FLL,144,0,0,0,144,0,23,7,118.0,0.0,0.0,0.1597222222222222,0.04861111111111111,0.8194444444444444
2023,10,19805,AA,11298,12173,DFW,HNL,34,1,0,0,33,0,2,1,-394.0,0.029411764705882353,0.0,0.06060606060606061,0.030303030303030304,-11.93939393939394
2023,10,19805,AA,11298,12266,DFW,IAH,179,9,0,0,170,0,44,20,2627.0,0.05027932960893855,0.0,0.25882352941176473,0.11764705882352941,15.452941176470588
2023,10,19805,AA,11298,12478,DFW,JFK,101,0,0,0,101,0,15,2,-600.0,0.0,0.0,0.1485148514851485,0.019801980198019802,-5.9405940594059405
2023,10,19805,AA,11298,12889,DFW,LAS,349,8,0,0,341,0,88,27,2746.0,0.022922636103151862,0.0,0.25806451612903225,0.07917888563049853,8.052785923753666
2023,10,19805,AA,11298,12892,DFW,LAX,442,8,0,0,434,0,76,25,1017.0,0.01809954751131222,0.0,0.17511520737327188,0.0576036866359447,2.3433179723502304
2023,10,19805,AA,11298,12953,DFW,LGA,294,2,1,0,291,0,43,11,-1593.0,0.006802721088435374,0.003401360544217687,0.14776632302405499,0.037800687285223365,-5.474226804123711
2023,10,19805,AA,11298,13204,DFW,MCO,265,3,0,0,262,0,67,27,3603.0,0.011320754716981131,0.0,0.25572519083969464,0.10305343511450382,13.751908396946565
2023,10,19805,AA,11298,13303,DFW,MIA,299,1,1,0,297,0,62,24,2040.0,0.0033444816053511705,0.0033444816053511705,0.20875420875420875,0.08080808080808081,6.8686868686868685
2023,10,19805,AA,11298,13487,DFW,MSP,145,1,0,0,144,0,22,8,515.0,0.006896551724137931,0.0,0.1527777777777778,0.05555555555555555,3.576388888888889
2023,10,19805,AA,11298,13930,DFW,ORD,377,5,0,0,372,0,41,10,-2312.0,0.013262599469496022,0.0,0.11021505376344086,0.026881720430107527,-6.21505376344086
2023,10,19805,AA,11298,14100,DFW,PHL,272,2,0,0,270,0,40,14,-468.0,0.007352941176470588,0.0,0.14814814814814814,0.05185185185185185,-1.7333333333333334
2023,10,19805,AA,11298,14107,DFW,PHX,359,7,0,0,352,0,69,19,1480.0,0.019498607242339833,0.0,0.19602272727272727,0.05397727272727273,4.204545454545454
2023,10,19805,AA,11298,14635,DFW,RSW,85,0,0,0,85,0,12,6,-185.0,0.0,0.0,0.1411764705882353,0.07058823529411765,-2.176470588235294
2023,10,19805,AA,11298,14679,DFW,SAN,265,3,2,0,260,0,55,18,2253.0,0.011320754716981131,0.007547169811320755,0.21153846153846154,0.06923076923076923,8.665384615384616
2023,10,19805,AA,11298,14747,DFW,SEA,234,5,0,0,229,0,38,11,-259.0,0.021367521367521368,0.0,0.16593886462882096,0.048034934497816595,-1.1310043668122272
2023,10,19805,AA,11298,14771,DFW,SFO,259,6,0,0,253,0,67,24,2840.0,0.023166023166023165,0.0,0.2648221343873518,0.09486166007905138,11.225296442687746
2023,10,19805,AA,11298,14869,DFW,SLC,179,5,0,0,174,0,42,13,2011.0,0.027932960893854747,0.0,0.2413793103448276,0.07471264367816093,11.557471264367816
2023,10,19805,AA,11298,15016,DFW,STL,144,1,0,0,143,0,24,9,778.0,0.006944444444444444,0.0,0.16783216783216784,0.06293706293706294,5.440559440559441
2023,10,19805,AA,11298,15304,DFW,TPA,201,2,1,0,198,0,39,15,1549.0,0.009950248756218905,0.004975124378109453,0.19696969696969696,0.07575757575757576,7.8232323232323235
2023,10,19805,AA,11433,11298,DTW,DFW,145,1,0,0,144,0,26,9,1684.0,0.006896551724137931,0.0,0.18055555555555555,0.0625,11.694444444444445
2023,10,19805,AA,11433,13303,DTW,MIA,31,0,0,0,31,0,1,0,-269.0,0.0,0.0,0.03225806451612903,0.0,-8.67741935483871
2023,10,19805,AA,11433,13930,DTW,ORD,31,0,0,0,31,0,1,1,-171.0,0.0,0.0,0.03225806451612903,0.03225806451612903,-5.516129032258065
2023,10,19805,AA,11433,14100,DTW,PHL,87,0,0,0,87,0,9,3,511.0,0.0,0.0,0.10344827586206896,0.034482758620689655,5.873563218390805
2023,10,19805,AA,11433,14107,DTW,PHX,35,0,0,0,35,0,11,6,1395.0,0.0,0.0,0.3142857142857143,0.17142857142857143,39.857142857142854
2023,10,19805,AA,11618,11298,EWR,DFW,126,2,0,0,124,0,15,5,-705.0,0.015873015873015872,0.0,0.12096774193548387,0.04032258064516129,-5.685483870967742
2023,10,19805,AA,11618,13303,EWR,MIA,124,0,0,0,124,0,14,2,-1051.0,0.0,0.0,0.11290322580645161,0.016129032258064516,-8.475806451612904
2023,10,19805,AA,11618,13930,EWR,ORD,61,0,0,0,61,0,12,4,1627.0,0.0,0.0,0.19672131147540983,0.06557377049180328,26.672131147540984
2023,10,19805,AA,11618,14107,EWR,PHX,90,0,0,0,90,0,12,2,-281.0,0.0,0.0,0.13333333333333333,0.022222222222222223,-3.1222222222222222
2023,10,19805,AA,11697,11298,FLL,DFW,144,0,1,0,143,0,17,7,1432.0,0.0,0.006944444444444444,0.11888111888111888,0.04895104895104895,10.013986013986013
2023,10,19805,AA,11697,13930,FLL,ORD,27,0,0,0,27,0,3,1,-314.0,0.0,0.0,0.1111111111111111,0.037037037037037035,-11.62962962962963
2023,10,19805,AA,11697,14100,FLL,PHL,89,0,0,0,89,0,18,11,2616.0,0.0,0.0,0.20224719101123595,0.12359550561797752,29.39325842696629
2023,10,19805,AA,12173,11298,HNL,DFW,34,1,0,0,33,0,2,2,339.0,0.029411764705882353,0.0,0.06060606060606061,0.06060606060606061,10.272727272727273
2023,10,19805,AA,12173,12892,HNL,LAX,93,0,0,0,93,0,15,5,357.0,0.0,0.0,0.16129032258064516,0.053763440860215055,3.838709677419355
2023,10,19805,AA,12173,14107,HNL,PHX,31,0,0,0,31,0,2,0,-405.0,0.0,0.0,0.06451612903225806,0.0,-13.064516129032258
2023,10,19805,AA,12266,11298,IAH,DFW,178,9,0,0,169,0,52,17,5166.0,0.05056179775280899,0.0,0.3076923076923077,0.10059171597633136,30.568047337278106
2023,10,19805,AA,12266,13303,IAH,MIA,88,0,0,0,88,0,17,4,1088.0,0.0,0.0,0.19318181818181818,0.045454545454545456,12.363636363636363
2023,10,19805,AA,12266,13930,IAH,ORD,52,0,0,0,52,0,12,5,594.0,0.0,0.0,0.23076923076923078,0.09615384615384616,11.423076923076923
2023,10,19805,AA,12266,14100,IAH,PHL,62,0,0,0,62,0,6,5,1508.0,0.0,0.0,0.0967741935483871,0.08064516129032258,24.322580645161292
2023,10,19805,AA,12266,14107,IAH,PHX,61,0,0,0,61,0,12,4,578.0,0.0,0.0,0.19672131147540983,0.06557377049180328,9.475409836065573
2023,10,19805,AA,12478,11298,JFK,DFW,101,0,0,0,101,0,15,7,-1041.0,0.0,0.0,0.1485148514851485,0.06930693069306931,-10.306930693069306
2023,10,19805,AA,12478,12892,JFK,LAX,279,0,1,0,278,0,55,6,-1923.0,0.0,0.0035842293906810036,0.19784172661870503,0.02158273381294964,-6.91726618705036
2023,10,19805,AA,12478,13303,JFK,MIA,231,0,1,0,230,0,33,2,-804.0,0.0,0.004329004329004329,0.14347826086956522,0.008695652173913044,-3.4956521739130433
2023,10,19805,AA,12478,13930,JFK,ORD,62,0,0,0,62,0,5,2,-812.0,0.0,0.0,0.08064516129032258,0.03225806451612903,-13.096774193548388
2023,10,19805,AA,12478,14107,JFK,PHX,120,0,0,0,120,0,22,4,-486.0,0.0,0.0,0.18333333333333332,0.03333333333333333,-4.05
2023,10,19805,AA,12478,14771,JFK,SFO,120,0,0,0,120,0,15,5,-431.0,0.0,0.0,0.125,0.041666666666666664,-3.591666666666667
2023,10,19805,AA,12889,11278,LAS,DCA,31,0,0,0,31,0,7,3,79.0,0.0,0.0,0.22580645161290322,0.0967741935483871,2.5483870967741935
2023,10,19805,AA,12889,11298,LAS,DFW,351,8,1,0,342,0,61,13,1117.0,0.022792022792022793,0.002849002849002849,0.1783625730994152,0.038011695906432746,3.2660818713450293
2023,10,19805,AA,12889,12892,LAS,LAX,105,0,0,0,105,0,27,7,583.0,0.0,0.0,0.2571428571428571,0.06666666666666667,5.552380952380952
2023,10,19805,AA,12889,13303,LAS,MIA,88,0,0,0,88,0,17,1,448.0,0.0,0.0,0.19318181818181818,0.011363636363636364,5.090909090909091
2023,10,19805,AA,12889,13930,LAS,ORD,147,0,0,0,147,0,26,9,1387.0,0.0,0.0,0.17687074829931973,0.061224489795918366,9.435374149659864
2023,10,19805,AA,12889,14100,LAS,PHL,92,0,0,0,92,0,9,3,-317.0,0.0,0.0,0.09782608695652174,0.03260869565217391,-3.4456521739130435
2023,10,19805,AA,12889,14107,LAS,PHX,166,0,0,0,166,0,26,7,1077.0,0.0,0.0,0.1566265060240964,0.04216867469879518,6.4879518072289155
2023,10,19805,AA,12892,10397,LAX,ATL,60,0,0,0,60,0,10,5,739.0,0.0,0.0,0.16666666666666666,0.08333333333333333,12.316666666666666
2023,10,19805,AA,12892,10721,LAX,BOS,60,0,0,0,60,0,8,5,321.0,0.0,0.0,0.13333333333333333,0.08333333333333333,5.35
2023,10,19805,AA,12892,11278,LAX,DCA,62,0,0,0,62,0,6,0,-746.0,0.0,0.0,0.0967741935483871,0.0,-12.03225806451613
2023,10,19805,AA,12892,11292,LAX,DEN,1,0,0,0,1,0,0,0,-29.0,0.0,0.0,0.0,0.0,-29.0
2023,10,19805,AA,12892,11298,LAX,DFW,443,8,5,0,430,0,63,25,7.0,0.01805869074492099,0.011286681715575621,0.14651162790697675,0.05813953488372093,0.01627906976744186
2023,10,19805,AA,12892,12173,LAX,HNL,93,0,0,0,93,0,11,3,-667.0,0.0,0.0,0.11827956989247312,0.03225806451612903,-7.172043010752688
2023,10,19805,AA,12892,12478,LAX,JFK,279,0,0,0,279,0,32,14,-2253.0,0.0,0.0,0.11469534050179211,0.05017921146953405,-8.075268817204302
2023,10,19805,AA,12892,12889,LAX,LAS,104,0,0,0,104,0,22,11,1000.0,0.0,0.0,0.21153846153846154,0.10576923076923077,9.615384615384615
2023,10,19805,AA,12892,13204,LAX,MCO,57,0,0,0,57,0,5,1,-362.0,0.0,0.0,0.08771929824561403,0.017543859649122806,-6.350877192982456
2023,10,19805,AA,12892,13303,LAX,MIA,235,0,0,0,235,0,31,9,-137.0,0.0,0.0,0.13191489361702127,0.03829787234042553,-0.5829787234042553
2023,10,19805,AA,12892,13930,LAX,ORD,250,0,0,0,250,0,17,3,-2991.0,0.0,0.0,0.068,0.012,-11.964
2023,10,19805,AA,12892,14100,LAX,PHL,189,0,0,0,189,0,17,5,-1849.0,0.0,0.0,0.08994708994708994,0.026455026455026454,-9.783068783068783
2023,10,19805,AA,12892,14107,LAX,PHX,153,0,0,0,153,0,20,7,-273.0,0.0,0.0,0.13071895424836602,0.0457516339869281,-1.7843137254901962
2023,10,19805,AA,12892,15016,LAX,STL,29,0,0,0,29,0,2,1,-5.0,0.0,0.0,0.06896551724137931,0.034482758620689655,-0.1724137931034483
2023,10,19805,AA,12953,10721,LGA,BOS,12,0,0,0,12,0,5,1,151.0,0.0,0.0,0.4166666666666667,0.08333333333333333,12.583333333333334
2023,10,19805,AA,12953,11278,LGA,DCA,200,0,0,0,200,0,40,19,1109.0,0.0,0.0,0.2,0.095,5.545
2023,10,19805,AA,12953,11298,LGA,DFW,294,2,2,0,290,0,36,11,-1295.0,0.006802721088435374,0.006802721088435374,0.12413793103448276,0.03793103448275862,-4.4655172413793105
2023,10,19805,AA,12953,13303,LGA,MIA,274,0,0,0,274,0,37,7,-2078.0,0.0,0.0,0.13503649635036497,0.025547445255474453,-7.583941605839416
2023,10,19805,AA,12953,13930,LGA,ORD,203,1,0,0,202,0,30,11,-911.0,0.0049261083743842365,0.0,0.1485148514851485,0.054455445544554455,-4.50990099009901
2023,10,19805,AA,12953,15016,LGA,STL,49,0,0,0,49,0,5,2,-297.0,0.0,0.0,0.10204081632653061,0.04081632653061224,-6.061224489795919
2023,10,19805,AA,13204,11278,MCO,DCA,182,0,0,0,182,0,16,5,-1247.0,0.0,0.0,0.08791208791208792,0.027472527472527472,-6.851648351648351
2023,10,19805,AA,13204,11298,MCO,DFW,264,3,1,0,260,0,41,13,5.0,0.011363636363636364,0.003787878787878788,0.1576923076923077,0.05,0.019230769230769232
2023,10,19805,AA,13204,12892,MCO,LAX,57,0,0,0,57,0,9,3,-84.0,0.0,0.0,0.15789473684210525,0.05263157894736842,-1.4736842105263157
2023,10,19805,AA,13204,13303,MCO,MIA,223,0,0,0,223,0,26,11,788.0,0.0,0.0,0.11659192825112108,0.04932735426008968,3.5336322869955157
2023,10,19805,AA,13204,13930,MCO,ORD,112,0,0,0,112,0,18,9,271.0,0.0,0.0,0.16071428571428573,0.08035714285714286,2.419642857142857
2023,10,19805,AA,13204,14100,MCO,PHL,214,0,0,0,214,0,18,6,-925.0,0.0,0.0,0.08411214953271028,0.028037383177570093,-4.322429906542056
2023,10,19805,AA,13204,14107,MCO,PHX,58,0,0,0,58,0,10,2,406.0,0.0,0.0,0.1724137931034483,0.034482758620689655,7.0
2023,10,19805,AA,13303,10397,MIA,ATL,120,0,1,0,119,0,34,7,697.0,0.0,0.008333333333333333,0.2857142857142857,0.058823529411764705,5.857142857142857
2023,10,19805,AA,13303,10721,MIA,BOS,178,0,0,0,178,0,25,12,190.0,0.0,0.0,0.1404494382022472,0.06741573033707865,1.0674157303370786
2023,10,19805,AA,13303,10821,MIA,BWI,31,0,0,0,31,0,3,1,-230.0,0.0,0.0,0.0967741935483871,0.03225806451612903,-7.419354838709677
2023,10,19805,AA,13303,11278,MIA,DCA,299,0,1,0,298,0,47,13,191.0,0.0,0.0033444816053511705,0.15771812080536912,0.0436241610738255,0.6409395973154363
2023,10,19805,AA,13303,11292,MIA,DEN,58,0,0,0,58,0,9,2,-170.0,0.0,0.0,0.15517241379310345,0.034482758620689655,-2.9310344827586206
2023,10,19805,AA,13303,11298,MIA,DFW,298,1,2,0,295,0,43,17,1031.0,0.003355704697986577,0.006711409395973154,0.14576271186440679,0.0576271186440678,3.4949152542372883
2023,10,19805,AA,13303,11433,MIA,DTW,31,0,0,0,31,0,1,0,-473.0,0.0,0.0,0.03225806451612903,0.0,-15.258064516129032
2023,10,19805,AA,13303,11618,MIA,EWR,123,0,0,0,123,0,14,5,-512.0,0.0,0.0,0.11382113821138211,0.04065040650406504,-4.162601626016261
2023,10,19805,AA,13303,12266,MIA,IAH,89,0,0,0,89,0,17,4,45.0,0.0,0.0,0.19101123595505617,0.0449438202247191,0.5056179775280899
2023,10,19805,AA,13303,12478,MIA,JFK,229,0,0,0,229,0,39,14,1223.0,0.0,0.0,0.1703056768558952,0.0611353711790393,5.3406113537117905
2023,10,19805,AA,13303,12889,MIA,LAS,89,0,0,0,89,0,20,6,367.0,0.0,0.0,0.2247191011235955,0.06741573033707865,4.123595505617978
2023,10,19805,AA,13303,12892,MIA,LAX,234,0,0,0,234,0,42,12,1263.0,0.0,0.0,0.1794871794871795,0.05128205128205128,5.397435897435898
2023,10,19805,AA,13303,12953,MIA,LGA,273,0,1,0,272,0,27,8,-1875.0,0.0,0.003663003663003663,0.09926470588235294,0.029411764705882353,-6.893382352941177
2023,10,19805,AA,13303,13204,MIA,MCO,224,0,0,0,224,0,37,11,368.0,0.0,0.0,0.16517857142857142,0.049107142857142856,1.6428571428571428
2023,10,19805,AA,13303,13487,MIA,MSP,27,0,0,0,27,0,6,2,175.0,0.0,0.0,0.2222222222222222,0.07407407407407407,6.481481481481482
2023,10,19805,AA,13303,13930,MIA,ORD,213,0,0,0,213,0,29,7,-1347.0,0.0,0.0,0.13615023474178403,0.03286384976525822,-6.323943661971831
2023,10,19805,AA,13303,14100,MIA,PHL,213,0,0,0,213,0,32,12,-69.0,0.0,0.0,0.15023474178403756,0.056338028169014086,-0.323943661971831
2023,10,19805,AA,13303,14107,MIA,PHX,148,0,0,0,148,0,20,7,104.0,0.0,0.0,0.13513513513513514,0.0472972972972973,0.7027027027027027
2023,10,19805,AA,13303,14679,MIA,SAN,31,0,0,0,31,0,7,2,15.0,0.0,0.0,0.22580645161290322,0.06451612903225806,0.4838709677419355
2023,10,19805,AA,13303,14747,MIA,SEA,31,0,0,0,31,0,11,6,483.0,0.0,0.0,0.3548387096774194,0.1935483870967742,15.580645161290322
2023,10,19805,AA,13303,14771,MIA,SFO,93,0,0,0,93,0,20,8,361.0,0.0,0.0,0.21505376344086022,0.08602150537634409,3.881720430107527
2023,10,19805,AA,13303,15016,MIA,STL,31,0,0,0,31,0,1,0,-418.0,0.0,0.0,0.03225806451612903,0.0,-13.483870967741936
2023,10,19805,AA,13303,15304,MIA,TPA,98,0,0,0,98,0,31,14,2919.0,0.0,0.0,0.3163265306122449,0.14285714285714285,29.785714285714285
2023,10,19805,AA,13487,11298,MSP,DFW,145,1,1,0,143,0,22,6,2183.0,0.006896551724137931,0.006896551724137931,0.15384615384615385,0.04195804195804196,15.265734265734265
2023,10,19805,AA,13487,13303,MSP,MIA,26,1,0,0,25,0,4,0,-57.0,0.038461538461538464,0.0,0.16,0.0,-2.28
2023,10,19805,AA,13487,13930,MSP,ORD,31,0,0,0,31,0,5,1,226.0,0.0,0.0,0.16129032258064516,0.03225806451612903,7.290322580645161
2023,10,19805,AA,13487,14100,MSP,PHL,4,0,0,0,4,0,0,0,-38.0,0.0,0.0,0.0,0.0,-9.5
2023,10,19805,AA,13487,14107,MSP,PHX,36,0,0,0,36,0,6,3,104.0,0.0,0.0,0.16666666666666666,0.08333333333333333,2.888888888888889
2023,10,19805,AA,13930,10397,ORD,ATL,52,0,0,0,52,0,12,2,211.0,0.0,0.0,0.23076923076923078,0.038461538461538464,4.0576923076923075
2023,10,19805,AA,13930,10721,ORD,BOS,92,0,0,0,92,0,19,2,212.0,0.0,0.0,0.20652173913043478,0.021739130434782608,2.3043478260869565
2023,10,19805,AA,13930,10821,ORD,BWI,31,0,0,0,31,0,9,1,135.0,0.0,0.0,0.2903225806451613,0.03225806451612903,4.354838709677419
2023,10,19805,AA,13930,11278,ORD,DCA,217,0,0,0,217,0,40,10,1679.0,0.0,0.0,0.18433179723502305,0.04608294930875576,7.7373271889400925
2023,10,19805,AA,13930,11292,ORD,DEN,77,0,0,0,77,0,11,1,-210.0,0.0,0.0,0.14285714285714285,0.012987012987012988,-2.727272727272727
2023,10,19805,AA,13930,11298,ORD,DFW,384,5,3,0,376,0,59,16,491.0,0.013020833333333334,0.0078125,0.15691489361702127,0.0425531914893617,1.3058510638297873
2023,10,19805,AA,13930,11433,ORD,DTW,31,0,0,0,31,0,3,1,88.0,0.0,0.0,0.0967741935483871,0.03225806451612903,2.838709677419355
2023,10,19805,AA,13930,11618,ORD,EWR,60,0,0,0,60,0,16,7,1169.0,0.0,0.0,0.26666666666666666,0.11666666666666667,19.483333333333334
2023,10,19805,AA,13930,11697,ORD,FLL,27,0,0,0,27,0,1,0,-203.0,0.0,0.0,0.037037037037037035,0.0,-7.518518518518518
2023,10,19805,AA,13930,12266,ORD,IAH,52,0,0,0,52,0,13,5,235.0,0.0,0.0,0.25,0.09615384615384616,4.519230769230769
2023,10,19805,AA,13930,12478,ORD,JFK,62,0,0,0,62,0,12,2,116.0,0.0,0.0,0.1935483870967742,0.03225806451612903,1.8709677419354838
2023,10,19805,AA,13930,12889,ORD,LAS,147,0,0,0,147,0,25,3,-691.0,0.0,0.0,0.17006802721088435,0.02040816326530612,-4.700680272108843
2023,10,19805,AA,13930,12892,ORD,LAX,250,0,0,0,250,0,36,6,-591.0,0.0,0.0,0.144,0.024,-2.364
2023,10,19805,AA,13930,12953,ORD,LGA,203,1,0,0,202,0,35,14,1872.0,0.0049261083743842365,0.0,0.17326732673267325,0.06930693069306931,9.267326732673267
2023,10,19805,AA,13930,13204,ORD,MCO,112,0,0,0,112,0,21,4,-247.0,0.0,0.0,0.1875,0.03571428571428571,-2.205357142857143
2023,10,19805,AA,13930,13303,ORD,MIA,215,0,2,0,213,0,26,6,511.0,0.0,0.009302325581395349,0.12206572769953052,0.028169014084507043,2.39906103286385
2023,10,19805,AA,13930,13487,ORD,MSP,31,0,0,0,31,0,7,0,92.0,0.0,0.0,0.22580645161290322,0.0,2.967741935483871
2023,10,19805,AA,13930,14100,ORD,PHL,214,0,0,0,214,0,25,7,763.0,0.0,0.0,0.11682242990654206,0.03271028037383177,3.5654205607476634
2023,10,19805,AA,13930,14107,ORD,PHX,244,0,0,0,244,0,36,6,-633.0,0.0,0.0,0.14754098360655737,0.02459016393442623,-2.5942622950819674
2023,10,19805,AA,13930,14635,ORD,RSW,58,0,0,0,58,0,4,1,-335.0,0.0,0.0,0.06896551724137931,0.017241379310344827,-5.775862068965517
2023,10,19805,AA,13930,14679,ORD,SAN,85,0,0,0,85,0,15,2,-176.0,0.0,0.0,0.17647058823529413,0.023529411764705882,-2.070588235294118
2023,10,19805,AA,13930,14747,ORD,SEA,57,0,0,0,57,0,6,1,-346.0,0.0,0.0,0.10526315789473684,0.017543859649122806,-6.0701754385964914
2023,10,19805,AA,13930,14771,ORD,SFO,82,0,0,0,82,0,12,5,-268.0,0.0,0.0,0.14634146341463414,0.06097560975609756,-3.268292682926829
2023,10,19805,AA,13930,14869,ORD,SLC,31,0,0,0,31,0,3,1,-78.0,0.0,0.0,0.0967741935483871,0.03225806451612903,-2.5161290322580645
2023,10,19805,AA,13930,15016,ORD,STL,1,0,0,0,1,0,1,0,20.0,0.0,0.0,1.0,0.0,20.0
2023,10,19805,AA,13930,15304,ORD,TPA,88,0,1,0,87,0,18,4,210.0,0.0,0.011363636363636364,0.20689655172413793,0.04597701149425287,2.413793103448276
2023,10,19805,AA,14100,10397,PHL,ATL,114,0,0,0,114,0,15,6,-351.0,0.0,0.0,0.13157894736842105,0.05263157894736842,-3.0789473684210527
2023,10,19805,AA,14100,10721,PHL,BOS,242,0,1,0,241,0,51,23,2327.0,0.0,0.004132231404958678,0.21161825726141079,0.0954356846473029,9.655601659751037
2023,10,19805,AA,14100,11292,PHL,DEN,62,0,0,0,62,0,18,10,1130.0,0.0,0.0,0.2903225806451613,0.16129032258064516,18.225806451612904
2023,10,19805,AA,14100,11298,PHL,DFW,273,2,3,0,268,0,38,13,-814.0,0.007326007326007326,0.01098901098901099,0.1417910447761194,0.048507462686567165,-3.037313432835821
2023,10,19805,AA,14100,11433,PHL,DTW,88,0,0,0,88,0,16,4,-229.0,0.0,0.0,0.18181818181818182,0.045454545454545456,-2.602272727272727
2023,10,19805,AA,14100,11697,PHL,FLL,89,0,0,0,89,0,20,10,2560.0,0.0,0.0,0.2247191011235955,0.11235955056179775,28.764044943820224
2023,10,19805,AA,14100,12266,PHL,IAH,62,0,0,0,62,0,7,2,-155.0,0.0,0.0,0.11290322580645161,0.03225806451612903,-2.5
2023,10,19805,AA,14100,12889,PHL,LAS,93,0,0,0,93,0,11,3,-138.0,0.0,0.0,0.11827956989247312,0.03225806451612903,-1.4838709677419355
2023,10,19805,AA,14100,12892,PHL,LAX,189,0,0,0,189,0,25,5,-492.0,0.0,0.0,0.13227513227513227,0.026455026455026454,-2.6031746031746033
2023,10,19805,AA,14100,13204,PHL,MCO,214,0,0,0,214,0,26,10,-147.0,0.0,0.0,0.12149532710280374,0.04672897196261682,-0.6869158878504673
2023,10,19805,AA,14100,13303,PHL,MIA,211,0,0,0,211,0,32,11,-312.0,0.0,0.0,0.15165876777251186,0.052132701421800945,-1.4786729857819905
2023,10,19805,AA,14100,13487,PHL,MSP,4,0,0,0,4,0,0,0,-69.0,0.0,0.0,0.0,0.0,-17.25
2023,10,19805,AA,14100,13930,PHL,ORD,214,0,0,0,214,0,32,13,132.0,0.0,0.0,0.14953271028037382,0.06074766355140187,0.616822429906542
2023,10,19805,AA,14100,14107,PHL,PHX,217,0,0,0,217,0,23,6,-1055.0,0.0,0.0,0.10599078341013825,0.027649769585253458,-4.861751152073733
2023,10,19805,AA,14100,14635,PHL,RSW,62,0,0,0,62,0,7,4,-37.0,0.0,0.0,0.11290322580645161,0.06451612903225806,-0.5967741935483871
2023,10,19805,AA,14100,14679,PHL,SAN,93,0,0,0,93,0,17,2,-368.0,0.0,0.0,0.1827956989247312,0.021505376344086023,-3.956989247311828
2023,10,19805,AA,14100,14747,PHL,SEA,35,0,0,0,35,0,11,2,107.0,0.0,0.0,0.3142857142857143,0.05714285714285714,3.057142857142857
2023,10,19805,AA,14100,14771,PHL,SFO,97,0,0,0,97,0,14,2,-603.0,0.0,0.0,0.14432989690721648,0.020618556701030927,-6.216494845360825
2023,10,19805,AA,14100,15016,PHL,STL,35,0,0,0,35,0,4,1,-19.0,0.0,0.0,0.11428571428571428,0.02857142857142857,-0.5428571428571428
2023,10,19805,AA,14100,15304,PHL,TPA,124,0,1,0,123,0,14,8,-65.0,0.0,0.008064516129032258,0.11382113821138211,0.06504065040650407,-0.5284552845528455
2023,10,19805,AA,14107,10397,PHX,ATL,58,0,0,0,58,0,15,2,377.0,0.0,0.0,0.25862068965517243,0.034482758620689655,6.5
2023,10,19805,AA,14107,10721,PHX,BOS,91,0,0,0,91,0,12,3,-483.0,0.0,0.0,0.13186813186813187,0.03296703296703297,-5.3076923076923075
2023,10,19805,AA,14107,11278,PHX,DCA,93,0,0,0,93,0,12,1,-1137.0,0.0,0.0,0.12903225806451613,0.010752688172043012,-12.225806451612904
2023,10,19805,AA,14107,11292,PHX,DEN,89,0,0,0,89,0,11,2,32.0,0.0,0.0,0.12359550561797752,0.02247191011235955,0.3595505617977528
2023,10,19805,AA,14107,11298,PHX,DFW,359,7,1,0,351,0,48,22,2308.0,0.019498607242339833,0.002785515320334262,0.13675213675213677,0.06267806267806268,6.5754985754985755
2023,10,19805,AA,14107,11433,PHX,DTW,34,0,0,0,34,0,10,8,972.0,0.0,0.0,0.29411764705882354,0.23529411764705882,28.58823529411765
2023,10,19805,AA,14107,11618,PHX,EWR,91,0,0,0,91,0,17,2,501.0,0.0,0.0,0.18681318681318682,0.02197802197802198,5.5054945054945055
2023,10,19805,AA,14107,12173,PHX,HNL,31,0,0,0,31,0,6,0,-90.0,0.0,0.0,0.1935483870967742,0.0,-2.903225806451613
2023,10,19805,AA,14107,12266,PHX,IAH,61,0,0,0,61,0,14,6,723.0,0.0,0.0,0.22950819672131148,0.09836065573770492,11.852459016393443
2023,10,19805,AA,14107,12478,PHX,JFK,120,0,2,0,118,0,15,4,-1097.0,0.0,0.016666666666666666,0.1271186440677966,0.03389830508474576,-9.296610169491526
2023,10,19805,AA,14107,12889,PHX,LAS,166,0,0,0,166,0,24,7,988.0,0.0,0.0,0.14457831325301204,0.04216867469879518,5.951807228915663
2023,10,19805,AA,14107,12892,PHX,LAX,154,0,0,0,154,0,30,9,544.0,0.0,0.0,0.19480519480519481,0.05844155844155844,3.5324675324675323
2023,10,19805,AA,14107,13204,PHX,MCO,58,0,0,0,58,0,8,2,-13.0,0.0,0.0,0.13793103448275862,0.034482758620689655,-0.22413793103448276
2023,10,19805,AA,14107,13303,PHX,MIA,148,0,1,0,147,0,18,3,-537.0,0.0,0.006756756756756757,0.12244897959183673,0.02040816326530612,-3.6530612244897958
2023,10,19805,AA,14107,13487,PHX,MSP,35,0,0,0,35,0,6,2,65.0,0.0,0.0,0.17142857142857143,0.05714285714285714,1.8571428571428572
2023,10,19805,AA,14107,13930,PHX,ORD,244,0,0,0,244,0,27,8,-1833.0,0.0,0.0,0.11065573770491803,0.03278688524590164,-7.512295081967213
2023,10,19805,AA,14107,14100,PHX,PHL,217,0,0,0,217,0,22,6,-1844.0,0.0,0.0,0.10138248847926268,0.027649769585253458,-8.497695852534562
2023,10,19805,AA,14107,14679,PHX,SAN,136,0,0,0,136,0,29,9,884.0,0.0,0.0,0.21323529411764705,0.0661764705882353,6.5
2023,10,19805,AA,14107,14747,PHX,SEA,59,0,1,0,58,0,7,3,455.0,0.0,0.01694915254237288,0.1206896551724138,0.05172413793103448,7.844827586206897
2023,10,19805,AA,14107,14771,PHX,SFO,117,0,0,0,117,0,22,4,896.0,0.0,0.0,0.18803418803418803,0.03418803418803419,7.6581196581196584
2023,10,19805,AA,14107,14869,PHX,SLC,34,0,0,0,34,0,4,1,-147.0,0.0,0.0,0.11764705882352941,0.029411764705882353,-4.323529411764706
2023,10,19805,AA,14107,15016,PHX,STL,57,0,0,0,57,0,15,8,673.0,0.0,0.0,0.2631578947368421,0.14035087719298245,11.807017543859649
2023,10,19805,AA,14107,15304,PHX,TPA,55,0,0,0,55,0,10,2,36.0,0.0,0.0,0.18181818181818182,0.03636363636363636,0.6545454545454545
2023,10,19805,AA,14635,11278,RSW,DCA,31,0,1,0,30,0,9,1,272.0,0.0,0.03225806451612903,0.3,0.03333333333333333,9.066666666666666
2023,10,19805,AA,14635,11298,RSW,DFW,85,0,0,0,85,0,7,5,-219.0,0.0,0.0,0.08235294117647059,0.058823529411764705,-2.5764705882352943
2023,10,19805,AA,14635,13930,RSW,ORD,58,0,0,0,58,0,4,1,-451.0,0.0,0.0,0.06896551724137931,0.017241379310344827,-7.775862068965517
2023,10,19805,AA,14635,14100,RSW,PHL,62,0,0,0,62,0,6,5,832.0,0.0,0.0,0.0967741935483871,0.08064516129032258,13.419354838709678
2023,10,19805,AA,14679,11298,SAN,DFW,265,3,2,0,260,0,34,14,-781.0,0.011320754716981131,0.007547169811320755,0.13076923076923078,0.05384615384615385,-3.003846153846154
2023,10,19805,AA,14679,13303,SAN,MIA,31,0,0,0,31,0,3,0,-290.0,0.0,0.0,0.0967741935483871,0.0,-9.35483870967742
2023,10,19805,AA,14679,13930,SAN,ORD,85,0,1,0,84,0,14,1,-478.0,0.0,0.011764705882352941,0.16666666666666666,0.011904761904761904,-5.690476190476191
2023,10,19805,AA,14679,14100,SAN,PHL,93,0,0,0,93,0,12,4,-949.0,0.0,0.0,0.12903225806451613,0.043010752688172046,-10.204301075268818
2023,10,19805,AA,14679,14107,SAN,PHX,137,0,0,0,137,0,21,6,299.0,0.0,0.0,0.15328467153284672,0.043795620437956206,2.1824817518248176
2023,10,19805,AA,14747,11298,SEA,DFW,235,5,2,0,228,0,34,10,1123.0,0.02127659574468085,0.00851063829787234,0.14912280701754385,0.043859649122807015,4.925438596491228
2023,10,19805,AA,14747,13303,SEA,MIA,31,0,0,0,31,0,2,2,-167.0,0.0,0.0,0.06451612903225806,0.06451612903225806,-5.387096774193548
2023,10,19805,AA,14747,13930,SEA,ORD,57,0,0,0,57,0,11,1,857.0,0.0,0.0,0.19298245614035087,0.017543859649122806,15.035087719298245
2023,10,19805,AA,14747,14100,SEA,PHL,35,0,0,0,35,0,8,1,76.0,0.0,0.0,0.22857142857142856,0.02857142857142857,2.1714285714285713
2023,10,19805,AA,14747,14107,SEA,PHX,59,1,0,0,58,0,8,4,1480.0,0.01694915254237288,0.0,0.13793103448275862,0.06896551724137931,25.517241379310345
2023,10,19805,AA,14771,11298,SFO,DFW,261,6,2,0,253,0,37,17,1628.0,0.022988505747126436,0.007662835249042145,0.14624505928853754,0.06719367588932806,6.434782608695652
2023,10,19805,AA,14771,12478,SFO,JFK,120,0,0,0,120,0,14,3,-1426.0,0.0,0.0,0.11666666666666667,0.025,-11.883333333333333
2023,10,19805,AA,14771,13303,SFO,MIA,93,0,0,0,93,0,8,1,-607.0,0.0,0.0,0.08602150537634409,0.010752688172043012,-6.526881720430108
2023,10,19805,AA,14771,13930,SFO,ORD,82,0,0,0,82,0,12,2,-410.0,0.0,0.0,0.14634146341463414,0.024390243902439025,-5.0
2023,10,19805,AA,14771,14100,SFO,PHL,97,0,0,0,97,0,4,1,-792.0,0.0,0.0,0.041237113402061855,0.010309278350515464,-8.164948453608247
2023,10,19805,AA,14771,14107,SFO,PHX,117,0,0,0,117,0,25,5,926.0,0.0,0.0,0.21367521367521367,0.042735042735042736,7.914529914529915
2023,10,19805,AA,14869,11298,SLC,DFW,179,5,0,0,174,0,22,9,-140.0,0.027932960893854747,0.0,0.12643678160919541,0.05172413793103448,-0.8045977011494253
2023,10,19805,AA,14869,13930,SLC,ORD,31,0,0,0,31,0,5,1,58.0,0.0,0.0,0.16129032258064516,0.03225806451612903,1.8709677419354838
2023,10,19805,AA,14869,14107,SLC,PHX,34,1,0,0,33,0,5,1,-69.0,0.029411764705882353,0.0,0.15151515151515152,0.030303030303030304,-2.090909090909091
2023,10,19805,AA,15016,11278,STL,DCA,35,0,0,0,35,0,6,3,593.0,0.0,0.0,0.17142857142857143,0.08571428571428572,16.942857142857143
2023,10,19805,AA,15016,11298,STL,DFW,144,1,0,0,143,0,44,14,2541.0,0.006944444444444444,0.0,0.3076923076923077,0.0979020979020979,17.76923076923077
2023,10,19805,AA,15016,12892,STL,LAX,29,0,0,0,29,0,9,3,208.0,0.0,0.0,0.3103448275862069,0.10344827586206896,7.172413793103448
2023,10,19805,AA,15016,12953,STL,LGA,49,0,0,0,49,0,6,4,154.0,0.0,0.0,0.12244897959183673,0.08163265306122448,3.142857142857143
2023,10,19805,AA,15016,13303,STL,MIA,31,0,0,0,31,0,1,0,-251.0,0.0,0.0,0.03225806451612903,0.0,-8.096774193548388
2023,10,19805,AA,15016,13930,STL,ORD,1,0,0,0,1,0,0,0,-22.0,0.0,0.0,0.0,0.0,-22.0
2023,10,19805,AA,15016,14100,STL,PHL,35,0,0,0,35,0,5,4,2036.0,0.0,0.0,0.14285714285714285,0.11428571428571428,58.17142857142857
2023,10,19805,AA,15016,14107,STL,PHX,57,0,0,0,57,0,9,3,110.0,0.0,0.0,0.15789473684210525,0.05263157894736842,1.9298245614035088
2023,10,19805,AA,15304,11278,TPA,DCA,124,0,0,0,124,0,14,4,-677.0,0.0,0.0,0.11290322580645161,0.03225806451612903,-5.459677419354839
2023,10,19805,AA,15304,11298,TPA,DFW,201,2,0,0,199,0,29,11,571.0,0.009950248756218905,0.0,0.1457286432160804,0.05527638190954774,2.869346733668342
2023,10,19805,AA,15304,13303,TPA,MIA,98,0,0,0,98,0,10,3,774.0,0.0,0.0,0.10204081632653061,0.030612244897959183,7.8979591836734695
2023,10,19805,AA,15304,13930,TPA,ORD,88,0,0,0,88,0,15,7,276.0,0.0,0.0,0.17045454545454544,0.07954545454545454,3.1363636363636362
2023,10,19805,AA,15304,14100,TPA,PHL,123,0,1,0,122,0,12,4,104.0,0.0,0.008130081300813009,0.09836065573770492,0.03278688524590164,0.8524590163934426
2023,10,19805,AA,15304,14107,TPA,PHX,54,0,0,0,54,0,8,3,-21.0,0.0,0.0,0.14814814814814814,0.05555555555555555,-0.3888888888888889
2023,10,19930,AS,10397,14747,ATL,SEA,107,0,0,0,107,0,12,3,-1004.0,0.0,0.0,0.11214953271028037,0.028037383177570093,-9.383177570093459
2023,10,19930,AS,10721,14679,BOS,SAN,31,0,0,0,31,0,8,1,-268.0,0.0,0.0,0.25806451612903225,0.03225806451612903,-8.64516129032258
2023,10,19930,AS,10721,14747,BOS,SEA,119,0,3,0,116,0,21,4,-678.0,0.0,0.025210084033613446,0.1810344827586207,0.034482758620689655,-5.844827586206897
2023,10,19930,AS,10721,14771,BOS,SFO,31,0,0,0,31,0,3,0,-425.0,0.0,0.0,0.0967741935483871,0.0,-13.709677419354838
2023,10,19930,AS,10821,14747,BWI,SEA,32,0,0,0,32,0,7,1,195.0,0.0,0.0,0.21875,0.03125,6.09375
2023,10,19930,AS,11278,12892,DCA,LAX,31,0,0,0,31,0,4,0,-226.0,0.0,0.0,0.12903225806451613,0.0,-7.290322580645161
2023,10,19930,AS,11278,14747,DCA,SEA,62,0,1,0,61,0,5,1,-635.0,0.0,0.016129032258064516,0.08196721311475409,0.01639344262295082,-10.40983606557377
2023,10,19930,AS,11278,14771,DCA,SFO,31,0,0,0,31,0,4,2,-54.0,0.0,0.0,0.12903225806451613,0.06451612903225806,-1.7419354838709677
2023,10,19930,AS,11292,14747,DEN,SEA,120,0,0,0,120,0,16,4,-519.0,0.0,0.0,0.13333333333333333,0.03333333333333333,-4.325
2023,10,19930,AS,11298,14747,DFW,SEA,186,3,2,0,181,0,34,11,855.0,0.016129032258064516,0.010752688172043012,0.1878453038674033,0.06077348066298342,4.723756906077348
2023,10,19930,AS,11433,14747,DTW,SEA,32,0,0,0,32,0,5,2,-20.0,0.0,0.0,0.15625,0.0625,-0.625
2023,10,19930,AS,11618,12892,EWR,LAX,83,0,0,0,83,0,6,2,-681.0,0.0,0.0,0.07228915662650602,0.024096385542168676,-8.204819277108435
2023,10,19930,AS,11618,14679,EWR,SAN,31,0,0,0,31,0,10,3,133.0,0.0,0.0,0.3225806451612903,0.0967741935483871,4.290322580645161
2023,10,19930,AS,11618,14747,EWR,SEA,92,0,0,0,92,0,11,2,-910.0,0.0,0.0,0.11956521739130435,0.021739130434782608,-9.891304347826088
2023,10,19930,AS,11618,14771,EWR,SFO,89,0,0,0,89,0,12,1,-1136.0,0.0,0.0,0.1348314606741573,0.011235955056179775,-12.764044943820224
2023,10,19930,AS,11697,14747,FLL,SEA,61,2,0,0,59,0,3,0,-1051.0,0.03278688524590164,0.0,0.05084745762711865,0.0,-17.8135593220339
2023,10,19930,AS,12173,12892,HNL,LAX,31,0,0,0,31,0,7,1,51.0,0.0,0.0,0.22580645161290322,0.03225806451612903,1.6451612903225807
2023,10,19930,AS,12173,14679,HNL,SAN,31,0,0,0,31,0,3,1,162.0,0.0,0.0,0.0967741935483871,0.03225806451612903,5.225806451612903
2023,10,19930,AS,12173,14747,HNL,SEA,155,0,0,0,155,0,23,7,-206.0,0.0,0.0,0.14838709677419354,0.04516129032258064,-1.3290322580645162
2023,10,19930,AS,12173,14771,HNL,SFO,62,0,0,0,62,0,9,2,-206.0,0.0,0.0,0.14516129032258066,0.03225806451612903,-3.3225806451612905
2023,10,19930,AS,12266,14747,IAH,SEA,89,0,0,0,89,0,11,4,-657.0,0.0,0.0,0.12359550561797752,0.0449438202247191,-7.382022471910112
2023,10,19930,AS,12478,14679,JFK,SAN,62,0,0,0,62,0,12,4,171.0,0.0,0.0,0.1935483870967742,0.06451612903225806,2.7580645161290325
2023,10,19930,AS,12478,14747,JFK,SEA,124,0,0,0,124,0,16,3,-1118.0,0.0,0.0,0.12903225806451613,0.024193548387096774,-9.016129032258064
2023,10,19930,AS,12478,14771,JFK,SFO,155,0,1,0,154,0,14,1,-2035.0,0.0,0.0064516129032258064,0.09090909090909091,0.006493506493506494,-13.214285714285714
2023,10,19930,AS,12889,12892,LAS,LAX,31,0,0,0,31,0,12,3,415.0,0.0,0.0,0.3870967741935484,0.0967741935483871,13.387096774193548
2023,10,19930,AS,12889,14747,LAS,SEA,249,0,0,0,249,0,56,12,2838.0,0.0,0.0,0.2248995983935743,0.04819277108433735,11.397590361445783
2023,10,19930,AS,12889,14771,LAS,SFO,60,0,0,0,60,0,12,1,-370.0,0.0,0.0,0.2,0.016666666666666666,-6.166666666666667
2023,10,19930,AS,12892,11278,LAX,DCA,31,0,0,0,31,0,10,0,24.0,0.0,0.0,0.3225806451612903,0.0,0.7741935483870968
2023,10,19930,AS,12892,11618,LAX,EWR,84,0,0,0,84,0,16,2,81.0,0.0,0.0,0.19047619047619047,0.023809523809523808,0.9642857142857143
2023,10,19930,AS,12892,12173,LAX,HNL,31,0,1,0,30,0,4,0,-104.0,0.0,0.03225806451612903,0.13333333333333333,0.0,-3.466666666666667
2023,10,19930,AS,12892,12889,LAX,LAS,27,0,0,0,27,0,1,0,-85.0,0.0,0.0,0.037037037037037035,0.0,-3.1481481481481484
2023,10,19930,AS,12892,14747,LAX,SEA,284,0,0,0,284,0,48,12,-192.0,0.0,0.0,0.16901408450704225,0.04225352112676056,-0.676056338028169
2023,10,19930,AS,12892,14771,LAX,SFO,30,0,0,0,30,0,2,1,-234.0,0.0,0.0,0.06666666666666667,0.03333333333333333,-7.8
2023,10,19930,AS,13204,14679,MCO,SAN,31,0,0,0,31,0,3,1,-49.0,0.0,0.0,0.0967741935483871,0.03225806451612903,-1.5806451612903225
2023,10,19930,AS,13204,14747,MCO,SEA,93,1,0,0,92,0,7,3,-470.0,0.010752688172043012,0.0,0.07608695652173914,0.03260869565217391,-5.108695652173913
2023,10,19930,AS,13204,14771,MCO,SFO,31,0,0,0,31,0,9,2,231.0,0.0,0.0,0.2903225806451613,0.06451612903225806,7.451612903225806
2023,10,19930,AS,13303,14747,MIA,SEA,31,0,0,0,31,0,4,2,134.0,0.0,0.0,0.12903225806451613,0.06451612903225806,4.32258064516129
2023,10,19930,AS,13487,14747,MSP,SEA,89,0,0,0,89,0,7,1,-782.0,0.0,0.0,0.07865168539325842,0.011235955056179775,-8.786516853932584
2023,10,19930,AS,13796,14747,OAK,SEA,62,0,0,0,62,0,7,2,-32.0,0.0,0.0,0.11290322580645161,0.03225806451612903,-0.5161290322580645
2023,10,19930,AS,13930,14747,ORD,SEA,155,0,0,0,155,0,22,3,-680.0,0.0,0.0,0.14193548387096774,0.01935483870967742,-4.387096774193548
2023,10,19930,AS,13930,14771,ORD,SFO,54,1,0,0,53,0,13,1,-4.0,0.018518518518518517,0.0,0.24528301886792453,0.018867924528301886,-0.07547169811320754
2023,10,19930,AS,14100,14747,PHL,SEA,62,0,0,0,62,0,6,2,-348.0,0.0,0.0,0.0967741935483871,0.03225806451612903,-5.612903225806452
2023,10,19930,AS,14107,14747,PHX,SEA,270,0,1,0,269,0,26,5,-1736.0,0.0,0.003703703703703704,0.09665427509293681,0.01858736059479554,-6.4535315985130115
2023,10,19930,AS,14635,14747,RSW,SEA,11,0,0,0,11,0,0,0,-330.0,0.0,0.0,0.0,0.0,-30.0
2023,10,19930,AS,14679,10721,SAN,BOS,31,0,1,0,30,0,6,3,-129.0,0.0,0.03225806451612903,0.2,0.1,-4.3
2023,10,19930,AS,14679,11618,SAN,EWR,31,0,1,0,30,0,8,3,183.0,0.0,0.03225806451612903,0.26666666666666666,0.1,6.1
2023,10,19930,AS,14679,12173,SAN,HNL,31,0,3,0,28,0,8,2,239.0,0.0,0.0967741935483871,0.2857142857142857,0.07142857142857142,8.535714285714286
2023,10,19930,AS,14679,12478,SAN,JFK,62,0,1,0,61,0,8,3,-249.0,0.0,0.016129032258064516,0.13114754098360656,0.04918032786885246,-4.081967213114754
2023,10,19930,AS,14679,13204,SAN,MCO,31,0,0,0,31,0,8,1,30.0,0.0,0.0,0.25806451612903225,0.03225806451612903,0.967741935483871
2023,10,19930,AS,14679,14747,SAN,SEA,234,1,0,0,233,0,22,4,-1076.0,0.004273504273504274,0.0,0.0944206008583691,0.017167381974248927,-4.618025751072961
2023,10,19930,AS,14679,14771,SAN,SFO,1,0,0,0,1,0,1,1,121.0,0.0,0.0,1.0,1.0,121.0
2023,10,19930,AS,14679,15304,SAN,TPA,27,0,0,0,27,0,3,1,-215.0,0.0,0.0,0.1111111111111111,0.037037037037037035,-7.962962962962963
2023,10,19930,AS,14747,10397,SEA,ATL,107,0,0,0,107,0,17,3,-35.0,0.0,0.0,0.1588785046728972,0.028037383177570093,-0.32710280373831774
2023,10,19930,AS,14747,10721,SEA,BOS,120,0,0,0,120,0,25,2,227.0,0.0,0.0,0.20833333333333334,0.016666666666666666,1.8916666666666666
2023,10,19930,AS,14747,10821,SEA,BWI,31,0,0,0,31,0,6,0,18.0,0.0,0.0,0.1935483870967742,0.0,0.5806451612903226
2023,10,19930,AS,14747,11278,SEA,DCA,62,0,0,0,62,0,11,1,-183.0,0.0,0.0,0.1774193548387097,0.016129032258064516,-2.9516129032258065
2023,10,19930,AS,14747,11292,SEA,DEN,120,0,0,0,120,0,17,3,-176.0,0.0,0.0,0.14166666666666666,0.025,-1.4666666666666666
2023,10,19930,AS,14747,11298,SEA,DFW,186,1,1,0,184,0,48,8,1756.0,0.005376344086021506,0.005376344086021506,0.2608695652173913,0.043478260869565216,9.543478260869565
2023,10,19930,AS,14747,11433,SEA,DTW,31,0,0,0,31,0,8,2,328.0,0.0,0.0,0.25806451612903225,0.06451612903225806,10.580645161290322
2023,10,19930,AS,14747,11618,SEA,EWR,93,0,0,0,93,0,15,4,-233.0,0.0,0.0,0.16129032258064516,0.043010752688172046,-2.5053763440860215
2023,10,19930,AS,14747,11697,SEA,FLL,62,0,0,0,62,0,6,1,-151.0,0.0,0.0,0.0967741935483871,0.016129032258064516,-2.435483870967742
2023,10,19930,AS,14747,12173,SEA,HNL,155,0,0,0,155,0,28,3,-348.0,0.0,0.0,0.18064516129032257,0.01935483870967742,-2.2451612903225806
2023,10,19930,AS,14747,12266,SEA,IAH,89,0,1,0,88,0,16,1,90.0,0.0,0.011235955056179775,0.18181818181818182,0.011363636363636364,1.0227272727272727
2023,10,19930,AS,14747,12478,SEA,JFK,124,0,0,0,124,0,32,1,129.0,0.0,0.0,0.25806451612903225,0.008064516129032258,1.0403225806451613
2023,10,19930,AS,14747,12889,SEA,LAS,253,0,0,0,253,0,58,7,1438.0,0.0,0.0,0.22924901185770752,0.02766798418972332,5.683794466403162
2023,10,19930,AS,14747,12892,SEA,LAX,280,0,1,0,279,0,61,12,1186.0,0.0,0.0035714285714285713,0.21863799283154123,0.043010752688172046,4.250896057347671
2023,10,19930,AS,14747,13204,SEA,MCO,93,0,0,0,93,0,10,1,-562.0,0.0,0.0,0.10752688172043011,0.010752688172043012,-6.043010752688172
2023,10,19930,AS,14747,13303,SEA,MIA,31,0,1,0,30,0,6,3,104.0,0.0,0.03225806451612903,0.2,0.1,3.466666666666667
2023,10,19930,AS,14747,13487,SEA,MSP,89,0,0,0,89,0,11,2,-29.0,0.0,0.0,0.12359550561797752,0.02247191011235955,-0.3258426966292135
2023,10,19930,AS,14747,13796,SEA,OAK,62,0,0,0,62,0,12,3,258.0,0.0,0.0,0.1935483870967742,0.04838709677419355,4.161290322580645
2023,10,19930,AS,14747,13930,SEA,ORD,155,0,1,0,154,0,22,3,-168.0,0.0,0.0064516129032258064,0.14285714285714285,0.01948051948051948,-1.0909090909090908
2023,10,19930,AS,14747,14100,SEA,PHL,62,0,0,0,62,0,17,1,471.0,0.0,0.0,0.27419354838709675,0.016129032258064516,7.596774193548387
2023,10,19930,AS,14747,14107,SEA,PHX,269,0,0,0,269,0,44,7,1297.0,0.0,0.0,0.16356877323420074,0.026022304832713755,4.821561338289963
2023,10,19930,AS,14747,14635,SEA,RSW,10,0,0,0,10,0,0,0,-89.0,0.0,0.0,0.0,0.0,-8.9
2023,10,19930,AS,14747,14679,SEA,SAN,236,1,1,0,234,0,31,4,-176.0,0.00423728813559322,0.00423728813559322,0.13247863247863248,0.017094017094017096,-0.7521367521367521
2023,10,19930,AS,14747,14771,SEA,SFO,200,0,0,0,200,0,40,5,748.0,0.0,0.0,0.2,0.025,3.74
2023,10,19930,AS,14747,14869,SEA,SLC,111,0,0,0,111,0,21,3,253.0,0.0,0.0,0.1891891891891892,0.02702702702702703,2.279279279279279
2023,10,19930,AS,14747,15016,SEA,STL,62,0,0,0,62,0,13,1,385.0,0.0,0.0,0.20967741935483872,0.016129032258064516,6.209677419354839
2023,10,19930,AS,14747,15304,SEA,TPA,62,0,0,0,62,0,11,3,14.0,0.0,0.0,0.1774193548387097,0.04838709677419355,0.22580645161290322
2023,10,19930,AS,14771,10721,SFO,BOS,31,0,0,0,31,0,3,0,-285.0,0.0,0.0,0.0967741935483871,0.0,-9.193548387096774
2023,10,19930,AS,14771,11278,SFO,DCA,31,0,0,0,31,0,6,2,25.0,0.0,0.0,0.1935483870967742,0.06451612903225806,0.8064516129032258
2023,10,19930,AS,14771,11618,SFO,EWR,89,0,0,0,89,0,7,1,-804.0,0.0,0.0,0.07865168539325842,0.011235955056179775,-9.03370786516854
2023,10,19930,AS,14771,12173,SFO,HNL,62,0,0,0,62,0,10,2,-60.0,0.0,0.0,0.16129032258064516,0.03225806451612903,-0.967741935483871
2023,10,19930,AS,14771,12478,SFO,JFK,155,0,1,0,154,0,24,3,-1051.0,0.0,0.0064516129032258064,0.15584415584415584,0.01948051948051948,-6.824675324675325
2023,10,19930,AS,14771,12889,SFO,LAS,61,0,0,0,61,0,12,4,418.0,0.0,0.0,0.19672131147540983,0.06557377049180328,6.852459016393443
2023,10,19930,AS,14771,12892,SFO,LAX,31,0,0,0,31,0,6,4,287.0,0.0,0.0,0.1935483870967742,0.12903225806451613,9.258064516129032
2023,10,19930,AS,14771,13204,SFO,MCO,31,0,0,0,31,0,3,0,-175.0,0.0,0.0,0.0967741935483871,0.0,-5.645161290322581
2023,10,19930,AS,14771,13930,SFO,ORD,54,0,0,0,54,0,12,3,205.0,0.0,0.0,0.2222222222222222,0.05555555555555555,3.7962962962962963
2023,10,19930,AS,14771,14747,SFO,SEA,197,0,0,0,197,0,21,4,-1718.0,0.0,0.0,0.1065989847715736,0.02030456852791878,-8.720812182741117
2023,10,19930,AS,14869,14747,SLC,SEA,110,0,0,0,110,0,20,2,166.0,0.0,0.0,0.18181818181818182,0.01818181818181818,1.509090909090909
2023,10,19930,AS,15016,14747,STL,SEA,62,0,0,0,62,0,11,3,51.0,0.0,0.0,0.1774193548387097,0.04838709677419355,0.8225806451612904
2023,10,19930,AS,15304,14679,TPA,SAN,27,0,0,0,27,0,2,1,-218.0,0.0,0.0,0.07407407407407407,0.037037037037037035,-8.074074074074074
2023,10,19930,AS,15304,14747,TPA,SEA,62,0,0,0,62,0,10,2,-211.0,0.0,0.0,0.16129032258064516,0.03225806451612903,-3.403225806451613
2023,10,19977,UA,10397,11292,ATL,DEN,109,1,1,0,107,0,12,5,918.0,0.009174311926605505,0.009174311926605505,0.11214953271028037,0.04672897196261682,8.57943925233645
2023,10,19977,UA,10397,11618,ATL,EWR,201,3,0,0,198,0,19,6,-914.0,0.014925373134328358,0.0,0.09595959595959595,0.030303030303030304,-4.616161616161616
2023,10,19977,UA,10397,12266,ATL,IAH,136,1,0,0,135,0,15,5,888.0,0.007352941176470588,0.0,0.1111111111111111,0.037037037037037035,6.5777777777777775
2023,10,19977,UA,10397,13930,ATL,ORD,152,2,0,0,150,0,12,1,-508.0,0.013157894736842105,0.0,0.08,0.006666666666666667,-3.3866666666666667
2023,10,19977,UA,10397,14771,ATL,SFO,56,0,0,0,56,0,11,2,221.0,0.0,0.0,0.19642857142857142,0.03571428571428571,3.9464285714285716
2023,10,19977,UA,10721,11292,BOS,DEN,166,1,0,0,165,0,22,4,-1397.0,0.006024096385542169,0.0,0.13333333333333333,0.024242424242424242,-8.466666666666667
2023,10,19977,UA,10721,11618,BOS,EWR,288,0,0,0,288,0,27,7,-2820.0,0.0,0.0,0.09375,0.024305555555555556,-9.791666666666666
2023,10,19977,UA,10721,12266,BOS,IAH,124,0,1,0,123,0,12,3,-458.0,0.0,0.008064516129032258,0.0975609756097561,0.024390243902439025,-3.7235772357723578
2023,10,19977,UA,10721,12892,BOS,LAX,62,0,0,0,62,0,9,2,-409.0,0.0,0.0,0.14516129032258066,0.03225806451612903,-6.596774193548387
2023,10,19977,UA,10721,13930,BOS,ORD,206,0,0,0,206,0,22,3,-1036.0,0.0,0.0,0.10679611650485436,0.014563106796116505,-5.029126213592233
2023,10,19977,UA,10721,14771,BOS,SFO,177,3,2,0,172,0,26,3,-2031.0,0.01694915254237288,0.011299435028248588,0.1511627906976744,0.01744186046511628,-11.80813953488372
2023,10,19977,UA,10821,11292,BWI,DEN,105,1,0,0,104,0,9,4,-332.0,0.009523809523809525,0.0,0.08653846153846154,0.038461538461538464,-3.1923076923076925
2023,10,19977,UA,10821,12266,BWI,IAH,56,0,0,0,56,0,6,0,-361.0,0.0,0.0,0.10714285714285714,0.0,-6.446428571428571
2023,10,19977,UA,10821,12892,BWI,LAX,31,0,0,0,31,0,2,1,-78.0,0.0,0.0,0.06451612903225806,0.03225806451612903,-2.5161290322580645
2023,10,19977,UA,10821,13930,BWI,ORD,93,1,0,0,92,0,13,4,65.0,0.010752688172043012,0.0,0.14130434782608695,0.043478260869565216,0.7065217391304348
2023,10,19977,UA,10821,14771,BWI,SFO,61,0,1,0,60,0,2,0,-828.0,0.0,0.01639344262295082,0.03333333333333333,0.0,-13.8
2023,10,19977,UA,11278,11292,DCA,DEN,31,0,0,0,31,0,2,1,85.0,0.0,0.0,0.06451612903225806,0.03225806451612903,2.7419354838709675
2023,10,19977,UA,11278,12266,DCA,IAH,181,1,0,0,180,0,22,4,473.0,0.0055248618784530384,0.0,0.12222222222222222,0.022222222222222223,2.6277777777777778
2023,10,19977,UA,11278,13930,DCA,ORD,294,0,0,0,294,0,20,6,-2980.0,0.0,0.0,0.06802721088435375,0.02040816326530612,-10.136054421768707
2023,10,19977,UA,11278,14771,DCA,SFO,31,0,0,0,31,0,7,1,-190.0,0.0,0.0,0.22580645161290322,0.03225806451612903,-6.129032258064516
2023,10,19977,UA,11292,10397,DEN,ATL,110,0,0,0,110,0,13,2,-519.0,0.0,0.0,0.11818181818181818,0.01818181818181818,-4.718181818181818
2023,10,19977,UA,11292,10721,DEN,BOS,165,1,0,0,164,0,21,5,-658.0,0.006060606060606061,0.0,0.12804878048780488,0.03048780487804878,-4.012195121951219
2023,10,19977,UA,11292,10821,DEN,BWI,105,1,0,0,104,0,8,3,-1080.0,0.009523809523809525,0.0,0.07692307692307693,0.028846153846153848,-10.384615384615385
2023,10,19977,UA,11292,11278,DEN,DCA,31,0,0,0,31,0,3,1,-51.0,0.0,0.0,0.0967741935483871,0.03225806451612903,-1.6451612903225807
2023,10,19977,UA,11292,11298,DEN,DFW,171,1,1,0,169,0,34,11,804.0,0.005847953216374269,0.005847953216374269,0.20118343195266272,0.0650887573964497,4.757396449704142
2023,10,19977,UA,11292,11433,DEN,DTW,61,0,0,0,61,0,9,1,-216.0,0.0,0.0,0.14754098360655737,0.01639344262295082,-3.540983606557377
2023,10,19977,UA,11292,11618,DEN,EWR,307,1,0,0,306,0,45,14,-1309.0,0.003257328990228013,0.0,0.14705882352941177,0.0457516339869281,-4.277777777777778
2023,10,19977,UA,11292,11697,DEN,FLL,65,0,0,0,65,0,16,4,489.0,0.0,0.0,0.24615384615384617,0.06153846153846154,7.523076923076923
2023,10,19977,UA,11292,12173,DEN,HNL,35,0,0,0,35,0,7,2,119.0,0.0,0.0,0.2,0.05714285714285714,3.4
2023,10,19977,UA,11292,12266,DEN,IAH,308,0,0,0,308,0,61,16,1706.0,0.0,0.0,0.19805194805194806,0.05194805194805195,5.538961038961039
2023,10,19977,UA,11292,12889,DEN,LAS,229,0,1,0,228,0,40,14,654.0,0.0,0.004366812227074236,0.17543859649122806,0.06140350877192982,2.8684210526315788
2023,10,19977,UA,11292,12892,DEN,LAX,274,1,0,0,273,0,34,6,-1614.0,0.0036496350364963502,0.0,0.12454212454212454,0.02197802197802198,-5.912087912087912
2023,10,19977,UA,11292,12953,DEN,LGA,204,0,0,0,204,0,20,6,-1278.0,0.0,0.0,0.09803921568627451,0.029411764705882353,-6.264705882352941
2023,10,19977,UA,11292,13204,DEN,MCO,150,0,0,0,150,0,27,4,-740.0,0.0,0.0,0.18,0.02666666666666667,-4.933333333333334
2023,10,19977,UA,11292,13303,DEN,MIA,34,0,0,0,34,0,6,1,-30.0,0.0,0.0,0.17647058823529413,0.029411764705882353,-0.8823529411764706
2023,10,19977,UA,11292,13487,DEN,MSP,152,0,0,0,152,0,26,12,637.0,0.0,0.0,0.17105263157894737,0.07894736842105263,4.190789473684211
2023,10,19977,UA,11292,13930,DEN,ORD,307,1,0,0,306,0,56,17,614.0,0.003257328990228013,0.0,0.1830065359477124,0.05555555555555555,2.0065359477124183
2023,10,19977,UA,11292,14100,DEN,PHL,105,0,0,0,105,0,15,5,-45.0,0.0,0.0,0.14285714285714285,0.047619047619047616,-0.42857142857142855
2023,10,19977,UA,11292,14107,DEN,PHX,154,0,0,0,154,0,23,6,-464.0,0.0,0.0,0.14935064935064934,0.03896103896103896,-3.012987012987013
2023,10,19977,UA,11292,14635,DEN,RSW,35,0,0,0,35,0,7,2,69.0,0.0,0.0,0.2,0.05714285714285714,1.9714285714285715
2023,10,19977,UA,11292,14679,DEN,SAN,202,0,0,0,202,0,23,9,-913.0,0.0,0.0,0.11386138613861387,0.04455445544554455,-4.51980198019802
2023,10,19977,UA,11292,14747,DEN,SEA,172,2,0,0,170,0,31,9,263.0,0.011627906976744186,0.0,0.18235294117647058,0.052941176470588235,1.5470588235294118
2023,10,19977,UA,11292,14771,DEN,SFO,276,0,0,0,276,0,50,22,517.0,0.0,0.0,0.18115942028985507,0.07971014492753623,1.8731884057971016
2023,10,19977,UA,11292,14869,DEN,SLC,118,0,0,0,118,0,19,6,29.0,0.0,0.0,0.16101694915254236,0.05084745762711865,0.2457627118644068
2023,10,19977,UA,11292,15016,DEN,STL,123,0,0,0,123,0,34,7,951.0,0.0,0.0,0.2764227642276423,0.056910569105691054,7.7317073170731705
2023,10,19977,UA,11292,15304,DEN,TPA,95,0,0,0,95,0,23,4,277.0,0.0,0.0,0.24210526315789474,0.042105263157894736,2.9157894736842107
2023,10,19977,UA,11298,11292,DFW,DEN,171,1,0,0,170,0,49,15,2009.0,0.005847953216374269,0.0,0.28823529411764703,0.08823529411764706,11.81764705882353
2023,10,19977,UA,11298,11618,DFW,EWR,155,0,1,0,154,0,16,3,-898.0,0.0,0.0064516129032258064,0.1038961038961039,0.01948051948051948,-5.8311688311688314
2023,10,19977,UA,11298,12266,DFW,IAH,120,1,0,0,119,0,32,3,911.0,0.008333333333333333,0.0,0.2689075630252101,0.025210084033613446,7.65546218487395
2023,10,19977,UA,11298,13930,DFW,ORD,175,0,0,0,175,0,19,7,-199.0,0.0,0.0,0.10857142857142857,0.04,-1.1371428571428572
2023,10,19977,UA,11298,14771,DFW,SFO,62,0,0,0,62,0,16,5,1699.0,0.0,0.0,0.25806451612903225,0.08064516129032258,27.403225806451612
2023,10,19977,UA,11433,11292,DTW,DEN,62,0,0,0,62,0,4,0,-547.0,0.0,0.0,0.06451612903225806,0.0,-8.82258064516129
2023,10,19977,UA,11433,11618,DTW,EWR,43,0,0,0,43,0,0,0,-1057.0,0.0,0.0,0.0,0.0,-24.58139534883721
2023,10,19977,UA,11433,12266,DTW,IAH,33,0,0,0,33,0,4,0,-128.0,0.0,0.0,0.12121212121212122,0.0,-3.878787878787879
2023,10,19977,UA,11433,13930,DTW,ORD,90,0,0,0,90,0,15,1,-394.0,0.0,0.0,0.16666666666666666,0.011111111111111112,-4.377777777777778
2023,10,19977,UA,11618,10397,EWR,ATL,201,1,0,0,200,0,20,5,-685.0,0.004975124378109453,0.0,0.1,0.025,-3.425
2023,10,19977,UA,11618,10721,EWR,BOS,288,0,0,0,288,0,32,9,-1156.0,0.0,0.0,0.1111111111111111,0.03125,-4.013888888888889
2023,10,19977,UA,11618,11292,EWR,DEN,306,1,1,0,304,0,49,18,-480.0,0.0032679738562091504,0.0032679738562091504,0.1611842105263158,0.05921052631578947,-1.5789473684210527
2023,10,19977,UA,11618,11298,EWR,DFW,155,0,1,0,154,0,21,7,354.0,0.0,0.0064516129032258064,0.13636363636363635,0.045454545454545456,2.2987012987012987
2023,10,19977,UA,11618,11433,EWR,DTW,43,0,0,0,43,0,2,0,-389.0,0.0,0.0,0.046511627906976744,0.0,-9.046511627906977
2023,10,19977,UA,11618,11697,EWR,FLL,186,0,1,0,185,0,18,6,-1203.0,0.0,0.005376344086021506,0.0972972972972973,0.032432432432432434,-6.5027027027027025
2023,10,19977,UA,11618,12173,EWR,HNL,31,1,0,0,30,0,9,3,71.0,0.03225806451612903,0.0,0.3,0.1,2.3666666666666667
2023,10,19977,UA,11618,12266,EWR,IAH,315,0,0,0,315,0,28,5,-2047.0,0.0,0.0,0.08888888888888889,0.015873015873015872,-6.498412698412698
2023,10,19977,UA,11618,12889,EWR,LAS,216,0,0,0,216,0,39,9,-883.0,0.0,0.0,0.18055555555555555,0.041666666666666664,-4.087962962962963
2023,10,19977,UA,11618,12892,EWR,LAX,276,1,1,0,274,0,52,17,-538.0,0.0036231884057971015,0.0036231884057971015,0.1897810218978102,0.06204379562043796,-1.9635036496350364
2023,10,19977,UA,11618,13204,EWR,MCO,308,0,1,0,307,0,49,15,-716.0,0.0,0.003246753246753247,0.15960912052117263,0.048859934853420196,-2.3322475570032575
2023,10,19977,UA,11618,13303,EWR,MIA,162,0,0,0,162,0,23,6,-344.0,0.0,0.0,0.1419753086419753,0.037037037037037035,-2.123456790123457
2023,10,19977,UA,11618,13487,EWR,MSP,84,0,0,0,84,0,5,1,-1052.0,0.0,0.0,0.05952380952380952,0.011904761904761904,-12.523809523809524
2023,10,19977,UA,11618,13930,EWR,ORD,358,0,1,0,357,0,31,11,-2523.0,0.0,0.002793296089385475,0.08683473389355742,0.03081232492997199,-7.067226890756302
2023,10,19977,UA,11618,14100,EWR,PHL,1,0,0,0,1,0,0,0,-20.0,0.0,0.0,0.0,0.0,-20.0
2023,10,19977,UA,11618,14107,EWR,PHX,124,0,0,0,124,0,20,10,47.0,0.0,0.0,0.16129032258064516,0.08064516129032258,0.3790322580645161
2023,10,19977,UA,11618,14635,EWR,RSW,158,0,0,0,158,0,13,4,-1137.0,0.0,0.0,0.08227848101265822,0.02531645569620253,-7.19620253164557
2023,10,19977,UA,11618,14679,EWR,SAN,121,0,1,0,120,0,13,2,-941.0,0.0,0.008264462809917356,0.10833333333333334,0.016666666666666666,-7.841666666666667
2023,10,19977,UA,11618,14747,EWR,SEA,90,0,0,0,90,0,11,1,-1339.0,0.0,0.0,0.12222222222222222,0.011111111111111112,-14.877777777777778
2023,10,19977,UA,11618,14771,EWR,SFO,279,2,1,0,276,0,29,7,-3039.0,0.007168458781362007,0.0035842293906810036,0.10507246376811594,0.025362318840579712,-11.01086956521739
2023,10,19977,UA,11618,14869,EWR,SLC,31,0,1,0,30,0,7,3,17.0,0.0,0.03225806451612903,0.23333333333333334,0.1,0.5666666666666667
2023,10,19977,UA,11618,15016,EWR,STL,57,0,0,0,57,0,5,3,-293.0,0.0,0.0,0.08771929824561403,0.05263157894736842,-5.140350877192983
2023,10,19977,UA,11618,15304,EWR,TPA,181,0,0,0,181,0,13,3,-1349.0,0.0,0.0,0.0718232044198895,0.016574585635359115,-7.45303867403315
2023,10,19977,UA,11697,11292,FLL,DEN,64,0,0,0,64,0,9,3,-33.0,0.0,0.0,0.140625,0.046875,-0.515625
2023,10,19977,UA,11697,11618,FLL,EWR,185,0,0,0,185,0,17,6,-534.0,0.0,0.0,0.0918918918918919,0.032432432432432434,-2.8864864864864863
2023,10,19977,UA,11697,12266,FLL,IAH,96,0,0,0,96,0,11,7,308.0,0.0,0.0,0.11458333333333333,0.07291666666666667,3.2083333333333335
2023,10,19977,UA,11697,13930,FLL,ORD,103,0,0,0,103,0,11,2,-903.0,0.0,0.0,0.10679611650485436,0.019417475728155338,-8.766990291262136
2023,10,19977,UA,11697,14771,FLL,SFO,15,0,0,0,15,0,1,0,-109.0,0.0,0.0,0.06666666666666667,0.0,-7.266666666666667
2023,10,19977,UA,12173,11292,HNL,DEN,35,0,0,0,35,0,3,1,487.0,0.0,0.0,0.08571428571428572,0.02857142857142857,13.914285714285715
2023,10,19977,UA,12173,11618,HNL,EWR,31,2,0,0,29,0,6,1,911.0,0.06451612903225806,0.0,0.20689655172413793,0.034482758620689655,31.413793103448278
2023,10,19977,UA,12173,12266,HNL,IAH,31,0,0,0,31,0,2,1,-248.0,0.0,0.0,0.06451612903225806,0.03225806451612903,-8.0
2023,10,19977,UA,12173,12892,HNL,LAX,93,1,0,0,92,0,9,2,-530.0,0.010752688172043012,0.0,0.09782608695652174,0.021739130434782608,-5.760869565217392
2023,10,19977,UA,12173,13930,HNL,ORD,31,0,1,0,30,0,5,1,22.0,0.0,0.03225806451612903,0.16666666666666666,0.03333333333333333,0.7333333333333333
2023,10,19977,UA,12173,14771,HNL,SFO,131,0,1,0,130,0,9,4,18.0,0.0,0.007633587786259542,0.06923076923076923,0.03076923076923077,0.13846153846153847
2023,10,19977,UA,12266,10397,IAH,ATL,133,2,0,0,131,0,29,10,697.0,0.015037593984962405,0.0,0.22137404580152673,0.07633587786259542,5.320610687022901
2023,10,19977,UA,12266,10721,IAH,BOS,124,0,0,0,124,0,7,2,-1408.0,0.0,0.0,0.056451612903225805,0.016129032258064516,-11.35483870967742
2023,10,19977,UA,12266,10821,IAH,BWI,56,0,0,0,56,0,10,0,-366.0,0.0,0.0,0.17857142857142858,0.0,-6.535714285714286
2023,10,19977,UA,12266,11278,IAH,DCA,181,1,0,0,180,0,20,4,-1321.0,0.0055248618784530384,0.0,0.1111111111111111,0.022222222222222223,-7.338888888888889
2023,10,19977,UA,12266,11292,IAH,DEN,308,0,0,0,308,0,48,4,-420.0,0.0,0.0,0.15584415584415584,0.012987012987012988,-1.3636363636363635
2023,10,19977,UA,12266,11298,IAH,DFW,120,0,1,0,119,0,58,13,2862.0,0.0,0.008333333333333333,0.48739495798319327,0.1092436974789916,24.050420168067227
2023,10,19977,UA,12266,11433,IAH,DTW,33,0,0,0,33,0,4,2,-12.0,0.0,0.0,0.12121212121212122,0.06060606060606061,-0.36363636363636365
2023,10,19977,UA,12266,11618,IAH,EWR,309,0,1,0,308,0,43,11,-2260.0,0.0,0.003236245954692557,0.1396103896103896,0.03571428571428571,-7.337662337662338
2023,10,19977,UA,12266,11697,IAH,FLL,96,0,1,0,95,0,14,4,-259.0,0.0,0.010416666666666666,0.14736842105263157,0.042105263157894736,-2.7263157894736842
2023,10,19977,UA,12266,12173,IAH,HNL,31,0,0,0,31,0,9,1,582.0,0.0,0.0,0.2903225806451613,0.03225806451612903,18.774193548387096
2023,10,19977,UA,12266,12889,IAH,LAS,194,0,0,0,194,0,32,10,770.0,0.0,0.0,0.16494845360824742,0.05154639175257732,3.9690721649484537
2023,10,19977,UA,12266,12892,IAH,LAX,308,0,1,0,307,0,36,10,-464.0,0.0,0.003246753246753247,0.11726384364820847,0.03257328990228013,-1.511400651465798
2023,10,19977,UA,12266,12953,IAH,LGA,144,0,0,0,144,0,16,8,-909.0,0.0,0.0,0.1111111111111111,0.05555555555555555,-6.3125
2023,10,19977,UA,12266,13204,IAH,MCO,158,0,0,0,158,0,30,9,241.0,0.0,0.0,0.189873417721519,0.056962025316455694,1.5253164556962024
2023,10,19977,UA,12266,13303,IAH,MIA,95,0,0,0,95,0,20,5,410.0,0.0,0.0,0.21052631578947367,0.05263157894736842,4.315789473684211
2023,10,19977,UA,12266,13487,IAH,MSP,48,0,0,0,48,0,11,2,480.0,0.0,0.0,0.22916666666666666,0.041666666666666664,10.0
2023,10,19977,UA,12266,13930,IAH,ORD,304,2,0,0,302,0,36,5,-886.0,0.006578947368421052,0.0,0.11920529801324503,0.016556291390728478,-2.933774834437086
2023,10,19977,UA,12266,14100,IAH,PHL,89,0,0,0,89,0,8,4,-971.0,0.0,0.0,0.0898876404494382,0.0449438202247191,-10.910112359550562
2023,10,19977,UA,12266,14107,IAH,PHX,96,0,0,0,96,0,15,3,65.0,0.0,0.0,0.15625,0.03125,0.6770833333333334
2023,10,19977,UA,12266,14635,IAH,RSW,65,0,0,0,65,0,18,3,319.0,0.0,0.0,0.27692307692307694,0.046153846153846156,4.907692307692308
2023,10,19977,UA,12266,14679,IAH,SAN,183,0,0,0,183,0,28,10,494.0,0.0,0.0,0.15300546448087432,0.0546448087431694,2.699453551912568
2023,10,19977,UA,12266,14747,IAH,SEA,93,0,1,0,92,0,17,5,255.0,0.0,0.010752688172043012,0.18478260869565216,0.05434782608695652,2.7717391304347827
2023,10,19977,UA,12266,14771,IAH,SFO,277,0,0,0,277,0,42,10,-695.0,0.0,0.0,0.15162454873646208,0.036101083032490974,-2.509025270758123
2023,10,19977,UA,12266,14869,IAH,SLC,56,0,0,0,56,0,17,3,435.0,0.0,0.0,0.30357142857142855,0.05357142857142857,7.767857142857143
2023,10,19977,UA,12266,15016,IAH,STL,61,0,0,0,61,0,11,3,413.0,0.0,0.0,0.18032786885245902,0.04918032786885246,6.770491803278689
2023,10,19977,UA,12266,15304,IAH,TPA,95,0,0,0,95,0,10,0,-757.0,0.0,0.0,0.10526315789473684,0.0,-7.968421052631579
2023,10,19977,UA,12889,11292,LAS,DEN,230,0,0,0,230,0,37,15,507.0,0.0,0.0,0.1608695652173913,0.06521739130434782,2.2043478260869565
2023,10,19977,UA,12889,11618,LAS,EWR,215,2,2,0,211,0,31,9,-477.0,0.009302325581395349,0.009302325581395349,0.14691943127962084,0.04265402843601896,-2.2606635071090047
2023,10,19977,UA,12889,12266,LAS,IAH,194,0,0,0,194,0,18,6,-443.0,0.0,0.0,0.09278350515463918,0.030927835051546393,-2.283505154639175
2023,10,19977,UA,12889,12892,LAS,LAX,127,0,0,0,127,0,21,4,-70.0,0.0,0.0,0.16535433070866143,0.031496062992125984,-0.5511811023622047
2023,10,19977,UA,12889,13930,LAS,ORD,187,0,0,0,187,0,13,3,-1908.0,0.0,0.0,0.06951871657754011,0.016042780748663103,-10.203208556149733
2023,10,19977,UA,12889,14771,LAS,SFO,186,1,0,0,185,0,32,8,127.0,0.005376344086021506,0.0,0.17297297297297298,0.043243243243243246,0.6864864864864865
2023,10,19977,UA,12892,10721,LAX,BOS,62,0,1,0,61,0,5,2,-748.0,0.0,0.016129032258064516,0.08196721311475409,0.03278688524590164,-12.262295081967213
2023,10,19977,UA,12892,10821,LAX,BWI,31,0,0,0,31,0,2,1,-339.0,0.0,0.0,0.06451612903225806,0.03225806451612903,-10.935483870967742
2023,10,19977,UA,12892,11292,LAX,DEN,275,1,0,0,274,0,28,11,-301.0,0.0036363636363636364,0.0,0.10218978102189781,0.040145985401459854,-1.0985401459854014
2023,10,19977,UA,12892,11618,LAX,EWR,273,2,0,0,271,0,37,18,-717.0,0.007326007326007326,0.0,0.13653136531365315,0.06642066420664207,-2.6457564575645756
2023,10,19977,UA,12892,12173,LAX,HNL,93,0,0,0,93,0,17,2,17.0,0.0,0.0,0.1827956989247312,0.021505376344086023,0.1827956989247312
2023,10,19977,UA,12892,12266,LAX,IAH,306,0,0,0,306,0,29,11,-1433.0,0.0,0.0,0.09477124183006536,0.03594771241830065,-4.683006535947713
2023,10,19977,UA,12892,12889,LAX,LAS,127,0,0,0,127,0,19,7,176.0,0.0,0.0,0.14960629921259844,0.05511811023622047,1.3858267716535433
2023,10,19977,UA,12892,13204,LAX,MCO,62,0,0,0,62,0,2,2,-849.0,0.0,0.0,0.03225806451612903,0.03225806451612903,-13.693548387096774
2023,10,19977,UA,12892,13930,LAX,ORD,269,2,0,0,267,0,30,12,-1261.0,0.007434944237918215,0.0,0.11235955056179775,0.0449438202247191,-4.722846441947565
2023,10,19977,UA,12892,14107,LAX,PHX,65,0,0,0,65,0,15,3,393.0,0.0,0.0,0.23076923076923078,0.046153846153846156,6.046153846153846
2023,10,19977,UA,12892,14679,LAX,SAN,1,0,0,0,1,0,0,0,-11.0,0.0,0.0,0.0,0.0,-11.0
2023,10,19977,UA,12892,14747,LAX,SEA,55,0,0,0,55,0,3,0,-518.0,0.0,0.0,0.05454545454545454,0.0,-9.418181818181818
2023,10,19977,UA,12892,14771,LAX,SFO,272,0,0,0,272,0,37,11,-5.0,0.0,0.0,0.13602941176470587,0.04044117647058824,-0.01838235294117647
2023,10,19977,UA,12892,15304,LAX,TPA,31,0,0,0,31,0,0,0,-901.0,0.0,0.0,0.0,0.0,-29.06451612903226
2023,10,19977,UA,12953,11292,LGA,DEN,203,1,0,0,202,0,18,6,-2273.0,0.0049261083743842365,0.0,0.0891089108910891,0.0297029702970297,-11.252475247524753
2023,10,19977,UA,12953,12266,LGA,IAH,144,0,0,0,144,0,12,6,-732.0,0.0,0.0,0.08333333333333333,0.041666666666666664,-5.083333333333333
2023,10,19977,UA,12953,13930,LGA,ORD,346,0,0,0,346,0,22,6,-4194.0,0.0,0.0,0.06358381502890173,0.017341040462427744,-12.121387283236995
2023,10,19977,UA,13204,11292,MCO,DEN,149,0,0,0,149,0,12,3,-1078.0,0.0,0.0,0.08053691275167785,0.020134228187919462,-7.23489932885906
2023,10,19977,UA,13204,11618,MCO,EWR,307,0,0,0,307,0,26,10,-3245.0,0.0,0.0,0.08469055374592833,0.03257328990228013,-10.570032573289902
2023,10,19977,UA,13204,12266,MCO,IAH,158,0,0,0,158,0,21,5,-404.0,0.0,0.0,0.13291139240506328,0.03164556962025317,-2.5569620253164556
2023,10,19977,UA,13204,12892,MCO,LAX,62,0,0,0,62,0,5,1,-328.0,0.0,0.0,0.08064516129032258,0.016129032258064516,-5.290322580645161
2023,10,19977,UA,13204,13930,MCO,ORD,177,2,0,0,175,0,25,6,-131.0,0.011299435028248588,0.0,0.14285714285714285,0.03428571428571429,-0.7485714285714286
2023,10,19977,UA,13204,14771,MCO,SFO,62,0,0,0,62,0,6,3,-162.0,0.0,0.0,0.0967741935483871,0.04838709677419355,-2.6129032258064515
2023,10,19977,UA,13303,11292,MIA,DEN,34,0,0,0,34,0,6,1,76.0,0.0,0.0,0.17647058823529413,0.029411764705882353,2.235294117647059
2023,10,19977,UA,13303,11618,MIA,EWR,161,0,0,0,161,0,14,6,-949.0,0.0,0.0,0.08695652173913043,0.037267080745341616,-5.894409937888199
2023,10,19977,UA,13303,12266,MIA,IAH,95,0,0,0,95,0,20,6,291.0,0.0,0.0,0.21052631578947367,0.06315789473684211,3.0631578947368423
2023,10,19977,UA,13303,13930,MIA,ORD,93,1,0,0,92,0,20,4,-95.0,0.010752688172043012,0.0,0.21739130434782608,0.043478260869565216,-1.0326086956521738
2023,10,19977,UA,13303,14771,MIA,SFO,15,0,0,0,15,0,0,0,-164.0,0.0,0.0,0.0,0.0,-10.933333333333334
2023,10,19977,UA,13487,11292,MSP,DEN,152,0,0,0,152,0,16,4,-1554.0,0.0,0.0,0.10526315789473684,0.02631578947368421,-10.223684210526315
2023,10,19977,UA,13487,11618,MSP,EWR,85,0,0,0,85,0,9,1,-500.0,0.0,0.0,0.10588235294117647,0.011764705882352941,-5.882352941176471
2023,10,19977,UA,13487,12266,MSP,IAH,48,0,0,0,48,0,9,2,129.0,0.0,0.0,0.1875,0.041666666666666664,2.6875
2023,10,19977,UA,13487,13930,MSP,ORD,199,0,0,0,199,0,22,5,-386.0,0.0,0.0,0.11055276381909548,0.02512562814070352,-1.9396984924623115
2023,10,19977,UA,13487,14771,MSP,SFO,31,1,0,0,30,0,3,1,-338.0,0.03225806451612903,0.0,0.1,0.03333333333333333,-11.266666666666667
2023,10,19977,UA,13930,10397,ORD,ATL,151,1,0,0,150,0,17,3,-299.0,0.006622516556291391,0.0,0.11333333333333333,0.02,-1.9933333333333334
2023,10,19977,UA,13930,10721,ORD,BOS,205,0,0,0,205,0,25,3,-685.0,0.0,0.0,0.12195121951219512,0.014634146341463415,-3.341463414634146
2023,10,19977,UA,13930,10821,ORD,BWI,93,1,0,0,92,0,16,3,97.0,0.010752688172043012,0.0,0.17391304347826086,0.03260869565217391,1.0543478260869565
2023,10,19977,UA,13930,11278,ORD,DCA,295,0,1,0,294,0,32,6,-1477.0,0.0,0.003389830508474576,0.10884353741496598,0.02040816326530612,-5.023809523809524
2023,10,19977,UA,13930,11292,ORD,DEN,307,1,0,0,306,0,50,24,-10.0,0.003257328990228013,0.0,0.16339869281045752,0.0784313725490196,-0.032679738562091505
2023,10,19977,UA,13930,11298,ORD,DFW,176,0,0,0,176,0,34,8,802.0,0.0,0.0,0.19318181818181818,0.045454545454545456,4.556818181818182
2023,10,19977,UA,13930,11433,ORD,DTW,90,0,0,0,90,0,11,0,-178.0,0.0,0.0,0.12222222222222222,0.0,-1.9777777777777779
2023,10,19977,UA,13930,11618,ORD,EWR,358,0,0,0,358,0,34,15,-2332.0,0.0,0.0,0.09497206703910614,0.04189944134078212,-6.5139664804469275
2023,10,19977,UA,13930,11697,ORD,FLL,103,0,0,0,103,0,11,6,-517.0,0.0,0.0,0.10679611650485436,0.05825242718446602,-5.019417475728155
2023,10,19977,UA,13930,12173,ORD,HNL,31,0,0,0,31,0,3,0,-376.0,0.0,0.0,0.0967741935483871,0.0,-12.129032258064516
2023,10,19977,UA,13930,12266,ORD,IAH,308,1,0,0,307,0,36,7,-974.0,0.003246753246753247,0.0,0.11726384364820847,0.02280130293159609,-3.1726384364820848
2023,10,19977,UA,13930,12889,ORD,LAS,187,0,1,0,186,0,22,6,-1053.0,0.0,0.0053475935828877,0.11827956989247312,0.03225806451612903,-5.661290322580645
2023,10,19977,UA,13930,12892,ORD,LAX,270,1,0,0,269,0,42,16,-212.0,0.003703703703703704,0.0,0.15613382899628253,0.05947955390334572,-0.7881040892193308
2023,10,19977,UA,13930,12953,ORD,LGA,346,0,0,0,346,0,27,6,-2139.0,0.0,0.0,0.07803468208092486,0.017341040462427744,-6.182080924855492
2023,10,19977,UA,13930,13204,ORD,MCO,177,2,0,0,175,0,35,7,201.0,0.011299435028248588,0.0,0.2,0.04,1.1485714285714286
2023,10,19977,UA,13930,13303,ORD,MIA,94,0,0,0,94,0,14,6,-32.0,0.0,0.0,0.14893617021276595,0.06382978723404255,-0.3404255319148936
2023,10,19977,UA,13930,13487,ORD,MSP,199,0,0,0,199,0,25,14,446.0,0.0,0.0,0.12562814070351758,0.07035175879396985,2.241206030150754
2023,10,19977,UA,13930,14100,ORD,PHL,146,0,0,0,146,0,18,4,-677.0,0.0,0.0,0.1232876712328767,0.0273972602739726,-4.636986301369863
2023,10,19977,UA,13930,14107,ORD,PHX,155,0,0,0,155,0,19,1,-1125.0,0.0,0.0,0.12258064516129032,0.0064516129032258064,-7.258064516129032
2023,10,19977,UA,13930,14635,ORD,RSW,127,0,0,0,127,0,14,3,-1118.0,0.0,0.0,0.11023622047244094,0.023622047244094488,-8.803149606299213
2023,10,19977,UA,13930,14679,ORD,SAN,144,0,0,0,144,0,17,5,-332.0,0.0,0.0,0.11805555555555555,0.034722222222222224,-2.3055555555555554
2023,10,19977,UA,13930,14747,ORD,SEA,134,0,0,0,134,0,25,8,-306.0,0.0,0.0,0.1865671641791045,0.05970149253731343,-2.283582089552239
2023,10,19977,UA,13930,14771,ORD,SFO,284,2,0,0,282,0,38,13,50.0,0.007042253521126761,0.0,0.1347517730496454,0.04609929078014184,0.1773049645390071
2023,10,19977,UA,13930,14869,ORD,SLC,62,0,0,0,62,0,16,6,472.0,0.0,0.0,0.25806451612903225,0.0967741935483871,7.612903225806452
2023,10,19977,UA,13930,15016,ORD,STL,29,0,0,0,29,0,4,0,-35.0,0.0,0.0,0.13793103448275862,0.0,-1.206896551724138
2023,10,19977,UA,13930,15304,ORD,TPA,98,0,0,0,98,0,13,2,-392.0,0.0,0.0,0.1326530612244898,0.02040816326530612,-4.0
2023,10,19977,UA,14100,11292,PHL,DEN,105,0,1,0,104,0,6,1,-625.0,0.0,0.009523809523809525,0.057692307692307696,0.009615384615384616,-6.009615384615385
2023,10,19977,UA,14100,11618,PHL,EWR,1,0,0,0,1,0,0,0,-21.0,0.0,0.0,0.0,0.0,-21.0
2023,10,19977,UA,14100,12266,PHL,IAH,89,0,0,0,89,0,7,1,-650.0,0.0,0.0,0.07865168539325842,0.011235955056179775,-7.303370786516854
2023,10,19977,UA,14100,13930,PHL,ORD,147,0,0,0,147,0,9,3,-1374.0,0.0,0.0,0.061224489795918366,0.02040816326530612,-9.346938775510203
2023,10,19977,UA,14100,14771,PHL,SFO,33,0,0,0,33,0,3,0,-380.0,0.0,0.0,0.09090909090909091,0.0,-11.515151515151516
2023,10,19977,UA,14107,11292,PHX,DEN,154,0,0,0,154,0,13,4,-1013.0,0.0,0.0,0.08441558441558442,0.025974025974025976,-6.577922077922078
2023,10,19977,UA,14107,11618,PHX,EWR,124,2,0,0,122,0,6,2,-1931.0,0.016129032258064516,0.0,0.04918032786885246,0.01639344262295082,-15.827868852459016
2023,10,19977,UA,14107,12266,PHX,IAH,95,0,0,0,95,0,6,1,-999.0,0.0,0.0,0.06315789473684211,0.010526315789473684,-10.51578947368421
2023,10,19977,UA,14107,12892,PHX,LAX,65,0,0,0,65,0,6,2,-389.0,0.0,0.0,0.09230769230769231,0.03076923076923077,-5.984615384615385
2023,10,19977,UA,14107,13930,PHX,ORD,154,0,0,0,154,0,10,1,-1636.0,0.0,0.0,0.06493506493506493,0.006493506493506494,-10.623376623376624
2023,10,19977,UA,14107,14771,PHX,SFO,94,0,0,0,94,0,15,2,-86.0,0.0,0.0,0.1595744680851064,0.02127659574468085,-0.9148936170212766
2023,10,19977,UA,14635,11292,RSW,DEN,34,0,0,0,34,0,2,0,-368.0,0.0,0.0,0.058823529411764705,0.0,-10.823529411764707
2023,10,19977,UA,14635,11618,RSW,EWR,158,0,0,0,158,0,10,2,-2506.0,0.0,0.0,0.06329113924050633,0.012658227848101266,-15.860759493670885
2023,10,19977,UA,14635,12266,RSW,IAH,65,0,0,0,65,0,9,2,-108.0,0.0,0.0,0.13846153846153847,0.03076923076923077,-1.6615384615384616
2023,10,19977,UA,14635,13930,RSW,ORD,127,0,0,0,127,0,9,2,-1089.0,0.0,0.0,0.07086614173228346,0.015748031496062992,-8.5748031496063
2023,10,19977,UA,14679,11292,SAN,DEN,203,0,0,0,203,0,20,2,-1484.0,0.0,0.0,0.09852216748768473,0.009852216748768473,-7.310344827586207
2023,10,19977,UA,14679,11618,SAN,EWR,121,0,1,0,120,0,8,3,-986.0,0.0,0.008264462809917356,0.06666666666666667,0.025,-8.216666666666667
2023,10,19977,UA,14679,12266,SAN,IAH,183,0,0,0,183,0,20,6,-1121.0,0.0,0.0,0.1092896174863388,0.03278688524590164,-6.1256830601092895
2023,10,19977,UA,14679,12892,SAN,LAX,1,0,0,0,1,0,0,0,-1.0,0.0,0.0,0.0,0.0,-1.0
2023,10,19977,UA,14679,13930,SAN,ORD,144,0,1,0,143,0,15,4,-1002.0,0.0,0.006944444444444444,0.1048951048951049,0.027972027972027972,-7.006993006993007
2023,10,19977,UA,14679,14771,SAN,SFO,179,1,0,0,178,0,31,7,-283.0,0.00558659217877095,0.0,0.17415730337078653,0.03932584269662921,-1.5898876404494382
2023,10,19977,UA,14747,11292,SEA,DEN,171,1,1,0,169,0,22,9,118.0,0.005847953216374269,0.005847953216374269,0.1301775147928994,0.05325443786982249,0.6982248520710059
2023,10,19977,UA,14747,11618,SEA,EWR,90,0,0,0,90,0,11,4,863.0,0.0,0.0,0.12222222222222222,0.044444444444444446,9.588888888888889
2023,10,19977,UA,14747,12266,SEA,IAH,93,0,0,0,93,0,12,6,628.0,0.0,0.0,0.12903225806451613,0.06451612903225806,6.752688172043011
2023,10,19977,UA,14747,12892,SEA,LAX,56,0,0,0,56,0,5,1,-73.0,0.0,0.0,0.08928571428571429,0.017857142857142856,-1.3035714285714286
2023,10,19977,UA,14747,13930,SEA,ORD,134,0,0,0,134,0,13,5,-476.0,0.0,0.0,0.09701492537313433,0.03731343283582089,-3.5522388059701493
2023,10,19977,UA,14747,14771,SEA,SFO,140,0,0,0,140,0,30,4,4.0,0.0,0.0,0.21428571428571427,0.02857142857142857,0.02857142857142857
2023,10,19977,UA,14771,10397,SFO,ATL,57,0,0,0,57,0,11,2,156.0,0.0,0.0,0.19298245614035087,0.03508771929824561,2.736842105263158
2023,10,19977,UA,14771,10721,SFO,BOS,177,2,0,0,175,0,24,12,-155.0,0.011299435028248588,0.0,0.13714285714285715,0.06857142857142857,-0.8857142857142857
2023,10,19977,UA,14771,10821,SFO,BWI,61,0,0,0,61,0,2,0,-879.0,0.0,0.0,0.03278688524590164,0.0,-14.40983606557377
2023,10,19977,UA,14771,11278,SFO,DCA,31,0,0,0,31,0,1,1,-224.0,0.0,0.0,0.03225806451612903,0.03225806451612903,-7.225806451612903
2023,10,19977,UA,14771,11292,SFO,DEN,277,0,0,0,277,0,39,10,-529.0,0.0,0.0,0.1407942238267148,0.036101083032490974,-1.9097472924187726
2023,10,19977,UA,14771,11298,SFO,DFW,62,0,0,0,62,0,10,4,346.0,0.0,0.0,0.16129032258064516,0.06451612903225806,5.580645161290323
2023,10,19977,UA,14771,11618,SFO,EWR,279,4,0,0,275,0,29,6,-2522.0,0.014336917562724014,0.0,0.10545454545454545,0.02181818181818182,-9.170909090909092
2023,10,19977,UA,14771,11697,SFO,FLL,15,0,0,0,15,0,0,0,-135.0,0.0,0.0,0.0,0.0,-9.0
2023,10,19977,UA,14771,12173,SFO,HNL,131,0,1,0,130,0,23,6,129.0,0.0,0.007633587786259542,0.17692307692307693,0.046153846153846156,0.9923076923076923
2023,10,19977,UA,14771,12266,SFO,IAH,277,1,0,0,276,0,30,8,-999.0,0.0036101083032490976,0.0,0.10869565217391304,0.028985507246376812,-3.619565217391304
2023,10,19977,UA,14771,12889,SFO,LAS,186,0,0,0,186,0,36,10,749.0,0.0,0.0,0.1935483870967742,0.053763440860215055,4.026881720430108
2023,10,19977,UA,14771,12892,SFO,LAX,270,0,0,0,270,0,31,8,-58.0,0.0,0.0,0.11481481481481481,0.02962962962962963,-0.21481481481481482
2023,10,19977,UA,14771,13204,SFO,MCO,62,0,0,0,62,0,4,2,-432.0,0.0,0.0,0.06451612903225806,0.03225806451612903,-6.967741935483871
2023,10,19977,UA,14771,13303,SFO,MIA,15,0,0,0,15,0,1,0,-92.0,0.0,0.0,0.06666666666666667,0.0,-6.133333333333334
2023,10,19977,UA,14771,13487,SFO,MSP,31,1,0,0,30,0,4,1,-3.0,0.03225806451612903,0.0,0.13333333333333333,0.03333333333333333,-0.1
2023,10,19977,UA,14771,13930,SFO,ORD,283,1,1,0,281,0,35,12,-400.0,0.0035335689045936395,0.0035335689045936395,0.12455516014234876,0.042704626334519574,-1.4234875444839858
2023,10,19977,UA,14771,14100,SFO,PHL,33,0,0,0,33,0,2,0,-728.0,0.0,0.0,0.06060606060606061,0.0,-22.060606060606062
2023,10,19977,UA,14771,14107,SFO,PHX,95,0,0,0,95,0,15,6,40.0,0.0,0.0,0.15789473684210525,0.06315789473684211,0.42105263157894735
2023,10,19977,UA,14771,14679,SFO,SAN,180,0,1,0,179,0,20,5,-403.0,0.0,0.005555555555555556,0.11173184357541899,0.027932960893854747,-2.2513966480446927
2023,10,19977,UA,14771,14747,SFO,SEA,140,0,0,0,140,0,24,6,-332.0,0.0,0.0,0.17142857142857143,0.04285714285714286,-2.3714285714285714
2023,10,19977,UA,14771,14869,SFO,SLC,30,0,0,0,30,0,4,0,-78.0,0.0,0.0,0.13333333333333333,0.0,-2.6
2023,10,19977,UA,14771,15304,SFO,TPA,31,0,0,0,31,0,5,0,-123.0,0.0,0.0,0.16129032258064516,0.0,-3.967741935483871
2023,10,19977,UA,14869,11292,SLC,DEN,118,0,0,0,118,0,29,11,942.0,0.0,0.0,0.2457627118644068,0.09322033898305085,7.983050847457627
2023,10,19977,UA,14869,11618,SLC,EWR,31,1,0,0,30,0,4,0,-385.0,0.03225806451612903,0.0,0.13333333333333333,0.0,-12.833333333333334
2023,10,19977,UA,14869,12266,SLC,IAH,57,1,0,0,56,0,8,2,-141.0,0.017543859649122806,0.0,0.14285714285714285,0.03571428571428571,-2.517857142857143
2023,10,19977,UA,14869,13930,SLC,ORD,61,0,0,0,61,0,3,2,-566.0,0.0,0.0,0.04918032786885246,0.03278688524590164,-9.278688524590164
2023,10,19977,UA,14869,14771,SLC,SFO,30,0,0,0,30,0,1,1,-393.0,0.0,0.0,0.03333333333333333,0.03333333333333333,-13.1
2023,10,19977,UA,15016,11292,STL,DEN,123,1,0,0,122,0,19,7,617.0,0.008130081300813009,0.0,0.1557377049180328,0.05737704918032787,5.057377049180328
2023,10,19977,UA,15016,11618,STL,EWR,56,0,0,0,56,0,7,1,-549.0,0.0,0.0,0.125,0.017857142857142856,-9.803571428571429
2023,10,19977,UA,15016,12266,STL,IAH,60,0,0,0,60,0,13,5,732.0,0.0,0.0,0.21666666666666667,0.08333333333333333,12.2
2023,10,19977,UA,15016,13930,STL,ORD,31,0,0,0,31,0,8,0,231.0,0.0,0.0,0.25806451612903225,0.0,7.451612903225806
2023,10,19977,UA,15304,11292,TPA,DEN,95,0,0,0,95,0,9,6,83.0,0.0,0.0,0.09473684210526316,0.06315789473684211,0.8736842105263158
2023,10,19977,UA,15304,11618,TPA,EWR,181,0,0,0,181,0,13,1,-2867.0,0.0,0.0,0.0718232044198895,0.0055248618784530384,-15.839779005524862
2023,10,19977,UA,15304,12266,TPA,IAH,95,0,0,0,95,0,3,0,-831.0,0.0,0.0,0.031578947368421054,0.0,-8.74736842105263
2023,10,19977,UA,15304,12892,TPA,LAX,31,0,0,0,31,0,2,1,-340.0,0.0,0.0,0.06451612903225806,0.03225806451612903,-10.96774193548387
2023,10,19977,UA,15304,13930,TPA,ORD,98,0,0,0,98,0,7,2,-948.0,0.0,0.0,0.07142857142857142,0.02040816326530612,-9.673469387755102
2023,10,19977,UA,15304,14771,TPA,SFO,31,0,0,0,31,0,2,0,-176.0,0.0,0.0,0.06451612903225806,0.0,-5.67741935483871
2023,10,20304,OO,10397,12266,ATL,IAH,10,0,0,0,10,0,3,1,230.0,0.0,0.0,0.3,0.1,23.0
2023,10,20304,OO,10721,12478,BOS,JFK,41,0,0,0,41,0,8,2,-72.0,0.0,0.0,0.1951219512195122,0.04878048780487805,-1.7560975609756098
2023,10,20304,OO,11278,13930,DCA,ORD,3,0,0,0,3,0,0,0,-21.0,0.0,0.0,0.0,0.0,-7.0
2023,10,20304,OO,11292,12892,DEN,LAX,79,1,0,0,78,0,9,1,-687.0,0.012658227848101266,0.0,0.11538461538461539,0.01282051282051282,-8.807692307692308
2023,10,20304,OO,11292,14869,DEN,SLC,100,0,0,0,100,0,16,8,-24.0,0.0,0.0,0.16,0.08,-0.24
2023,10,20304,OO,11292,15016,DEN,STL,1,0,0,0,1,0,1,0,22.0,0.0,0.0,1.0,0.0,22.0
2023,10,20304,OO,11298,12266,DFW,IAH,26,1,0,0,25,0,7,3,967.0,0.038461538461538464,0.0,0.28,0.12,38.68
2023,10,20304,OO,11298,13930,DFW,ORD,1,0,0,0,1,0,0,0,-5.0,0.0,0.0,0.0,0.0,-5.0
2023,10,20304,OO,11433,12266,DTW,IAH,28,0,0,0,28,0,5,2,498.0,0.0,0.0,0.17857142857142858,0.07142857142857142,17.785714285714285
2023,10,20304,OO,11433,13232,DTW,MDW,86,0,0,0,86,0,4,2,-446.0,0.0,0.0,0.046511627906976744,0.023255813953488372,-5.186046511627907
2023,10,20304,OO,11433,13930,DTW,ORD,225,0,0,0,225,0,25,9,-153.0,0.0,0.0,0.1111111111111111,0.04,-0.68
2023,10,20304,OO,12266,10397,IAH,ATL,10,0,0,0,10,0,2,1,245.0,0.0,0.0,0.2,0.1,24.5
2023,10,20304,OO,12266,11298,IAH,DFW,25,1,0,0,24,0,6,2,299.0,0.04,0.0,0.25,0.08333333333333333,12.458333333333334
2023,10,20304,OO,12266,11433,IAH,DTW,28,0,0,0,28,0,5,2,1020.0,0.0,0.0,0.17857142857142858,0.07142857142857142,36.42857142857143
2023,10,20304,OO,12266,12892,IAH,LAX,29,0,0,0,29,0,3,2,-158.0,0.0,0.0,0.10344827586206896,0.06896551724137931,-5.448275862068965
2023,10,20304,OO,12266,13487,IAH,MSP,1,0,0,0,1,0,0,0,-13.0,0.0,0.0,0.0,0.0,-13.0
2023,10,20304,OO,12266,14869,IAH,SLC,3,0,0,0,3,0,1,0,-11.0,0.0,0.0,0.3333333333333333,0.0,-3.6666666666666665
2023,10,20304,OO,12266,15016,IAH,STL,3,0,0,0,3,0,0,0,-31.0,0.0,0.0,0.0,0.0,-10.333333333333334
2023,10,20304,OO,12478,10721,JFK,BOS,41,0,0,0,41,0,10,7,1369.0,0.0,0.0,0.24390243902439024,0.17073170731707318,33.390243902439025
2023,10,20304,OO,12478,13930,JFK,ORD,124,0,0,0,124,0,23,10,-80.0,0.0,0.0,0.18548387096774194,0.08064516129032258,-0.6451612903225806
2023,10,20304,OO,12889,12892,LAS,LAX,31,0,0,0,31,0,8,3,406.0,0.0,0.0,0.25806451612903225,0.0967741935483871,13.096774193548388
2023,10,20304,OO,12889,14679,LAS,SAN,46,0,0,0,46,0,15,6,931.0,0.0,0.0,0.32608695652173914,0.13043478260869565,20.23913043478261
2023,10,20304,OO,12889,14747,LAS,SEA,4,0,0,0,4,0,0,0,-38.0,0.0,0.0,0.0,0.0,-9.5
2023,10,20304,OO,12889,14771,LAS,SFO,53,0,0,0,53,0,13,3,667.0,0.0,0.0,0.24528301886792453,0.05660377358490566,12.584905660377359
2023,10,20304,OO,12892,11292,LAX,DEN,79,1,0,0,78,0,7,3,-146.0,0.012658227848101266,0.0,0.08974358974358974,0.038461538461538464,-1.8717948717948718
2023,10,20304,OO,12892,12266,LAX,IAH,29,0,0,0,29,0,3,1,14.0,0.0,0.0,0.10344827586206896,0.034482758620689655,0.4827586206896552
2023,10,20304,OO,12892,12889,LAX,LAS,35,0,0,0,35,0,11,2,253.0,0.0,0.0,0.3142857142857143,0.05714285714285714,7.228571428571429
2023,10,20304,OO,12892,13796,LAX,OAK,86,0,0,0,86,0,3,3,-315.0,0.0,0.0,0.03488372093023256,0.03488372093023256,-3.6627906976744184
2023,10,20304,OO,12892,14107,LAX,PHX,117,0,0,0,117,0,17,7,737.0,0.0,0.0,0.1452991452991453,0.05982905982905983,6.299145299145299
2023,10,20304,OO,12892,14679,LAX,SAN,185,0,1,0,184,0,22,7,879.0,0.0,0.005405405405405406,0.11956521739130435,0.03804347826086957,4.7771739130434785
2023,10,20304,OO,12892,14747,LAX,SEA,101,0,0,0,101,0,13,2,-262.0,0.0,0.0,0.12871287128712872,0.019801980198019802,-2.594059405940594
2023,10,20304,OO,12892,14771,LAX,SFO,302,0,0,0,302,0,82,19,3011.0,0.0,0.0,0.271523178807947,0.06291390728476821,9.97019867549669
2023,10,20304,OO,12892,14869,LAX,SLC,31,0,0,0,31,0,3,1,-182.0,0.0,0.0,0.0967741935483871,0.03225806451612903,-5.870967741935484
2023,10,20304,OO,12953,13930,LGA,ORD,7,0,0,0,7,0,3,1,4.0,0.0,0.0,0.42857142857142855,0.14285714285714285,0.5714285714285714
2023,10,20304,OO,13232,11433,MDW,DTW,86,0,0,0,86,0,6,3,-397.0,0.0,0.0,0.06976744186046512,0.03488372093023256,-4.616279069767442
2023,10,20304,OO,13232,13487,MDW,MSP,86,0,0,0,86,0,6,4,1905.0,0.0,0.0,0.06976744186046512,0.046511627906976744,22.151162790697676
2023,10,20304,OO,13487,12266,MSP,IAH,1,0,0,0,1,0,0,0,-9.0,0.0,0.0,0.0,0.0,-9.0
2023,10,20304,OO,13487,13232,MSP,MDW,86,0,0,0,86,0,9,2,-153.0,0.0,0.0,0.10465116279069768,0.023255813953488372,-1.7790697674418605
2023,10,20304,OO,13487,13930,MSP,ORD,2,0,0,0,2,0,0,0,-9.0,0.0,0.0,0.0,0.0,-4.5
2023,10,20304,OO,13796,12892,OAK,LAX,86,0,0,0,86,0,8,5,-359.0,0.0,0.0,0.09302325581395349,0.05813953488372093,-4.174418604651163
2023,10,20304,OO,13796,14869,OAK,SLC,31,0,0,0,31,0,2,0,-327.0,0.0,0.0,0.06451612903225806,0.0,-10.548387096774194
2023,10,20304,OO,13930,11278,ORD,DCA,3,0,0,0,3,0,1,0,-19.0,0.0,0.0,0.3333333333333333,0.0,-6.333333333333333
2023,10,20304,OO,13930,11298,ORD,DFW,1,0,0,0,1,0,0,0,12.0,0.0,0.0,0.0,0.0,12.0
2023,10,20304,OO,13930,11433,ORD,DTW,226,0,0,0,226,0,39,10,1534.0,0.0,0.0,0.17256637168141592,0.04424778761061947,6.787610619469026
2023,10,20304,OO,13930,12478,ORD,JFK,124,0,0,0,124,0,24,8,717.0,0.0,0.0,0.1935483870967742,0.06451612903225806,5.782258064516129
2023,10,20304,OO,13930,12953,ORD,LGA,7,0,0,0,7,0,1,1,37.0,0.0,0.0,0.14285714285714285,0.14285714285714285,5.285714285714286
2023,10,20304,OO,13930,13487,ORD,MSP,2,0,0,0,2,0,1,0,22.0,0.0,0.0,0.5,0.0,11.0
2023,10,20304,OO,13930,14869,ORD,SLC,59,0,1,0,58,0,8,3,-413.0,0.0,0.01694915254237288,0.13793103448275862,0.05172413793103448,-7.120689655172414
2023,10,20304,OO,13930,15016,ORD,STL,29,0,0,0,29,0,4,1,4.0,0.0,0.0,0.13793103448275862,0.034482758620689655,0.13793103448275862
2023,10,20304,OO,14107,12892,PHX,LAX,117,0,0,0,117,0,20,7,636.0,0.0,0.0,0.17094017094017094,0.05982905982905983,5.435897435897436
2023,10,20304,OO,14107,14771,PHX,SFO,19,0,0,0,19,0,5,1,160.0,0.0,0.0,0.2631578947368421,0.05263157894736842,8.421052631578947
2023,10,20304,OO,14107,14869,PHX,SLC,55,0,0,0,55,0,2,0,-502.0,0.0,0.0,0.03636363636363636,0.0,-9.127272727272727
2023,10,20304,OO,14679,12889,SAN,LAS,46,0,0,0,46,0,28,7,1475.0,0.0,0.0,0.6086956521739131,0.15217391304347827,32.06521739130435
2023,10,20304,OO,14679,12892,SAN,LAX,185,0,0,0,185,0,28,12,1566.0,0.0,0.0,0.15135135135135136,0.06486486486486487,8.464864864864865
2023,10,20304,OO,14679,14747,SAN,SEA,12,0,0,0,12,0,2,0,-76.0,0.0,0.0,0.16666666666666666,0.0,-6.333333333333333
2023,10,20304,OO,14679,14771,SAN,SFO,191,1,1,0,189,0,37,8,219.0,0.005235602094240838,0.005235602094240838,0.19576719576719576,0.042328042328042326,1.1587301587301588
2023,10,20304,OO,14747,11292,SEA,DEN,1,0,0,0,1,0,0,0,-1.0,0.0,0.0,0.0,0.0,-1.0
2023,10,20304,OO,14747,12889,SEA,LAS,1,0,0,0,1,0,0,0,-2.0,0.0,0.0,0.0,0.0,-2.0
2023,10,20304,OO,14747,12892,SEA,LAX,105,0,0,0,105,0,13,3,-352.0,0.0,0.0,0.12380952380952381,0.02857142857142857,-3.3523809523809525
2023,10,20304,OO,14747,14679,SEA,SAN,9,0,0,0,9,0,0,0,-21.0,0.0,0.0,0.0,0.0,-2.3333333333333335
2023,10,20304,OO,14747,14771,SEA,SFO,82,0,0,0,82,0,7,2,-371.0,0.0,0.0,0.08536585365853659,0.024390243902439025,-4.524390243902439
2023,10,20304,OO,14771,12889,SFO,LAS,53,0,0,0,53,0,8,2,451.0,0.0,0.0,0.1509433962264151,0.03773584905660377,8.50943396226415
2023,10,20304,OO,14771,12892,SFO,LAX,301,0,1,0,300,0,42,11,47.0,0.0,0.0033222591362126247,0.14,0.03666666666666667,0.15666666666666668
2023,10,20304,OO,14771,14107,SFO,PHX,19,0,0,0,19,0,6,2,216.0,0.0,0.0,0.3157894736842105,0.10526315789473684,11.368421052631579
2023,10,20304,OO,14771,14679,SFO,SAN,191,0,0,0,191,0,34,10,459.0,0.0,0.0,0.17801047120418848,0.05235602094240838,2.4031413612565444
2023,10,20304,OO,14771,14747,SFO,SEA,83,0,0,0,83,0,8,3,-666.0,0.0,0.0,0.0963855421686747,0.03614457831325301,-8.024096385542169
2023,10,20304,OO,14771,14869,SFO,SLC,198,0,1,0,197,0,19,2,-789.0,0.0,0.005050505050505051,0.09644670050761421,0.01015228426395939,-4.00507614213198
2023,10,20304,OO,14869,11292,SLC,DEN,99,0,0,0,99,0,13,2,-75.0,0.0,0.0,0.13131313131313133,0.020202020202020204,-0.7575757575757576
2023,10,20304,OO,14869,12266,SLC,IAH,2,0,0,0,2,0,0,0,-31.0,0.0,0.0,0.0,0.0,-15.5
2023,10,20304,OO,14869,12892,SLC,LAX,32,0,0,0,32,0,3,2,-71.0,0.0,0.0,0.09375,0.0625,-2.21875
2023,10,20304,OO,14869,13796,SLC,OAK,31,0,0,0,31,0,1,0,-160.0,0.0,0.0,0.03225806451612903,0.0,-5.161290322580645
2023,10,20304,OO,14869,13930,SLC,ORD,59,0,0,0,59,0,5,3,-241.0,0.0,0.0,0.0847457627118644,0.05084745762711865,-4.084745762711864
2023,10,20304,OO,14869,14107,SLC,PHX,55,0,0,0,55,0,5,1,-344.0,0.0,0.0,0.09090909090909091,0.01818181818181818,-6.254545454545455
2023,10,20304,OO,14869,14771,SLC,SFO,198,0,0,0,198,0,40,10,1081.0,0.0,0.0,0.20202020202020202,0.050505050505050504,5.459595959595959
2023,10,20304,OO,15016,11292,STL,DEN,1,0,0,0,1,0,0,0,-12.0,0.0,0.0,0.0,0.0,-12.0
2023,10,20304,OO,15016,12266,STL,IAH,5,0,0,0,5,0,0,0,-48.0,0.0,0.0,0.0,0.0,-9.6
2023,10,20304,OO,15016,13930,STL,ORD,28,0,0,0,28,0,7,1,91.0,0.0,0.0,0.25,0.03571428571428571,3.25
2023,10,20363,9E,10821,12478,BWI,JFK,70,0,0,0,70,0,12,2,245.0,0.0,0.0,0.17142857142857143,0.02857142857142857,3.5
2023,10,20363,9E,11433,12478,DTW,JFK,124,0,0,0,124,0,14,2,-1254.0,0.0,0.0,0.11290322580645161,0.016129032258064516,-10.112903225806452
2023,10,20363,9E,12478,10821,JFK,BWI,70,0,0,0,70,0,8,1,-873.0,0.0,0.0,0.11428571428571428,0.014285714285714285,-12.471428571428572
2023,10,20363,9E,12478,11433,JFK,DTW,124,0,0,0,124,0,13,3,-1038.0,0.0,0.0,0.10483870967741936,0.024193548387096774,-8.370967741935484
2023,10,20363,9E,12953,15016,LGA,STL,83,0,0,0,83,0,12,2,-1136.0,0.0,0.0,0.14457831325301204,0.024096385542168676,-13.686746987951807
2023,10,20363,9E,15016,12953,STL,LGA,83,0,0,0,83,0,7,0,-895.0,0.0,0.0,0.08433734939759036,0.0,-10.783132530120483
2023,10,20368,G4,12889,13796,LAS,OAK,4,0,0,0,4,0,0,0,11.0,0.0,0.0,0.0,0.0,2.75
2023,10,20368,G4,13796,12889,OAK,LAS,4,0,0,0,4,0,1,1,111.0,0.0,0.0,0.25,0.25,27.75
2023,10,20397,OH,10397,11278,ATL,DCA,31,0,0,0,31,0,2,1,-302.0,0.0,0.0,0.06451612903225806,0.03225806451612903,-9.741935483870968
2023,10,20397,OH,11278,10397,DCA,ATL,31,0,0,0,31,0,4,1,-178.0,0.0,0.0,0.12903225806451613,0.03225806451612903,-5.741935483870968
2023,10,20397,OH,11278,11433,DCA,DTW,81,0,0,0,81,0,8,2,-869.0,0.0,0.0,0.09876543209876543,0.024691358024691357,-10.728395061728396
2023,10,20397,OH,11278,13487,DCA,MSP,31,0,0,0,31,0,4,2,-167.0,0.0,0.0,0.12903225806451613,0.06451612903225806,-5.387096774193548
2023,10,20397,OH,11278,14100,DCA,PHL,63,0,0,0,63,0,4,1,-661.0,0.0,0.0,0.06349206349206349,0.015873015873015872,-10.492063492063492
2023,10,20397,OH,11278,15016,DCA,STL,23,0,0,0,23,0,2,0,-178.0,0.0,0.0,0.08695652173913043,0.0,-7.739130434782608
2023,10,20397,OH,11433,11278,DTW,DCA,80,0,0,0,80,0,8,3,-1417.0,0.0,0.0,0.1,0.0375,-17.7125
2023,10,20397,OH,13487,11278,MSP,DCA,31,0,1,0,30,0,5,2,712.0,0.0,0.03225806451612903,0.16666666666666666,0.06666666666666667,23.733333333333334
2023,10,20397,OH,13487,14100,MSP,PHL,31,0,0,0,31,0,5,2,-47.0,0.0,0.0,0.16129032258064516,0.06451612903225806,-1.5161290322580645
2023,10,20397,OH,14100,11278,PHL,DCA,62,0,0,0,62,0,11,3,-234.0,0.0,0.0,0.1774193548387097,0.04838709677419355,-3.774193548387097
2023,10,20397,OH,14100,13487,PHL,MSP,31,0,0,0,31,0,1,0,-397.0,0.0,0.0,0.03225806451612903,0.0,-12.806451612903226
2023,10,20397,OH,15016,11278,STL,DCA,23,0,0,0,23,0,2,1,-159.0,0.0,0.0,0.08695652173913043,0.043478260869565216,-6.913043478260869
2023,10,20398,MQ,10397,11278,ATL,DCA,4,0,0,0,4,0,1,1,31.0,0.0,0.0,0.25,0.25,7.75
2023,10,20398,MQ,10397,13303,ATL,MIA,27,0,0,0,27,0,1,0,-314.0,0.0,0.0,0.037037037037037035,0.0,-11.62962962962963
2023,10,20398,MQ,10397,13930,ATL,ORD,23,1,0,0,22,0,7,0,248.0,0.043478260869565216,0.0,0.3181818181818182,0.0,11.272727272727273
2023,10,20398,MQ,10721,13930,BOS,ORD,31,0,0,0,31,0,2,0,-312.0,0.0,0.0,0.06451612903225806,0.0,-10.064516129032258
2023,10,20398,MQ,10721,15016,BOS,STL,58,0,0,0,58,0,6,2,-424.0,0.0,0.0,0.10344827586206896,0.034482758620689655,-7.310344827586207
2023,10,20398,MQ,10821,13930,BWI,ORD,29,0,0,0,29,0,4,2,-57.0,0.0,0.0,0.13793103448275862,0.06896551724137931,-1.9655172413793103
2023,10,20398,MQ,11278,10397,DCA,ATL,4,0,0,0,4,0,1,1,68.0,0.0,0.0,0.25,0.25,17.0
2023,10,20398,MQ,11278,13487,DCA,MSP,27,0,0,0,27,0,2,0,-296.0,0.0,0.0,0.07407407407407407,0.0,-10.962962962962964
2023,10,20398,MQ,11298,12266,DFW,IAH,117,0,0,0,117,0,19,4,83.0,0.0,0.0,0.1623931623931624,0.03418803418803419,0.7094017094017094
2023,10,20398,MQ,11298,15016,DFW,STL,35,0,0,0,35,0,2,0,-435.0,0.0,0.0,0.05714285714285714,0.0,-12.428571428571429
2023,10,20398,MQ,11618,13930,EWR,ORD,59,0,0,0,59,0,4,1,-656.0,0.0,0.0,0.06779661016949153,0.01694915254237288,-11.11864406779661
2023,10,20398,MQ,12266,11298,IAH,DFW,117,0,0,0,117,0,32,9,602.0,0.0,0.0,0.27350427350427353,0.07692307692307693,5.145299145299146
2023,10,20398,MQ,12266,13303,IAH,MIA,27,0,0,0,27,0,9,4,432.0,0.0,0.0,0.3333333333333333,0.14814814814814814,16.0
2023,10,20398,MQ,13303,10397,MIA,ATL,27,0,0,0,27,0,1,0,-53.0,0.0,0.0,0.037037037037037035,0.0,-1.962962962962963
2023,10,20398,MQ,13303,12266,MIA,IAH,27,0,0,0,27,0,7,3,258.0,0.0,0.0,0.25925925925925924,0.1111111111111111,9.555555555555555
2023,10,20398,MQ,13303,15304,MIA,TPA,81,1,0,0,80,0,11,5,491.0,0.012345679012345678,0.0,0.1375,0.0625,6.1375
2023,10,20398,MQ,13487,11278,MSP,DCA,27,0,0,0,27,0,1,0,-462.0,0.0,0.0,0.037037037037037035,0.0,-17.11111111111111
2023,10,20398,MQ,13930,10397,ORD,ATL,23,1,0,0,22,0,3,0,-10.0,0.043478260869565216,0.0,0.13636363636363635,0.0,-0.45454545454545453
2023,10,20398,MQ,13930,10721,ORD,BOS,31,0,0,0,31,0,5,0,-151.0,0.0,0.0,0.16129032258064516,0.0,-4.870967741935484
2023,10,20398,MQ,13930,10821,ORD,BWI,29,0,0,0,29,0,5,1,254.0,0.0,0.0,0.1724137931034483,0.034482758620689655,8.758620689655173
2023,10,20398,MQ,13930,11618,ORD,EWR,59,0,0,0,59,0,8,0,-22.0,0.0,0.0,0.13559322033898305,0.0,-0.3728813559322034
2023,10,20398,MQ,13930,15016,ORD,STL,76,0,0,0,76,0,17,3,323.0,0.0,0.0,0.2236842105263158,0.039473684210526314,4.25
2023,10,20398,MQ,14107,14747,PHX,SEA,31,0,0,0,31,0,6,0,-150.0,0.0,0.0,0.1935483870967742,0.0,-4.838709677419355
2023,10,20398,MQ,14747,14107,SEA,PHX,31,0,0,0,31,0,7,2,301.0,0.0,0.0,0.22580645161290322,0.06451612903225806,9.709677419354838
2023,10,20398,MQ,15016,10721,STL,BOS,58,0,0,0,58,0,13,2,229.0,0.0,0.0,0.22413793103448276,0.034482758620689655,3.9482758620689653
2023,10,20398,MQ,15016,11298,STL,DFW,35,0,0,0,35,0,2,1,-178.0,0.0,0.0,0.05714285714285714,0.02857142857142857,-5.085714285714285
2023,10,20398,MQ,15016,13930,STL,ORD,75,0,0,0,75,0,8,2,-355.0,0.0,0.0,0.10666666666666667,0.02666666666666667,-4.733333333333333
2023,10,20398,MQ,15304,13303,TPA,MIA,81,1,1,0,79,0,15,3,251.0,0.012345679012345678,0.012345679012345678,0.189873417721519,0.0379746835443038,3.1772151898734178
2023,10,20409,B6,10397,10721,ATL,BOS,90,0,0,0,90,0,16,7,838.0,0.0,0.0,0.17777777777777778,0.07777777777777778,9.311111111111112
2023,10,20409,B6,10397,11697,ATL,FLL,31,0,0,0,31,0,2,1,-39.0,0.0,0.0,0.06451612903225806,0.03225806451612903,-1.2580645161290323
2023,10,20409,B6,10397,12478,ATL,JFK,121,1,0,0,120,0,36,13,2216.0,0.008264462809917356,0.0,0.3,0.10833333333333334,18.466666666666665
2023,10,20409,B6,10397,12953,ATL,LGA,116,0,1,0,115,0,15,2,-585.0,0.0,0.008620689655172414,0.13043478260869565,0.017391304347826087,-5.086956521739131
2023,10,20409,B6,10721,10397,BOS,ATL,89,0,0,0,89,0,18,8,623.0,0.0,0.0,0.20224719101123595,0.0898876404494382,7.0
2023,10,20409,B6,10721,10821,BOS,BWI,62,0,0,0,62,0,8,1,-268.0,0.0,0.0,0.12903225806451613,0.016129032258064516,-4.32258064516129
2023,10,20409,B6,10721,11278,BOS,DCA,310,0,0,0,310,0,60,20,744.0,0.0,0.0,0.1935483870967742,0.06451612903225806,2.4
2023,10,20409,B6,10721,11292,BOS,DEN,59,0,0,0,59,0,15,8,335.0,0.0,0.0,0.2542372881355932,0.13559322033898305,5.677966101694915
2023,10,20409,B6,10721,11298,BOS,DFW,31,0,0,0,31,0,15,7,837.0,0.0,0.0,0.4838709677419355,0.22580645161290322,27.0
2023,10,20409,B6,10721,11433,BOS,DTW,91,0,0,0,91,0,17,5,575.0,0.0,0.0,0.18681318681318682,0.054945054945054944,6.318681318681318
2023,10,20409,B6,10721,11697,BOS,FLL,126,0,0,0,126,0,48,12,2611.0,0.0,0.0,0.38095238095238093,0.09523809523809523,20.72222222222222
2023,10,20409,B6,10721,12266,BOS,IAH,55,0,1,0,54,0,24,17,2015.0,0.0,0.01818181818181818,0.4444444444444444,0.3148148148148148,37.31481481481482
2023,10,20409,B6,10721,12478,BOS,JFK,196,0,0,0,196,0,38,10,740.0,0.0,0.0,0.19387755102040816,0.05102040816326531,3.7755102040816326
2023,10,20409,B6,10721,12889,BOS,LAS,93,0,1,0,92,0,31,8,765.0,0.0,0.010752688172043012,0.33695652173913043,0.08695652173913043,8.315217391304348
2023,10,20409,B6,10721,12892,BOS,LAX,139,0,1,0,138,0,44,16,2109.0,0.0,0.007194244604316547,0.3188405797101449,0.11594202898550725,15.282608695652174
2023,10,20409,B6,10721,12953,BOS,LGA,313,0,0,0,313,0,37,14,-1782.0,0.0,0.0,0.1182108626198083,0.04472843450479233,-5.693290734824281
2023,10,20409,B6,10721,13204,BOS,MCO,182,0,0,0,182,0,61,22,3452.0,0.0,0.0,0.33516483516483514,0.12087912087912088,18.967032967032967
2023,10,20409,B6,10721,13303,BOS,MIA,31,0,0,0,31,0,3,2,-113.0,0.0,0.0,0.0967741935483871,0.06451612903225806,-3.6451612903225805
2023,10,20409,B6,10721,13487,BOS,MSP,59,0,0,0,59,0,26,8,1378.0,0.0,0.0,0.4406779661016949,0.13559322033898305,23.35593220338983
2023,10,20409,B6,10721,13930,BOS,ORD,34,0,0,0,34,0,20,9,1205.0,0.0,0.0,0.5882352941176471,0.2647058823529412,35.44117647058823
2023,10,20409,B6,10721,14100,BOS,PHL,77,0,0,0,77,0,16,5,217.0,0.0,0.0,0.2077922077922078,0.06493506493506493,2.8181818181818183
2023,10,20409,B6,10721,14107,BOS,PHX,31,0,0,0,31,0,16,8,1040.0,0.0,0.0,0.5161290322580645,0.25806451612903225,33.54838709677419
2023,10,20409,B6,10721,14635,BOS,RSW,68,0,0,0,68,0,18,7,899.0,0.0,0.0,0.2647058823529412,0.10294117647058823,13.220588235294118
2023,10,20409,B6,10721,14679,BOS,SAN,85,0,4,0,81,0,32,7,1448.0,0.0,0.047058823529411764,0.3950617283950617,0.08641975308641975,17.876543209876544
2023,10,20409,B6,10721,14747,BOS,SEA,31,0,0,0,31,0,8,6,571.0,0.0,0.0,0.25806451612903225,0.1935483870967742,18.419354838709676
2023,10,20409,B6,10721,14771,BOS,SFO,170,0,0,0,170,0,47,16,1352.0,0.0,0.0,0.27647058823529413,0.09411764705882353,7.952941176470588
2023,10,20409,B6,10721,14869,BOS,SLC,31,0,0,0,31,0,12,3,606.0,0.0,0.0,0.3870967741935484,0.0967741935483871,19.548387096774192
2023,10,20409,B6,10721,15304,BOS,TPA,120,2,1,0,117,0,27,12,1518.0,0.016666666666666666,0.008333333333333333,0.23076923076923078,0.10256410256410256,12.974358974358974
2023,10,20409,B6,10821,10721,BWI,BOS,62,0,0,0,62,0,6,1,-221.0,0.0,0.0,0.0967741935483871,0.016129032258064516,-3.564516129032258
2023,10,20409,B6,11278,10721,DCA,BOS,311,0,0,0,311,0,60,23,1039.0,0.0,0.0,0.19292604501607716,0.07395498392282958,3.3408360128617365
2023,10,20409,B6,11278,11697,DCA,FLL,139,0,1,0,138,0,18,8,-546.0,0.0,0.007194244604316547,0.13043478260869565,0.057971014492753624,-3.9565217391304346
2023,10,20409,B6,11278,12478,DCA,JFK,93,0,0,0,93,0,18,5,355.0,0.0,0.0,0.1935483870967742,0.053763440860215055,3.817204301075269
2023,10,20409,B6,11278,13204,DCA,MCO,115,0,0,0,115,0,20,9,789.0,0.0,0.0,0.17391304347826086,0.0782608695652174,6.860869565217391
2023,10,20409,B6,11278,14635,DCA,RSW,31,0,0,0,31,0,3,2,-47.0,0.0,0.0,0.0967741935483871,0.06451612903225806,-1.5161290322580645
2023,10,20409,B6,11292,10721,DEN,BOS,59,0,0,0,59,0,18,6,440.0,0.0,0.0,0.3050847457627119,0.1016949152542373,7.4576271186440675
2023,10,20409,B6,11292,12478,DEN,JFK,31,1,0,0,30,0,16,8,1610.0,0.03225806451612903,0.0,0.5333333333333333,0.26666666666666666,53.666666666666664
2023,10,20409,B6,11292,12953,DEN,LGA,58,0,2,0,56,0,4,1,-440.0,0.0,0.034482758620689655,0.07142857142857142,0.017857142857142856,-7.857142857142857
2023,10,20409,B6,11298,10721,DFW,BOS,31,0,0,0,31,0,12,6,613.0,0.0,0.0,0.3870967741935484,0.1935483870967742,19.774193548387096
2023,10,20409,B6,11433,10721,DTW,BOS,91,0,0,0,91,0,15,7,476.0,0.0,0.0,0.16483516483516483,0.07692307692307693,5.230769230769231
2023,10,20409,B6,11433,12478,DTW,JFK,93,1,0,0,92,0,20,13,1167.0,0.010752688172043012,0.0,0.21739130434782608,0.14130434782608695,12.684782608695652
2023,10,20409,B6,11618,11697,EWR,FLL,64,0,0,0,64,0,3,1,-524.0,0.0,0.0,0.046875,0.015625,-8.1875
2023,10,20409,B6,11618,12892,EWR,LAX,115,0,0,0,115,0,21,5,-133.0,0.0,0.0,0.1826086956521739,0.043478260869565216,-1.1565217391304348
2023,10,20409,B6,11618,13204,EWR,MCO,117,0,0,0,117,0,18,9,922.0,0.0,0.0,0.15384615384615385,0.07692307692307693,7.880341880341881
2023,10,20409,B6,11618,13303,EWR,MIA,31,0,0,0,31,0,8,1,-82.0,0.0,0.0,0.25806451612903225,0.03225806451612903,-2.6451612903225805
2023,10,20409,B6,11618,14635,EWR,RSW,31,0,0,0,31,0,6,3,819.0,0.0,0.0,0.1935483870967742,0.0967741935483871,26.419354838709676
2023,10,20409,B6,11618,15304,EWR,TPA,31,0,0,0,31,0,4,1,-95.0,0.0,0.0,0.12903225806451613,0.03225806451612903,-3.064516129032258
2023,10,20409,B6,11697,10397,FLL,ATL,31,0,0,0,31,0,18,11,1567.0,0.0,0.0,0.5806451612903226,0.3548387096774194,50.54838709677419
2023,10,20409,B6,11697,10721,FLL,BOS,124,2,0,0,122,0,42,13,1008.0,0.016129032258064516,0.0,0.3442622950819672,0.10655737704918032,8.262295081967213
2023,10,20409,B6,11697,11278,FLL,DCA,139,0,0,0,139,0,35,13,989.0,0.0,0.0,0.2517985611510791,0.09352517985611511,7.115107913669065
2023,10,20409,B6,11697,11618,FLL,EWR,64,0,0,0,64,0,16,6,370.0,0.0,0.0,0.25,0.09375,5.78125
2023,10,20409,B6,11697,12478,FLL,JFK,155,0,1,0,154,0,56,23,3039.0,0.0,0.0064516129032258064,0.36363636363636365,0.14935064935064934,19.733766233766232
2023,10,20409,B6,11697,12889,FLL,LAS,31,2,0,0,29,0,11,7,1077.0,0.06451612903225806,0.0,0.3793103448275862,0.2413793103448276,37.13793103448276
2023,10,20409,B6,11697,12892,FLL,LAX,93,0,0,0,93,0,15,6,160.0,0.0,0.0,0.16129032258064516,0.06451612903225806,1.7204301075268817
2023,10,20409,B6,11697,12953,FLL,LGA,154,1,0,0,153,0,50,13,1372.0,0.006493506493506494,0.0,0.32679738562091504,0.08496732026143791,8.967320261437909
2023,10,20409,B6,11697,14679,FLL,SAN,31,0,1,0,30,0,13,3,506.0,0.0,0.03225806451612903,0.43333333333333335,0.1,16.866666666666667
2023,10,20409,B6,11697,14771,FLL,SFO,62,0,0,0,62,0,12,3,158.0,0.0,0.0,0.1935483870967742,0.04838709677419355,2.5483870967741935
2023,10,20409,B6,11697,14869,FLL,SLC,31,0,0,0,31,0,8,2,242.0,0.0,0.0,0.25806451612903225,0.06451612903225806,7.806451612903226
2023,10,20409,B6,12266,10721,IAH,BOS,55,0,1,0,54,0,25,18,8084.0,0.0,0.01818181818181818,0.46296296296296297,0.3333333333333333,149.7037037037037
2023,10,20409,B6,12266,12478,IAH,JFK,31,0,0,0,31,0,16,7,2126.0,0.0,0.0,0.5161290322580645,0.22580645161290322,68.58064516129032
2023,10,20409,B6,12478,10397,JFK,ATL,121,0,0,0,121,0,37,15,2059.0,0.0,0.0,0.30578512396694213,0.12396694214876033,17.016528925619834
2023,10,20409,B6,12478,10721,JFK,BOS,195,0,0,0,195,0,57,17,3094.0,0.0,0.0,0.2923076923076923,0.08717948717948718,15.866666666666667
2023,10,20409,B6,12478,11278,JFK,DCA,93,0,0,0,93,0,25,11,775.0,0.0,0.0,0.26881720430107525,0.11827956989247312,8.333333333333334
2023,10,20409,B6,12478,11292,JFK,DEN,31,0,0,0,31,0,15,8,814.0,0.0,0.0,0.4838709677419355,0.25806451612903225,26.258064516129032
2023,10,20409,B6,12478,11433,JFK,DTW,93,0,0,0,93,0,30,13,1304.0,0.0,0.0,0.3225806451612903,0.13978494623655913,14.021505376344086
2023,10,20409,B6,12478,11697,JFK,FLL,154,0,2,0,152,0,66,22,3649.0,0.0,0.012987012987012988,0.4342105263157895,0.14473684210526316,24.00657894736842
2023,10,20409,B6,12478,12266,JFK,IAH,31,0,0,0,31,0,17,5,993.0,0.0,0.0,0.5483870967741935,0.16129032258064516,32.03225806451613
2023,10,20409,B6,12478,12889,JFK,LAS,143,0,0,0,143,0,42,10,1654.0,0.0,0.0,0.2937062937062937,0.06993006993006994,11.566433566433567
2023,10,20409,B6,12478,12892,JFK,LAX,318,1,0,0,317,0,80,21,985.0,0.0031446540880503146,0.0,0.25236593059936907,0.06624605678233439,3.107255520504732
2023,10,20409,B6,12478,13204,JFK,MCO,220,1,0,0,219,0,73,35,4963.0,0.004545454545454545,0.0,0.3333333333333333,0.1598173515981735,22.662100456621005
2023,10,20409,B6,12478,13303,JFK,MIA,57,1,0,0,56,0,19,10,871.0,0.017543859649122806,0.0,0.3392857142857143,0.17857142857142858,15.553571428571429
2023,10,20409,B6,12478,13930,JFK,ORD,62,0,1,0,61,0,16,2,296.0,0.0,0.016129032258064516,0.26229508196721313,0.03278688524590164,4.852459016393443
2023,10,20409,B6,12478,14107,JFK,PHX,54,0,0,0,54,0,19,8,1229.0,0.0,0.0,0.35185185185185186,0.14814814814814814,22.75925925925926
2023,10,20409,B6,12478,14635,JFK,RSW,63,0,0,0,63,0,24,10,1106.0,0.0,0.0,0.38095238095238093,0.15873015873015872,17.555555555555557
2023,10,20409,B6,12478,14679,JFK,SAN,67,0,1,0,66,0,18,4,211.0,0.0,0.014925373134328358,0.2727272727272727,0.06060606060606061,3.196969696969697
2023,10,20409,B6,12478,14747,JFK,SEA,31,0,0,0,31,0,14,7,775.0,0.0,0.0,0.45161290322580644,0.22580645161290322,25.0
2023,10,20409,B6,12478,14771,JFK,SFO,178,0,0,0,178,0,47,15,964.0,0.0,0.0,0.2640449438202247,0.08426966292134831,5.415730337078652
2023,10,20409,B6,12478,14869,JFK,SLC,31,0,0,0,31,0,10,2,252.0,0.0,0.0,0.3225806451612903,0.06451612903225806,8.129032258064516
2023,10,20409,B6,12478,15304,JFK,TPA,87,0,0,0,87,0,42,21,3294.0,0.0,0.0,0.4827586206896552,0.2413793103448276,37.86206896551724
2023,10,20409,B6,12889,10721,LAS,BOS,93,0,0,0,93,0,32,10,2097.0,0.0,0.0,0.34408602150537637,0.10752688172043011,22.548387096774192
2023,10,20409,B6,12889,11697,LAS,FLL,31,1,0,0,30,0,10,8,1292.0,0.03225806451612903,0.0,0.3333333333333333,0.26666666666666666,43.06666666666667
2023,10,20409,B6,12889,12478,LAS,JFK,142,0,0,0,142,0,52,19,5931.0,0.0,0.0,0.36619718309859156,0.13380281690140844,41.767605633802816
2023,10,20409,B6,12889,12892,LAS,LAX,31,0,0,0,31,0,10,4,431.0,0.0,0.0,0.3225806451612903,0.12903225806451613,13.903225806451612
2023,10,20409,B6,12892,10721,LAX,BOS,139,0,0,0,139,0,29,13,758.0,0.0,0.0,0.20863309352517986,0.09352517985611511,5.453237410071942
2023,10,20409,B6,12892,11618,LAX,EWR,115,0,0,0,115,0,9,2,-1626.0,0.0,0.0,0.0782608695652174,0.017391304347826087,-14.139130434782608
2023,10,20409,B6,12892,11697,LAX,FLL,94,0,0,0,94,0,14,5,213.0,0.0,0.0,0.14893617021276595,0.05319148936170213,2.265957446808511
2023,10,20409,B6,12892,12478,LAX,JFK,316,0,0,0,316,0,77,21,1050.0,0.0,0.0,0.24367088607594936,0.06645569620253164,3.3227848101265822
2023,10,20409,B6,12892,12889,LAX,LAS,31,0,0,0,31,0,7,4,496.0,0.0,0.0,0.22580645161290322,0.12903225806451613,16.0
2023,10,20409,B6,12892,13204,LAX,MCO,31,0,0,0,31,0,4,1,138.0,0.0,0.0,0.12903225806451613,0.03225806451612903,4.451612903225806
2023,10,20409,B6,12892,13303,LAX,MIA,62,0,1,0,61,0,11,2,126.0,0.0,0.016129032258064516,0.18032786885245902,0.03278688524590164,2.0655737704918034
2023,10,20409,B6,12892,14747,LAX,SEA,56,0,0,0,56,0,17,2,558.0,0.0,0.0,0.30357142857142855,0.03571428571428571,9.964285714285714
2023,10,20409,B6,12892,14771,LAX,SFO,61,0,0,0,61,0,24,9,1439.0,0.0,0.0,0.39344262295081966,0.14754098360655737,23.59016393442623
2023,10,20409,B6,12892,14869,LAX,SLC,62,0,0,0,62,0,9,6,690.0,0.0,0.0,0.14516129032258066,0.0967741935483871,11.129032258064516
2023,10,20409,B6,12953,10397,LGA,ATL,116,0,0,0,116,0,22,9,227.0,0.0,0.0,0.1896551724137931,0.07758620689655173,1.956896551724138
2023,10,20409,B6,12953,10721,LGA,BOS,315,0,0,0,315,0,37,15,-2643.0,0.0,0.0,0.11746031746031746,0.047619047619047616,-8.39047619047619
2023,10,20409,B6,12953,11292,LGA,DEN,58,0,0,0,58,0,8,2,-437.0,0.0,0.0,0.13793103448275862,0.034482758620689655,-7.5344827586206895
2023,10,20409,B6,12953,11697,LGA,FLL,154,1,2,0,151,0,28,9,209.0,0.006493506493506494,0.012987012987012988,0.18543046357615894,0.059602649006622516,1.3841059602649006
2023,10,20409,B6,12953,13204,LGA,MCO,173,0,0,0,173,0,19,6,-1429.0,0.0,0.0,0.10982658959537572,0.03468208092485549,-8.260115606936417
2023,10,20409,B6,12953,14635,LGA,RSW,33,0,0,0,33,0,9,3,163.0,0.0,0.0,0.2727272727272727,0.09090909090909091,4.9393939393939394
2023,10,20409,B6,12953,15304,LGA,TPA,80,0,0,0,80,0,9,4,-652.0,0.0,0.0,0.1125,0.05,-8.15
2023,10,20409,B6,13204,10721,MCO,BOS,179,0,1,0,178,0,56,31,4542.0,0.0,0.00558659217877095,0.3146067415730337,0.17415730337078653,25.51685393258427
2023,10,20409,B6,13204,11278,MCO,DCA,115,0,1,0,114,0,27,11,815.0,0.0,0.008695652173913044,0.23684210526315788,0.09649122807017543,7.149122807017544
2023,10,20409,B6,13204,11618,MCO,EWR,116,0,0,0,116,0,24,7,314.0,0.0,0.0,0.20689655172413793,0.0603448275862069,2.706896551724138
2023,10,20409,B6,13204,12478,MCO,JFK,222,0,2,0,220,0,66,33,4473.0,0.0,0.009009009009009009,0.3,0.15,20.331818181818182
2023,10,20409,B6,13204,12892,MCO,LAX,31,0,0,0,31,0,8,1,88.0,0.0,0.0,0.25806451612903225,0.03225806451612903,2.838709677419355
2023,10,20409,B6,13204,12953,MCO,LGA,172,0,0,0,172,0,37,12,511.0,0.0,0.0,0.21511627906976744,0.06976744186046512,2.9709302325581395
2023,10,20409,B6,13204,14869,MCO,SLC,23,0,0,0,23,0,8,3,322.0,0.0,0.0,0.34782608695652173,0.13043478260869565,14.0
2023,10,20409,B6,13303,10721,MIA,BOS,31,0,0,0,31,0,9,2,1403.0,0.0,0.0,0.2903225806451613,0.06451612903225806,45.25806451612903
2023,10,20409,B6,13303,11618,MIA,EWR,31,0,0,0,31,0,9,1,12.0,0.0,0.0,0.2903225806451613,0.03225806451612903,0.3870967741935484
2023,10,20409,B6,13303,12478,MIA,JFK,57,1,0,0,56,0,20,9,1112.0,0.017543859649122806,0.0,0.35714285714285715,0.16071428571428573,19.857142857142858
2023,10,20409,B6,13303,12892,MIA,LAX,62,0,0,0,62,0,14,4,-31.0,0.0,0.0,0.22580645161290322,0.06451612903225806,-0.5
2023,10,20409,B6,13487,10721,MSP,BOS,59,0,0,0,59,0,23,11,2590.0,0.0,0.0,0.3898305084745763,0.1864406779661017,43.898305084745765
2023,10,20409,B6,13930,10721,ORD,BOS,34,0,0,0,34,0,21,15,1409.0,0.0,0.0,0.6176470588235294,0.4411764705882353,41.44117647058823
2023,10,20409,B6,13930,12478,ORD,JFK,62,0,0,0,62,0,12,4,116.0,0.0,0.0,0.1935483870967742,0.06451612903225806,1.8709677419354838
2023,10,20409,B6,14100,10721,PHL,BOS,76,0,1,0,75,0,13,4,432.0,0.0,0.013157894736842105,0.17333333333333334,0.05333333333333334,5.76
2023,10,20409,B6,14107,10721,PHX,BOS,31,0,0,0,31,0,19,10,2041.0,0.0,0.0,0.6129032258064516,0.3225806451612903,65.83870967741936
2023,10,20409,B6,14107,12478,PHX,JFK,54,0,0,0,54,0,18,10,3085.0,0.0,0.0,0.3333333333333333,0.18518518518518517,57.129629629629626
2023,10,20409,B6,14635,10721,RSW,BOS,67,0,0,0,67,0,18,7,849.0,0.0,0.0,0.26865671641791045,0.1044776119402985,12.671641791044776
2023,10,20409,B6,14635,11278,RSW,DCA,31,0,0,0,31,0,8,2,219.0,0.0,0.0,0.25806451612903225,0.06451612903225806,7.064516129032258
2023,10,20409,B6,14635,11618,RSW,EWR,31,0,0,0,31,0,8,4,550.0,0.0,0.0,0.25806451612903225,0.12903225806451613,17.741935483870968
2023,10,20409,B6,14635,12478,RSW,JFK,61,0,0,0,61,0,24,7,1015.0,0.0,0.0,0.39344262295081966,0.11475409836065574,16.639344262295083
2023,10,20409,B6,14635,12953,RSW,LGA,34,0,0,0,34,0,7,3,72.0,0.0,0.0,0.20588235294117646,0.08823529411764706,2.1176470588235294
2023,10,20409,B6,14679,10721,SAN,BOS,85,0,5,0,80,0,31,14,3394.0,0.0,0.058823529411764705,0.3875,0.175,42.425
2023,10,20409,B6,14679,11697,SAN,FLL,31,0,0,0,31,0,13,5,678.0,0.0,0.0,0.41935483870967744,0.16129032258064516,21.870967741935484
2023,10,20409,B6,14679,12478,SAN,JFK,68,0,0,0,68,0,29,9,2800.0,0.0,0.0,0.4264705882352941,0.1323529411764706,41.1764705882353
2023,10,20409,B6,14747,10721,SEA,BOS,31,0,0,0,31,0,7,4,759.0,0.0,0.0,0.22580645161290322,0.12903225806451613,24.483870967741936
2023,10,20409,B6,14747,12478,SEA,JFK,31,0,0,0,31,0,17,10,3826.0,0.0,0.0,0.5483870967741935,0.3225806451612903,123.41935483870968
2023,10,20409,B6,14747,12892,SEA,LAX,56,0,0,0,56,0,14,3,827.0,0.0,0.0,0.25,0.05357142857142857,14.767857142857142
2023,10,20409,B6,14771,10721,SFO,BOS,170,0,1,0,169,0,34,17,658.0,0.0,0.0058823529411764705,0.20118343195266272,0.10059171597633136,3.893491124260355
2023,10,20409,B6,14771,11697,SFO,FLL,62,0,0,0,62,0,10,2,-11.0,0.0,0.0,0.16129032258064516,0.03225806451612903,-0.1774193548387097
2023,10,20409,B6,14771,12478,SFO,JFK,177,0,0,0,177,0,28,4,-741.0,0.0,0.0,0.15819209039548024,0.022598870056497175,-4.186440677966102
2023,10,20409,B6,14771,12892,SFO,LAX,62,0,0,0,62,0,11,5,325.0,0.0,0.0,0.1774193548387097,0.08064516129032258,5.241935483870968
2023,10,20409,B6,14869,10721,SLC,BOS,31,0,0,0,31,0,12,2,42.0,0.0,0.0,0.3870967741935484,0.06451612903225806,1.3548387096774193
2023,10,20409,B6,14869,11697,SLC,FLL,31,0,0,0,31,0,2,0,-287.0,0.0,0.0,0.06451612903225806,0.0,-9.258064516129032
2023,10,20409,B6,14869,12478,SLC,JFK,31,0,0,0,31,0,10,5,456.0,0.0,0.0,0.3225806451612903,0.16129032258064516,14.709677419354838
2023,10,20409,B6,14869,12892,SLC,LAX,62,0,0,0,62,0,11,7,698.0,0.0,0.0,0.1774193548387097,0.11290322580645161,11.258064516129032
2023,10,20409,B6,14869,13204,SLC,MCO,23,0,0,0,23,0,6,3,416.0,0.0,0.0,0.2608695652173913,0.13043478260869565,18.08695652173913
2023,10,20409,B6,15304,10721,TPA,BOS,120,2,1,0,117,0,26,13,914.0,0.016666666666666666,0.008333333333333333,0.2222222222222222,0.1111111111111111,7.811965811965812
2023,10,20409,B6,15304,11618,TPA,EWR,31,0,0,0,31,0,4,3,181.0,0.0,0.0,0.12903225806451613,0.0967741935483871,5.838709677419355
2023,10,20409,B6,15304,12478,TPA,JFK,87,0,0,0,87,0,29,11,2312.0,0.0,0.0,0.3333333333333333,0.12643678160919541,26.57471264367816
2023,10,20409,B6,15304,12953,TPA,LGA,81,0,0,0,81,0,14,9,780.0,0.0,0.0,0.1728395061728395,0.1111111111111111,9.62962962962963
2023,10,20416,NK,10397,10721,ATL,BOS,31,0,0,0,31,0,5,1,-41.0,0.0,0.0,0.16129032258064516,0.03225806451612903,-1.3225806451612903
2023,10,20416,NK,10397,10821,ATL,BWI,59,0,0,0,59,0,13,4,311.0,0.0,0.0,0.22033898305084745,0.06779661016949153,5.271186440677966
2023,10,20416,NK,10397,11298,ATL,DFW,31,0,0,0,31,0,5,2,382.0,0.0,0.0,0.16129032258064516,0.06451612903225806,12.32258064516129
2023,10,20416,NK,10397,11433,ATL,DTW,121,0,0,0,121,0,19,6,805.0,0.0,0.0,0.15702479338842976,0.049586776859504134,6.652892561983471
2023,10,20416,NK,10397,11618,ATL,EWR,35,0,0,0,35,0,1,1,-322.0,0.0,0.0,0.02857142857142857,0.02857142857142857,-9.2
2023,10,20416,NK,10397,11697,ATL,FLL,154,0,0,0,154,0,26,7,192.0,0.0,0.0,0.16883116883116883,0.045454545454545456,1.2467532467532467
2023,10,20416,NK,10397,12266,ATL,IAH,33,0,0,0,33,0,8,2,323.0,0.0,0.0,0.24242424242424243,0.06060606060606061,9.787878787878787
2023,10,20416,NK,10397,12889,ATL,LAS,87,3,0,0,84,0,24,7,872.0,0.034482758620689655,0.0,0.2857142857142857,0.08333333333333333,10.380952380952381
2023,10,20416,NK,10397,12892,ATL,LAX,92,4,0,0,88,0,11,3,-81.0,0.043478260869565216,0.0,0.125,0.03409090909090909,-0.9204545454545454
2023,10,20416,NK,10397,13204,ATL,MCO,92,4,0,0,88,0,13,3,179.0,0.043478260869565216,0.0,0.14772727272727273,0.03409090909090909,2.034090909090909
2023,10,20416,NK,10397,13303,ATL,MIA,33,0,0,0,33,0,6,4,278.0,0.0,0.0,0.18181818181818182,0.12121212121212122,8.424242424242424
2023,10,20416,NK,10397,13487,ATL,MSP,59,1,1,0,57,0,5,3,30.0,0.01694915254237288,0.01694915254237288,0.08771929824561403,0.05263157894736842,0.5263157894736842
2023,10,20416,NK,10397,13930,ATL,ORD,59,3,0,0,56,0,14,5,1189.0,0.05084745762711865,0.0,0.25,0.08928571428571429,21.232142857142858
2023,10,20416,NK,10397,14100,ATL,PHL,31,0,0,0,31,0,4,1,224.0,0.0,0.0,0.12903225806451613,0.03225806451612903,7.225806451612903
2023,10,20416,NK,10397,15304,ATL,TPA,31,0,0,0,31,0,5,4,350.0,0.0,0.0,0.16129032258064516,0.12903225806451613,11.290322580645162
2023,10,20416,NK,10721,10397,BOS,ATL,31,0,0,0,31,0,6,2,-33.0,0.0,0.0,0.1935483870967742,0.06451612903225806,-1.064516129032258
2023,10,20416,NK,10721,11298,BOS,DFW,29,0,0,0,29,0,12,4,1756.0,0.0,0.0,0.41379310344827586,0.13793103448275862,60.55172413793103
2023,10,20416,NK,10721,11697,BOS,FLL,62,0,0,0,62,0,12,4,414.0,0.0,0.0,0.1935483870967742,0.06451612903225806,6.67741935483871
2023,10,20416,NK,10721,12889,BOS,LAS,31,0,0,0,31,0,13,4,409.0,0.0,0.0,0.41935483870967744,0.12903225806451613,13.193548387096774
2023,10,20416,NK,10721,13204,BOS,MCO,111,1,0,0,110,0,46,12,2622.0,0.009009009009009009,0.0,0.41818181818181815,0.10909090909090909,23.836363636363636
2023,10,20416,NK,10721,13303,BOS,MIA,31,1,0,0,30,0,9,2,375.0,0.03225806451612903,0.0,0.3,0.06666666666666667,12.5
2023,10,20416,NK,10721,15304,BOS,TPA,27,0,0,0,27,0,9,5,610.0,0.0,0.0,0.3333333333333333,0.18518518518518517,22.59259259259259
2023,10,20416,NK,10821,10397,BWI,ATL,59,0,0,0,59,0,7,2,-430.0,0.0,0.0,0.11864406779661017,0.03389830508474576,-7.288135593220339
2023,10,20416,NK,10821,11298,BWI,DFW,31,0,0,0,31,0,7,1,111.0,0.0,0.0,0.22580645161290322,0.03225806451612903,3.5806451612903225
2023,10,20416,NK,10821,11697,BWI,FLL,90,1,0,0,89,0,9,3,-388.0,0.011111111111111112,0.0,0.10112359550561797,0.033707865168539325,-4.359550561797753
2023,10,20416,NK,10821,12266,BWI,IAH,32,2,0,0,30,0,2,0,-334.0,0.0625,0.0,0.06666666666666667,0.0,-11.133333333333333
2023,10,20416,NK,10821,12889,BWI,LAS,31,0,0,0,31,0,8,2,-48.0,0.0,0.0,0.25806451612903225,0.06451612903225806,-1.5483870967741935
2023,10,20416,NK,10821,12892,BWI,LAX,60,3,0,0,57,0,13,5,1018.0,0.05,0.0,0.22807017543859648,0.08771929824561403,17.859649122807017
2023,10,20416,NK,10821,13204,BWI,MCO,90,0,0,0,90,0,16,6,75.0,0.0,0.0,0.17777777777777778,0.06666666666666667,0.8333333333333334
2023,10,20416,NK,10821,13303,BWI,MIA,31,3,0,0,28,0,6,2,59.0,0.0967741935483871,0.0,0.21428571428571427,0.07142857142857142,2.107142857142857
2023,10,20416,NK,10821,15304,BWI,TPA,31,0,1,0,30,0,1,0,-347.0,0.0,0.03225806451612903,0.03333333333333333,0.0,-11.566666666666666
2023,10,20416,NK,11292,11697,DEN,FLL,31,0,0,0,31,0,5,3,562.0,0.0,0.0,0.16129032258064516,0.0967741935483871,18.129032258064516
2023,10,20416,NK,11292,12889,DEN,LAS,66,2,0,0,64,0,18,7,687.0,0.030303030303030304,0.0,0.28125,0.109375,10.734375
2023,10,20416,NK,11292,13303,DEN,MIA,27,0,0,0,27,0,6,1,238.0,0.0,0.0,0.2222222222222222,0.037037037037037035,8.814814814814815
2023,10,20416,NK,11298,10397,DFW,ATL,31,0,0,0,31,0,5,1,176.0,0.0,0.0,0.16129032258064516,0.03225806451612903,5.67741935483871
2023,10,20416,NK,11298,10721,DFW,BOS,31,0,0,0,31,0,7,1,-101.0,0.0,0.0,0.22580645161290322,0.03225806451612903,-3.2580645161290325
2023,10,20416,NK,11298,10821,DFW,BWI,31,0,0,0,31,0,6,2,87.0,0.0,0.0,0.1935483870967742,0.06451612903225806,2.806451612903226
2023,10,20416,NK,11298,11433,DFW,DTW,58,1,0,0,57,0,22,2,614.0,0.017241379310344827,0.0,0.38596491228070173,0.03508771929824561,10.771929824561404
2023,10,20416,NK,11298,11618,DFW,EWR,27,1,0,0,26,0,3,1,33.0,0.037037037037037035,0.0,0.11538461538461539,0.038461538461538464,1.2692307692307692
2023,10,20416,NK,11298,11697,DFW,FLL,95,2,0,0,93,0,20,7,1125.0,0.021052631578947368,0.0,0.21505376344086022,0.07526881720430108,12.096774193548388
2023,10,20416,NK,11298,12889,DFW,LAS,121,2,0,0,119,0,28,5,934.0,0.01652892561983471,0.0,0.23529411764705882,0.04201680672268908,7.848739495798319
2023,10,20416,NK,11298,12892,DFW,LAX,95,0,0,0,95,0,23,5,940.0,0.0,0.0,0.24210526315789474,0.05263157894736842,9.894736842105264
2023,10,20416,NK,11298,12953,DFW,LGA,31,1,0,0,30,0,1,0,-696.0,0.03225806451612903,0.0,0.03333333333333333,0.0,-23.2
2023,10,20416,NK,11298,13204,DFW,MCO,91,5,0,0,86,0,18,4,63.0,0.054945054945054944,0.0,0.20930232558139536,0.046511627906976744,0.7325581395348837
2023,10,20416,NK,11298,13303,DFW,MIA,57,1,0,0,56,0,13,3,152.0,0.017543859649122806,0.0,0.23214285714285715,0.05357142857142857,2.7142857142857144
2023,10,20416,NK,11298,13796,DFW,OAK,31,0,0,0,31,0,5,2,123.0,0.0,0.0,0.16129032258064516,0.06451612903225806,3.967741935483871
2023,10,20416,NK,11298,13930,DFW,ORD,33,2,0,0,31,0,2,0,-281.0,0.06060606060606061,0.0,0.06451612903225806,0.0,-9.064516129032258
2023,10,20416,NK,11298,14107,DFW,PHX,28,1,0,0,27,0,8,2,404.0,0.03571428571428571,0.0,0.2962962962962963,0.07407407407407407,14.962962962962964
2023,10,20416,NK,11298,15304,DFW,TPA,27,1,0,0,26,0,9,2,344.0,0.037037037037037035,0.0,0.34615384615384615,0.07692307692307693,13.23076923076923
2023,10,20416,NK,11433,10397,DTW,ATL,121,0,0,0,121,0,18,3,25.0,0.0,0.0,0.1487603305785124,0.024793388429752067,0.2066115702479339
2023,10,20416,NK,11433,11298,DTW,DFW,58,1,0,0,57,0,15,0,-122.0,0.017241379310344827,0.0,0.2631578947368421,0.0,-2.1403508771929824
2023,10,20416,NK,11433,11618,DTW,EWR,31,0,0,0,31,0,0,0,-579.0,0.0,0.0,0.0,0.0,-18.677419354838708
2023,10,20416,NK,11433,11697,DTW,FLL,88,0,0,0,88,0,9,2,-666.0,0.0,0.0,0.10227272727272728,0.022727272727272728,-7.568181818181818
2023,10,20416,NK,11433,12266,DTW,IAH,56,3,0,0,53,0,8,2,220.0,0.05357142857142857,0.0,0.1509433962264151,0.03773584905660377,4.150943396226415
2023,10,20416,NK,11433,12889,DTW,LAS,123,1,0,0,122,0,15,4,-695.0,0.008130081300813009,0.0,0.12295081967213115,0.03278688524590164,-5.69672131147541
2023,10,20416,NK,11433,12892,DTW,LAX,89,0,0,0,89,0,11,3,-775.0,0.0,0.0,0.12359550561797752,0.033707865168539325,-8.707865168539326
2023,10,20416,NK,11433,12953,DTW,LGA,93,0,0,0,93,0,14,4,-253.0,0.0,0.0,0.15053763440860216,0.043010752688172046,-2.7204301075268815
2023,10,20416,NK,11433,13204,DTW,MCO,140,4,0,0,136,0,12,3,-1056.0,0.02857142857142857,0.0,0.08823529411764706,0.022058823529411766,-7.764705882352941
2023,10,20416,NK,11433,13303,DTW,MIA,30,4,0,0,26,0,4,1,19.0,0.13333333333333333,0.0,0.15384615384615385,0.038461538461538464,0.7307692307692307
2023,10,20416,NK,11433,13487,DTW,MSP,31,0,0,0,31,0,2,0,-289.0,0.0,0.0,0.06451612903225806,0.0,-9.32258064516129
2023,10,20416,NK,11433,14100,DTW,PHL,33,0,0,0,33,0,0,0,-547.0,0.0,0.0,0.0,0.0,-16.575757575757574
2023,10,20416,NK,11433,14635,DTW,RSW,59,0,1,0,58,0,6,1,-354.0,0.0,0.01694915254237288,0.10344827586206896,0.017241379310344827,-6.103448275862069
2023,10,20416,NK,11433,15304,DTW,TPA,90,0,0,0,90,0,12,6,53.0,0.0,0.0,0.13333333333333333,0.06666666666666667,0.5888888888888889
2023,10,20416,NK,11618,10397,EWR,ATL,35,0,0,0,35,0,3,1,-159.0,0.0,0.0,0.08571428571428572,0.02857142857142857,-4.542857142857143
2023,10,20416,NK,11618,11298,EWR,DFW,27,1,0,0,26,0,4,1,90.0,0.037037037037037035,0.0,0.15384615384615385,0.038461538461538464,3.4615384615384617
2023,10,20416,NK,11618,11433,EWR,DTW,31,0,0,0,31,0,1,0,-433.0,0.0,0.0,0.03225806451612903,0.0,-13.96774193548387
2023,10,20416,NK,11618,11697,EWR,FLL,126,0,1,0,125,0,20,9,-118.0,0.0,0.007936507936507936,0.16,0.072,-0.944
2023,10,20416,NK,11618,12266,EWR,IAH,31,0,0,0,31,0,1,0,-493.0,0.0,0.0,0.03225806451612903,0.0,-15.903225806451612
2023,10,20416,NK,11618,12889,EWR,LAS,57,0,0,0,57,0,17,6,528.0,0.0,0.0,0.2982456140350877,0.10526315789473684,9.263157894736842
2023,10,20416,NK,11618,12892,EWR,LAX,59,0,0,0,59,0,11,4,164.0,0.0,0.0,0.1864406779661017,0.06779661016949153,2.7796610169491527
2023,10,20416,NK,11618,13204,EWR,MCO,152,5,0,0,147,0,18,7,-910.0,0.03289473684210526,0.0,0.12244897959183673,0.047619047619047616,-6.190476190476191
2023,10,20416,NK,11618,13303,EWR,MIA,61,1,0,0,60,0,7,2,-718.0,0.01639344262295082,0.0,0.11666666666666667,0.03333333333333333,-11.966666666666667
2023,10,20416,NK,11618,13796,EWR,OAK,29,0,0,0,29,0,4,0,-237.0,0.0,0.0,0.13793103448275862,0.0,-8.172413793103448
2023,10,20416,NK,11618,14107,EWR,PHX,31,0,0,0,31,0,3,2,104.0,0.0,0.0,0.0967741935483871,0.06451612903225806,3.3548387096774195
2023,10,20416,NK,11697,10397,FLL,ATL,154,0,0,0,154,0,43,10,1374.0,0.0,0.0,0.2792207792207792,0.06493506493506493,8.922077922077921
2023,10,20416,NK,11697,10721,FLL,BOS,61,0,0,0,61,0,24,6,992.0,0.0,0.0,0.39344262295081966,0.09836065573770492,16.262295081967213
2023,10,20416,NK,11697,10821,FLL,BWI,90,0,0,0,90,0,19,2,105.0,0.0,0.0,0.2111111111111111,0.022222222222222223,1.1666666666666667
2023,10,20416,NK,11697,11292,FLL,DEN,32,0,0,0,32,0,11,1,299.0,0.0,0.0,0.34375,0.03125,9.34375
2023,10,20416,NK,11697,11298,FLL,DFW,97,2,1,0,94,0,38,7,1645.0,0.020618556701030927,0.010309278350515464,0.40425531914893614,0.07446808510638298,17.5
2023,10,20416,NK,11697,11433,FLL,DTW,89,0,0,0,89,0,14,4,124.0,0.0,0.0,0.15730337078651685,0.0449438202247191,1.3932584269662922
2023,10,20416,NK,11697,11618,FLL,EWR,126,0,0,0,126,0,14,5,-707.0,0.0,0.0,0.1111111111111111,0.03968253968253968,-5.611111111111111
2023,10,20416,NK,11697,12266,FLL,IAH,93,0,0,0,93,0,31,9,1075.0,0.0,0.0,0.3333333333333333,0.0967741935483871,11.559139784946236
2023,10,20416,NK,11697,12889,FLL,LAS,31,0,0,0,31,0,23,5,1002.0,0.0,0.0,0.7419354838709677,0.16129032258064516,32.32258064516129
2023,10,20416,NK,11697,12892,FLL,LAX,31,0,0,0,31,0,11,3,377.0,0.0,0.0,0.3548387096774194,0.0967741935483871,12.161290322580646
2023,10,20416,NK,11697,12953,FLL,LGA,120,3,0,0,117,0,21,6,-45.0,0.025,0.0,0.1794871794871795,0.05128205128205128,-0.38461538461538464
2023,10,20416,NK,11697,13204,FLL,MCO,65,0,0,0,65,0,21,8,1002.0,0.0,0.0,0.3230769230769231,0.12307692307692308,15.415384615384616
2023,10,20416,NK,11697,13930,FLL,ORD,119,0,0,0,119,0,36,12,1635.0,0.0,0.0,0.3025210084033613,0.10084033613445378,13.739495798319327
2023,10,20416,NK,11697,14100,FLL,PHL,65,0,0,0,65,0,20,5,755.0,0.0,0.0,0.3076923076923077,0.07692307692307693,11.615384615384615
2023,10,20416,NK,11697,14107,FLL,PHX,28,0,0,0,28,0,11,4,579.0,0.0,0.0,0.39285714285714285,0.14285714285714285,20.678571428571427
2023,10,20416,NK,11697,15304,FLL,TPA,62,1,0,0,61,0,17,7,679.0,0.016129032258064516,0.0,0.2786885245901639,0.11475409836065574,11.131147540983607
2023,10,20416,NK,12266,10397,IAH,ATL,33,0,0,0,33,0,6,1,111.0,0.0,0.0,0.18181818181818182,0.030303030303030304,3.3636363636363638
2023,10,20416,NK,12266,10821,IAH,BWI,31,2,0,0,29,0,1,0,-361.0,0.06451612903225806,0.0,0.034482758620689655,0.0,-12.448275862068966
2023,10,20416,NK,12266,11433,IAH,DTW,57,3,0,0,54,0,1,1,275.0,0.05263157894736842,0.0,0.018518518518518517,0.018518518518518517,5.092592592592593
2023,10,20416,NK,12266,11618,IAH,EWR,30,0,0,0,30,0,4,2,36.0,0.0,0.0,0.13333333333333333,0.06666666666666667,1.2
2023,10,20416,NK,12266,11697,IAH,FLL,94,0,0,0,94,0,24,8,682.0,0.0,0.0,0.2553191489361702,0.0851063829787234,7.25531914893617
2023,10,20416,NK,12266,12889,IAH,LAS,93,0,0,0,93,0,21,2,669.0,0.0,0.0,0.22580645161290322,0.021505376344086023,7.193548387096774
2023,10,20416,NK,12266,12892,IAH,LAX,66,0,0,0,66,0,5,1,-504.0,0.0,0.0,0.07575757575757576,0.015151515151515152,-7.636363636363637
2023,10,20416,NK,12266,12953,IAH,LGA,31,2,0,0,29,0,2,1,-466.0,0.06451612903225806,0.0,0.06896551724137931,0.034482758620689655,-16.06896551724138
2023,10,20416,NK,12266,13204,IAH,MCO,91,6,0,0,85,0,13,5,-61.0,0.06593406593406594,0.0,0.15294117647058825,0.058823529411764705,-0.7176470588235294
2023,10,20416,NK,12266,13303,IAH,MIA,31,3,0,0,28,0,10,4,999.0,0.0967741935483871,0.0,0.35714285714285715,0.14285714285714285,35.67857142857143
2023,10,20416,NK,12266,13930,IAH,ORD,31,4,0,0,27,0,8,2,330.0,0.12903225806451613,0.0,0.2962962962962963,0.07407407407407407,12.222222222222221
2023,10,20416,NK,12266,14100,IAH,PHL,22,0,0,0,22,0,3,1,-10.0,0.0,0.0,0.13636363636363635,0.045454545454545456,-0.45454545454545453
2023,10,20416,NK,12889,10397,LAS,ATL,86,4,0,0,82,0,11,2,-405.0,0.046511627906976744,0.0,0.13414634146341464,0.024390243902439025,-4.939024390243903
2023,10,20416,NK,12889,10721,LAS,BOS,31,0,0,0,31,0,7,2,203.0,0.0,0.0,0.22580645161290322,0.06451612903225806,6.548387096774194
2023,10,20416,NK,12889,10821,LAS,BWI,30,1,0,0,29,0,3,0,-264.0,0.03333333333333333,0.0,0.10344827586206896,0.0,-9.10344827586207
2023,10,20416,NK,12889,11292,LAS,DEN,66,2,0,0,64,0,20,5,894.0,0.030303030303030304,0.0,0.3125,0.078125,13.96875
2023,10,20416,NK,12889,11298,LAS,DFW,121,1,0,0,120,0,36,6,560.0,0.008264462809917356,0.0,0.3,0.05,4.666666666666667
2023,10,20416,NK,12889,11433,LAS,DTW,121,1,0,0,120,0,32,10,1188.0,0.008264462809917356,0.0,0.26666666666666666,0.08333333333333333,9.9
2023,10,20416,NK,12889,11618,LAS,EWR,58,1,0,0,57,0,9,2,-587.0,0.017241379310344827,0.0,0.15789473684210525,0.03508771929824561,-10.298245614035087
2023,10,20416,NK,12889,11697,LAS,FLL,31,0,0,0,31,0,9,2,182.0,0.0,0.0,0.2903225806451613,0.06451612903225806,5.870967741935484
2023,10,20416,NK,12889,12266,LAS,IAH,92,1,0,0,91,0,21,7,694.0,0.010869565217391304,0.0,0.23076923076923078,0.07692307692307693,7.626373626373627
2023,10,20416,NK,12889,12892,LAS,LAX,137,3,0,0,134,0,27,7,293.0,0.021897810218978103,0.0,0.20149253731343283,0.05223880597014925,2.1865671641791047
2023,10,20416,NK,12889,13204,LAS,MCO,55,0,0,0,55,0,17,5,585.0,0.0,0.0,0.3090909090909091,0.09090909090909091,10.636363636363637
2023,10,20416,NK,12889,13303,LAS,MIA,31,0,0,0,31,0,5,0,-315.0,0.0,0.0,0.16129032258064516,0.0,-10.161290322580646
2023,10,20416,NK,12889,13487,LAS,MSP,31,0,0,0,31,0,7,0,84.0,0.0,0.0,0.22580645161290322,0.0,2.7096774193548385
2023,10,20416,NK,12889,13796,LAS,OAK,94,0,0,0,94,0,20,2,121.0,0.0,0.0,0.2127659574468085,0.02127659574468085,1.2872340425531914
2023,10,20416,NK,12889,13930,LAS,ORD,94,1,0,0,93,0,17,3,-382.0,0.010638297872340425,0.0,0.1827956989247312,0.03225806451612903,-4.10752688172043
2023,10,20416,NK,12889,14100,LAS,PHL,31,0,0,0,31,0,6,0,-143.0,0.0,0.0,0.1935483870967742,0.0,-4.612903225806452
2023,10,20416,NK,12889,14107,LAS,PHX,57,2,0,0,55,0,12,7,621.0,0.03508771929824561,0.0,0.21818181818181817,0.12727272727272726,11.290909090909091
2023,10,20416,NK,12889,14679,LAS,SAN,128,1,1,0,126,0,26,7,1085.0,0.0078125,0.0078125,0.20634920634920634,0.05555555555555555,8.61111111111111
2023,10,20416,NK,12889,14747,LAS,SEA,83,0,0,0,83,0,11,3,598.0,0.0,0.0,0.13253012048192772,0.03614457831325301,7.204819277108434
2023,10,20416,NK,12889,14869,LAS,SLC,61,0,1,0,60,0,11,3,371.0,0.0,0.01639344262295082,0.18333333333333332,0.05,6.183333333333334
2023,10,20416,NK,12889,15304,LAS,TPA,31,0,0,0,31,0,5,3,16.0,0.0,0.0,0.16129032258064516,0.0967741935483871,0.5161290322580645
2023,10,20416,NK,12892,10397,LAX,ATL,92,2,0,0,90,0,12,2,-509.0,0.021739130434782608,0.0,0.13333333333333333,0.022222222222222223,-5.655555555555556
2023,10,20416,NK,12892,10821,LAX,BWI,60,4,0,0,56,0,10,2,832.0,0.06666666666666667,0.0,0.17857142857142858,0.03571428571428571,14.857142857142858
2023,10,20416,NK,12892,11298,LAX,DFW,94,1,1,0,92,0,16,3,-324.0,0.010638297872340425,0.010638297872340425,0.17391304347826086,0.03260869565217391,-3.5217391304347827
2023,10,20416,NK,12892,11433,LAX,DTW,90,0,0,0,90,0,7,2,-1360.0,0.0,0.0,0.07777777777777778,0.022222222222222223,-15.11111111111111
2023,10,20416,NK,12892,11618,LAX,EWR,58,0,0,0,58,0,7,5,-572.0,0.0,0.0,0.1206896551724138,0.08620689655172414,-9.862068965517242
2023,10,20416,NK,12892,11697,LAX,FLL,31,0,0,0,31,0,2,2,-319.0,0.0,0.0,0.06451612903225806,0.06451612903225806,-10.290322580645162
2023,10,20416,NK,12892,12266,LAX,IAH,66,1,0,0,65,0,7,2,-280.0,0.015151515151515152,0.0,0.1076923076923077,0.03076923076923077,-4.3076923076923075
2023,10,20416,NK,12892,12889,LAX,LAS,137,3,0,0,134,0,17,6,-607.0,0.021897810218978103,0.0,0.12686567164179105,0.04477611940298507,-4.529850746268656
2023,10,20416,NK,12892,13796,LAX,OAK,32,0,0,0,32,0,7,1,-33.0,0.0,0.0,0.21875,0.03125,-1.03125
2023,10,20416,NK,12892,13930,LAX,ORD,66,0,0,0,66,0,11,3,-453.0,0.0,0.0,0.16666666666666666,0.045454545454545456,-6.863636363636363
2023,10,20416,NK,12892,14100,LAX,PHL,31,0,0,0,31,0,3,2,-233.0,0.0,0.0,0.0967741935483871,0.06451612903225806,-7.516129032258065
2023,10,20416,NK,12892,14869,LAX,SLC,31,0,0,0,31,0,6,2,-28.0,0.0,0.0,0.1935483870967742,0.06451612903225806,-0.9032258064516129
2023,10,20416,NK,12953,11298,LGA,DFW,31,0,1,0,30,0,6,1,-212.0,0.0,0.03225806451612903,0.2,0.03333333333333333,-7.066666666666666
2023,10,20416,NK,12953,11433,LGA,DTW,93,0,0,0,93,0,8,1,-1202.0,0.0,0.0,0.08602150537634409,0.010752688172043012,-12.924731182795698
2023,10,20416,NK,12953,11697,LGA,FLL,120,3,0,0,117,0,20,7,-336.0,0.025,0.0,0.17094017094017094,0.05982905982905983,-2.871794871794872
2023,10,20416,NK,12953,12266,LGA,IAH,31,2,0,0,29,0,6,0,-151.0,0.06451612903225806,0.0,0.20689655172413793,0.0,-5.206896551724138
2023,10,20416,NK,12953,13204,LGA,MCO,93,1,0,0,92,0,6,1,-1288.0,0.010752688172043012,0.0,0.06521739130434782,0.010869565217391304,-14.0
2023,10,20416,NK,12953,13303,LGA,MIA,31,0,0,0,31,0,2,1,-433.0,0.0,0.0,0.06451612903225806,0.03225806451612903,-13.96774193548387
2023,10,20416,NK,13204,10397,MCO,ATL,92,4,0,0,88,0,20,8,856.0,0.043478260869565216,0.0,0.22727272727272727,0.09090909090909091,9.727272727272727
2023,10,20416,NK,13204,10721,MCO,BOS,111,1,0,0,110,0,36,9,1723.0,0.009009009009009009,0.0,0.32727272727272727,0.08181818181818182,15.663636363636364
2023,10,20416,NK,13204,10821,MCO,BWI,91,0,0,0,91,0,25,9,1039.0,0.0,0.0,0.27472527472527475,0.0989010989010989,11.417582417582418
2023,10,20416,NK,13204,11298,MCO,DFW,91,6,0,0,85,0,19,8,1166.0,0.06593406593406594,0.0,0.2235294117647059,0.09411764705882353,13.717647058823529
2023,10,20416,NK,13204,11433,MCO,DTW,140,3,0,0,137,0,30,9,1036.0,0.02142857142857143,0.0,0.21897810218978103,0.06569343065693431,7.562043795620438
2023,10,20416,NK,13204,11618,MCO,EWR,152,5,1,0,146,0,12,2,-1200.0,0.03289473684210526,0.006578947368421052,0.0821917808219178,0.0136986301369863,-8.219178082191782
2023,10,20416,NK,13204,11697,MCO,FLL,66,0,0,0,66,0,15,4,668.0,0.0,0.0,0.22727272727272727,0.06060606060606061,10.121212121212121
2023,10,20416,NK,13204,12266,MCO,IAH,90,3,0,0,87,0,25,6,1069.0,0.03333333333333333,0.0,0.28735632183908044,0.06896551724137931,12.28735632183908
2023,10,20416,NK,13204,12889,MCO,LAS,55,0,0,0,55,0,15,4,467.0,0.0,0.0,0.2727272727272727,0.07272727272727272,8.49090909090909
2023,10,20416,NK,13204,12953,MCO,LGA,93,0,0,0,93,0,10,1,-690.0,0.0,0.0,0.10752688172043011,0.010752688172043012,-7.419354838709677
2023,10,20416,NK,13204,13930,MCO,ORD,90,5,0,0,85,0,19,4,370.0,0.05555555555555555,0.0,0.2235294117647059,0.047058823529411764,4.352941176470588
2023,10,20416,NK,13204,14100,MCO,PHL,123,4,0,0,119,0,30,9,843.0,0.032520325203252036,0.0,0.25210084033613445,0.07563025210084033,7.084033613445378
2023,10,20416,NK,13204,14869,MCO,SLC,31,0,0,0,31,0,6,1,12.0,0.0,0.0,0.1935483870967742,0.03225806451612903,0.3870967741935484
2023,10,20416,NK,13204,15016,MCO,STL,31,0,0,0,31,0,6,2,121.0,0.0,0.0,0.1935483870967742,0.06451612903225806,3.903225806451613
2023,10,20416,NK,13303,10397,MIA,ATL,33,1,0,0,32,0,5,4,291.0,0.030303030303030304,0.0,0.15625,0.125,9.09375
2023,10,20416,NK,13303,10721,MIA,BOS,31,1,0,0,30,0,6,2,105.0,0.03225806451612903,0.0,0.2,0.06666666666666667,3.5
2023,10,20416,NK,13303,10821,MIA,BWI,31,3,0,0,28,0,5,3,276.0,0.0967741935483871,0.0,0.17857142857142858,0.10714285714285714,9.857142857142858
2023,10,20416,NK,13303,11292,MIA,DEN,26,0,0,0,26,0,3,0,-41.0,0.0,0.0,0.11538461538461539,0.0,-1.5769230769230769
2023,10,20416,NK,13303,11298,MIA,DFW,57,3,0,0,54,0,27,8,1362.0,0.05263157894736842,0.0,0.5,0.14814814814814814,25.22222222222222
2023,10,20416,NK,13303,11433,MIA,DTW,31,4,0,0,27,0,3,1,-261.0,0.12903225806451613,0.0,0.1111111111111111,0.037037037037037035,-9.666666666666666
2023,10,20416,NK,13303,11618,MIA,EWR,61,0,0,0,61,0,5,1,-616.0,0.0,0.0,0.08196721311475409,0.01639344262295082,-10.098360655737705
2023,10,20416,NK,13303,12266,MIA,IAH,31,3,0,0,28,0,5,3,416.0,0.0967741935483871,0.0,0.17857142857142858,0.10714285714285714,14.857142857142858
2023,10,20416,NK,13303,12889,MIA,LAS,30,0,0,0,30,0,8,2,447.0,0.0,0.0,0.26666666666666666,0.06666666666666667,14.9
2023,10,20416,NK,13303,12953,MIA,LGA,31,0,0,0,31,0,3,2,-380.0,0.0,0.0,0.0967741935483871,0.06451612903225806,-12.258064516129032
2023,10,20416,NK,13303,13930,MIA,ORD,61,0,0,0,61,0,10,6,-289.0,0.0,0.0,0.16393442622950818,0.09836065573770492,-4.737704918032787
2023,10,20416,NK,13303,14100,MIA,PHL,29,0,0,0,29,0,9,8,467.0,0.0,0.0,0.3103448275862069,0.27586206896551724,16.103448275862068
2023,10,20416,NK,13487,10397,MSP,ATL,59,1,0,0,58,0,4,2,-498.0,0.01694915254237288,0.0,0.06896551724137931,0.034482758620689655,-8.586206896551724
2023,10,20416,NK,13487,11433,MSP,DTW,31,0,0,0,31,0,6,2,89.0,0.0,0.0,0.1935483870967742,0.06451612903225806,2.870967741935484
2023,10,20416,NK,13487,12889,MSP,LAS,31,0,0,0,31,0,5,0,-217.0,0.0,0.0,0.16129032258064516,0.0,-7.0
2023,10,20416,NK,13796,11298,OAK,DFW,31,0,0,0,31,0,6,0,-247.0,0.0,0.0,0.1935483870967742,0.0,-7.967741935483871
2023,10,20416,NK,13796,11618,OAK,EWR,29,0,0,0,29,0,3,1,-315.0,0.0,0.0,0.10344827586206896,0.034482758620689655,-10.862068965517242
2023,10,20416,NK,13796,12889,OAK,LAS,94,0,0,0,94,0,21,6,934.0,0.0,0.0,0.22340425531914893,0.06382978723404255,9.936170212765957
2023,10,20416,NK,13796,12892,OAK,LAX,32,0,0,0,32,0,0,0,-225.0,0.0,0.0,0.0,0.0,-7.03125
2023,10,20416,NK,13796,14679,OAK,SAN,29,0,0,0,29,0,4,3,59.0,0.0,0.0,0.13793103448275862,0.10344827586206896,2.0344827586206895
2023,10,20416,NK,13930,10397,ORD,ATL,59,4,0,0,55,0,23,8,2475.0,0.06779661016949153,0.0,0.41818181818181815,0.14545454545454545,45.0
2023,10,20416,NK,13930,11298,ORD,DFW,33,0,0,0,33,0,5,1,-102.0,0.0,0.0,0.15151515151515152,0.030303030303030304,-3.090909090909091
2023,10,20416,NK,13930,11697,ORD,FLL,119,0,0,0,119,0,37,17,2458.0,0.0,0.0,0.31092436974789917,0.14285714285714285,20.65546218487395
2023,10,20416,NK,13930,12266,ORD,IAH,32,4,0,0,28,0,4,3,666.0,0.125,0.0,0.14285714285714285,0.10714285714285714,23.785714285714285
2023,10,20416,NK,13930,12889,ORD,LAS,95,1,0,0,94,0,16,2,-115.0,0.010526315789473684,0.0,0.1702127659574468,0.02127659574468085,-1.2234042553191489
2023,10,20416,NK,13930,12892,ORD,LAX,64,0,0,0,64,0,18,8,807.0,0.0,0.0,0.28125,0.125,12.609375
2023,10,20416,NK,13930,13204,ORD,MCO,90,4,0,0,86,0,15,4,32.0,0.044444444444444446,0.0,0.1744186046511628,0.046511627906976744,0.37209302325581395
2023,10,20416,NK,13930,13303,ORD,MIA,61,0,0,0,61,0,11,6,265.0,0.0,0.0,0.18032786885245902,0.09836065573770492,4.344262295081967
2023,10,20416,NK,13930,14107,ORD,PHX,27,0,0,0,27,0,10,5,770.0,0.0,0.0,0.37037037037037035,0.18518518518518517,28.51851851851852
2023,10,20416,NK,13930,14635,ORD,RSW,31,3,0,0,28,0,4,0,-47.0,0.0967741935483871,0.0,0.14285714285714285,0.0,-1.6785714285714286
2023,10,20416,NK,13930,15304,ORD,TPA,58,0,0,0,58,0,11,4,150.0,0.0,0.0,0.1896551724137931,0.06896551724137931,2.586206896551724
2023,10,20416,NK,14100,10397,PHL,ATL,31,0,0,0,31,0,0,0,-629.0,0.0,0.0,0.0,0.0,-20.29032258064516
2023,10,20416,NK,14100,11433,PHL,DTW,33,0,0,0,33,0,4,0,-26.0,0.0,0.0,0.12121212121212122,0.0,-0.7878787878787878
2023,10,20416,NK,14100,11697,PHL,FLL,66,0,0,0,66,0,8,1,-480.0,0.0,0.0,0.12121212121212122,0.015151515151515152,-7.2727272727272725
2023,10,20416,NK,14100,12266,PHL,IAH,22,0,0,0,22,0,3,2,200.0,0.0,0.0,0.13636363636363635,0.09090909090909091,9.090909090909092
2023,10,20416,NK,14100,12889,PHL,LAS,31,0,0,0,31,0,5,1,-76.0,0.0,0.0,0.16129032258064516,0.03225806451612903,-2.4516129032258065
2023,10,20416,NK,14100,12892,PHL,LAX,31,0,0,0,31,0,9,1,32.0,0.0,0.0,0.2903225806451613,0.03225806451612903,1.032258064516129
2023,10,20416,NK,14100,13204,PHL,MCO,123,4,0,0,119,0,23,7,67.0,0.032520325203252036,0.0,0.19327731092436976,0.058823529411764705,0.5630252100840336
2023,10,20416,NK,14100,13303,PHL,MIA,29,0,0,0,29,0,3,0,-336.0,0.0,0.0,0.10344827586206896,0.0,-11.586206896551724
2023,10,20416,NK,14107,11298,PHX,DFW,28,1,0,0,27,0,4,2,204.0,0.03571428571428571,0.0,0.14814814814814814,0.07407407407407407,7.555555555555555
2023,10,20416,NK,14107,11618,PHX,EWR,31,0,0,0,31,0,5,2,-180.0,0.0,0.0,0.16129032258064516,0.06451612903225806,-5.806451612903226
2023,10,20416,NK,14107,11697,PHX,FLL,27,0,0,0,27,0,2,1,-340.0,0.0,0.0,0.07407407407407407,0.037037037037037035,-12.592592592592593
2023,10,20416,NK,14107,12889,PHX,LAS,57,2,0,0,55,0,10,6,551.0,0.03508771929824561,0.0,0.18181818181818182,0.10909090909090909,10.018181818181818
2023,10,20416,NK,14107,13930,PHX,ORD,27,0,0,0,27,0,7,3,370.0,0.0,0.0,0.25925925925925924,0.1111111111111111,13.703703703703704
2023,10,20416,NK,14635,11433,RSW,DTW,59,0,0,0,59,0,5,3,-322.0,0.0,0.0,0.0847457627118644,0.05084745762711865,-5.4576271186440675
2023,10,20416,NK,14635,13930,RSW,ORD,31,5,0,0,26,0,7,2,-22.0,0.16129032258064516,0.0,0.2692307692307692,0.07692307692307693,-0.8461538461538461
2023,10,20416,NK,14679,12889,SAN,LAS,128,1,0,0,127,0,21,5,45.0,0.0078125,0.0,0.16535433070866143,0.03937007874015748,0.3543307086614173
2023,10,20416,NK,14679,13796,SAN,OAK,29,0,0,0,29,0,6,3,148.0,0.0,0.0,0.20689655172413793,0.10344827586206896,5.103448275862069
2023,10,20416,NK,14747,12889,SEA,LAS,83,0,0,0,83,0,16,6,777.0,0.0,0.0,0.1927710843373494,0.07228915662650602,9.36144578313253
2023,10,20416,NK,14869,12889,SLC,LAS,61,0,0,0,61,0,18,6,1188.0,0.0,0.0,0.29508196721311475,0.09836065573770492,19.475409836065573
2023,10,20416,NK,14869,12892,SLC,LAX,31,0,0,0,31,0,1,0,-489.0,0.0,0.0,0.03225806451612903,0.0,-15.774193548387096
2023,10,20416,NK,14869,13204,SLC,MCO,31,0,0,0,31,0,5,1,-292.0,0.0,0.0,0.16129032258064516,0.03225806451612903,-9.419354838709678
2023,10,20416,NK,15016,13204,STL,MCO,31,0,0,0,31,0,5,1,-10.0,0.0,0.0,0.16129032258064516,0.03225806451612903,-0.3225806451612903
2023,10,20416,NK,15304,10397,TPA,ATL,31,0,0,0,31,0,5,3,183.0,0.0,0.0,0.16129032258064516,0.0967741935483871,5.903225806451613
2023,10,20416,NK,15304,10721,TPA,BOS,27,0,0,0,27,0,11,5,703.0,0.0,0.0,0.4074074074074074,0.18518518518518517,26.037037037037038
2023,10,20416,NK,15304,10821,TPA,BWI,31,0,0,0,31,0,2,1,-223.0,0.0,0.0,0.06451612903225806,0.03225806451612903,-7.193548387096774
2023,10,20416,NK,15304,11298,TPA,DFW,27,1,0,0,26,0,10,2,430.0,0.037037037037037035,0.0,0.38461538461538464,0.07692307692307693,16.53846153846154
2023,10,20416,NK,15304,11433,TPA,DTW,87,0,0,0,87,0,9,3,321.0,0.0,0.0,0.10344827586206896,0.034482758620689655,3.689655172413793
2023,10,20416,NK,15304,11697,TPA,FLL,62,0,0,0,62,0,8,4,-45.0,0.0,0.0,0.12903225806451613,0.06451612903225806,-0.7258064516129032
2023,10,20416,NK,15304,12889,TPA,LAS,31,0,0,0,31,0,2,1,-267.0,0.0,0.0,0.06451612903225806,0.03225806451612903,-8.612903225806452
2023,10,20416,NK,15304,13930,TPA,ORD,58,0,0,0,58,0,7,3,-103.0,0.0,0.0,0.1206896551724138,0.05172413793103448,-1.7758620689655173
2023,10,20436,F9,10397,10821,ATL,BWI,62,1,0,0,61,0,22,7,1588.0,0.016129032258064516,0.0,0.36065573770491804,0.11475409836065574,26.0327868852459
2023,10,20436,F9,10397,11292,ATL,DEN,60,0,0,0,60,0,23,9,1233.0,0.0,0.0,0.38333333333333336,0.15,20.55
2023,10,20436,F9,10397,11298,ATL,DFW,31,0,1,0,30,0,23,11,1515.0,0.0,0.03225806451612903,0.7666666666666667,0.36666666666666664,50.5
2023,10,20436,F9,10397,11433,ATL,DTW,33,1,0,0,32,0,10,7,882.0,0.030303030303030304,0.0,0.3125,0.21875,27.5625
2023,10,20436,F9,10397,11697,ATL,FLL,62,1,0,0,61,0,30,11,1721.0,0.016129032258064516,0.0,0.4918032786885246,0.18032786885245902,28.21311475409836
2023,10,20436,F9,10397,12266,ATL,IAH,24,1,0,0,23,0,3,3,778.0,0.041666666666666664,0.0,0.13043478260869565,0.13043478260869565,33.82608695652174
2023,10,20436,F9,10397,12889,ATL,LAS,58,0,0,0,58,0,16,9,661.0,0.0,0.0,0.27586206896551724,0.15517241379310345,11.39655172413793
2023,10,20436,F9,10397,12953,ATL,LGA,62,2,0,0,60,0,20,8,983.0,0.03225806451612903,0.0,0.3333333333333333,0.13333333333333333,16.383333333333333
2023,10,20436,F9,10397,13204,ATL,MCO,117,0,0,0,117,0,39,20,3139.0,0.0,0.0,0.3333333333333333,0.17094017094017094,26.82905982905983
2023,10,20436,F9,10397,13232,ATL,MDW,60,0,0,0,60,0,22,11,1348.0,0.0,0.0,0.36666666666666664,0.18333333333333332,22.466666666666665
2023,10,20436,F9,10397,13303,ATL,MIA,35,0,0,0,35,0,15,5,686.0,0.0,0.0,0.42857142857142855,0.14285714285714285,19.6
2023,10,20436,F9,10397,13930,ATL,ORD,31,0,0,0,31,0,11,2,471.0,0.0,0.0,0.3548387096774194,0.06451612903225806,15.193548387096774
2023,10,20436,F9,10397,14100,ATL,PHL,91,0,0,0,91,0,42,16,3214.0,0.0,0.0,0.46153846153846156,0.17582417582417584,35.31868131868132
2023,10,20436,F9,10397,14107,ATL,PHX,31,0,0,0,31,0,17,5,1203.0,0.0,0.0,0.5483870967741935,0.16129032258064516,38.806451612903224
2023,10,20436,F9,10397,14771,ATL,SFO,31,0,0,0,31,0,10,4,697.0,0.0,0.0,0.3225806451612903,0.12903225806451613,22.483870967741936
2023,10,20436,F9,10397,14869,ATL,SLC,2,0,0,0,2,0,1,0,12.0,0.0,0.0,0.5,0.0,6.0
2023,10,20436,F9,10397,15304,ATL,TPA,53,0,1,0,52,0,17,8,1072.0,0.0,0.018867924528301886,0.3269230769230769,0.15384615384615385,20.615384615384617
2023,10,20436,F9,10721,13204,BOS,MCO,23,0,0,0,23,0,0,0,-146.0,0.0,0.0,0.0,0.0,-6.3478260869565215
2023,10,20436,F9,10721,14100,BOS,PHL,30,0,0,0,30,0,7,6,584.0,0.0,0.0,0.23333333333333334,0.2,19.466666666666665
2023,10,20436,F9,10821,10397,BWI,ATL,62,0,0,0,62,0,28,15,2815.0,0.0,0.0,0.45161290322580644,0.24193548387096775,45.403225806451616
2023,10,20436,F9,10821,11292,BWI,DEN,27,0,0,0,27,0,9,6,1321.0,0.0,0.0,0.3333333333333333,0.2222222222222222,48.925925925925924
2023,10,20436,F9,10821,11298,BWI,DFW,18,0,0,0,18,0,0,0,-183.0,0.0,0.0,0.0,0.0,-10.166666666666666
2023,10,20436,F9,10821,13204,BWI,MCO,56,1,0,0,55,0,16,7,1096.0,0.017857142857142856,0.0,0.2909090909090909,0.12727272727272726,19.927272727272726
2023,10,20436,F9,10821,13303,BWI,MIA,21,1,0,0,20,0,2,0,-187.0,0.047619047619047616,0.0,0.1,0.0,-9.35
2023,10,20436,F9,10821,14107,BWI,PHX,31,0,0,0,31,0,7,1,74.0,0.0,0.0,0.22580645161290322,0.03225806451612903,2.3870967741935485
2023,10,20436,F9,11278,11292,DCA,DEN,92,0,0,0,92,0,18,10,1188.0,0.0,0.0,0.1956521739130435,0.10869565217391304,12.91304347826087
2023,10,20436,F9,11292,10397,DEN,ATL,61,0,0,0,61,0,22,12,1887.0,0.0,0.0,0.36065573770491804,0.19672131147540983,30.934426229508198
2023,10,20436,F9,11292,10821,DEN,BWI,27,0,0,0,27,0,9,5,1124.0,0.0,0.0,0.3333333333333333,0.18518518518518517,41.629629629629626
2023,10,20436,F9,11292,11278,DEN,DCA,92,0,0,0,92,0,19,7,900.0,0.0,0.0,0.20652173913043478,0.07608695652173914,9.782608695652174
2023,10,20436,F9,11292,11298,DEN,DFW,95,0,0,0,95,0,33,8,1889.0,0.0,0.0,0.3473684210526316,0.08421052631578947,19.88421052631579
2023,10,20436,F9,11292,11433,DEN,DTW,62,1,0,0,61,0,23,5,1357.0,0.016129032258064516,0.0,0.3770491803278688,0.08196721311475409,22.24590163934426
2023,10,20436,F9,11292,12266,DEN,IAH,30,0,0,0,30,0,9,3,418.0,0.0,0.0,0.3,0.1,13.933333333333334
2023,10,20436,F9,11292,12889,DEN,LAS,154,2,0,0,152,0,44,17,1412.0,0.012987012987012988,0.0,0.2894736842105263,0.1118421052631579,9.289473684210526
2023,10,20436,F9,11292,13204,DEN,MCO,88,1,0,0,87,0,20,9,791.0,0.011363636363636364,0.0,0.22988505747126436,0.10344827586206896,9.091954022988507
2023,10,20436,F9,11292,13232,DEN,MDW,33,0,0,0,33,0,4,1,-240.0,0.0,0.0,0.12121212121212122,0.030303030303030304,-7.2727272727272725
2023,10,20436,F9,11292,13303,DEN,MIA,2,0,0,0,2,0,1,1,102.0,0.0,0.0,0.5,0.5,51.0
2023,10,20436,F9,11292,13487,DEN,MSP,62,0,0,0,62,0,15,7,1055.0,0.0,0.0,0.24193548387096775,0.11290322580645161,17.016129032258064
2023,10,20436,F9,11292,14100,DEN,PHL,52,0,0,0,52,0,17,8,1554.0,0.0,0.0,0.3269230769230769,0.15384615384615385,29.884615384615383
2023,10,20436,F9,11292,14107,DEN,PHX,155,0,0,0,155,0,40,10,1232.0,0.0,0.0,0.25806451612903225,0.06451612903225806,7.948387096774193
2023,10,20436,F9,11292,14679,DEN,SAN,68,0,0,0,68,0,18,7,1131.0,0.0,0.0,0.2647058823529412,0.10294117647058823,16.63235294117647
2023,10,20436,F9,11292,14747,DEN,SEA,49,0,0,0,49,0,12,3,47.0,0.0,0.0,0.24489795918367346,0.061224489795918366,0.9591836734693877
2023,10,20436,F9,11292,14771,DEN,SFO,62,0,0,0,62,0,12,4,18.0,0.0,0.0,0.1935483870967742,0.06451612903225806,0.2903225806451613
2023,10,20436,F9,11292,14869,DEN,SLC,64,0,0,0,64,0,19,9,880.0,0.0,0.0,0.296875,0.140625,13.75
2023,10,20436,F9,11292,15016,DEN,STL,57,0,0,0,57,0,22,9,1477.0,0.0,0.0,0.38596491228070173,0.15789473684210525,25.912280701754387
2023,10,20436,F9,11292,15304,DEN,TPA,48,1,0,0,47,0,15,6,601.0,0.020833333333333332,0.0,0.3191489361702128,0.1276595744680851,12.787234042553191
2023,10,20436,F9,11298,10397,DFW,ATL,31,0,0,0,31,0,16,3,944.0,0.0,0.0,0.5161290322580645,0.0967741935483871,30.451612903225808
2023,10,20436,F9,11298,10821,DFW,BWI,18,0,0,0,18,0,1,0,-146.0,0.0,0.0,0.05555555555555555,0.0,-8.11111111111111
2023,10,20436,F9,11298,11292,DFW,DEN,95,0,0,0,95,0,35,13,2968.0,0.0,0.0,0.3684210526315789,0.1368421052631579,31.242105263157896
2023,10,20436,F9,11298,12889,DFW,LAS,89,0,0,0,89,0,28,12,1726.0,0.0,0.0,0.3146067415730337,0.1348314606741573,19.39325842696629
2023,10,20436,F9,11298,12953,DFW,LGA,31,2,0,0,29,0,8,2,169.0,0.06451612903225806,0.0,0.27586206896551724,0.06896551724137931,5.827586206896552
2023,10,20436,F9,11298,13204,DFW,MCO,55,0,0,0,55,0,16,6,680.0,0.0,0.0,0.2909090909090909,0.10909090909090909,12.363636363636363
2023,10,20436,F9,11298,13232,DFW,MDW,63,0,0,0,63,0,35,13,2549.0,0.0,0.0,0.5555555555555556,0.20634920634920634,40.46031746031746
2023,10,20436,F9,11298,13303,DFW,MIA,27,0,0,0,27,0,12,4,461.0,0.0,0.0,0.4444444444444444,0.14814814814814814,17.074074074074073
2023,10,20436,F9,11298,14100,DFW,PHL,30,1,0,0,29,0,18,9,1626.0,0.03333333333333333,0.0,0.6206896551724138,0.3103448275862069,56.06896551724138
2023,10,20436,F9,11298,14107,DFW,PHX,59,0,0,0,59,0,22,7,1360.0,0.0,0.0,0.3728813559322034,0.11864406779661017,23.050847457627118
2023,10,20436,F9,11298,14679,DFW,SAN,46,0,0,0,46,0,16,9,1467.0,0.0,0.0,0.34782608695652173,0.1956521739130435,31.891304347826086
2023,10,20436,F9,11298,14771,DFW,SFO,31,0,0,0,31,0,7,3,243.0,0.0,0.0,0.22580645161290322,0.0967741935483871,7.838709677419355
2023,10,20436,F9,11298,15304,DFW,TPA,22,0,0,0,22,0,10,6,1225.0,0.0,0.0,0.45454545454545453,0.2727272727272727,55.68181818181818
2023,10,20436,F9,11433,10397,DTW,ATL,33,1,0,0,32,0,12,8,883.0,0.030303030303030304,0.0,0.375,0.25,27.59375
2023,10,20436,F9,11433,11292,DTW,DEN,62,1,0,0,61,0,16,8,1452.0,0.016129032258064516,0.0,0.26229508196721313,0.13114754098360656,23.80327868852459
2023,10,20436,F9,11433,12889,DTW,LAS,31,1,0,0,30,0,12,4,503.0,0.03225806451612903,0.0,0.4,0.13333333333333333,16.766666666666666
2023,10,20436,F9,11433,13204,DTW,MCO,60,0,0,0,60,0,12,5,244.0,0.0,0.0,0.2,0.08333333333333333,4.066666666666666
2023,10,20436,F9,11433,14107,DTW,PHX,25,0,0,0,25,0,8,2,267.0,0.0,0.0,0.32,0.08,10.68
2023,10,20436,F9,11433,14771,DTW,SFO,31,0,0,0,31,0,19,3,875.0,0.0,0.0,0.6129032258064516,0.0967741935483871,28.225806451612904
2023,10,20436,F9,11433,15304,DTW,TPA,21,0,0,0,21,0,5,2,360.0,0.0,0.0,0.23809523809523808,0.09523809523809523,17.142857142857142
2023,10,20436,F9,11697,10397,FLL,ATL,62,1,0,0,61,0,25,7,1168.0,0.016129032258064516,0.0,0.4098360655737705,0.11475409836065574,19.147540983606557
2023,10,20436,F9,11697,14100,FLL,PHL,33,0,0,0,33,0,9,2,193.0,0.0,0.0,0.2727272727272727,0.06060606060606061,5.848484848484849
2023,10,20436,F9,12266,10397,IAH,ATL,24,1,0,0,23,0,9,4,1139.0,0.041666666666666664,0.0,0.391304347826087,0.17391304347826086,49.52173913043478
2023,10,20436,F9,12266,11292,IAH,DEN,30,0,0,0,30,0,9,4,473.0,0.0,0.0,0.3,0.13333333333333333,15.766666666666667
2023,10,20436,F9,12266,12889,IAH,LAS,27,1,0,0,26,0,4,2,-99.0,0.037037037037037035,0.0,0.15384615384615385,0.07692307692307693,-3.8076923076923075
2023,10,20436,F9,12266,13204,IAH,MCO,24,0,0,0,24,0,8,2,258.0,0.0,0.0,0.3333333333333333,0.08333333333333333,10.75
2023,10,20436,F9,12266,14107,IAH,PHX,29,0,0,0,29,0,8,4,512.0,0.0,0.0,0.27586206896551724,0.13793103448275862,17.655172413793103
2023,10,20436,F9,12889,10397,LAS,ATL,59,0,0,0,59,0,16,2,475.0,0.0,0.0,0.2711864406779661,0.03389830508474576,8.05084745762712
2023,10,20436,F9,12889,11292,LAS,DEN,154,2,0,0,152,0,43,13,1749.0,0.012987012987012988,0.0,0.28289473684210525,0.08552631578947369,11.506578947368421
2023,10,20436,F9,12889,11298,LAS,DFW,89,0,0,0,89,0,23,10,812.0,0.0,0.0,0.25842696629213485,0.11235955056179775,9.123595505617978
2023,10,20436,F9,12889,11433,LAS,DTW,31,0,0,0,31,0,10,1,211.0,0.0,0.0,0.3225806451612903,0.03225806451612903,6.806451612903226
2023,10,20436,F9,12889,12266,LAS,IAH,27,1,0,0,26,0,4,1,-30.0,0.037037037037037035,0.0,0.15384615384615385,0.038461538461538464,-1.1538461538461537
2023,10,20436,F9,12889,13204,LAS,MCO,62,0,0,0,62,0,14,4,221.0,0.0,0.0,0.22580645161290322,0.06451612903225806,3.564516129032258
2023,10,20436,F9,12889,13232,LAS,MDW,31,1,0,0,30,0,6,2,153.0,0.03225806451612903,0.0,0.2,0.06666666666666667,5.1
2023,10,20436,F9,12889,14100,LAS,PHL,4,0,0,0,4,0,1,0,28.0,0.0,0.0,0.25,0.0,7.0
2023,10,20436,F9,12889,14107,LAS,PHX,93,0,0,0,93,0,22,8,792.0,0.0,0.0,0.23655913978494625,0.08602150537634409,8.516129032258064
2023,10,20436,F9,12889,14679,LAS,SAN,62,0,0,0,62,0,19,6,1021.0,0.0,0.0,0.3064516129032258,0.0967741935483871,16.467741935483872
2023,10,20436,F9,12889,14747,LAS,SEA,51,0,0,0,51,0,16,3,358.0,0.0,0.0,0.3137254901960784,0.058823529411764705,7.019607843137255
2023,10,20436,F9,12889,14771,LAS,SFO,113,0,0,0,113,0,31,13,1464.0,0.0,0.0,0.2743362831858407,0.11504424778761062,12.955752212389381
2023,10,20436,F9,12889,14869,LAS,SLC,62,0,0,0,62,0,17,8,1596.0,0.0,0.0,0.27419354838709675,0.12903225806451613,25.741935483870968
2023,10,20436,F9,12889,15016,LAS,STL,25,0,0,0,25,0,2,0,-214.0,0.0,0.0,0.08,0.0,-8.56
2023,10,20436,F9,12889,15304,LAS,TPA,31,0,0,0,31,0,12,4,550.0,0.0,0.0,0.3870967741935484,0.12903225806451613,17.741935483870968
2023,10,20436,F9,12953,10397,LGA,ATL,62,2,0,0,60,0,24,12,1911.0,0.03225806451612903,0.0,0.4,0.2,31.85
2023,10,20436,F9,12953,11298,LGA,DFW,31,2,0,0,29,0,5,2,449.0,0.06451612903225806,0.0,0.1724137931034483,0.06896551724137931,15.482758620689655
2023,10,20436,F9,12953,13204,LGA,MCO,31,0,0,0,31,0,7,4,220.0,0.0,0.0,0.22580645161290322,0.12903225806451613,7.096774193548387
2023,10,20436,F9,13204,10397,MCO,ATL,117,0,0,0,117,0,48,23,3584.0,0.0,0.0,0.41025641025641024,0.19658119658119658,30.632478632478634
2023,10,20436,F9,13204,10721,MCO,BOS,23,0,0,0,23,0,2,0,-206.0,0.0,0.0,0.08695652173913043,0.0,-8.956521739130435
2023,10,20436,F9,13204,10821,MCO,BWI,56,1,0,0,55,0,18,4,802.0,0.017857142857142856,0.0,0.32727272727272727,0.07272727272727272,14.581818181818182
2023,10,20436,F9,13204,11292,MCO,DEN,88,0,0,0,88,0,16,5,0.0,0.0,0.0,0.18181818181818182,0.056818181818181816,0.0
2023,10,20436,F9,13204,11298,MCO,DFW,55,0,0,0,55,0,19,4,345.0,0.0,0.0,0.34545454545454546,0.07272727272727272,6.2727272727272725
2023,10,20436,F9,13204,11433,MCO,DTW,60,0,0,0,60,0,14,6,592.0,0.0,0.0,0.23333333333333334,0.1,9.866666666666667
2023,10,20436,F9,13204,12266,MCO,IAH,24,0,0,0,24,0,7,2,246.0,0.0,0.0,0.2916666666666667,0.08333333333333333,10.25
2023,10,20436,F9,13204,12889,MCO,LAS,62,0,0,0,62,0,12,2,-374.0,0.0,0.0,0.1935483870967742,0.03225806451612903,-6.032258064516129
2023,10,20436,F9,13204,12953,MCO,LGA,31,0,0,0,31,0,7,3,248.0,0.0,0.0,0.22580645161290322,0.0967741935483871,8.0
2023,10,20436,F9,13204,13232,MCO,MDW,25,0,0,0,25,0,7,3,191.0,0.0,0.0,0.28,0.12,7.64
2023,10,20436,F9,13204,13930,MCO,ORD,29,0,0,0,29,0,3,0,-239.0,0.0,0.0,0.10344827586206896,0.0,-8.241379310344827
2023,10,20436,F9,13204,14100,MCO,PHL,181,3,1,0,177,0,34,11,832.0,0.016574585635359115,0.0055248618784530384,0.192090395480226,0.062146892655367235,4.700564971751413
2023,10,20436,F9,13204,14107,MCO,PHX,29,0,0,0,29,0,5,1,-28.0,0.0,0.0,0.1724137931034483,0.034482758620689655,-0.9655172413793104
2023,10,20436,F9,13204,15016,MCO,STL,25,0,0,0,25,0,10,3,405.0,0.0,0.0,0.4,0.12,16.2
2023,10,20436,F9,13232,10397,MDW,ATL,60,0,0,0,60,0,18,8,835.0,0.0,0.0,0.3,0.13333333333333333,13.916666666666666
2023,10,20436,F9,13232,11292,MDW,DEN,33,0,0,0,33,0,2,1,-96.0,0.0,0.0,0.06060606060606061,0.030303030303030304,-2.909090909090909
2023,10,20436,F9,13232,11298,MDW,DFW,63,0,0,0,63,0,32,17,2064.0,0.0,0.0,0.5079365079365079,0.2698412698412698,32.76190476190476
2023,10,20436,F9,13232,12889,MDW,LAS,31,1,0,0,30,0,7,2,292.0,0.03225806451612903,0.0,0.23333333333333334,0.06666666666666667,9.733333333333333
2023,10,20436,F9,13232,13204,MDW,MCO,25,0,0,0,25,0,7,3,307.0,0.0,0.0,0.28,0.12,12.28
2023,10,20436,F9,13232,13303,MDW,MIA,26,0,0,0,26,0,6,2,-99.0,0.0,0.0,0.23076923076923078,0.07692307692307693,-3.8076923076923075
2023,10,20436,F9,13232,14100,MDW,PHL,55,1,0,0,54,0,9,3,651.0,0.01818181818181818,0.0,0.16666666666666666,0.05555555555555555,12.055555555555555
2023,10,20436,F9,13232,14107,MDW,PHX,54,0,0,0,54,0,20,7,842.0,0.0,0.0,0.37037037037037035,0.12962962962962962,15.592592592592593
2023,10,20436,F9,13232,14771,MDW,SFO,31,0,0,0,31,0,10,2,332.0,0.0,0.0,0.3225806451612903,0.06451612903225806,10.709677419354838
2023,10,20436,F9,13232,15304,MDW,TPA,47,0,0,0,47,0,7,4,-164.0,0.0,0.0,0.14893617021276595,0.0851063829787234,-3.4893617021276597
2023,10,20436,F9,13303,10397,MIA,ATL,35,0,0,0,35,0,14,5,777.0,0.0,0.0,0.4,0.14285714285714285,22.2
2023,10,20436,F9,13303,10821,MIA,BWI,21,1,0,0,20,0,5,0,-65.0,0.047619047619047616,0.0,0.25,0.0,-3.25
2023,10,20436,F9,13303,11292,MIA,DEN,2,0,0,0,2,0,1,0,25.0,0.0,0.0,0.5,0.0,12.5
2023,10,20436,F9,13303,11298,MIA,DFW,27,0,0,0,27,0,10,3,342.0,0.0,0.0,0.37037037037037035,0.1111111111111111,12.666666666666666
2023,10,20436,F9,13303,13232,MIA,MDW,26,0,0,0,26,0,1,0,-118.0,0.0,0.0,0.038461538461538464,0.0,-4.538461538461538
2023,10,20436,F9,13303,14100,MIA,PHL,48,0,1,0,47,0,8,3,151.0,0.0,0.020833333333333332,0.1702127659574468,0.06382978723404255,3.2127659574468086
2023,10,20436,F9,13487,11292,MSP,DEN,62,0,0,0,62,0,15,5,423.0,0.0,0.0,0.24193548387096775,0.08064516129032258,6.82258064516129
2023,10,20436,F9,13930,10397,ORD,ATL,31,0,0,0,31,0,7,4,476.0,0.0,0.0,0.22580645161290322,0.12903225806451613,15.35483870967742
2023,10,20436,F9,13930,13204,ORD,MCO,29,0,0,0,29,0,7,1,-81.0,0.0,0.0,0.2413793103448276,0.034482758620689655,-2.793103448275862
2023,10,20436,F9,13930,14107,ORD,PHX,29,0,0,0,29,0,9,3,205.0,0.0,0.0,0.3103448275862069,0.10344827586206896,7.068965517241379
2023,10,20436,F9,14100,10397,PHL,ATL,91,0,0,0,91,0,31,13,1969.0,0.0,0.0,0.34065934065934067,0.14285714285714285,21.63736263736264
2023,10,20436,F9,14100,10721,PHL,BOS,30,0,1,0,29,0,4,3,201.0,0.0,0.03333333333333333,0.13793103448275862,0.10344827586206896,6.931034482758621
2023,10,20436,F9,14100,11292,PHL,DEN,53,0,1,0,52,0,14,8,478.0,0.0,0.018867924528301886,0.2692307692307692,0.15384615384615385,9.192307692307692
2023,10,20436,F9,14100,11298,PHL,DFW,30,1,0,0,29,0,11,4,549.0,0.03333333333333333,0.0,0.3793103448275862,0.13793103448275862,18.93103448275862
2023,10,20436,F9,14100,11697,PHL,FLL,33,0,0,0,33,0,6,3,78.0,0.0,0.0,0.18181818181818182,0.09090909090909091,2.3636363636363638
2023,10,20436,F9,14100,12889,PHL,LAS,4,0,0,0,4,0,1,0,-28.0,0.0,0.0,0.25,0.0,-7.0
2023,10,20436,F9,14100,13204,PHL,MCO,181,5,0,0,176,0,30,12,693.0,0.027624309392265192,0.0,0.17045454545454544,0.06818181818181818,3.9375
2023,10,20436,F9,14100,13232,PHL,MDW,55,1,0,0,54,0,12,6,880.0,0.01818181818181818,0.0,0.2222222222222222,0.1111111111111111,16.296296296296298
2023,10,20436,F9,14100,13303,PHL,MIA,48,0,0,0,48,0,18,6,551.0,0.0,0.0,0.375,0.125,11.479166666666666
2023,10,20436,F9,14100,14635,PHL,RSW,47,2,0,0,45,0,9,4,-57.0,0.0425531914893617,0.0,0.2,0.08888888888888889,-1.2666666666666666
2023,10,20436,F9,14100,15304,PHL,TPA,93,0,1,0,92,0,21,5,879.0,0.0,0.010752688172043012,0.22826086956521738,0.05434782608695652,9.554347826086957
2023,10,20436,F9,14107,10397,PHX,ATL,31,0,0,0,31,0,16,5,760.0,0.0,0.0,0.5161290322580645,0.16129032258064516,24.516129032258064
2023,10,20436,F9,14107,10821,PHX,BWI,31,0,0,0,31,0,6,2,171.0,0.0,0.0,0.1935483870967742,0.06451612903225806,5.516129032258065
2023,10,20436,F9,14107,11292,PHX,DEN,155,0,0,0,155,0,42,13,1266.0,0.0,0.0,0.2709677419354839,0.08387096774193549,8.167741935483871
2023,10,20436,F9,14107,11298,PHX,DFW,59,0,0,0,59,0,7,3,-5.0,0.0,0.0,0.11864406779661017,0.05084745762711865,-0.0847457627118644
2023,10,20436,F9,14107,11433,PHX,DTW,25,0,0,0,25,0,8,1,101.0,0.0,0.0,0.32,0.04,4.04
2023,10,20436,F9,14107,12266,PHX,IAH,29,0,0,0,29,0,7,3,581.0,0.0,0.0,0.2413793103448276,0.10344827586206896,20.03448275862069
2023,10,20436,F9,14107,12889,PHX,LAS,91,0,0,0,91,0,20,8,637.0,0.0,0.0,0.21978021978021978,0.08791208791208792,7.0
2023,10,20436,F9,14107,13204,PHX,MCO,30,0,0,0,30,0,11,2,235.0,0.0,0.0,0.36666666666666664,0.06666666666666667,7.833333333333333
2023,10,20436,F9,14107,13232,PHX,MDW,54,0,0,0,54,0,8,2,-78.0,0.0,0.0,0.14814814814814814,0.037037037037037035,-1.4444444444444444
2023,10,20436,F9,14107,13930,PHX,ORD,29,0,0,0,29,0,4,2,-7.0,0.0,0.0,0.13793103448275862,0.06896551724137931,-0.2413793103448276
2023,10,20436,F9,14107,14679,PHX,SAN,62,0,1,0,61,0,14,7,603.0,0.0,0.016129032258064516,0.22950819672131148,0.11475409836065574,9.885245901639344
2023,10,20436,F9,14107,14747,PHX,SEA,26,0,0,0,26,0,12,6,616.0,0.0,0.0,0.46153846153846156,0.23076923076923078,23.692307692307693
2023,10,20436,F9,14107,14771,PHX,SFO,54,0,0,0,54,0,15,6,689.0,0.0,0.0,0.2777777777777778,0.1111111111111111,12.75925925925926
2023,10,20436,F9,14107,14869,PHX,SLC,56,0,0,0,56,0,15,5,646.0,0.0,0.0,0.26785714285714285,0.08928571428571429,11.535714285714286
2023,10,20436,F9,14635,14100,RSW,PHL,47,2,0,0,45,0,11,4,1652.0,0.0425531914893617,0.0,0.24444444444444444,0.08888888888888889,36.71111111111111
2023,10,20436,F9,14679,11292,SAN,DEN,68,0,0,0,68,0,17,5,1279.0,0.0,0.0,0.25,0.07352941176470588,18.808823529411764
2023,10,20436,F9,14679,11298,SAN,DFW,46,0,1,0,45,0,18,11,2008.0,0.0,0.021739130434782608,0.4,0.24444444444444444,44.62222222222222
2023,10,20436,F9,14679,12889,SAN,LAS,62,0,0,0,62,0,22,8,1197.0,0.0,0.0,0.3548387096774194,0.12903225806451613,19.306451612903224
2023,10,20436,F9,14679,14107,SAN,PHX,62,0,0,0,62,0,11,7,666.0,0.0,0.0,0.1774193548387097,0.11290322580645161,10.741935483870968
2023,10,20436,F9,14747,11292,SEA,DEN,49,0,0,0,49,0,15,4,473.0,0.0,0.0,0.30612244897959184,0.08163265306122448,9.653061224489797
2023,10,20436,F9,14747,12889,SEA,LAS,51,1,0,0,50,0,17,4,706.0,0.0196078431372549,0.0,0.34,0.08,14.12
2023,10,20436,F9,14747,14107,SEA,PHX,26,0,0,0,26,0,14,5,812.0,0.0,0.0,0.5384615384615384,0.19230769230769232,31.23076923076923
2023,10,20436,F9,14771,10397,SFO,ATL,31,0,0,0,31,0,11,3,719.0,0.0,0.0,0.3548387096774194,0.0967741935483871,23.193548387096776
2023,10,20436,F9,14771,11292,SFO,DEN,62,0,0,0,62,0,10,5,1259.0,0.0,0.0,0.16129032258064516,0.08064516129032258,20.306451612903224
2023,10,20436,F9,14771,11298,SFO,DFW,31,0,0,0,31,0,13,4,853.0,0.0,0.0,0.41935483870967744,0.12903225806451613,27.516129032258064
2023,10,20436,F9,14771,11433,SFO,DTW,31,0,0,0,31,0,12,4,505.0,0.0,0.0,0.3870967741935484,0.12903225806451613,16.29032258064516
2023,10,20436,F9,14771,12889,SFO,LAS,113,0,0,0,113,0,32,16,2441.0,0.0,0.0,0.2831858407079646,0.1415929203539823,21.601769911504423
2023,10,20436,F9,14771,13232,SFO,MDW,31,0,0,0,31,0,3,1,-226.0,0.0,0.0,0.0967741935483871,0.03225806451612903,-7.290322580645161
2023,10,20436,F9,14771,14107,SFO,PHX,54,0,0,0,54,0,29,8,1460.0,0.0,0.0,0.5370370370370371,0.14814814814814814,27.037037037037038
2023,10,20436,F9,14869,10397,SLC,ATL,2,0,0,0,2,0,1,1,53.0,0.0,0.0,0.5,0.5,26.5
2023,10,20436,F9,14869,11292,SLC,DEN,64,0,0,0,64,0,10,3,97.0,0.0,0.0,0.15625,0.046875,1.515625
2023,10,20436,F9,14869,12889,SLC,LAS,62,0,0,0,62,0,22,9,2529.0,0.0,0.0,0.3548387096774194,0.14516129032258066,40.79032258064516
2023,10,20436,F9,14869,14107,SLC,PHX,56,0,0,0,56,0,18,5,509.0,0.0,0.0,0.32142857142857145,0.08928571428571429,9.089285714285714
2023,10,20436,F9,15016,11292,STL,DEN,58,1,0,0,57,0,9,4,221.0,0.017241379310344827,0.0,0.15789473684210525,0.07017543859649122,3.8771929824561404
2023,10,20436,F9,15016,12889,STL,LAS,25,1,0,0,24,0,0,0,-274.0,0.04,0.0,0.0,0.0,-11.416666666666666
2023,10,20436,F9,15016,13204,STL,MCO,25,0,0,0,25,0,6,4,169.0,0.0,0.0,0.24,0.16,6.76
2023,10,20436,F9,15304,10397,TPA,ATL,53,0,0,0,53,0,22,7,1111.0,0.0,0.0,0.41509433962264153,0.1320754716981132,20.962264150943398
2023,10,20436,F9,15304,11292,TPA,DEN,49,1,0,0,48,0,8,3,-141.0,0.02040816326530612,0.0,0.16666666666666666,0.0625,-2.9375
2023,10,20436,F9,15304,11298,TPA,DFW,22,0,0,0,22,0,6,3,503.0,0.0,0.0,0.2727272727272727,0.13636363636363635,22.863636363636363
2023,10,20436,F9,15304,11433,TPA,DTW,21,0,0,0,21,0,6,2,302.0,0.0,0.0,0.2857142857142857,0.09523809523809523,14.380952380952381
2023,10,20436,F9,15304,12889,TPA,LAS,31,0,0,0,31,0,7,2,-20.0,0.0,0.0,0.22580645161290322,0.06451612903225806,-0.6451612903225806
2023,10,20436,F9,15304,13232,TPA,MDW,47,0,0,0,47,0,5,5,219.0,0.0,0.0,0.10638297872340426,0.10638297872340426,4.659574468085107
2023,10,20436,F9,15304,14100,TPA,PHL,93,0,1,0,92,0,18,9,409.0,0.0,0.010752688172043012,0.1956521739130435,0.09782608695652174,4.445652173913044
2023,10,20452,YX,10397,11278,ATL,DCA,74,0,0,0,74,0,7,0,-489.0,0.0,0.0,0.0945945945945946,0.0,-6.608108108108108
2023,10,20452,YX,10397,11618,ATL,EWR,3,0,0,0,3,0,1,1,24.0,0.0,0.0,0.3333333333333333,0.3333333333333333,8.0
2023,10,20452,YX,10397,13303,ATL,MIA,4,0,0,0,4,0,1,0,27.0,0.0,0.0,0.25,0.0,6.75
2023,10,20452,YX,10397,14100,ATL,PHL,5,0,0,0,5,0,0,0,-75.0,0.0,0.0,0.0,0.0,-15.0
2023,10,20452,YX,10721,10821,BOS,BWI,75,0,0,0,75,0,10,5,-206.0,0.0,0.0,0.13333333333333333,0.06666666666666667,-2.7466666666666666
2023,10,20452,YX,10721,11278,BOS,DCA,333,0,0,0,333,0,18,6,-2585.0,0.0,0.0,0.05405405405405406,0.018018018018018018,-7.762762762762763
2023,10,20452,YX,10721,11618,BOS,EWR,65,0,0,0,65,0,7,2,-647.0,0.0,0.0,0.1076923076923077,0.03076923076923077,-9.953846153846154
2023,10,20452,YX,10721,12478,BOS,JFK,235,0,0,0,235,0,33,11,-990.0,0.0,0.0,0.14042553191489363,0.04680851063829787,-4.212765957446808
2023,10,20452,YX,10721,12953,BOS,LGA,357,0,0,0,357,0,22,8,-4115.0,0.0,0.0,0.06162464985994398,0.022408963585434174,-11.526610644257703
2023,10,20452,YX,10721,13930,BOS,ORD,27,0,0,0,27,0,4,0,-245.0,0.0,0.0,0.14814814814814814,0.0,-9.074074074074074
2023,10,20452,YX,10721,14100,BOS,PHL,81,0,0,0,81,0,4,1,-1591.0,0.0,0.0,0.04938271604938271,0.012345679012345678,-19.641975308641975
2023,10,20452,YX,10821,10721,BWI,BOS,75,0,0,0,75,0,12,5,94.0,0.0,0.0,0.16,0.06666666666666667,1.2533333333333334
2023,10,20452,YX,11278,10397,DCA,ATL,74,0,0,0,74,0,4,0,-666.0,0.0,0.0,0.05405405405405406,0.0,-9.0
2023,10,20452,YX,11278,10721,DCA,BOS,333,0,1,0,332,0,16,8,-2883.0,0.0,0.003003003003003003,0.04819277108433735,0.024096385542168676,-8.683734939759036
2023,10,20452,YX,11278,11433,DCA,DTW,4,0,0,0,4,0,1,1,-3.0,0.0,0.0,0.25,0.25,-0.75
2023,10,20452,YX,11278,11618,DCA,EWR,99,0,0,0,99,0,7,2,-994.0,0.0,0.0,0.0707070707070707,0.020202020202020204,-10.04040404040404
2023,10,20452,YX,11278,12478,DCA,JFK,170,0,1,0,169,0,20,5,-1071.0,0.0,0.0058823529411764705,0.11834319526627218,0.029585798816568046,-6.337278106508876
2023,10,20452,YX,11278,12953,DCA,LGA,226,0,0,0,226,0,12,2,-2815.0,0.0,0.0,0.05309734513274336,0.008849557522123894,-12.455752212389381
2023,10,20452,YX,11278,14100,DCA,PHL,61,0,0,0,61,0,0,0,-649.0,0.0,0.0,0.0,0.0,-10.639344262295081
2023,10,20452,YX,11278,15016,DCA,STL,26,0,0,0,26,0,1,0,-249.0,0.0,0.0,0.038461538461538464,0.0,-9.576923076923077
2023,10,20452,YX,11433,11278,DTW,DCA,5,0,0,0,5,0,0,0,-65.0,0.0,0.0,0.0,0.0,-13.0
2023,10,20452,YX,11433,11618,DTW,EWR,99,0,0,0,99,0,7,2,-1031.0,0.0,0.0,0.0707070707070707,0.020202020202020204,-10.414141414141413
2023,10,20452,YX,11433,12953,DTW,LGA,110,0,0,0,110,0,10,2,-437.0,0.0,0.0,0.09090909090909091,0.01818181818181818,-3.9727272727272727
2023,10,20452,YX,11433,13930,DTW,ORD,3,0,0,0,3,0,0,0,-71.0,0.0,0.0,0.0,0.0,-23.666666666666668
2023,10,20452,YX,11433,14100,DTW,PHL,5,0,0,0,5,0,0,0,-66.0,0.0,0.0,0.0,0.0,-13.2
2023,10,20452,YX,11618,10397,EWR,ATL,4,0,0,0,4,0,0,0,-59.0,0.0,0.0,0.0,0.0,-14.75
2023,10,20452,YX,11618,10721,EWR,BOS,65,0,0,0,65,0,6,1,-449.0,0.0,0.0,0.09230769230769231,0.015384615384615385,-6.907692307692308
2023,10,20452,YX,11618,11278,EWR,DCA,99,0,0,0,99,0,3,0,-1485.0,0.0,0.0,0.030303030303030304,0.0,-15.0
2023,10,20452,YX,11618,11433,EWR,DTW,98,0,0,0,98,0,1,0,-1381.0,0.0,0.0,0.01020408163265306,0.0,-14.091836734693878
2023,10,20452,YX,11618,13487,EWR,MSP,9,0,0,0,9,0,4,0,59.0,0.0,0.0,0.4444444444444444,0.0,6.555555555555555
2023,10,20452,YX,11618,13930,EWR,ORD,21,0,0,0,21,0,3,0,-158.0,0.0,0.0,0.14285714285714285,0.0,-7.523809523809524
2023,10,20452,YX,11618,14100,EWR,PHL,48,0,0,0,48,0,2,1,-634.0,0.0,0.0,0.041666666666666664,0.020833333333333332,-13.208333333333334
2023,10,20452,YX,11618,15016,EWR,STL,36,0,0,0,36,0,1,1,-352.0,0.0,0.0,0.027777777777777776,0.027777777777777776,-9.777777777777779
2023,10,20452,YX,12266,12953,IAH,LGA,12,0,0,0,12,0,5,2,956.0,0.0,0.0,0.4166666666666667,0.16666666666666666,79.66666666666667
2023,10,20452,YX,12478,10721,JFK,BOS,235,0,1,0,234,0,30,10,-1299.0,0.0,0.00425531914893617,0.1282051282051282,0.042735042735042736,-5.551282051282051
2023,10,20452,YX,12478,11278,JFK,DCA,170,0,0,0,170,0,16,6,-2626.0,0.0,0.0,0.09411764705882353,0.03529411764705882,-15.447058823529412
2023,10,20452,YX,12953,10721,LGA,BOS,356,0,0,0,356,0,24,6,-4540.0,0.0,0.0,0.06741573033707865,0.016853932584269662,-12.752808988764045
2023,10,20452,YX,12953,11278,LGA,DCA,226,0,0,0,226,0,13,6,-2594.0,0.0,0.0,0.05752212389380531,0.02654867256637168,-11.47787610619469
2023,10,20452,YX,12953,11433,LGA,DTW,110,0,0,0,110,0,9,3,-1401.0,0.0,0.0,0.08181818181818182,0.02727272727272727,-12.736363636363636
2023,10,20452,YX,12953,12266,LGA,IAH,12,0,1,0,11,0,2,0,-30.0,0.0,0.08333333333333333,0.18181818181818182,0.0,-2.727272727272727
2023,10,20452,YX,12953,13487,LGA,MSP,53,0,0,0,53,0,6,1,-717.0,0.0,0.0,0.11320754716981132,0.018867924528301886,-13.528301886792454
2023,10,20452,YX,12953,13930,LGA,ORD,11,0,0,0,11,0,1,0,-167.0,0.0,0.0,0.09090909090909091,0.0,-15.181818181818182
2023,10,20452,YX,12953,14100,LGA,PHL,5,0,0,0,5,0,0,0,-52.0,0.0,0.0,0.0,0.0,-10.4
2023,10,20452,YX,12953,15016,LGA,STL,86,0,0,0,86,0,9,0,-924.0,0.0,0.0,0.10465116279069768,0.0,-10.744186046511627
2023,10,20452,YX,13303,10397,MIA,ATL,4,0,0,0,4,0,1,0,-6.0,0.0,0.0,0.25,0.0,-1.5
2023,10,20452,YX,13487,11618,MSP,EWR,8,0,0,0,8,0,1,1,-12.0,0.0,0.0,0.125,0.125,-1.5
2023,10,20452,YX,13487,12953,MSP,LGA,53,0,0,0,53,0,6,3,-75.0,0.0,0.0,0.11320754716981132,0.05660377358490566,-1.4150943396226414
2023,10,20452,YX,13487,13930,MSP,ORD,7,0,0,0,7,0,1,1,69.0,0.0,0.0,0.14285714285714285,0.14285714285714285,9.857142857142858
2023,10,20452,YX,13930,10721,ORD,BOS,27,0,0,0,27,0,8,1,172.0,0.0,0.0,0.2962962962962963,0.037037037037037035,6.37037037037037
2023,10,20452,YX,13930,11433,ORD,DTW,3,0,0,0,3,0,0,0,-82.0,0.0,0.0,0.0,0.0,-27.333333333333332
2023,10,20452,YX,13930,11618,ORD,EWR,21,0,0,0,21,0,2,0,-94.0,0.0,0.0,0.09523809523809523,0.0,-4.476190476190476
2023,10,20452,YX,13930,12478,ORD,JFK,1,0,0,0,1,0,0,0,-37.0,0.0,0.0,0.0,0.0,-37.0
2023,10,20452,YX,13930,12953,ORD,LGA,11,0,0,0,11,0,0,0,-205.0,0.0,0.0,0.0,0.0,-18.636363636363637
2023,10,20452,YX,13930,13487,ORD,MSP,7,0,0,0,7,0,0,0,-72.0,0.0,0.0,0.0,0.0,-10.285714285714286
2023,10,20452,YX,14100,10397,PHL,ATL,5,0,0,0,5,0,0,0,-89.0,0.0,0.0,0.0,0.0,-17.8
2023,10,20452,YX,14100,10721,PHL,BOS,81,0,1,0,80,0,8,5,-5.0,0.0,0.012345679012345678,0.1,0.0625,-0.0625
2023,10,20452,YX,14100,11278,PHL,DCA,61,0,0,0,61,0,2,0,-641.0,0.0,0.0,0.03278688524590164,0.0,-10.508196721311476
2023,10,20452,YX,14100,11433,PHL,DTW,4,0,0,0,4,0,0,0,-77.0,0.0,0.0,0.0,0.0,-19.25
2023,10,20452,YX,14100,11618,PHL,EWR,49,0,0,0,49,0,5,1,-319.0,0.0,0.0,0.10204081632653061,0.02040816326530612,-6.510204081632653
2023,10,20452,YX,14100,12953,PHL,LGA,6,0,0,0,6,0,0,0,-78.0,0.0,0.0,0.0,0.0,-13.0
2023,10,20452,YX,15016,11278,STL,DCA,26,0,0,0,26,0,1,0,-384.0,0.0,0.0,0.038461538461538464,0.0,-14.76923076923077
2023,10,20452,YX,15016,11618,STL,EWR,36,0,0,0,36,0,1,1,-574.0,0.0,0.0,0.027777777777777776,0.027777777777777776,-15.944444444444445
2023,10,20452,YX,15016,12953,STL,LGA,86,0,0,0,86,0,3,0,-1084.0,0.0,0.0,0.03488372093023256,0.0,-12.604651162790697
2023,10,20452,YX,15016,13930,STL,ORD,30,0,0,0,30,0,2,0,-300.0,0.0,0.0,0.06666666666666667,0.0,-10.0
2023,11,19393,WN,10397,10821,ATL,BWI,199,0,0,0,199,0,31,4,619.0,0.0,0.0,0.15577889447236182,0.020100502512562814,3.1105527638190953
2023,11,19393,WN,10397,11278,ATL,DCA,117,0,0,0,117,0,18,3,124.0,0.0,0.0,0.15384615384615385,0.02564102564102564,1.0598290598290598
2023,11,19393,WN,10397,11292,ATL,DEN,141,1,0,0,140,0,21,4,-116.0,0.0070921985815602835,0.0,0.15,0.02857142857142857,-0.8285714285714286
2023,11,19393,WN,10397,11697,ATL,FLL,97,0,0,0,97,0,15,0,-94.0,0.0,0.0,0.15463917525773196,0.0,-0.9690721649484536
2023,11,19393,WN,10397,12889,ATL,LAS,57,0,0,0,57,0,6,2,-438.0,0.0,0.0,0.10526315789473684,0.03508771929824561,-7.684210526315789
2023,11,19393,WN,10397,12892,ATL,LAX,1,0,0,0,1,0,0,0,-11.0,0.0,0.0,0.0,0.0,-11.0
2023,11,19393,WN,10397,12953,ATL,LGA,115,0,1,0,114,0,17,1,-201.0,0.0,0.008695652173913044,0.14912280701754385,0.008771929824561403,-1.763157894736842
2023,11,19393,WN,10397,13204,ATL,MCO,171,0,0,0,171,0,21,3,-1.0,0.0,0.0,0.12280701754385964,0.017543859649122806,-0.005847953216374269
2023,11,19393,WN,10397,13232,ATL,MDW,150,0,0,0,150,0,20,4,150.0,0.0,0.0,0.13333333333333333,0.02666666666666667,1.0
2023,11,19393,WN,10397,13303,ATL,MIA,82,0,0,0,82,0,7,1,-93.0,0.0,0.0,0.08536585365853659,0.012195121951219513,-1.1341463414634145
2023,11,19393,WN,10397,13796,ATL,OAK,1,0,0,0,1,0,0,0,-10.0,0.0,0.0,0.0,0.0,-10.0
2023,11,19393,WN,10397,14100,ATL,PHL,63,0,0,0,63,0,9,1,43.0,0.0,0.0,0.14285714285714285,0.015873015873015872,0.6825396825396826
2023,11,19393,WN,10397,14107,ATL,PHX,32,0,0,0,32,0,2,1,-140.0,0.0,0.0,0.0625,0.03125,-4.375
2023,11,19393,WN,10397,14635,ATL,RSW,59,0,0,0,59,0,7,2,6.0,0.0,0.0,0.11864406779661017,0.03389830508474576,0.1016949152542373
2023,11,19393,WN,10397,14679,ATL,SAN,4,0,0,0,4,0,1,0,-11.0,0.0,0.0,0.25,0.0,-2.75
2023,11,19393,WN,10397,15016,ATL,STL,134,0,0,0,134,0,22,2,158.0,0.0,0.0,0.16417910447761194,0.014925373134328358,1.1791044776119404
2023,11,19393,WN,10397,15304,ATL,TPA,141,0,0,0,141,0,20,2,226.0,0.0,0.0,0.14184397163120568,0.014184397163120567,1.6028368794326242
2023,11,19393,WN,10721,10821,BOS,BWI,226,0,0,0,226,0,35,3,130.0,0.0,0.0,0.15486725663716813,0.01327433628318584,0.5752212389380531
2023,11,19393,WN,10721,11292,BOS,DEN,58,0,0,0,58,0,13,2,196.0,0.0,0.0,0.22413793103448276,0.034482758620689655,3.3793103448275863
2023,11,19393,WN,10721,13232,BOS,MDW,101,0,0,0,101,0,7,0,-631.0,0.0,0.0,0.06930693069306931,0.0,-6.247524752475248
2023,11,19393,WN,10721,15016,BOS,STL,68,0,0,0,68,0,12,1,-86.0,0.0,0.0,0.17647058823529413,0.014705882352941176,-1.2647058823529411
2023,11,19393,WN,10821,10397,BWI,ATL,200,1,0,0,199,0,33,6,437.0,0.005,0.0,0.1658291457286432,0.03015075376884422,2.1959798994974875
2023,11,19393,WN,10821,10721,BWI,BOS,226,0,0,0,226,0,54,8,1356.0,0.0,0.0,0.23893805309734514,0.035398230088495575,6.0
2023,11,19393,WN,10821,11292,BWI,DEN,173,0,0,0,173,0,39,6,-77.0,0.0,0.0,0.2254335260115607,0.03468208092485549,-0.44508670520231214
2023,11,19393,WN,10821,11433,BWI,DTW,62,0,0,0,62,0,9,1,83.0,0.0,0.0,0.14516129032258066,0.016129032258064516,1.3387096774193548
2023,11,19393,WN,10821,11697,BWI,FLL,259,1,0,0,258,0,42,4,-539.0,0.003861003861003861,0.0,0.16279069767441862,0.015503875968992248,-2.0891472868217056
2023,11,19393,WN,10821,12889,BWI,LAS,117,0,0,0,117,0,13,2,-1022.0,0.0,0.0,0.1111111111111111,0.017094017094017096,-8.735042735042734
2023,11,19393,WN,10821,12892,BWI,LAX,61,0,0,0,61,0,12,3,-215.0,0.0,0.0,0.19672131147540983,0.04918032786885246,-3.5245901639344264
2023,11,19393,WN,10821,13204,BWI,MCO,323,1,0,0,322,0,58,8,-441.0,0.0030959752321981426,0.0,0.18012422360248448,0.024844720496894408,-1.3695652173913044
2023,11,19393,WN,10821,13232,BWI,MDW,150,1,1,0,148,0,26,1,-320.0,0.006666666666666667,0.006666666666666667,0.17567567567567569,0.006756756756756757,-2.1621621621621623
2023,11,19393,WN,10821,13303,BWI,MIA,123,0,0,0,123,0,27,5,206.0,0.0,0.0,0.21951219512195122,0.04065040650406504,1.6747967479674797
2023,11,19393,WN,10821,13487,BWI,MSP,35,0,0,0,35,0,7,1,3.0,0.0,0.0,0.2,0.02857142857142857,0.08571428571428572
2023,11,19393,WN,10821,13796,BWI,OAK,30,0,0,0,30,0,6,2,6.0,0.0,0.0,0.2,0.06666666666666667,0.2
2023,11,19393,WN,10821,13930,BWI,ORD,109,1,1,0,107,0,18,3,-163.0,0.009174311926605505,0.009174311926605505,0.16822429906542055,0.028037383177570093,-1.5233644859813085
2023,11,19393,WN,10821,14107,BWI,PHX,87,0,0,0,87,0,9,2,-859.0,0.0,0.0,0.10344827586206896,0.022988505747126436,-9.873563218390805
2023,11,19393,WN,10821,14635,BWI,RSW,119,0,0,0,119,0,26,8,908.0,0.0,0.0,0.2184873949579832,0.06722689075630252,7.630252100840337
2023,11,19393,WN,10821,14679,BWI,SAN,62,0,0,0,62,0,8,1,-429.0,0.0,0.0,0.12903225806451613,0.016129032258064516,-6.919354838709677
2023,11,19393,WN,10821,14869,BWI,SLC,29,0,0,0,29,0,3,0,-390.0,0.0,0.0,0.10344827586206896,0.0,-13.448275862068966
2023,11,19393,WN,10821,15016,BWI,STL,94,0,0,0,94,0,15,0,-97.0,0.0,0.0,0.1595744680851064,0.0,-1.0319148936170213
2023,11,19393,WN,10821,15304,BWI,TPA,229,0,0,0,229,0,36,4,-60.0,0.0,0.0,0.1572052401746725,0.017467248908296942,-0.26200873362445415
2023,11,19393,WN,11278,10397,DCA,ATL,117,0,0,0,117,0,16,3,-445.0,0.0,0.0,0.13675213675213677,0.02564102564102564,-3.8034188034188032
2023,11,19393,WN,11278,11697,DCA,FLL,35,0,0,0,35,0,3,0,-265.0,0.0,0.0,0.08571428571428572,0.0,-7.571428571428571
2023,11,19393,WN,11278,13204,DCA,MCO,87,0,0,0,87,0,16,2,158.0,0.0,0.0,0.1839080459770115,0.022988505747126436,1.8160919540229885
2023,11,19393,WN,11278,13232,DCA,MDW,174,0,1,0,173,0,16,3,-978.0,0.0,0.005747126436781609,0.09248554913294797,0.017341040462427744,-5.6531791907514455
2023,11,19393,WN,11278,15016,DCA,STL,113,0,0,0,113,0,16,0,-138.0,0.0,0.0,0.1415929203539823,0.0,-1.2212389380530972
2023,11,19393,WN,11278,15304,DCA,TPA,61,0,0,0,61,0,9,6,301.0,0.0,0.0,0.14754098360655737,0.09836065573770492,4.934426229508197
2023,11,19393,WN,11292,10397,DEN,ATL,141,0,0,0,141,0,20,1,-263.0,0.0,0.0,0.14184397163120568,0.0070921985815602835,-1.8652482269503545
2023,11,19393,WN,11292,10721,DEN,BOS,58,0,0,0,58,0,14,2,260.0,0.0,0.0,0.2413793103448276,0.034482758620689655,4.482758620689655
2023,11,19393,WN,11292,10821,DEN,BWI,173,0,0,0,173,0,31,5,472.0,0.0,0.0,0.1791907514450867,0.028901734104046242,2.7283236994219653
2023,11,19393,WN,11292,11433,DEN,DTW,54,0,0,0,54,0,13,4,360.0,0.0,0.0,0.24074074074074073,0.07407407407407407,6.666666666666667
2023,11,19393,WN,11292,11697,DEN,FLL,32,0,0,0,32,0,7,1,108.0,0.0,0.0,0.21875,0.03125,3.375
2023,11,19393,WN,11292,12266,DEN,IAH,88,1,0,0,87,0,9,1,-230.0,0.011363636363636364,0.0,0.10344827586206896,0.011494252873563218,-2.6436781609195403
2023,11,19393,WN,11292,12889,DEN,LAS,333,3,0,0,330,0,47,13,-370.0,0.009009009009009009,0.0,0.14242424242424243,0.03939393939393939,-1.121212121212121
2023,11,19393,WN,11292,12892,DEN,LAX,197,1,0,0,196,0,35,7,-281.0,0.005076142131979695,0.0,0.17857142857142858,0.03571428571428571,-1.433673469387755
2023,11,19393,WN,11292,12953,DEN,LGA,111,0,0,0,111,0,23,4,451.0,0.0,0.0,0.2072072072072072,0.036036036036036036,4.063063063063063
2023,11,19393,WN,11292,13204,DEN,MCO,152,0,0,0,152,0,31,11,1109.0,0.0,0.0,0.20394736842105263,0.07236842105263158,7.296052631578948
2023,11,19393,WN,11292,13232,DEN,MDW,254,1,0,0,253,0,46,8,310.0,0.003937007874015748,0.0,0.18181818181818182,0.03162055335968379,1.225296442687747
2023,11,19393,WN,11292,13303,DEN,MIA,7,0,0,0,7,0,0,0,-72.0,0.0,0.0,0.0,0.0,-10.285714285714286
2023,11,19393,WN,11292,13487,DEN,MSP,202,1,0,0,201,0,37,5,224.0,0.0049504950495049506,0.0,0.18407960199004975,0.024875621890547265,1.1144278606965174
2023,11,19393,WN,11292,13796,DEN,OAK,171,0,0,0,171,0,28,4,-249.0,0.0,0.0,0.16374269005847952,0.023391812865497075,-1.456140350877193
2023,11,19393,WN,11292,13930,DEN,ORD,172,0,0,0,172,0,35,5,389.0,0.0,0.0,0.20348837209302326,0.029069767441860465,2.261627906976744
2023,11,19393,WN,11292,14100,DEN,PHL,57,0,0,0,57,0,17,0,343.0,0.0,0.0,0.2982456140350877,0.0,6.017543859649122
2023,11,19393,WN,11292,14107,DEN,PHX,373,1,0,0,372,0,75,9,799.0,0.002680965147453083,0.0,0.20161290322580644,0.024193548387096774,2.1478494623655915
2023,11,19393,WN,11292,14635,DEN,RSW,3,0,0,0,3,0,2,0,19.0,0.0,0.0,0.6666666666666666,0.0,6.333333333333333
2023,11,19393,WN,11292,14679,DEN,SAN,208,1,2,0,205,0,33,6,-561.0,0.004807692307692308,0.009615384615384616,0.16097560975609757,0.02926829268292683,-2.7365853658536587
2023,11,19393,WN,11292,14747,DEN,SEA,122,0,0,0,122,0,24,0,207.0,0.0,0.0,0.19672131147540983,0.0,1.6967213114754098
2023,11,19393,WN,11292,14771,DEN,SFO,139,0,0,0,139,0,34,4,456.0,0.0,0.0,0.2446043165467626,0.02877697841726619,3.2805755395683454
2023,11,19393,WN,11292,14869,DEN,SLC,230,0,0,0,230,0,33,6,-462.0,0.0,0.0,0.14347826086956522,0.02608695652173913,-2.008695652173913
2023,11,19393,WN,11292,15016,DEN,STL,206,0,0,0,206,0,43,3,981.0,0.0,0.0,0.2087378640776699,0.014563106796116505,4.762135922330097
2023,11,19393,WN,11292,15304,DEN,TPA,113,0,0,0,113,0,18,5,220.0,0.0,0.0,0.1592920353982301,0.04424778761061947,1.9469026548672566
2023,11,19393,WN,11433,10821,DTW,BWI,61,0,0,0,61,0,9,1,-295.0,0.0,0.0,0.14754098360655737,0.01639344262295082,-4.836065573770492
2023,11,19393,WN,11433,11292,DTW,DEN,55,0,0,0,55,0,4,0,-575.0,0.0,0.0,0.07272727272727272,0.0,-10.454545454545455
2023,11,19393,WN,11433,13232,DTW,MDW,91,0,0,0,91,0,9,2,-535.0,0.0,0.0,0.0989010989010989,0.02197802197802198,-5.8791208791208796
2023,11,19393,WN,11433,14107,DTW,PHX,4,0,0,0,4,0,0,0,-22.0,0.0,0.0,0.0,0.0,-5.5
2023,11,19393,WN,11433,15016,DTW,STL,56,0,0,0,56,0,4,1,-173.0,0.0,0.0,0.07142857142857142,0.017857142857142856,-3.0892857142857144
2023,11,19393,WN,11697,10397,FLL,ATL,97,0,0,0,97,0,21,0,35.0,0.0,0.0,0.21649484536082475,0.0,0.36082474226804123
2023,11,19393,WN,11697,10821,FLL,BWI,259,0,0,0,259,0,41,9,-391.0,0.0,0.0,0.1583011583011583,0.03474903474903475,-1.5096525096525097
2023,11,19393,WN,11697,11278,FLL,DCA,35,0,0,0,35,0,7,3,225.0,0.0,0.0,0.2,0.08571428571428572,6.428571428571429
2023,11,19393,WN,11697,11292,FLL,DEN,33,0,0,0,33,0,10,3,367.0,0.0,0.0,0.30303030303030304,0.09090909090909091,11.121212121212121
2023,11,19393,WN,11697,13204,FLL,MCO,55,0,0,0,55,0,12,3,235.0,0.0,0.0,0.21818181818181817,0.05454545454545454,4.2727272727272725
2023,11,19393,WN,11697,13232,FLL,MDW,94,0,1,0,93,0,12,1,-35.0,0.0,0.010638297872340425,0.12903225806451613,0.010752688172043012,-0.3763440860215054
2023,11,19393,WN,11697,13930,FLL,ORD,1,0,0,0,1,0,0,0,5.0,0.0,0.0,0.0,0.0,5.0
2023,11,19393,WN,11697,15016,FLL,STL,63,0,0,0,63,0,10,1,55.0,0.0,0.0,0.15873015873015872,0.015873015873015872,0.873015873015873
2023,11,19393,WN,11697,15304,FLL,TPA,59,0,0,0,59,0,11,0,-153.0,0.0,0.0,0.1864406779661017,0.0,-2.593220338983051
2023,11,19393,WN,12173,12889,HNL,LAS,46,0,0,0,46,0,0,0,-842.0,0.0,0.0,0.0,0.0,-18.304347826086957
2023,11,19393,WN,12173,12892,HNL,LAX,30,0,0,0,30,0,1,0,-698.0,0.0,0.0,0.03333333333333333,0.0,-23.266666666666666
2023,11,19393,WN,12173,13796,HNL,OAK,59,0,0,0,59,0,4,0,-941.0,0.0,0.0,0.06779661016949153,0.0,-15.94915254237288
2023,11,19393,WN,12173,14107,HNL,PHX,47,0,0,0,47,0,6,1,-261.0,0.0,0.0,0.1276595744680851,0.02127659574468085,-5.553191489361702
2023,11,19393,WN,12173,14679,HNL,SAN,60,0,0,0,60,0,3,1,-904.0,0.0,0.0,0.05,0.016666666666666666,-15.066666666666666
2023,11,19393,WN,12266,11292,IAH,DEN,88,0,0,0,88,0,7,2,-213.0,0.0,0.0,0.07954545454545454,0.022727272727272728,-2.4204545454545454
2023,11,19393,WN,12266,12889,IAH,LAS,83,0,0,0,83,0,12,4,-264.0,0.0,0.0,0.14457831325301204,0.04819277108433735,-3.180722891566265
2023,11,19393,WN,12266,13204,IAH,MCO,31,0,0,0,31,0,4,0,-182.0,0.0,0.0,0.12903225806451613,0.0,-5.870967741935484
2023,11,19393,WN,12266,13232,IAH,MDW,81,0,0,0,81,0,11,4,119.0,0.0,0.0,0.13580246913580246,0.04938271604938271,1.4691358024691359
2023,11,19393,WN,12889,10397,LAS,ATL,58,0,0,0,58,0,5,1,-242.0,0.0,0.0,0.08620689655172414,0.017241379310344827,-4.172413793103448
2023,11,19393,WN,12889,10821,LAS,BWI,119,0,0,0,119,0,22,5,17.0,0.0,0.0,0.18487394957983194,0.04201680672268908,0.14285714285714285
2023,11,19393,WN,12889,11292,LAS,DEN,333,4,0,0,329,0,52,10,-96.0,0.012012012012012012,0.0,0.1580547112462006,0.030395136778115502,-0.2917933130699088
2023,11,19393,WN,12889,12173,LAS,HNL,47,0,0,0,47,0,7,1,-80.0,0.0,0.0,0.14893617021276595,0.02127659574468085,-1.702127659574468
2023,11,19393,WN,12889,12266,LAS,IAH,82,0,0,0,82,0,15,5,425.0,0.0,0.0,0.18292682926829268,0.06097560975609756,5.182926829268292
2023,11,19393,WN,12889,12892,LAS,LAX,232,1,0,0,231,0,54,11,1363.0,0.004310344827586207,0.0,0.23376623376623376,0.047619047619047616,5.9004329004329
2023,11,19393,WN,12889,13204,LAS,MCO,35,0,0,0,35,0,8,4,483.0,0.0,0.0,0.22857142857142856,0.11428571428571428,13.8
2023,11,19393,WN,12889,13232,LAS,MDW,245,1,0,0,244,0,40,5,-429.0,0.004081632653061225,0.0,0.16393442622950818,0.020491803278688523,-1.7581967213114753
2023,11,19393,WN,12889,13487,LAS,MSP,31,0,0,0,31,0,7,1,-12.0,0.0,0.0,0.22580645161290322,0.03225806451612903,-0.3870967741935484
2023,11,19393,WN,12889,13796,LAS,OAK,323,5,0,0,318,0,48,13,557.0,0.015479876160990712,0.0,0.1509433962264151,0.040880503144654086,1.751572327044025
2023,11,19393,WN,12889,13930,LAS,ORD,65,0,0,0,65,0,4,1,-818.0,0.0,0.0,0.06153846153846154,0.015384615384615385,-12.584615384615384
2023,11,19393,WN,12889,14107,LAS,PHX,304,1,0,0,303,0,41,13,213.0,0.003289473684210526,0.0,0.1353135313531353,0.0429042904290429,0.7029702970297029
2023,11,19393,WN,12889,14679,LAS,SAN,362,3,0,0,359,0,65,15,789.0,0.008287292817679558,0.0,0.181058495821727,0.04178272980501393,2.1977715877437327
2023,11,19393,WN,12889,14747,LAS,SEA,84,0,0,0,84,0,14,1,-140.0,0.0,0.0,0.16666666666666666,0.011904761904761904,-1.6666666666666667
2023,11,19393,WN,12889,14771,LAS,SFO,113,0,0,0,113,0,24,5,422.0,0.0,0.0,0.21238938053097345,0.04424778761061947,3.734513274336283
2023,11,19393,WN,12889,14869,LAS,SLC,143,0,0,0,143,0,17,5,-637.0,0.0,0.0,0.11888111888111888,0.03496503496503497,-4.454545454545454
2023,11,19393,WN,12889,15016,LAS,STL,145,0,0,0,145,0,26,7,209.0,0.0,0.0,0.1793103448275862,0.04827586206896552,1.4413793103448276
2023,11,19393,WN,12889,15304,LAS,TPA,32,0,0,0,32,0,5,0,11.0,0.0,0.0,0.15625,0.0,0.34375
2023,11,19393,WN,12892,10397,LAX,ATL,1,0,0,0,1,0,0,0,-11.0,0.0,0.0,0.0,0.0,-11.0
2023,11,19393,WN,12892,10821,LAX,BWI,60,0,0,0,60,0,16,3,248.0,0.0,0.0,0.26666666666666666,0.05,4.133333333333334
2023,11,19393,WN,12892,11292,LAX,DEN,197,0,0,0,197,0,21,2,-649.0,0.0,0.0,0.1065989847715736,0.01015228426395939,-3.2944162436548226
2023,11,19393,WN,12892,12173,LAX,HNL,30,0,0,0,30,0,1,0,-179.0,0.0,0.0,0.03333333333333333,0.0,-5.966666666666667
2023,11,19393,WN,12892,12889,LAX,LAS,231,2,0,0,229,0,35,8,754.0,0.008658008658008658,0.0,0.15283842794759825,0.034934497816593885,3.2925764192139737
2023,11,19393,WN,12892,13232,LAX,MDW,115,0,0,0,115,0,21,2,-16.0,0.0,0.0,0.1826086956521739,0.017391304347826087,-0.1391304347826087
2023,11,19393,WN,12892,13796,LAX,OAK,231,3,0,0,228,0,25,5,-862.0,0.012987012987012988,0.0,0.10964912280701754,0.021929824561403508,-3.780701754385965
2023,11,19393,WN,12892,14107,LAX,PHX,178,0,0,0,178,0,30,5,416.0,0.0,0.0,0.16853932584269662,0.028089887640449437,2.337078651685393
2023,11,19393,WN,12892,14771,LAX,SFO,119,0,0,0,119,0,28,6,1011.0,0.0,0.0,0.23529411764705882,0.05042016806722689,8.495798319327731
2023,11,19393,WN,12892,14869,LAX,SLC,30,0,0,0,30,0,1,0,-277.0,0.0,0.0,0.03333333333333333,0.0,-9.233333333333333
2023,11,19393,WN,12892,15016,LAX,STL,83,0,0,0,83,0,15,1,35.0,0.0,0.0,0.18072289156626506,0.012048192771084338,0.42168674698795183
2023,11,19393,WN,12953,10397,LGA,ATL,115,0,0,0,115,0,24,5,148.0,0.0,0.0,0.20869565217391303,0.043478260869565216,1.2869565217391303
2023,11,19393,WN,12953,11292,LGA,DEN,111,0,0,0,111,0,21,7,-250.0,0.0,0.0,0.1891891891891892,0.06306306306306306,-2.2522522522522523
2023,11,19393,WN,12953,13232,LGA,MDW,221,0,0,0,221,0,28,6,-637.0,0.0,0.0,0.12669683257918551,0.027149321266968326,-2.8823529411764706
2023,11,19393,WN,12953,15016,LGA,STL,137,1,0,0,136,0,18,2,-657.0,0.0072992700729927005,0.0,0.1323529411764706,0.014705882352941176,-4.830882352941177
2023,11,19393,WN,12953,15304,LGA,TPA,30,0,0,0,30,0,10,2,401.0,0.0,0.0,0.3333333333333333,0.06666666666666667,13.366666666666667
2023,11,19393,WN,13204,10397,MCO,ATL,169,2,0,0,167,0,32,3,116.0,0.011834319526627219,0.0,0.19161676646706588,0.017964071856287425,0.6946107784431138
2023,11,19393,WN,13204,10821,MCO,BWI,319,2,0,0,317,0,30,3,-1090.0,0.006269592476489028,0.0,0.0946372239747634,0.00946372239747634,-3.4384858044164037
2023,11,19393,WN,13204,11278,MCO,DCA,87,0,0,0,87,0,13,1,130.0,0.0,0.0,0.14942528735632185,0.011494252873563218,1.4942528735632183
2023,11,19393,WN,13204,11292,MCO,DEN,149,0,0,0,149,0,28,5,-42.0,0.0,0.0,0.18791946308724833,0.03355704697986577,-0.28187919463087246
2023,11,19393,WN,13204,11697,MCO,FLL,58,0,0,0,58,0,9,1,165.0,0.0,0.0,0.15517241379310345,0.017241379310344827,2.8448275862068964
2023,11,19393,WN,13204,12266,MCO,IAH,31,1,0,0,30,0,3,0,-259.0,0.03225806451612903,0.0,0.1,0.0,-8.633333333333333
2023,11,19393,WN,13204,12889,MCO,LAS,35,0,0,0,35,0,11,1,232.0,0.0,0.0,0.3142857142857143,0.02857142857142857,6.628571428571429
2023,11,19393,WN,13204,13232,MCO,MDW,239,1,1,0,237,0,28,5,-338.0,0.0041841004184100415,0.0041841004184100415,0.11814345991561181,0.02109704641350211,-1.4261603375527425
2023,11,19393,WN,13204,13930,MCO,ORD,59,0,0,0,59,0,5,0,-226.0,0.0,0.0,0.0847457627118644,0.0,-3.830508474576271
2023,11,19393,WN,13204,14100,MCO,PHL,48,0,0,0,48,0,6,3,203.0,0.0,0.0,0.125,0.0625,4.229166666666667
2023,11,19393,WN,13204,14107,MCO,PHX,35,0,0,0,35,0,16,1,401.0,0.0,0.0,0.45714285714285713,0.02857142857142857,11.457142857142857
2023,11,19393,WN,13204,14635,MCO,RSW,30,0,0,0,30,0,8,1,265.0,0.0,0.0,0.26666666666666666,0.03333333333333333,8.833333333333334
2023,11,19393,WN,13204,15016,MCO,STL,151,0,0,0,151,0,27,5,550.0,0.0,0.0,0.17880794701986755,0.033112582781456956,3.642384105960265
2023,11,19393,WN,13232,10397,MDW,ATL,150,0,0,0,150,0,13,0,-562.0,0.0,0.0,0.08666666666666667,0.0,-3.7466666666666666
2023,11,19393,WN,13232,10721,MDW,BOS,100,0,0,0,100,0,13,2,50.0,0.0,0.0,0.13,0.02,0.5
2023,11,19393,WN,13232,10821,MDW,BWI,149,1,0,0,148,0,17,3,-600.0,0.006711409395973154,0.0,0.11486486486486487,0.02027027027027027,-4.054054054054054
2023,11,19393,WN,13232,11278,MDW,DCA,174,0,0,0,174,0,23,5,-213.0,0.0,0.0,0.13218390804597702,0.028735632183908046,-1.2241379310344827
2023,11,19393,WN,13232,11292,MDW,DEN,256,1,0,0,255,0,27,3,-1718.0,0.00390625,0.0,0.10588235294117647,0.011764705882352941,-6.737254901960784
2023,11,19393,WN,13232,11433,MDW,DTW,90,0,0,0,90,0,13,3,-247.0,0.0,0.0,0.14444444444444443,0.03333333333333333,-2.7444444444444445
2023,11,19393,WN,13232,11697,MDW,FLL,94,0,0,0,94,0,8,1,-193.0,0.0,0.0,0.0851063829787234,0.010638297872340425,-2.0531914893617023
2023,11,19393,WN,13232,12266,MDW,IAH,81,0,0,0,81,0,15,3,179.0,0.0,0.0,0.18518518518518517,0.037037037037037035,2.2098765432098766
2023,11,19393,WN,13232,12889,MDW,LAS,249,0,1,0,248,0,33,7,-1917.0,0.0,0.004016064257028112,0.13306451612903225,0.028225806451612902,-7.729838709677419
2023,11,19393,WN,13232,12892,MDW,LAX,114,0,0,0,114,0,15,1,-943.0,0.0,0.0,0.13157894736842105,0.008771929824561403,-8.271929824561404
2023,11,19393,WN,13232,12953,MDW,LGA,221,0,0,0,221,0,33,4,-406.0,0.0,0.0,0.1493212669683258,0.01809954751131222,-1.83710407239819
2023,11,19393,WN,13232,13204,MDW,MCO,238,0,0,0,238,0,35,6,-127.0,0.0,0.0,0.14705882352941177,0.025210084033613446,-0.5336134453781513
2023,11,19393,WN,13232,13303,MDW,MIA,58,0,0,0,58,0,6,1,-523.0,0.0,0.0,0.10344827586206896,0.017241379310344827,-9.017241379310345
2023,11,19393,WN,13232,13487,MDW,MSP,198,0,0,0,198,0,26,1,-881.0,0.0,0.0,0.13131313131313133,0.005050505050505051,-4.44949494949495
2023,11,19393,WN,13232,13796,MDW,OAK,61,0,0,0,61,0,3,0,-593.0,0.0,0.0,0.04918032786885246,0.0,-9.721311475409836
2023,11,19393,WN,13232,14100,MDW,PHL,118,0,0,0,118,0,21,4,524.0,0.0,0.0,0.17796610169491525,0.03389830508474576,4.440677966101695
2023,11,19393,WN,13232,14107,MDW,PHX,230,1,0,0,229,0,23,3,-2118.0,0.004347826086956522,0.0,0.10043668122270742,0.013100436681222707,-9.248908296943231
2023,11,19393,WN,13232,14635,MDW,RSW,93,0,0,0,93,0,17,4,67.0,0.0,0.0,0.1827956989247312,0.043010752688172046,0.7204301075268817
2023,11,19393,WN,13232,14679,MDW,SAN,87,0,0,0,87,0,7,1,-963.0,0.0,0.0,0.08045977011494253,0.011494252873563218,-11.068965517241379
2023,11,19393,WN,13232,14747,MDW,SEA,32,0,0,0,32,0,3,1,-211.0,0.0,0.0,0.09375,0.03125,-6.59375
2023,11,19393,WN,13232,14869,MDW,SLC,57,0,0,0,57,0,8,0,-515.0,0.0,0.0,0.14035087719298245,0.0,-9.035087719298245
2023,11,19393,WN,13232,15016,MDW,STL,176,0,0,0,176,0,20,3,-558.0,0.0,0.0,0.11363636363636363,0.017045454545454544,-3.1704545454545454
2023,11,19393,WN,13232,15304,MDW,TPA,121,0,0,0,121,0,16,5,-103.0,0.0,0.0,0.1322314049586777,0.04132231404958678,-0.8512396694214877
2023,11,19393,WN,13303,10397,MIA,ATL,82,0,0,0,82,0,9,1,-422.0,0.0,0.0,0.10975609756097561,0.012195121951219513,-5.146341463414634
2023,11,19393,WN,13303,10821,MIA,BWI,122,0,0,0,122,0,26,7,327.0,0.0,0.0,0.21311475409836064,0.05737704918032787,2.680327868852459
2023,11,19393,WN,13303,11292,MIA,DEN,7,0,0,0,7,0,2,1,105.0,0.0,0.0,0.2857142857142857,0.14285714285714285,15.0
2023,11,19393,WN,13303,13232,MIA,MDW,58,0,0,0,58,0,11,2,335.0,0.0,0.0,0.1896551724137931,0.034482758620689655,5.775862068965517
2023,11,19393,WN,13303,15016,MIA,STL,32,0,0,0,32,0,2,0,-234.0,0.0,0.0,0.0625,0.0,-7.3125
2023,11,19393,WN,13487,10821,MSP,BWI,36,0,0,0,36,0,3,2,164.0,0.0,0.0,0.08333333333333333,0.05555555555555555,4.555555555555555
2023,11,19393,WN,13487,11292,MSP,DEN,200,0,0,0,200,0,19,5,-2562.0,0.0,0.0,0.095,0.025,-12.81
2023,11,19393,WN,13487,12889,MSP,LAS,32,0,0,0,32,0,1,0,-497.0,0.0,0.0,0.03125,0.0,-15.53125
2023,11,19393,WN,13487,13232,MSP,MDW,199,2,0,0,197,0,23,4,-1661.0,0.010050251256281407,0.0,0.116751269035533,0.02030456852791878,-8.431472081218274
2023,11,19393,WN,13487,14107,MSP,PHX,32,0,0,0,32,0,1,1,-658.0,0.0,0.0,0.03125,0.03125,-20.5625
2023,11,19393,WN,13487,15016,MSP,STL,56,0,0,0,56,0,1,0,-971.0,0.0,0.0,0.017857142857142856,0.0,-17.339285714285715
2023,11,19393,WN,13796,10397,OAK,ATL,1,0,0,0,1,0,0,0,-5.0,0.0,0.0,0.0,0.0,-5.0
2023,11,19393,WN,13796,10821,OAK,BWI,30,0,0,0,30,0,5,0,-47.0,0.0,0.0,0.16666666666666666,0.0,-1.5666666666666667
2023,11,19393,WN,13796,11292,OAK,DEN,169,1,0,0,168,0,26,8,481.0,0.005917159763313609,0.0,0.15476190476190477,0.047619047619047616,2.863095238095238
2023,11,19393,WN,13796,12173,OAK,HNL,60,0,0,0,60,0,11,3,-39.0,0.0,0.0,0.18333333333333332,0.05,-0.65
2023,11,19393,WN,13796,12889,OAK,LAS,324,4,0,0,320,0,47,7,840.0,0.012345679012345678,0.0,0.146875,0.021875,2.625
2023,11,19393,WN,13796,12892,OAK,LAX,232,2,0,0,230,0,32,10,-405.0,0.008620689655172414,0.0,0.1391304347826087,0.043478260869565216,-1.7608695652173914
2023,11,19393,WN,13796,13232,OAK,MDW,57,0,0,0,57,0,7,2,-166.0,0.0,0.0,0.12280701754385964,0.03508771929824561,-2.912280701754386
2023,11,19393,WN,13796,14107,OAK,PHX,174,0,0,0,174,0,26,6,305.0,0.0,0.0,0.14942528735632185,0.034482758620689655,1.7528735632183907
2023,11,19393,WN,13796,14679,OAK,SAN,287,4,0,0,283,0,37,5,-17.0,0.013937282229965157,0.0,0.13074204946996468,0.0176678445229682,-0.06007067137809187
2023,11,19393,WN,13796,14747,OAK,SEA,118,0,0,0,118,0,9,3,-624.0,0.0,0.0,0.07627118644067797,0.025423728813559324,-5.288135593220339
2023,11,19393,WN,13796,14869,OAK,SLC,86,0,0,0,86,0,13,4,6.0,0.0,0.0,0.1511627906976744,0.046511627906976744,0.06976744186046512
2023,11,19393,WN,13796,15016,OAK,STL,28,0,0,0,28,0,5,0,-78.0,0.0,0.0,0.17857142857142858,0.0,-2.7857142857142856
2023,11,19393,WN,13930,10821,ORD,BWI,109,1,0,0,108,0,10,2,-481.0,0.009174311926605505,0.0,0.09259259259259259,0.018518518518518517,-4.453703703703703
2023,11,19393,WN,13930,11292,ORD,DEN,172,2,0,0,170,0,19,4,-1133.0,0.011627906976744186,0.0,0.11176470588235295,0.023529411764705882,-6.6647058823529415
2023,11,19393,WN,13930,11697,ORD,FLL,1,0,0,0,1,0,0,0,0.0,0.0,0.0,0.0,0.0,0.0
2023,11,19393,WN,13930,12889,ORD,LAS,65,0,0,0,65,0,15,1,-104.0,0.0,0.0,0.23076923076923078,0.015384615384615385,-1.6
2023,11,19393,WN,13930,13204,ORD,MCO,59,0,0,0,59,0,11,4,506.0,0.0,0.0,0.1864406779661017,0.06779661016949153,8.576271186440678
2023,11,19393,WN,13930,14107,ORD,PHX,90,0,0,0,90,0,17,4,-463.0,0.0,0.0,0.18888888888888888,0.044444444444444446,-5.144444444444445
2023,11,19393,WN,13930,14635,ORD,RSW,5,0,0,0,5,0,2,0,84.0,0.0,0.0,0.4,0.0,16.8
2023,11,19393,WN,13930,15304,ORD,TPA,31,0,0,0,31,0,6,1,151.0,0.0,0.0,0.1935483870967742,0.03225806451612903,4.870967741935484
2023,11,19393,WN,14100,10397,PHL,ATL,63,0,0,0,63,0,17,4,462.0,0.0,0.0,0.2698412698412698,0.06349206349206349,7.333333333333333
2023,11,19393,WN,14100,11292,PHL,DEN,57,0,0,0,57,0,8,1,86.0,0.0,0.0,0.14035087719298245,0.017543859649122806,1.5087719298245614
2023,11,19393,WN,14100,13204,PHL,MCO,48,0,0,0,48,0,12,2,213.0,0.0,0.0,0.25,0.041666666666666664,4.4375
2023,11,19393,WN,14100,13232,PHL,MDW,117,0,0,0,117,0,17,5,487.0,0.0,0.0,0.1452991452991453,0.042735042735042736,4.162393162393163
2023,11,19393,WN,14100,15016,PHL,STL,67,1,0,0,66,0,10,0,-48.0,0.014925373134328358,0.0,0.15151515151515152,0.0,-0.7272727272727273
2023,11,19393,WN,14100,15304,PHL,TPA,8,0,0,0,8,0,2,1,98.0,0.0,0.0,0.25,0.125,12.25
2023,11,19393,WN,14107,10397,PHX,ATL,31,0,0,0,31,0,2,1,-9.0,0.0,0.0,0.06451612903225806,0.03225806451612903,-0.2903225806451613
2023,11,19393,WN,14107,10821,PHX,BWI,87,0,0,0,87,0,15,2,178.0,0.0,0.0,0.1724137931034483,0.022988505747126436,2.045977011494253
2023,11,19393,WN,14107,11292,PHX,DEN,374,3,0,0,371,0,46,6,51.0,0.008021390374331552,0.0,0.12398921832884097,0.016172506738544475,0.13746630727762804
2023,11,19393,WN,14107,11433,PHX,DTW,4,0,0,0,4,0,0,0,-37.0,0.0,0.0,0.0,0.0,-9.25
2023,11,19393,WN,14107,12173,PHX,HNL,47,0,1,0,46,0,3,0,-547.0,0.0,0.02127659574468085,0.06521739130434782,0.0,-11.891304347826088
2023,11,19393,WN,14107,12889,PHX,LAS,304,1,0,0,303,0,40,10,323.0,0.003289473684210526,0.0,0.132013201320132,0.033003300330033,1.066006600660066
2023,11,19393,WN,14107,12892,PHX,LAX,177,0,0,0,177,0,25,5,19.0,0.0,0.0,0.14124293785310735,0.02824858757062147,0.10734463276836158
2023,11,19393,WN,14107,13204,PHX,MCO,34,0,0,0,34,0,6,1,-64.0,0.0,0.0,0.17647058823529413,0.029411764705882353,-1.8823529411764706
2023,11,19393,WN,14107,13232,PHX,MDW,235,0,0,0,235,0,31,4,-233.0,0.0,0.0,0.13191489361702127,0.01702127659574468,-0.9914893617021276
2023,11,19393,WN,14107,13487,PHX,MSP,32,0,0,0,32,0,7,3,251.0,0.0,0.0,0.21875,0.09375,7.84375
2023,11,19393,WN,14107,13796,PHX,OAK,175,0,0,0,175,0,19,3,-102.0,0.0,0.0,0.10857142857142857,0.017142857142857144,-0.5828571428571429
2023,11,19393,WN,14107,13930,PHX,ORD,90,0,0,0,90,0,8,0,-750.0,0.0,0.0,0.08888888888888889,0.0,-8.333333333333334
2023,11,19393,WN,14107,14679,PHX,SAN,285,3,0,0,282,0,38,5,-108.0,0.010526315789473684,0.0,0.1347517730496454,0.01773049645390071,-0.3829787234042553
2023,11,19393,WN,14107,14747,PHX,SEA,69,0,1,0,68,0,7,0,-268.0,0.0,0.014492753623188406,0.10294117647058823,0.0,-3.9411764705882355
2023,11,19393,WN,14107,14771,PHX,SFO,89,0,0,0,89,0,17,2,-58.0,0.0,0.0,0.19101123595505617,0.02247191011235955,-0.651685393258427
2023,11,19393,WN,14107,14869,PHX,SLC,143,0,0,0,143,0,18,3,-310.0,0.0,0.0,0.1258741258741259,0.02097902097902098,-2.167832167832168
2023,11,19393,WN,14107,15016,PHX,STL,117,0,0,0,117,0,24,3,371.0,0.0,0.0,0.20512820512820512,0.02564102564102564,3.1709401709401708
2023,11,19393,WN,14107,15304,PHX,TPA,30,0,0,0,30,0,6,1,106.0,0.0,0.0,0.2,0.03333333333333333,3.533333333333333
2023,11,19393,WN,14635,10397,RSW,ATL,59,0,0,0,59,0,6,0,-356.0,0.0,0.0,0.1016949152542373,0.0,-6.033898305084746
2023,11,19393,WN,14635,10821,RSW,BWI,119,0,0,0,119,0,20,3,115.0,0.0,0.0,0.16806722689075632,0.025210084033613446,0.9663865546218487
2023,11,19393,WN,14635,11292,RSW,DEN,3,0,0,0,3,0,1,0,1.0,0.0,0.0,0.3333333333333333,0.0,0.3333333333333333
2023,11,19393,WN,14635,13204,RSW,MCO,30,0,0,0,30,0,2,0,-265.0,0.0,0.0,0.06666666666666667,0.0,-8.833333333333334
2023,11,19393,WN,14635,13232,RSW,MDW,93,0,0,0,93,0,14,3,200.0,0.0,0.0,0.15053763440860216,0.03225806451612903,2.150537634408602
2023,11,19393,WN,14635,13930,RSW,ORD,5,0,0,0,5,0,3,0,53.0,0.0,0.0,0.6,0.0,10.6
2023,11,19393,WN,14635,15016,RSW,STL,63,0,0,0,63,0,12,3,446.0,0.0,0.0,0.19047619047619047,0.047619047619047616,7.079365079365079
2023,11,19393,WN,14679,10397,SAN,ATL,4,0,0,0,4,0,0,0,-70.0,0.0,0.0,0.0,0.0,-17.5
2023,11,19393,WN,14679,10821,SAN,BWI,63,1,0,0,62,0,8,2,-96.0,0.015873015873015872,0.0,0.12903225806451613,0.03225806451612903,-1.5483870967741935
2023,11,19393,WN,14679,11292,SAN,DEN,208,1,0,0,207,0,25,6,-188.0,0.004807692307692308,0.0,0.12077294685990338,0.028985507246376812,-0.9082125603864735
2023,11,19393,WN,14679,12173,SAN,HNL,60,0,0,0,60,0,5,1,-517.0,0.0,0.0,0.08333333333333333,0.016666666666666666,-8.616666666666667
2023,11,19393,WN,14679,12889,SAN,LAS,359,5,0,0,354,0,33,14,-1031.0,0.013927576601671309,0.0,0.09322033898305085,0.03954802259887006,-2.9124293785310735
2023,11,19393,WN,14679,13232,SAN,MDW,87,0,0,0,87,0,16,3,102.0,0.0,0.0,0.1839080459770115,0.034482758620689655,1.1724137931034482
2023,11,19393,WN,14679,13796,SAN,OAK,287,2,0,0,285,0,36,7,-728.0,0.006968641114982578,0.0,0.12631578947368421,0.02456140350877193,-2.5543859649122806
2023,11,19393,WN,14679,14107,SAN,PHX,285,5,0,0,280,0,36,9,-377.0,0.017543859649122806,0.0,0.12857142857142856,0.03214285714285714,-1.3464285714285715
2023,11,19393,WN,14679,14771,SAN,SFO,140,1,0,0,139,0,29,7,616.0,0.007142857142857143,0.0,0.20863309352517986,0.050359712230215826,4.431654676258993
2023,11,19393,WN,14679,14869,SAN,SLC,35,0,0,0,35,0,5,2,-79.0,0.0,0.0,0.14285714285714285,0.05714285714285714,-2.257142857142857
2023,11,19393,WN,14679,15016,SAN,STL,37,0,0,0,37,0,8,1,132.0,0.0,0.0,0.21621621621621623,0.02702702702702703,3.5675675675675675
2023,11,19393,WN,14747,11292,SEA,DEN,122,0,1,0,121,0,26,3,708.0,0.0,0.00819672131147541,0.21487603305785125,0.024793388429752067,5.851239669421488
2023,11,19393,WN,14747,12889,SEA,LAS,84,0,0,0,84,0,12,1,245.0,0.0,0.0,0.14285714285714285,0.011904761904761904,2.9166666666666665
2023,11,19393,WN,14747,13232,SEA,MDW,30,0,0,0,30,0,3,0,-90.0,0.0,0.0,0.1,0.0,-3.0
2023,11,19393,WN,14747,13796,SEA,OAK,118,0,0,0,118,0,21,3,21.0,0.0,0.0,0.17796610169491525,0.025423728813559324,0.17796610169491525
2023,11,19393,WN,14747,14107,SEA,PHX,69,0,0,0,69,0,15,1,170.0,0.0,0.0,0.21739130434782608,0.014492753623188406,2.463768115942029
2023,11,19393,WN,14771,11292,SFO,DEN,141,0,1,0,140,0,32,4,361.0,0.0,0.0070921985815602835,0.22857142857142856,0.02857142857142857,2.5785714285714287
2023,11,19393,WN,14771,12889,SFO,LAS,112,0,0,0,112,0,25,3,860.0,0.0,0.0,0.22321428571428573,0.026785714285714284,7.678571428571429
2023,11,19393,WN,14771,12892,SFO,LAX,119,0,0,0,119,0,33,5,973.0,0.0,0.0,0.2773109243697479,0.04201680672268908,8.176470588235293
2023,11,19393,WN,14771,14107,SFO,PHX,89,0,0,0,89,0,8,4,39.0,0.0,0.0,0.0898876404494382,0.0449438202247191,0.43820224719101125
2023,11,19393,WN,14771,14679,SFO,SAN,137,1,0,0,136,0,35,6,1041.0,0.0072992700729927005,0.0,0.25735294117647056,0.04411764705882353,7.654411764705882
2023,11,19393,WN,14869,10821,SLC,BWI,29,0,0,0,29,0,8,2,239.0,0.0,0.0,0.27586206896551724,0.06896551724137931,8.241379310344827
2023,11,19393,WN,14869,11292,SLC,DEN,230,1,0,0,229,0,20,3,-1257.0,0.004347826086956522,0.0,0.08733624454148471,0.013100436681222707,-5.489082969432315
2023,11,19393,WN,14869,12889,SLC,LAS,143,0,0,0,143,0,18,3,-581.0,0.0,0.0,0.1258741258741259,0.02097902097902098,-4.062937062937063
2023,11,19393,WN,14869,12892,SLC,LAX,30,0,0,0,30,0,1,1,-364.0,0.0,0.0,0.03333333333333333,0.03333333333333333,-12.133333333333333
2023,11,19393,WN,14869,13232,SLC,MDW,57,0,0,0,57,0,4,1,-255.0,0.0,0.0,0.07017543859649122,0.017543859649122806,-4.473684210526316
2023,11,19393,WN,14869,13796,SLC,OAK,86,0,0,0,86,0,8,4,-681.0,0.0,0.0,0.09302325581395349,0.046511627906976744,-7.9186046511627906
2023,11,19393,WN,14869,14107,SLC,PHX,143,1,0,0,142,0,15,2,-1150.0,0.006993006993006993,0.0,0.1056338028169014,0.014084507042253521,-8.098591549295774
2023,11,19393,WN,14869,14679,SLC,SAN,35,0,1,0,34,0,3,1,-243.0,0.0,0.02857142857142857,0.08823529411764706,0.029411764705882353,-7.147058823529412
2023,11,19393,WN,15016,10397,STL,ATL,133,0,0,0,133,0,16,0,-223.0,0.0,0.0,0.12030075187969924,0.0,-1.6766917293233083
2023,11,19393,WN,15016,10721,STL,BOS,68,0,0,0,68,0,14,2,329.0,0.0,0.0,0.20588235294117646,0.029411764705882353,4.838235294117647
2023,11,19393,WN,15016,10821,STL,BWI,94,0,0,0,94,0,14,2,52.0,0.0,0.0,0.14893617021276595,0.02127659574468085,0.5531914893617021
2023,11,19393,WN,15016,11278,STL,DCA,113,0,0,0,113,0,17,1,63.0,0.0,0.0,0.1504424778761062,0.008849557522123894,0.5575221238938053
2023,11,19393,WN,15016,11292,STL,DEN,206,0,0,0,206,0,23,4,-688.0,0.0,0.0,0.11165048543689321,0.019417475728155338,-3.3398058252427183
2023,11,19393,WN,15016,11433,STL,DTW,56,0,0,0,56,0,9,2,181.0,0.0,0.0,0.16071428571428573,0.03571428571428571,3.232142857142857
2023,11,19393,WN,15016,11697,STL,FLL,64,0,0,0,64,0,3,0,-191.0,0.0,0.0,0.046875,0.0,-2.984375
2023,11,19393,WN,15016,12889,STL,LAS,144,0,0,0,144,0,7,1,-1304.0,0.0,0.0,0.04861111111111111,0.006944444444444444,-9.055555555555555
2023,11,19393,WN,15016,12892,STL,LAX,82,1,0,0,81,0,12,1,-456.0,0.012195121951219513,0.0,0.14814814814814814,0.012345679012345678,-5.62962962962963
2023,11,19393,WN,15016,12953,STL,LGA,137,0,0,0,137,0,16,8,198.0,0.0,0.0,0.11678832116788321,0.058394160583941604,1.4452554744525548
2023,11,19393,WN,15016,13204,STL,MCO,151,0,0,0,151,0,17,5,131.0,0.0,0.0,0.11258278145695365,0.033112582781456956,0.8675496688741722
2023,11,19393,WN,15016,13232,STL,MDW,176,0,0,0,176,0,21,3,-180.0,0.0,0.0,0.11931818181818182,0.017045454545454544,-1.0227272727272727
2023,11,19393,WN,15016,13303,STL,MIA,33,0,0,0,33,0,3,1,-31.0,0.0,0.0,0.09090909090909091,0.030303030303030304,-0.9393939393939394
2023,11,19393,WN,15016,13487,STL,MSP,56,0,0,0,56,0,3,0,-176.0,0.0,0.0,0.05357142857142857,0.0,-3.142857142857143
2023,11,19393,WN,15016,13796,STL,OAK,28,0,0,0,28,0,9,3,17.0,0.0,0.0,0.32142857142857145,0.10714285714285714,0.6071428571428571
2023,11,19393,WN,15016,14100,STL,PHL,67,0,0,0,67,0,15,1,547.0,0.0,0.0,0.22388059701492538,0.014925373134328358,8.164179104477611
2023,11,19393,WN,15016,14107,STL,PHX,116,0,0,0,116,0,14,2,-771.0,0.0,0.0,0.1206896551724138,0.017241379310344827,-6.646551724137931
2023,11,19393,WN,15016,14635,STL,RSW,63,0,0,0,63,0,9,1,113.0,0.0,0.0,0.14285714285714285,0.015873015873015872,1.7936507936507937
2023,11,19393,WN,15016,14679,STL,SAN,37,0,0,0,37,0,2,0,-317.0,0.0,0.0,0.05405405405405406,0.0,-8.567567567567568
2023,11,19393,WN,15016,15304,STL,TPA,90,0,0,0,90,0,14,3,201.0,0.0,0.0,0.15555555555555556,0.03333333333333333,2.2333333333333334
2023,11,19393,WN,15304,10397,TPA,ATL,141,0,0,0,141,0,18,5,-136.0,0.0,0.0,0.1276595744680851,0.03546099290780142,-0.9645390070921985
2023,11,19393,WN,15304,10821,TPA,BWI,227,1,0,0,226,0,26,5,-582.0,0.004405286343612335,0.0,0.11504424778761062,0.022123893805309734,-2.575221238938053
2023,11,19393,WN,15304,11278,TPA,DCA,61,0,0,0,61,0,6,0,-214.0,0.0,0.0,0.09836065573770492,0.0,-3.5081967213114753
2023,11,19393,WN,15304,11292,TPA,DEN,115,0,0,0,115,0,21,4,68.0,0.0,0.0,0.1826086956521739,0.034782608695652174,0.591304347826087
2023,11,19393,WN,15304,11697,TPA,FLL,59,0,0,0,59,0,3,0,-461.0,0.0,0.0,0.05084745762711865,0.0,-7.813559322033898
2023,11,19393,WN,15304,12889,TPA,LAS,32,0,0,0,32,0,9,0,67.0,0.0,0.0,0.28125,0.0,2.09375
2023,11,19393,WN,15304,12953,TPA,LGA,30,0,0,0,30,0,1,0,-167.0,0.0,0.0,0.03333333333333333,0.0,-5.566666666666666
2023,11,19393,WN,15304,13232,TPA,MDW,122,1,0,0,121,0,16,3,-47.0,0.00819672131147541,0.0,0.1322314049586777,0.024793388429752067,-0.3884297520661157
2023,11,19393,WN,15304,13930,TPA,ORD,31,0,0,0,31,0,1,1,-68.0,0.0,0.0,0.03225806451612903,0.03225806451612903,-2.193548387096774
2023,11,19393,WN,15304,14100,TPA,PHL,8,0,0,0,8,0,1,1,71.0,0.0,0.0,0.125,0.125,8.875
2023,11,19393,WN,15304,14107,TPA,PHX,30,0,0,0,30,0,6,0,25.0,0.0,0.0,0.2,0.0,0.8333333333333334
2023,11,19393,WN,15304,15016,TPA,STL,90,0,0,0,90,0,8,2,-82.0,0.0,0.0,0.08888888888888889,0.022222222222222223,-0.9111111111111111
2023,11,19690,HA,10721,12173,BOS,HNL,17,0,1,0,16,0,8,0,223.0,0.0,0.058823529411764705,0.5,0.0,13.9375
2023,11,19690,HA,12173,10721,HNL,BOS,17,0,0,0,17,0,2,1,-127.0,0.0,0.0,0.11764705882352941,0.058823529411764705,-7.470588235294118
2023,11,19690,HA,12173,12478,HNL,JFK,30,0,2,0,28,0,5,2,35.0,0.0,0.06666666666666667,0.17857142857142858,0.07142857142857142,1.25
2023,11,19690,HA,12173,12889,HNL,LAS,83,0,0,0,83,0,5,2,-591.0,0.0,0.0,0.060240963855421686,0.024096385542168676,-7.120481927710843
2023,11,19690,HA,12173,12892,HNL,LAX,90,0,0,0,90,0,5,1,-818.0,0.0,0.0,0.05555555555555555,0.011111111111111112,-9.088888888888889
2023,11,19690,HA,12173,13796,HNL,OAK,33,3,0,0,30,0,5,0,27.0,0.09090909090909091,0.0,0.16666666666666666,0.0,0.9
2023,11,19690,HA,12173,14107,HNL,PHX,30,0,0,0,30,0,2,0,-373.0,0.0,0.0,0.06666666666666667,0.0,-12.433333333333334
2023,11,19690,HA,12173,14679,HNL,SAN,30,0,0,0,30,0,7,2,217.0,0.0,0.0,0.23333333333333334,0.06666666666666667,7.233333333333333
2023,11,19690,HA,12173,14747,HNL,SEA,30,0,0,0,30,0,3,0,-134.0,0.0,0.0,0.1,0.0,-4.466666666666667
2023,11,19690,HA,12173,14771,HNL,SFO,33,3,0,0,30,0,5,1,-35.0,0.09090909090909091,0.0,0.16666666666666666,0.03333333333333333,-1.1666666666666667
2023,11,19690,HA,12478,12173,JFK,HNL,30,0,0,0,30,0,12,2,517.0,0.0,0.0,0.4,0.06666666666666667,17.233333333333334
2023,11,19690,HA,12889,12173,LAS,HNL,83,0,0,0,83,0,30,2,1227.0,0.0,0.0,0.3614457831325301,0.024096385542168676,14.783132530120483
2023,11,19690,HA,12892,12173,LAX,HNL,90,1,1,0,88,0,22,4,1887.0,0.011111111111111112,0.011111111111111112,0.25,0.045454545454545456,21.443181818181817
2023,11,19690,HA,13796,12173,OAK,HNL,33,3,0,0,30,0,6,1,596.0,0.09090909090909091,0.0,0.2,0.03333333333333333,19.866666666666667
2023,11,19690,HA,14107,12173,PHX,HNL,30,0,0,0,30,0,12,0,330.0,0.0,0.0,0.4,0.0,11.0
2023,11,19690,HA,14679,12173,SAN,HNL,30,0,0,0,30,0,14,4,867.0,0.0,0.0,0.4666666666666667,0.13333333333333333,28.9
2023,11,19690,HA,14747,12173,SEA,HNL,30,1,0,0,29,0,19,5,1019.0,0.03333333333333333,0.0,0.6551724137931034,0.1724137931034483,35.13793103448276
2023,11,19690,HA,14771,12173,SFO,HNL,34,4,0,0,30,0,11,2,479.0,0.11764705882352941,0.0,0.36666666666666664,0.06666666666666667,15.966666666666667
2023,11,19790,DL,10397,10721,ATL,BOS,306,0,0,0,306,0,11,2,-3337.0,0.0,0.0,0.03594771241830065,0.006535947712418301,-10.905228758169935
2023,11,19790,DL,10397,10821,ATL,BWI,230,0,0,0,230,0,15,4,-619.0,0.0,0.0,0.06521739130434782,0.017391304347826087,-2.6913043478260867
2023,11,19790,DL,10397,11278,ATL,DCA,313,0,0,0,313,0,30,2,-1105.0,0.0,0.0,0.09584664536741214,0.006389776357827476,-3.5303514376996805
2023,11,19790,DL,10397,11292,ATL,DEN,211,0,0,0,211,0,10,1,-2588.0,0.0,0.0,0.04739336492890995,0.004739336492890996,-12.265402843601896
2023,11,19790,DL,10397,11298,ATL,DFW,235,0,0,0,235,0,22,2,-1448.0,0.0,0.0,0.09361702127659574,0.00851063829787234,-6.1617021276595745
2023,11,19790,DL,10397,11433,ATL,DTW,308,0,0,0,308,0,34,5,-644.0,0.0,0.0,0.11038961038961038,0.016233766233766232,-2.090909090909091
2023,11,19790,DL,10397,11618,ATL,EWR,240,0,1,0,239,0,17,3,-574.0,0.0,0.004166666666666667,0.07112970711297072,0.012552301255230125,-2.401673640167364
2023,11,19790,DL,10397,11697,ATL,FLL,312,0,0,0,312,0,24,6,-1318.0,0.0,0.0,0.07692307692307693,0.019230769230769232,-4.2243589743589745
2023,11,19790,DL,10397,12173,ATL,HNL,30,0,0,0,30,0,4,2,-139.0,0.0,0.0,0.13333333333333333,0.06666666666666667,-4.633333333333334
2023,11,19790,DL,10397,12266,ATL,IAH,188,0,0,0,188,0,13,1,-1136.0,0.0,0.0,0.06914893617021277,0.005319148936170213,-6.042553191489362
2023,11,19790,DL,10397,12478,ATL,JFK,208,0,2,0,206,0,18,7,-1137.0,0.0,0.009615384615384616,0.08737864077669903,0.03398058252427184,-5.519417475728155
2023,11,19790,DL,10397,12889,ATL,LAS,271,0,0,0,271,0,29,3,-1538.0,0.0,0.0,0.1070110701107011,0.01107011070110701,-5.675276752767528
2023,11,19790,DL,10397,12892,ATL,LAX,318,0,0,0,318,0,37,8,-1707.0,0.0,0.0,0.11635220125786164,0.025157232704402517,-5.367924528301887
2023,11,19790,DL,10397,12953,ATL,LGA,386,0,0,0,386,0,17,2,-4396.0,0.0,0.0,0.04404145077720207,0.0051813471502590676,-11.38860103626943
2023,11,19790,DL,10397,13204,ATL,MCO,418,0,0,0,418,0,44,10,-133.0,0.0,0.0,0.10526315789473684,0.023923444976076555,-0.3181818181818182
2023,11,19790,DL,10397,13232,ATL,MDW,111,0,0,0,111,0,10,2,-746.0,0.0,0.0,0.09009009009009009,0.018018018018018018,-6.7207207207207205
2023,11,19790,DL,10397,13303,ATL,MIA,248,0,0,0,248,0,26,3,-508.0,0.0,0.0,0.10483870967741936,0.012096774193548387,-2.0483870967741935
2023,11,19790,DL,10397,13487,ATL,MSP,255,0,0,0,255,0,16,2,-1594.0,0.0,0.0,0.06274509803921569,0.00784313725490196,-6.250980392156863
2023,11,19790,DL,10397,13930,ATL,ORD,185,0,0,0,185,0,24,6,302.0,0.0,0.0,0.12972972972972974,0.032432432432432434,1.6324324324324324
2023,11,19790,DL,10397,14100,ATL,PHL,244,0,0,0,244,0,15,2,-1429.0,0.0,0.0,0.06147540983606557,0.00819672131147541,-5.85655737704918
2023,11,19790,DL,10397,14107,ATL,PHX,178,0,0,0,178,0,15,0,-1156.0,0.0,0.0,0.08426966292134831,0.0,-6.49438202247191
2023,11,19790,DL,10397,14635,ATL,RSW,207,0,1,0,206,0,22,6,-311.0,0.0,0.004830917874396135,0.10679611650485436,0.02912621359223301,-1.5097087378640777
2023,11,19790,DL,10397,14679,ATL,SAN,159,0,1,0,158,0,5,0,-1788.0,0.0,0.006289308176100629,0.03164556962025317,0.0,-11.316455696202532
2023,11,19790,DL,10397,14747,ATL,SEA,191,0,1,0,190,0,6,0,-3853.0,0.0,0.005235602094240838,0.031578947368421054,0.0,-20.278947368421054
2023,11,19790,DL,10397,14771,ATL,SFO,190,0,0,0,190,0,10,0,-2465.0,0.0,0.0,0.05263157894736842,0.0,-12.973684210526315
2023,11,19790,DL,10397,14869,ATL,SLC,230,0,0,0,230,0,3,1,-4077.0,0.0,0.0,0.013043478260869565,0.004347826086956522,-17.72608695652174
2023,11,19790,DL,10397,15016,ATL,STL,183,0,0,0,183,0,6,1,-1476.0,0.0,0.0,0.03278688524590164,0.00546448087431694,-8.065573770491802
2023,11,19790,DL,10397,15304,ATL,TPA,333,0,0,0,333,0,30,6,-1113.0,0.0,0.0,0.09009009009009009,0.018018018018018018,-3.3423423423423424
2023,11,19790,DL,10721,10397,BOS,ATL,307,0,0,0,307,0,19,5,-3148.0,0.0,0.0,0.06188925081433225,0.016286644951140065,-10.254071661237784
2023,11,19790,DL,10721,11292,BOS,DEN,30,0,0,0,30,0,5,0,-308.0,0.0,0.0,0.16666666666666666,0.0,-10.266666666666667
2023,11,19790,DL,10721,11298,BOS,DFW,88,0,0,0,88,0,15,6,-435.0,0.0,0.0,0.17045454545454544,0.06818181818181818,-4.943181818181818
2023,11,19790,DL,10721,11433,BOS,DTW,139,0,0,0,139,0,12,1,-1086.0,0.0,0.0,0.08633093525179857,0.007194244604316547,-7.81294964028777
2023,11,19790,DL,10721,11697,BOS,FLL,59,0,1,0,58,0,7,1,-451.0,0.0,0.01694915254237288,0.1206896551724138,0.017241379310344827,-7.775862068965517
2023,11,19790,DL,10721,12478,BOS,JFK,30,0,0,0,30,0,1,0,-357.0,0.0,0.0,0.03333333333333333,0.0,-11.9
2023,11,19790,DL,10721,12889,BOS,LAS,44,0,0,0,44,0,5,0,-544.0,0.0,0.0,0.11363636363636363,0.0,-12.363636363636363
2023,11,19790,DL,10721,12892,BOS,LAX,96,0,0,0,96,0,4,1,-1113.0,0.0,0.0,0.041666666666666664,0.010416666666666666,-11.59375
2023,11,19790,DL,10721,12953,BOS,LGA,49,0,0,0,49,0,6,3,178.0,0.0,0.0,0.12244897959183673,0.061224489795918366,3.63265306122449
2023,11,19790,DL,10721,13204,BOS,MCO,89,0,0,0,89,0,1,0,-1151.0,0.0,0.0,0.011235955056179775,0.0,-12.932584269662922
2023,11,19790,DL,10721,13303,BOS,MIA,59,0,0,0,59,0,14,2,226.0,0.0,0.0,0.23728813559322035,0.03389830508474576,3.830508474576271
2023,11,19790,DL,10721,13487,BOS,MSP,149,0,0,0,149,0,10,2,-1171.0,0.0,0.0,0.06711409395973154,0.013422818791946308,-7.859060402684563
2023,11,19790,DL,10721,13930,BOS,ORD,123,0,0,0,123,0,29,13,990.0,0.0,0.0,0.23577235772357724,0.10569105691056911,8.048780487804878
2023,11,19790,DL,10721,14107,BOS,PHX,29,0,0,0,29,0,2,0,-629.0,0.0,0.0,0.06896551724137931,0.0,-21.689655172413794
2023,11,19790,DL,10721,14635,BOS,RSW,30,0,0,0,30,0,6,0,43.0,0.0,0.0,0.2,0.0,1.4333333333333333
2023,11,19790,DL,10721,14679,BOS,SAN,29,0,0,0,29,0,4,1,-152.0,0.0,0.0,0.13793103448275862,0.034482758620689655,-5.241379310344827
2023,11,19790,DL,10721,14747,BOS,SEA,71,0,0,0,71,0,13,3,-222.0,0.0,0.0,0.18309859154929578,0.04225352112676056,-3.1267605633802815
2023,11,19790,DL,10721,14771,BOS,SFO,58,0,0,0,58,0,13,1,-87.0,0.0,0.0,0.22413793103448276,0.017241379310344827,-1.5
2023,11,19790,DL,10721,14869,BOS,SLC,59,0,0,0,59,0,4,1,-502.0,0.0,0.0,0.06779661016949153,0.01694915254237288,-8.508474576271187
2023,11,19790,DL,10721,15304,BOS,TPA,72,0,0,0,72,0,10,4,-20.0,0.0,0.0,0.1388888888888889,0.05555555555555555,-0.2777777777777778
2023,11,19790,DL,10821,10397,BWI,ATL,230,0,0,0,230,0,23,2,-1494.0,0.0,0.0,0.1,0.008695652173913044,-6.495652173913044
2023,11,19790,DL,10821,11433,BWI,DTW,78,0,0,0,78,0,8,1,-445.0,0.0,0.0,0.10256410256410256,0.01282051282051282,-5.705128205128205
2023,11,19790,DL,10821,13487,BWI,MSP,74,0,0,0,74,0,10,6,797.0,0.0,0.0,0.13513513513513514,0.08108108108108109,10.77027027027027
2023,11,19790,DL,10821,14869,BWI,SLC,29,0,0,0,29,0,4,0,-218.0,0.0,0.0,0.13793103448275862,0.0,-7.517241379310345
2023,11,19790,DL,11278,10397,DCA,ATL,312,0,0,0,312,0,15,6,-3043.0,0.0,0.0,0.04807692307692308,0.019230769230769232,-9.753205128205128
2023,11,19790,DL,11278,11433,DCA,DTW,141,0,0,0,141,0,9,1,-1112.0,0.0,0.0,0.06382978723404255,0.0070921985815602835,-7.886524822695035
2023,11,19790,DL,11278,12892,DCA,LAX,29,0,0,0,29,0,2,1,-483.0,0.0,0.0,0.06896551724137931,0.034482758620689655,-16.655172413793103
2023,11,19790,DL,11278,13204,DCA,MCO,50,0,0,0,50,0,7,3,-283.0,0.0,0.0,0.14,0.06,-5.66
2023,11,19790,DL,11278,13303,DCA,MIA,26,0,0,0,26,0,5,2,158.0,0.0,0.0,0.19230769230769232,0.07692307692307693,6.076923076923077
2023,11,19790,DL,11278,13487,DCA,MSP,138,0,0,0,138,0,12,5,-560.0,0.0,0.0,0.08695652173913043,0.036231884057971016,-4.057971014492754
2023,11,19790,DL,11278,14869,DCA,SLC,30,0,0,0,30,0,0,0,-585.0,0.0,0.0,0.0,0.0,-19.5
2023,11,19790,DL,11292,10397,DEN,ATL,211,0,0,0,211,0,19,7,-1644.0,0.0,0.0,0.09004739336492891,0.03317535545023697,-7.791469194312796
2023,11,19790,DL,11292,10721,DEN,BOS,30,0,0,0,30,0,2,0,-297.0,0.0,0.0,0.06666666666666667,0.0,-9.9
2023,11,19790,DL,11292,11433,DEN,DTW,106,0,0,0,106,0,8,0,-1352.0,0.0,0.0,0.07547169811320754,0.0,-12.754716981132075
2023,11,19790,DL,11292,12478,DEN,JFK,74,0,0,0,74,0,7,1,-1013.0,0.0,0.0,0.0945945945945946,0.013513513513513514,-13.68918918918919
2023,11,19790,DL,11292,12892,DEN,LAX,89,0,0,0,89,0,8,2,-332.0,0.0,0.0,0.0898876404494382,0.02247191011235955,-3.730337078651685
2023,11,19790,DL,11292,12953,DEN,LGA,82,0,0,0,82,0,3,0,-1326.0,0.0,0.0,0.036585365853658534,0.0,-16.170731707317074
2023,11,19790,DL,11292,13487,DEN,MSP,135,0,0,0,135,0,11,5,-700.0,0.0,0.0,0.08148148148148149,0.037037037037037035,-5.185185185185185
2023,11,19790,DL,11292,14747,DEN,SEA,88,0,0,0,88,0,18,8,1386.0,0.0,0.0,0.20454545454545456,0.09090909090909091,15.75
2023,11,19790,DL,11292,14869,DEN,SLC,129,0,0,0,129,0,11,5,-795.0,0.0,0.0,0.08527131782945736,0.03875968992248062,-6.162790697674419
2023,11,19790,DL,11298,10397,DFW,ATL,235,0,0,0,235,0,10,2,-1740.0,0.0,0.0,0.0425531914893617,0.00851063829787234,-7.404255319148936
2023,11,19790,DL,11298,10721,DFW,BOS,88,0,0,0,88,0,10,6,510.0,0.0,0.0,0.11363636363636363,0.06818181818181818,5.795454545454546
2023,11,19790,DL,11298,11433,DFW,DTW,116,0,0,0,116,0,12,2,-138.0,0.0,0.0,0.10344827586206896,0.017241379310344827,-1.1896551724137931
2023,11,19790,DL,11298,12478,DFW,JFK,60,0,0,0,60,0,5,0,-412.0,0.0,0.0,0.08333333333333333,0.0,-6.866666666666666
2023,11,19790,DL,11298,12892,DFW,LAX,60,0,0,0,60,0,8,2,300.0,0.0,0.0,0.13333333333333333,0.03333333333333333,5.0
2023,11,19790,DL,11298,12953,DFW,LGA,162,0,0,0,162,0,12,4,-1674.0,0.0,0.0,0.07407407407407407,0.024691358024691357,-10.333333333333334
2023,11,19790,DL,11298,13487,DFW,MSP,119,1,0,0,118,0,8,2,-522.0,0.008403361344537815,0.0,0.06779661016949153,0.01694915254237288,-4.423728813559322
2023,11,19790,DL,11298,14869,DFW,SLC,149,0,0,0,149,0,12,4,-691.0,0.0,0.0,0.08053691275167785,0.026845637583892617,-4.6375838926174495
2023,11,19790,DL,11433,10397,DTW,ATL,303,0,0,0,303,0,32,10,-1990.0,0.0,0.0,0.10561056105610561,0.033003300330033,-6.567656765676568
2023,11,19790,DL,11433,10721,DTW,BOS,140,0,0,0,140,0,15,2,-819.0,0.0,0.0,0.10714285714285714,0.014285714285714285,-5.85
2023,11,19790,DL,11433,10821,DTW,BWI,78,0,0,0,78,0,7,2,-577.0,0.0,0.0,0.08974358974358974,0.02564102564102564,-7.397435897435898
2023,11,19790,DL,11433,11278,DTW,DCA,141,0,0,0,141,0,14,2,-924.0,0.0,0.0,0.09929078014184398,0.014184397163120567,-6.553191489361702
2023,11,19790,DL,11433,11292,DTW,DEN,106,0,0,0,106,0,11,0,-1248.0,0.0,0.0,0.10377358490566038,0.0,-11.773584905660377
2023,11,19790,DL,11433,11298,DTW,DFW,116,0,0,0,116,0,14,2,-922.0,0.0,0.0,0.1206896551724138,0.017241379310344827,-7.948275862068965
2023,11,19790,DL,11433,11618,DTW,EWR,129,0,0,0,129,0,11,4,-1183.0,0.0,0.0,0.08527131782945736,0.031007751937984496,-9.170542635658915
2023,11,19790,DL,11433,11697,DTW,FLL,112,0,0,0,112,0,11,1,-955.0,0.0,0.0,0.09821428571428571,0.008928571428571428,-8.526785714285714
2023,11,19790,DL,11433,12173,DTW,HNL,30,0,0,0,30,0,8,2,446.0,0.0,0.0,0.26666666666666666,0.06666666666666667,14.866666666666667
2023,11,19790,DL,11433,12266,DTW,IAH,105,0,0,0,105,0,9,0,-2099.0,0.0,0.0,0.08571428571428572,0.0,-19.99047619047619
2023,11,19790,DL,11433,12478,DTW,JFK,1,0,0,0,1,0,0,0,-15.0,0.0,0.0,0.0,0.0,-15.0
2023,11,19790,DL,11433,12889,DTW,LAS,162,0,1,0,161,0,28,5,-880.0,0.0,0.006172839506172839,0.17391304347826086,0.031055900621118012,-5.46583850931677
2023,11,19790,DL,11433,12892,DTW,LAX,157,0,0,0,157,0,22,3,-1558.0,0.0,0.0,0.14012738853503184,0.01910828025477707,-9.92356687898089
2023,11,19790,DL,11433,12953,DTW,LGA,173,0,0,0,173,0,19,8,-1014.0,0.0,0.0,0.10982658959537572,0.046242774566473986,-5.861271676300578
2023,11,19790,DL,11433,13204,DTW,MCO,156,0,0,0,156,0,27,7,138.0,0.0,0.0,0.17307692307692307,0.04487179487179487,0.8846153846153846
2023,11,19790,DL,11433,13303,DTW,MIA,58,0,0,0,58,0,9,2,69.0,0.0,0.0,0.15517241379310345,0.034482758620689655,1.1896551724137931
2023,11,19790,DL,11433,13487,DTW,MSP,149,0,0,0,149,0,10,1,-1212.0,0.0,0.0,0.06711409395973154,0.006711409395973154,-8.134228187919463
2023,11,19790,DL,11433,13930,DTW,ORD,146,0,0,0,146,0,15,2,-1043.0,0.0,0.0,0.10273972602739725,0.0136986301369863,-7.1438356164383565
2023,11,19790,DL,11433,14100,DTW,PHL,115,0,0,0,115,0,9,2,-1131.0,0.0,0.0,0.0782608695652174,0.017391304347826087,-9.834782608695653
2023,11,19790,DL,11433,14107,DTW,PHX,114,0,0,0,114,0,14,1,-1635.0,0.0,0.0,0.12280701754385964,0.008771929824561403,-14.342105263157896
2023,11,19790,DL,11433,14635,DTW,RSW,87,0,0,0,87,0,9,0,-436.0,0.0,0.0,0.10344827586206896,0.0,-5.011494252873563
2023,11,19790,DL,11433,14679,DTW,SAN,101,0,0,0,101,0,9,1,-1560.0,0.0,0.0,0.0891089108910891,0.009900990099009901,-15.445544554455445
2023,11,19790,DL,11433,14747,DTW,SEA,114,0,0,0,114,0,11,1,-876.0,0.0,0.0,0.09649122807017543,0.008771929824561403,-7.684210526315789
2023,11,19790,DL,11433,14771,DTW,SFO,101,0,0,0,101,0,18,0,-616.0,0.0,0.0,0.1782178217821782,0.0,-6.099009900990099
2023,11,19790,DL,11433,14869,DTW,SLC,120,0,0,0,120,0,8,2,-933.0,0.0,0.0,0.06666666666666667,0.016666666666666666,-7.775
2023,11,19790,DL,11433,15016,DTW,STL,106,0,0,0,106,0,8,1,-774.0,0.0,0.0,0.07547169811320754,0.009433962264150943,-7.30188679245283
2023,11,19790,DL,11433,15304,DTW,TPA,108,0,0,0,108,0,11,3,-632.0,0.0,0.0,0.10185185185185185,0.027777777777777776,-5.851851851851852
2023,11,19790,DL,11618,10397,EWR,ATL,240,0,1,0,239,0,28,4,-104.0,0.0,0.004166666666666667,0.11715481171548117,0.016736401673640166,-0.4351464435146444
2023,11,19790,DL,11618,11433,EWR,DTW,129,0,0,0,129,0,14,3,-189.0,0.0,0.0,0.10852713178294573,0.023255813953488372,-1.4651162790697674
2023,11,19790,DL,11618,13487,EWR,MSP,104,0,0,0,104,0,14,2,-68.0,0.0,0.0,0.1346153846153846,0.019230769230769232,-0.6538461538461539
2023,11,19790,DL,11618,14869,EWR,SLC,58,0,0,0,58,0,8,1,156.0,0.0,0.0,0.13793103448275862,0.017241379310344827,2.689655172413793
2023,11,19790,DL,11697,10397,FLL,ATL,312,0,0,0,312,0,31,7,-1118.0,0.0,0.0,0.09935897435897435,0.022435897435897436,-3.5833333333333335
2023,11,19790,DL,11697,10721,FLL,BOS,59,0,0,0,59,0,6,0,-450.0,0.0,0.0,0.1016949152542373,0.0,-7.627118644067797
2023,11,19790,DL,11697,11433,FLL,DTW,112,0,0,0,112,0,9,1,-274.0,0.0,0.0,0.08035714285714286,0.008928571428571428,-2.4464285714285716
2023,11,19790,DL,11697,12478,FLL,JFK,141,0,1,0,140,0,13,3,-883.0,0.0,0.0070921985815602835,0.09285714285714286,0.02142857142857143,-6.307142857142857
2023,11,19790,DL,11697,12892,FLL,LAX,24,0,0,0,24,0,2,1,-196.0,0.0,0.0,0.08333333333333333,0.041666666666666664,-8.166666666666666
2023,11,19790,DL,11697,12953,FLL,LGA,142,0,0,0,142,0,13,2,-1157.0,0.0,0.0,0.09154929577464789,0.014084507042253521,-8.147887323943662
2023,11,19790,DL,11697,13487,FLL,MSP,57,0,0,0,57,0,5,2,-256.0,0.0,0.0,0.08771929824561403,0.03508771929824561,-4.491228070175438
2023,11,19790,DL,11697,14747,FLL,SEA,29,0,0,0,29,0,4,0,-243.0,0.0,0.0,0.13793103448275862,0.0,-8.379310344827585
2023,11,19790,DL,11697,14869,FLL,SLC,30,0,0,0,30,0,1,0,-449.0,0.0,0.0,0.03333333333333333,0.0,-14.966666666666667
2023,11,19790,DL,12173,10397,HNL,ATL,30,0,0,0,30,0,4,2,-88.0,0.0,0.0,0.13333333333333333,0.06666666666666667,-2.933333333333333
2023,11,19790,DL,12173,11433,HNL,DTW,30,0,0,0,30,0,4,0,-226.0,0.0,0.0,0.13333333333333333,0.0,-7.533333333333333
2023,11,19790,DL,12173,12478,HNL,JFK,29,0,0,0,29,0,1,1,-1021.0,0.0,0.0,0.034482758620689655,0.034482758620689655,-35.206896551724135
2023,11,19790,DL,12173,12892,HNL,LAX,90,0,0,0,90,0,5,1,-1600.0,0.0,0.0,0.05555555555555555,0.011111111111111112,-17.77777777777778
2023,11,19790,DL,12173,13487,HNL,MSP,30,0,0,0,30,0,2,1,-326.0,0.0,0.0,0.06666666666666667,0.03333333333333333,-10.866666666666667
2023,11,19790,DL,12173,14747,HNL,SEA,60,0,0,0,60,0,4,0,-740.0,0.0,0.0,0.06666666666666667,0.0,-12.333333333333334
2023,11,19790,DL,12173,14869,HNL,SLC,30,0,0,0,30,0,1,0,-517.0,0.0,0.0,0.03333333333333333,0.0,-17.233333333333334
2023,11,19790,DL,12266,10397,IAH,ATL,188,0,0,0,188,0,10,0,-1987.0,0.0,0.0,0.05319148936170213,0.0,-10.569148936170214
2023,11,19790,DL,12266,11433,IAH,DTW,105,0,0,0,105,0,3,1,-1229.0,0.0,0.0,0.02857142857142857,0.009523809523809525,-11.704761904761904
2023,11,19790,DL,12266,12892,IAH,LAX,54,0,0,0,54,0,3,0,-679.0,0.0,0.0,0.05555555555555555,0.0,-12.574074074074074
2023,11,19790,DL,12266,12953,IAH,LGA,106,0,0,0,106,0,10,2,-516.0,0.0,0.0,0.09433962264150944,0.018867924528301886,-4.867924528301887
2023,11,19790,DL,12266,13487,IAH,MSP,107,0,0,0,107,0,9,2,-18.0,0.0,0.0,0.08411214953271028,0.018691588785046728,-0.16822429906542055
2023,11,19790,DL,12266,14869,IAH,SLC,79,0,0,0,79,0,2,1,-779.0,0.0,0.0,0.02531645569620253,0.012658227848101266,-9.860759493670885
2023,11,19790,DL,12478,10397,JFK,ATL,210,0,0,0,210,0,20,7,-306.0,0.0,0.0,0.09523809523809523,0.03333333333333333,-1.457142857142857
2023,11,19790,DL,12478,10721,JFK,BOS,30,0,0,0,30,0,2,1,-318.0,0.0,0.0,0.06666666666666667,0.03333333333333333,-10.6
2023,11,19790,DL,12478,11292,JFK,DEN,74,0,0,0,74,0,8,0,-978.0,0.0,0.0,0.10810810810810811,0.0,-13.216216216216216
2023,11,19790,DL,12478,11298,JFK,DFW,60,0,0,0,60,0,5,2,-1124.0,0.0,0.0,0.08333333333333333,0.03333333333333333,-18.733333333333334
2023,11,19790,DL,12478,11433,JFK,DTW,1,0,0,0,1,0,0,0,-19.0,0.0,0.0,0.0,0.0,-19.0
2023,11,19790,DL,12478,11697,JFK,FLL,142,0,0,0,142,0,9,3,-2249.0,0.0,0.0,0.06338028169014084,0.02112676056338028,-15.838028169014084
2023,11,19790,DL,12478,12173,JFK,HNL,29,0,0,0,29,0,1,0,-676.0,0.0,0.0,0.034482758620689655,0.0,-23.310344827586206
2023,11,19790,DL,12478,12889,JFK,LAS,145,0,0,0,145,0,10,1,-2673.0,0.0,0.0,0.06896551724137931,0.006896551724137931,-18.43448275862069
2023,11,19790,DL,12478,12892,JFK,LAX,271,0,1,0,270,0,35,6,-1080.0,0.0,0.0036900369003690036,0.12962962962962962,0.022222222222222223,-4.0
2023,11,19790,DL,12478,13204,JFK,MCO,171,0,0,0,171,0,21,4,-675.0,0.0,0.0,0.12280701754385964,0.023391812865497075,-3.9473684210526314
2023,11,19790,DL,12478,13303,JFK,MIA,118,0,0,0,118,0,17,4,-550.0,0.0,0.0,0.1440677966101695,0.03389830508474576,-4.661016949152542
2023,11,19790,DL,12478,13487,JFK,MSP,89,0,0,0,89,0,8,2,-563.0,0.0,0.0,0.0898876404494382,0.02247191011235955,-6.325842696629214
2023,11,19790,DL,12478,14107,JFK,PHX,86,0,0,0,86,0,10,3,-626.0,0.0,0.0,0.11627906976744186,0.03488372093023256,-7.27906976744186
2023,11,19790,DL,12478,14635,JFK,RSW,30,0,0,0,30,0,3,0,-389.0,0.0,0.0,0.1,0.0,-12.966666666666667
2023,11,19790,DL,12478,14679,JFK,SAN,86,0,0,0,86,0,4,4,-1462.0,0.0,0.0,0.046511627906976744,0.046511627906976744,-17.0
2023,11,19790,DL,12478,14747,JFK,SEA,118,0,0,0,118,0,29,5,375.0,0.0,0.0,0.2457627118644068,0.0423728813559322,3.1779661016949152
2023,11,19790,DL,12478,14771,JFK,SFO,194,0,0,0,194,0,32,5,922.0,0.0,0.0,0.16494845360824742,0.02577319587628866,4.752577319587629
2023,11,19790,DL,12478,14869,JFK,SLC,117,0,0,0,117,0,7,3,-1594.0,0.0,0.0,0.05982905982905983,0.02564102564102564,-13.623931623931623
2023,11,19790,DL,12478,15304,JFK,TPA,89,0,0,0,89,0,10,0,-617.0,0.0,0.0,0.11235955056179775,0.0,-6.932584269662922
2023,11,19790,DL,12889,10397,LAS,ATL,270,1,0,0,269,0,24,2,-1845.0,0.003703703703703704,0.0,0.08921933085501858,0.007434944237918215,-6.858736059479554
2023,11,19790,DL,12889,10721,LAS,BOS,44,0,0,0,44,0,3,1,-605.0,0.0,0.0,0.06818181818181818,0.022727272727272728,-13.75
2023,11,19790,DL,12889,11433,LAS,DTW,163,0,0,0,163,0,11,3,-1776.0,0.0,0.0,0.06748466257668712,0.018404907975460124,-10.895705521472392
2023,11,19790,DL,12889,12478,LAS,JFK,145,0,0,0,145,0,20,5,-1459.0,0.0,0.0,0.13793103448275862,0.034482758620689655,-10.062068965517241
2023,11,19790,DL,12889,12892,LAS,LAX,146,0,0,0,146,0,20,9,191.0,0.0,0.0,0.136986301369863,0.06164383561643835,1.3082191780821917
2023,11,19790,DL,12889,12953,LAS,LGA,4,0,1,0,3,0,0,0,-88.0,0.0,0.25,0.0,0.0,-29.333333333333332
2023,11,19790,DL,12889,13487,LAS,MSP,171,0,0,0,171,0,17,4,-1123.0,0.0,0.0,0.09941520467836257,0.023391812865497075,-6.567251461988304
2023,11,19790,DL,12889,14747,LAS,SEA,141,0,1,0,140,0,10,3,-1123.0,0.0,0.0070921985815602835,0.07142857142857142,0.02142857142857143,-8.021428571428572
2023,11,19790,DL,12889,14869,LAS,SLC,138,0,0,0,138,0,11,4,-1344.0,0.0,0.0,0.07971014492753623,0.028985507246376812,-9.73913043478261
2023,11,19790,DL,12892,10397,LAX,ATL,315,0,0,0,315,0,42,11,-101.0,0.0,0.0,0.13333333333333333,0.03492063492063492,-0.32063492063492066
2023,11,19790,DL,12892,10721,LAX,BOS,96,0,0,0,96,0,7,1,-1542.0,0.0,0.0,0.07291666666666667,0.010416666666666666,-16.0625
2023,11,19790,DL,12892,11278,LAX,DCA,29,0,0,0,29,0,3,0,-585.0,0.0,0.0,0.10344827586206896,0.0,-20.17241379310345
2023,11,19790,DL,12892,11292,LAX,DEN,89,0,0,0,89,0,6,1,-1270.0,0.0,0.0,0.06741573033707865,0.011235955056179775,-14.269662921348315
2023,11,19790,DL,12892,11298,LAX,DFW,60,0,0,0,60,0,7,2,-375.0,0.0,0.0,0.11666666666666667,0.03333333333333333,-6.25
2023,11,19790,DL,12892,11433,LAX,DTW,157,0,0,0,157,0,8,1,-2068.0,0.0,0.0,0.050955414012738856,0.006369426751592357,-13.171974522292993
2023,11,19790,DL,12892,11697,LAX,FLL,25,0,0,0,25,0,3,0,-93.0,0.0,0.0,0.12,0.0,-3.72
2023,11,19790,DL,12892,12173,LAX,HNL,90,0,0,0,90,0,15,3,3.0,0.0,0.0,0.16666666666666666,0.03333333333333333,0.03333333333333333
2023,11,19790,DL,12892,12266,LAX,IAH,54,0,0,0,54,0,10,2,-124.0,0.0,0.0,0.18518518518518517,0.037037037037037035,-2.2962962962962963
2023,11,19790,DL,12892,12478,LAX,JFK,271,0,0,0,271,0,33,8,-2581.0,0.0,0.0,0.12177121771217712,0.02952029520295203,-9.523985239852399
2023,11,19790,DL,12892,12889,LAX,LAS,146,0,0,0,146,0,28,8,193.0,0.0,0.0,0.1917808219178082,0.0547945205479452,1.321917808219178
2023,11,19790,DL,12892,12953,LAX,LGA,4,0,0,0,4,0,1,1,23.0,0.0,0.0,0.25,0.25,5.75
2023,11,19790,DL,12892,13204,LAX,MCO,102,0,0,0,102,0,9,5,-467.0,0.0,0.0,0.08823529411764706,0.049019607843137254,-4.578431372549019
2023,11,19790,DL,12892,13303,LAX,MIA,29,0,0,0,29,0,4,0,-127.0,0.0,0.0,0.13793103448275862,0.0,-4.379310344827586
2023,11,19790,DL,12892,13487,LAX,MSP,175,0,0,0,175,0,9,1,-2542.0,0.0,0.0,0.05142857142857143,0.005714285714285714,-14.525714285714285
2023,11,19790,DL,12892,14747,LAX,SEA,193,0,1,0,192,0,12,3,-3015.0,0.0,0.0051813471502590676,0.0625,0.015625,-15.703125
2023,11,19790,DL,12892,14771,LAX,SFO,184,0,0,0,184,0,26,6,-799.0,0.0,0.0,0.14130434782608695,0.03260869565217391,-4.342391304347826
2023,11,19790,DL,12892,14869,LAX,SLC,199,0,0,0,199,0,12,4,-1830.0,0.0,0.0,0.06030150753768844,0.020100502512562814,-9.195979899497488
2023,11,19790,DL,12892,15304,LAX,TPA,38,0,0,0,38,0,3,2,-275.0,0.0,0.0,0.07894736842105263,0.05263157894736842,-7.2368421052631575
2023,11,19790,DL,12953,10397,LGA,ATL,386,0,0,0,386,0,26,7,-4950.0,0.0,0.0,0.06735751295336788,0.018134715025906734,-12.823834196891191
2023,11,19790,DL,12953,10721,LGA,BOS,49,0,0,0,49,0,16,4,454.0,0.0,0.0,0.32653061224489793,0.08163265306122448,9.26530612244898
2023,11,19790,DL,12953,11292,LGA,DEN,82,0,0,0,82,0,10,2,-986.0,0.0,0.0,0.12195121951219512,0.024390243902439025,-12.024390243902438
2023,11,19790,DL,12953,11298,LGA,DFW,162,0,0,0,162,0,24,6,-1725.0,0.0,0.0,0.14814814814814814,0.037037037037037035,-10.648148148148149
2023,11,19790,DL,12953,11433,LGA,DTW,172,0,0,0,172,0,12,4,-1842.0,0.0,0.0,0.06976744186046512,0.023255813953488372,-10.709302325581396
2023,11,19790,DL,12953,11697,LGA,FLL,142,0,0,0,142,0,17,2,-1633.0,0.0,0.0,0.11971830985915492,0.014084507042253521,-11.5
2023,11,19790,DL,12953,12266,LGA,IAH,106,0,0,0,106,0,7,3,-2204.0,0.0,0.0,0.0660377358490566,0.02830188679245283,-20.79245283018868
2023,11,19790,DL,12953,12889,LGA,LAS,4,0,0,0,4,0,0,0,-111.0,0.0,0.0,0.0,0.0,-27.75
2023,11,19790,DL,12953,12892,LGA,LAX,4,0,0,0,4,0,1,1,116.0,0.0,0.0,0.25,0.25,29.0
2023,11,19790,DL,12953,13204,LGA,MCO,172,0,1,0,171,0,14,1,-1989.0,0.0,0.005813953488372093,0.08187134502923976,0.005847953216374269,-11.631578947368421
2023,11,19790,DL,12953,13303,LGA,MIA,139,0,0,0,139,0,27,13,957.0,0.0,0.0,0.19424460431654678,0.09352517985611511,6.884892086330935
2023,11,19790,DL,12953,13487,LGA,MSP,142,0,0,0,142,0,4,0,-1963.0,0.0,0.0,0.028169014084507043,0.0,-13.82394366197183
2023,11,19790,DL,12953,13930,LGA,ORD,203,0,0,0,203,0,34,14,228.0,0.0,0.0,0.16748768472906403,0.06896551724137931,1.1231527093596059
2023,11,19790,DL,12953,14107,LGA,PHX,4,0,0,0,4,0,0,0,-27.0,0.0,0.0,0.0,0.0,-6.75
2023,11,19790,DL,12953,14635,LGA,RSW,59,0,0,0,59,0,9,6,-335.0,0.0,0.0,0.15254237288135594,0.1016949152542373,-5.677966101694915
2023,11,19790,DL,12953,14869,LGA,SLC,4,0,0,0,4,0,0,0,-119.0,0.0,0.0,0.0,0.0,-29.75
2023,11,19790,DL,12953,15304,LGA,TPA,114,0,0,0,114,0,11,6,-160.0,0.0,0.0,0.09649122807017543,0.05263157894736842,-1.4035087719298245
2023,11,19790,DL,13204,10397,MCO,ATL,418,0,0,0,418,0,45,15,-477.0,0.0,0.0,0.1076555023923445,0.03588516746411483,-1.1411483253588517
2023,11,19790,DL,13204,10721,MCO,BOS,89,0,0,0,89,0,5,1,-888.0,0.0,0.0,0.056179775280898875,0.011235955056179775,-9.97752808988764
2023,11,19790,DL,13204,11278,MCO,DCA,50,0,0,0,50,0,8,4,-5.0,0.0,0.0,0.16,0.08,-0.1
2023,11,19790,DL,13204,11433,MCO,DTW,156,0,0,0,156,0,25,7,16.0,0.0,0.0,0.16025641025641027,0.04487179487179487,0.10256410256410256
2023,11,19790,DL,13204,12478,MCO,JFK,171,0,0,0,171,0,18,3,-831.0,0.0,0.0,0.10526315789473684,0.017543859649122806,-4.859649122807017
2023,11,19790,DL,13204,12892,MCO,LAX,102,0,0,0,102,0,7,4,-1158.0,0.0,0.0,0.06862745098039216,0.0392156862745098,-11.352941176470589
2023,11,19790,DL,13204,12953,MCO,LGA,172,0,0,0,172,0,13,1,-2170.0,0.0,0.0,0.0755813953488372,0.005813953488372093,-12.616279069767442
2023,11,19790,DL,13204,13303,MCO,MIA,90,0,0,0,90,0,8,1,-633.0,0.0,0.0,0.08888888888888889,0.011111111111111112,-7.033333333333333
2023,11,19790,DL,13204,13487,MCO,MSP,146,0,0,0,146,0,12,8,-1049.0,0.0,0.0,0.0821917808219178,0.0547945205479452,-7.184931506849315
2023,11,19790,DL,13204,14747,MCO,SEA,57,0,0,0,57,0,4,1,-1434.0,0.0,0.0,0.07017543859649122,0.017543859649122806,-25.157894736842106
2023,11,19790,DL,13204,14869,MCO,SLC,107,0,0,0,107,0,5,0,-1660.0,0.0,0.0,0.04672897196261682,0.0,-15.514018691588785
2023,11,19790,DL,13232,10397,MDW,ATL,111,0,0,0,111,0,3,1,-1571.0,0.0,0.0,0.02702702702702703,0.009009009009009009,-14.153153153153154
2023,11,19790,DL,13303,10397,MIA,ATL,247,0,0,0,247,0,42,11,1496.0,0.0,0.0,0.1700404858299595,0.044534412955465584,6.05668016194332
2023,11,19790,DL,13303,10721,MIA,BOS,59,0,0,0,59,0,10,2,127.0,0.0,0.0,0.1694915254237288,0.03389830508474576,2.152542372881356
2023,11,19790,DL,13303,11278,MIA,DCA,26,0,0,0,26,0,1,1,-128.0,0.0,0.0,0.038461538461538464,0.038461538461538464,-4.923076923076923
2023,11,19790,DL,13303,11433,MIA,DTW,57,0,0,0,57,0,14,2,206.0,0.0,0.0,0.24561403508771928,0.03508771929824561,3.6140350877192984
2023,11,19790,DL,13303,12478,MIA,JFK,118,0,0,0,118,0,25,11,940.0,0.0,0.0,0.211864406779661,0.09322033898305085,7.966101694915254
2023,11,19790,DL,13303,12892,MIA,LAX,29,0,0,0,29,0,3,1,179.0,0.0,0.0,0.10344827586206896,0.034482758620689655,6.172413793103448
2023,11,19790,DL,13303,12953,MIA,LGA,139,0,0,0,139,0,24,4,221.0,0.0,0.0,0.17266187050359713,0.02877697841726619,1.589928057553957
2023,11,19790,DL,13303,13204,MIA,MCO,90,0,1,0,89,0,9,3,-422.0,0.0,0.011111111111111112,0.10112359550561797,0.033707865168539325,-4.741573033707865
2023,11,19790,DL,13303,13487,MIA,MSP,58,0,0,0,58,0,4,2,403.0,0.0,0.0,0.06896551724137931,0.034482758620689655,6.948275862068965
2023,11,19790,DL,13303,14869,MIA,SLC,30,0,0,0,30,0,5,0,-10.0,0.0,0.0,0.16666666666666666,0.0,-0.3333333333333333
2023,11,19790,DL,13487,10397,MSP,ATL,257,0,0,0,257,0,17,3,-2609.0,0.0,0.0,0.06614785992217899,0.011673151750972763,-10.151750972762645
2023,11,19790,DL,13487,10721,MSP,BOS,149,0,0,0,149,0,4,1,-2614.0,0.0,0.0,0.026845637583892617,0.006711409395973154,-17.543624161073826
2023,11,19790,DL,13487,10821,MSP,BWI,74,0,0,0,74,0,5,1,-1261.0,0.0,0.0,0.06756756756756757,0.013513513513513514,-17.04054054054054
2023,11,19790,DL,13487,11278,MSP,DCA,139,0,0,0,139,0,6,3,-1687.0,0.0,0.0,0.04316546762589928,0.02158273381294964,-12.136690647482014
2023,11,19790,DL,13487,11292,MSP,DEN,135,0,0,0,135,0,10,3,-1161.0,0.0,0.0,0.07407407407407407,0.022222222222222223,-8.6
2023,11,19790,DL,13487,11298,MSP,DFW,119,0,0,0,119,0,13,4,-991.0,0.0,0.0,0.1092436974789916,0.03361344537815126,-8.327731092436975
2023,11,19790,DL,13487,11433,MSP,DTW,151,0,0,0,151,0,7,1,-1675.0,0.0,0.0,0.046357615894039736,0.006622516556291391,-11.092715231788079
2023,11,19790,DL,13487,11618,MSP,EWR,104,0,0,0,104,0,12,3,-952.0,0.0,0.0,0.11538461538461539,0.028846153846153848,-9.153846153846153
2023,11,19790,DL,13487,11697,MSP,FLL,58,0,0,0,58,0,7,2,-609.0,0.0,0.0,0.1206896551724138,0.034482758620689655,-10.5
2023,11,19790,DL,13487,12173,MSP,HNL,30,0,0,0,30,0,3,2,-46.0,0.0,0.0,0.1,0.06666666666666667,-1.5333333333333334
2023,11,19790,DL,13487,12266,MSP,IAH,107,0,0,0,107,0,12,2,-1290.0,0.0,0.0,0.11214953271028037,0.018691588785046728,-12.05607476635514
2023,11,19790,DL,13487,12478,MSP,JFK,88,0,0,0,88,0,5,1,-1258.0,0.0,0.0,0.056818181818181816,0.011363636363636364,-14.295454545454545
2023,11,19790,DL,13487,12889,MSP,LAS,172,0,0,0,172,0,13,5,-1899.0,0.0,0.0,0.0755813953488372,0.029069767441860465,-11.040697674418604
2023,11,19790,DL,13487,12892,MSP,LAX,175,0,0,0,175,0,23,5,-1067.0,0.0,0.0,0.13142857142857142,0.02857142857142857,-6.097142857142857
2023,11,19790,DL,13487,12953,MSP,LGA,142,0,0,0,142,0,6,1,-2073.0,0.0,0.0,0.04225352112676056,0.007042253521126761,-14.598591549295774
2023,11,19790,DL,13487,13204,MSP,MCO,146,0,0,0,146,0,19,6,-769.0,0.0,0.0,0.13013698630136986,0.0410958904109589,-5.267123287671233
2023,11,19790,DL,13487,13303,MSP,MIA,60,0,0,0,60,0,3,0,-1144.0,0.0,0.0,0.05,0.0,-19.066666666666666
2023,11,19790,DL,13487,13930,MSP,ORD,159,0,0,0,159,0,18,5,-965.0,0.0,0.0,0.11320754716981132,0.031446540880503145,-6.069182389937107
2023,11,19790,DL,13487,14100,MSP,PHL,88,0,0,0,88,0,8,2,-918.0,0.0,0.0,0.09090909090909091,0.022727272727272728,-10.431818181818182
2023,11,19790,DL,13487,14107,MSP,PHX,162,0,1,0,161,0,20,6,-1015.0,0.0,0.006172839506172839,0.12422360248447205,0.037267080745341616,-6.304347826086956
2023,11,19790,DL,13487,14635,MSP,RSW,86,0,0,0,86,0,10,3,-407.0,0.0,0.0,0.11627906976744186,0.03488372093023256,-4.732558139534884
2023,11,19790,DL,13487,14679,MSP,SAN,107,0,0,0,107,0,6,0,-1581.0,0.0,0.0,0.056074766355140186,0.0,-14.77570093457944
2023,11,19790,DL,13487,14747,MSP,SEA,140,0,1,0,139,0,14,1,-1616.0,0.0,0.007142857142857143,0.10071942446043165,0.007194244604316547,-11.62589928057554
2023,11,19790,DL,13487,14771,MSP,SFO,118,0,0,0,118,0,9,3,-1350.0,0.0,0.0,0.07627118644067797,0.025423728813559324,-11.440677966101696
2023,11,19790,DL,13487,14869,MSP,SLC,118,0,0,0,118,0,2,0,-1156.0,0.0,0.0,0.01694915254237288,0.0,-9.796610169491526
2023,11,19790,DL,13487,15016,MSP,STL,102,0,0,0,102,0,9,4,-647.0,0.0,0.0,0.08823529411764706,0.0392156862745098,-6.3431372549019605
2023,11,19790,DL,13487,15304,MSP,TPA,85,0,0,0,85,0,5,0,-1402.0,0.0,0.0,0.058823529411764705,0.0,-16.49411764705882
2023,11,19790,DL,13796,14869,OAK,SLC,60,0,0,0,60,0,0,0,-886.0,0.0,0.0,0.0,0.0,-14.766666666666667
2023,11,19790,DL,13930,10397,ORD,ATL,185,0,0,0,185,0,22,8,195.0,0.0,0.0,0.11891891891891893,0.043243243243243246,1.054054054054054
2023,11,19790,DL,13930,10721,ORD,BOS,123,0,0,0,123,0,26,8,254.0,0.0,0.0,0.21138211382113822,0.06504065040650407,2.065040650406504
2023,11,19790,DL,13930,11433,ORD,DTW,145,0,0,0,145,0,19,5,-126.0,0.0,0.0,0.1310344827586207,0.034482758620689655,-0.8689655172413793
2023,11,19790,DL,13930,12953,ORD,LGA,203,0,0,0,203,0,22,11,-2084.0,0.0,0.0,0.10837438423645321,0.054187192118226604,-10.266009852216749
2023,11,19790,DL,13930,13487,ORD,MSP,159,0,0,0,159,0,16,4,-826.0,0.0,0.0,0.10062893081761007,0.025157232704402517,-5.19496855345912
2023,11,19790,DL,13930,14747,ORD,SEA,78,0,1,0,77,0,7,2,-521.0,0.0,0.01282051282051282,0.09090909090909091,0.025974025974025976,-6.766233766233766
2023,11,19790,DL,13930,14869,ORD,SLC,78,0,0,0,78,0,12,5,1548.0,0.0,0.0,0.15384615384615385,0.0641025641025641,19.846153846153847
2023,11,19790,DL,14100,10397,PHL,ATL,244,0,0,0,244,0,13,2,-2815.0,0.0,0.0,0.05327868852459016,0.00819672131147541,-11.53688524590164
2023,11,19790,DL,14100,11433,PHL,DTW,115,0,0,0,115,0,8,2,-863.0,0.0,0.0,0.06956521739130435,0.017391304347826087,-7.504347826086956
2023,11,19790,DL,14100,13487,PHL,MSP,88,0,0,0,88,0,14,4,-167.0,0.0,0.0,0.1590909090909091,0.045454545454545456,-1.8977272727272727
2023,11,19790,DL,14100,14869,PHL,SLC,52,0,0,0,52,0,12,4,-35.0,0.0,0.0,0.23076923076923078,0.07692307692307693,-0.6730769230769231
2023,11,19790,DL,14107,10397,PHX,ATL,178,0,0,0,178,0,6,1,-1900.0,0.0,0.0,0.033707865168539325,0.0056179775280898875,-10.674157303370787
2023,11,19790,DL,14107,10721,PHX,BOS,29,0,0,0,29,0,0,0,-501.0,0.0,0.0,0.0,0.0,-17.275862068965516
2023,11,19790,DL,14107,11433,PHX,DTW,114,1,0,0,113,0,7,2,-1027.0,0.008771929824561403,0.0,0.061946902654867256,0.017699115044247787,-9.08849557522124
2023,11,19790,DL,14107,12478,PHX,JFK,86,0,0,0,86,0,10,1,-389.0,0.0,0.0,0.11627906976744186,0.011627906976744186,-4.523255813953488
2023,11,19790,DL,14107,12953,PHX,LGA,4,0,0,0,4,0,0,0,-140.0,0.0,0.0,0.0,0.0,-35.0
2023,11,19790,DL,14107,13487,PHX,MSP,162,0,0,0,162,0,12,5,-293.0,0.0,0.0,0.07407407407407407,0.030864197530864196,-1.808641975308642
2023,11,19790,DL,14107,14747,PHX,SEA,141,0,2,0,139,0,9,4,-1865.0,0.0,0.014184397163120567,0.06474820143884892,0.02877697841726619,-13.417266187050359
2023,11,19790,DL,14107,14869,PHX,SLC,137,0,0,0,137,0,7,2,-1536.0,0.0,0.0,0.051094890510948905,0.014598540145985401,-11.211678832116789
2023,11,19790,DL,14635,10397,RSW,ATL,206,0,1,0,205,0,22,10,5.0,0.0,0.0048543689320388345,0.1073170731707317,0.04878048780487805,0.024390243902439025
2023,11,19790,DL,14635,10721,RSW,BOS,30,0,0,0,30,0,2,1,-211.0,0.0,0.0,0.06666666666666667,0.03333333333333333,-7.033333333333333
2023,11,19790,DL,14635,11433,RSW,DTW,87,0,0,0,87,0,11,3,-74.0,0.0,0.0,0.12643678160919541,0.034482758620689655,-0.8505747126436781
2023,11,19790,DL,14635,12478,RSW,JFK,30,0,0,0,30,0,4,1,-329.0,0.0,0.0,0.13333333333333333,0.03333333333333333,-10.966666666666667
2023,11,19790,DL,14635,12953,RSW,LGA,59,0,0,0,59,0,6,3,-628.0,0.0,0.0,0.1016949152542373,0.05084745762711865,-10.64406779661017
2023,11,19790,DL,14635,13487,RSW,MSP,86,0,0,0,86,0,9,2,-235.0,0.0,0.0,0.10465116279069768,0.023255813953488372,-2.7325581395348837
2023,11,19790,DL,14679,10397,SAN,ATL,159,0,0,0,159,0,13,3,-1096.0,0.0,0.0,0.08176100628930817,0.018867924528301886,-6.8930817610062896
2023,11,19790,DL,14679,10721,SAN,BOS,29,0,0,0,29,0,7,1,-87.0,0.0,0.0,0.2413793103448276,0.034482758620689655,-3.0
2023,11,19790,DL,14679,11433,SAN,DTW,101,0,0,0,101,0,9,0,-1074.0,0.0,0.0,0.0891089108910891,0.0,-10.633663366336634
2023,11,19790,DL,14679,12478,SAN,JFK,86,0,0,0,86,0,7,2,-1071.0,0.0,0.0,0.08139534883720931,0.023255813953488372,-12.453488372093023
2023,11,19790,DL,14679,13487,SAN,MSP,107,0,0,0,107,0,4,0,-1787.0,0.0,0.0,0.037383177570093455,0.0,-16.700934579439252
2023,11,19790,DL,14679,14747,SAN,SEA,140,0,0,0,140,0,6,2,-1609.0,0.0,0.0,0.04285714285714286,0.014285714285714285,-11.492857142857142
2023,11,19790,DL,14679,14869,SAN,SLC,138,0,0,0,138,0,8,3,-184.0,0.0,0.0,0.057971014492753624,0.021739130434782608,-1.3333333333333333
2023,11,19790,DL,14747,10397,SEA,ATL,191,0,0,0,191,0,19,6,-1135.0,0.0,0.0,0.09947643979057591,0.031413612565445025,-5.942408376963351
2023,11,19790,DL,14747,10721,SEA,BOS,71,0,0,0,71,0,5,2,-807.0,0.0,0.0,0.07042253521126761,0.028169014084507043,-11.366197183098592
2023,11,19790,DL,14747,11292,SEA,DEN,88,0,0,0,88,0,22,6,935.0,0.0,0.0,0.25,0.06818181818181818,10.625
2023,11,19790,DL,14747,11433,SEA,DTW,114,0,0,0,114,0,6,1,-1466.0,0.0,0.0,0.05263157894736842,0.008771929824561403,-12.859649122807017
2023,11,19790,DL,14747,11697,SEA,FLL,29,0,0,0,29,0,2,0,-427.0,0.0,0.0,0.06896551724137931,0.0,-14.724137931034482
2023,11,19790,DL,14747,12173,SEA,HNL,60,0,0,0,60,0,9,1,-493.0,0.0,0.0,0.15,0.016666666666666666,-8.216666666666667
2023,11,19790,DL,14747,12478,SEA,JFK,118,0,0,0,118,0,12,1,-1512.0,0.0,0.0,0.1016949152542373,0.00847457627118644,-12.813559322033898
2023,11,19790,DL,14747,12889,SEA,LAS,141,0,0,0,141,0,18,2,-284.0,0.0,0.0,0.1276595744680851,0.014184397163120567,-2.0141843971631204
2023,11,19790,DL,14747,12892,SEA,LAX,193,0,0,0,193,0,28,7,283.0,0.0,0.0,0.14507772020725387,0.03626943005181347,1.4663212435233162
2023,11,19790,DL,14747,13204,SEA,MCO,57,0,0,0,57,0,5,1,-671.0,0.0,0.0,0.08771929824561403,0.017543859649122806,-11.771929824561404
2023,11,19790,DL,14747,13487,SEA,MSP,141,0,0,0,141,0,17,2,-649.0,0.0,0.0,0.12056737588652482,0.014184397163120567,-4.602836879432624
2023,11,19790,DL,14747,13930,SEA,ORD,78,0,0,0,78,0,8,2,-295.0,0.0,0.0,0.10256410256410256,0.02564102564102564,-3.782051282051282
2023,11,19790,DL,14747,14107,SEA,PHX,141,0,0,0,141,0,21,5,-191.0,0.0,0.0,0.14893617021276595,0.03546099290780142,-1.3546099290780143
2023,11,19790,DL,14747,14679,SEA,SAN,140,0,0,0,140,0,18,2,-638.0,0.0,0.0,0.12857142857142856,0.014285714285714285,-4.557142857142857
2023,11,19790,DL,14747,14771,SEA,SFO,88,0,0,0,88,0,23,10,1841.0,0.0,0.0,0.26136363636363635,0.11363636363636363,20.920454545454547
2023,11,19790,DL,14747,14869,SEA,SLC,172,0,0,0,172,0,23,8,-129.0,0.0,0.0,0.13372093023255813,0.046511627906976744,-0.75
2023,11,19790,DL,14747,15304,SEA,TPA,29,0,0,0,29,0,1,0,-466.0,0.0,0.0,0.034482758620689655,0.0,-16.06896551724138
2023,11,19790,DL,14771,10397,SFO,ATL,189,0,0,0,189,0,16,1,-617.0,0.0,0.0,0.08465608465608465,0.005291005291005291,-3.2645502645502646
2023,11,19790,DL,14771,10721,SFO,BOS,58,0,0,0,58,0,3,1,-946.0,0.0,0.0,0.05172413793103448,0.017241379310344827,-16.310344827586206
2023,11,19790,DL,14771,11433,SFO,DTW,101,0,0,0,101,0,5,0,-1472.0,0.0,0.0,0.04950495049504951,0.0,-14.574257425742575
2023,11,19790,DL,14771,12478,SFO,JFK,194,0,0,0,194,0,9,4,-3822.0,0.0,0.0,0.04639175257731959,0.020618556701030927,-19.701030927835053
2023,11,19790,DL,14771,12892,SFO,LAX,184,0,0,0,184,0,20,4,-1635.0,0.0,0.0,0.10869565217391304,0.021739130434782608,-8.88586956521739
2023,11,19790,DL,14771,13487,SFO,MSP,118,0,0,0,118,0,7,3,-1416.0,0.0,0.0,0.059322033898305086,0.025423728813559324,-12.0
2023,11,19790,DL,14771,14747,SFO,SEA,88,1,1,0,86,0,11,6,-15.0,0.011363636363636364,0.011363636363636364,0.12790697674418605,0.06976744186046512,-0.1744186046511628
2023,11,19790,DL,14771,14869,SFO,SLC,133,0,0,0,133,0,10,3,-971.0,0.0,0.0,0.07518796992481203,0.022556390977443608,-7.3007518796992485
2023,11,19790,DL,14869,10397,SLC,ATL,232,0,0,0,232,0,12,2,-3263.0,0.0,0.0,0.05172413793103448,0.008620689655172414,-14.064655172413794
2023,11,19790,DL,14869,10721,SLC,BOS,59,0,0,0,59,0,2,0,-1046.0,0.0,0.0,0.03389830508474576,0.0,-17.728813559322035
2023,11,19790,DL,14869,10821,SLC,BWI,29,0,0,0,29,0,3,0,-308.0,0.0,0.0,0.10344827586206896,0.0,-10.620689655172415
2023,11,19790,DL,14869,11278,SLC,DCA,30,0,0,0,30,0,2,0,-740.0,0.0,0.0,0.06666666666666667,0.0,-24.666666666666668
2023,11,19790,DL,14869,11292,SLC,DEN,129,0,0,0,129,0,15,2,-522.0,0.0,0.0,0.11627906976744186,0.015503875968992248,-4.046511627906977
2023,11,19790,DL,14869,11298,SLC,DFW,149,0,0,0,149,0,24,5,24.0,0.0,0.0,0.1610738255033557,0.03355704697986577,0.1610738255033557
2023,11,19790,DL,14869,11433,SLC,DTW,118,0,0,0,118,0,14,4,-1430.0,0.0,0.0,0.11864406779661017,0.03389830508474576,-12.11864406779661
2023,11,19790,DL,14869,11618,SLC,EWR,58,0,0,0,58,0,8,0,-262.0,0.0,0.0,0.13793103448275862,0.0,-4.517241379310345
2023,11,19790,DL,14869,11697,SLC,FLL,30,0,0,0,30,0,0,0,-414.0,0.0,0.0,0.0,0.0,-13.8
2023,11,19790,DL,14869,12173,SLC,HNL,30,0,0,0,30,0,4,1,88.0,0.0,0.0,0.13333333333333333,0.03333333333333333,2.933333333333333
2023,11,19790,DL,14869,12266,SLC,IAH,79,0,0,0,79,0,4,0,-905.0,0.0,0.0,0.05063291139240506,0.0,-11.455696202531646
2023,11,19790,DL,14869,12478,SLC,JFK,117,0,0,0,117,0,9,4,-977.0,0.0,0.0,0.07692307692307693,0.03418803418803419,-8.350427350427351
2023,11,19790,DL,14869,12889,SLC,LAS,138,0,0,0,138,0,17,7,590.0,0.0,0.0,0.12318840579710146,0.050724637681159424,4.27536231884058
2023,11,19790,DL,14869,12892,SLC,LAX,199,0,0,0,199,0,23,5,-737.0,0.0,0.0,0.11557788944723618,0.02512562814070352,-3.7035175879396984
2023,11,19790,DL,14869,12953,SLC,LGA,4,0,0,0,4,0,1,1,63.0,0.0,0.0,0.25,0.25,15.75
2023,11,19790,DL,14869,13204,SLC,MCO,107,0,1,0,106,0,5,1,-1159.0,0.0,0.009345794392523364,0.04716981132075472,0.009433962264150943,-10.933962264150944
2023,11,19790,DL,14869,13303,SLC,MIA,30,0,0,0,30,0,6,1,402.0,0.0,0.0,0.2,0.03333333333333333,13.4
2023,11,19790,DL,14869,13487,SLC,MSP,118,0,0,0,118,0,5,3,-1309.0,0.0,0.0,0.0423728813559322,0.025423728813559324,-11.09322033898305
2023,11,19790,DL,14869,13796,SLC,OAK,60,0,0,0,60,0,3,0,-844.0,0.0,0.0,0.05,0.0,-14.066666666666666
2023,11,19790,DL,14869,13930,SLC,ORD,78,0,0,0,78,0,7,1,-890.0,0.0,0.0,0.08974358974358974,0.01282051282051282,-11.41025641025641
2023,11,19790,DL,14869,14100,SLC,PHL,52,0,0,0,52,0,18,4,431.0,0.0,0.0,0.34615384615384615,0.07692307692307693,8.288461538461538
2023,11,19790,DL,14869,14107,SLC,PHX,137,0,0,0,137,0,13,1,-702.0,0.0,0.0,0.0948905109489051,0.0072992700729927005,-5.124087591240876
2023,11,19790,DL,14869,14679,SLC,SAN,138,0,1,0,137,0,15,4,-427.0,0.0,0.007246376811594203,0.10948905109489052,0.029197080291970802,-3.116788321167883
2023,11,19790,DL,14869,14747,SLC,SEA,170,0,0,0,170,0,18,5,-1258.0,0.0,0.0,0.10588235294117647,0.029411764705882353,-7.4
2023,11,19790,DL,14869,14771,SLC,SFO,133,0,0,0,133,0,14,5,-261.0,0.0,0.0,0.10526315789473684,0.03759398496240601,-1.962406015037594
2023,11,19790,DL,14869,15016,SLC,STL,77,0,0,0,77,0,4,0,-1007.0,0.0,0.0,0.05194805194805195,0.0,-13.077922077922079
2023,11,19790,DL,14869,15304,SLC,TPA,29,0,0,0,29,0,3,0,-192.0,0.0,0.0,0.10344827586206896,0.0,-6.620689655172414
2023,11,19790,DL,15016,10397,STL,ATL,183,0,0,0,183,0,6,2,-1594.0,0.0,0.0,0.03278688524590164,0.01092896174863388,-8.710382513661202
2023,11,19790,DL,15016,11433,STL,DTW,106,0,0,0,106,0,4,2,-1136.0,0.0,0.0,0.03773584905660377,0.018867924528301886,-10.716981132075471
2023,11,19790,DL,15016,13487,STL,MSP,102,0,0,0,102,0,9,3,-663.0,0.0,0.0,0.08823529411764706,0.029411764705882353,-6.5
2023,11,19790,DL,15016,14869,STL,SLC,77,0,0,0,77,0,4,1,-876.0,0.0,0.0,0.05194805194805195,0.012987012987012988,-11.376623376623376
2023,11,19790,DL,15304,10397,TPA,ATL,333,0,0,0,333,0,26,6,-2329.0,0.0,0.0,0.07807807807807808,0.018018018018018018,-6.993993993993994
2023,11,19790,DL,15304,10721,TPA,BOS,72,0,0,0,72,0,6,1,-672.0,0.0,0.0,0.08333333333333333,0.013888888888888888,-9.333333333333334
2023,11,19790,DL,15304,11433,TPA,DTW,108,0,0,0,108,0,12,3,-177.0,0.0,0.0,0.1111111111111111,0.027777777777777776,-1.6388888888888888
2023,11,19790,DL,15304,12478,TPA,JFK,89,0,0,0,89,0,6,0,-784.0,0.0,0.0,0.06741573033707865,0.0,-8.808988764044944
2023,11,19790,DL,15304,12892,TPA,LAX,38,0,0,0,38,0,5,2,-68.0,0.0,0.0,0.13157894736842105,0.05263157894736842,-1.7894736842105263
2023,11,19790,DL,15304,12953,TPA,LGA,114,0,0,0,114,0,5,3,-1030.0,0.0,0.0,0.043859649122807015,0.02631578947368421,-9.035087719298245
2023,11,19790,DL,15304,13487,TPA,MSP,85,0,0,0,85,0,7,1,-551.0,0.0,0.0,0.08235294117647059,0.011764705882352941,-6.482352941176471
2023,11,19790,DL,15304,14747,TPA,SEA,29,0,1,0,28,0,2,1,-160.0,0.0,0.034482758620689655,0.07142857142857142,0.03571428571428571,-5.714285714285714
2023,11,19790,DL,15304,14869,TPA,SLC,29,0,0,0,29,0,0,0,-510.0,0.0,0.0,0.0,0.0,-17.586206896551722
2023,11,19805,AA,10397,11278,ATL,DCA,29,0,0,0,29,0,2,0,-483.0,0.0,0.0,0.06896551724137931,0.0,-16.655172413793103
2023,11,19805,AA,10397,11298,ATL,DFW,227,0,0,0,227,0,41,12,571.0,0.0,0.0,0.18061674008810572,0.05286343612334802,2.515418502202643
2023,11,19805,AA,10397,12892,ATL,LAX,58,0,0,0,58,0,17,4,447.0,0.0,0.0,0.29310344827586204,0.06896551724137931,7.706896551724138
2023,11,19805,AA,10397,13303,ATL,MIA,141,0,0,0,141,0,21,7,596.0,0.0,0.0,0.14893617021276595,0.04964539007092199,4.226950354609929
2023,11,19805,AA,10397,13930,ATL,ORD,55,0,0,0,55,0,3,1,-383.0,0.0,0.0,0.05454545454545454,0.01818181818181818,-6.963636363636364
2023,11,19805,AA,10397,14100,ATL,PHL,82,0,0,0,82,0,6,1,-99.0,0.0,0.0,0.07317073170731707,0.012195121951219513,-1.2073170731707317
2023,11,19805,AA,10397,14107,ATL,PHX,58,0,0,0,58,0,7,3,-25.0,0.0,0.0,0.1206896551724138,0.05172413793103448,-0.43103448275862066
2023,11,19805,AA,10721,11278,BOS,DCA,117,0,0,0,117,0,15,6,634.0,0.0,0.0,0.1282051282051282,0.05128205128205128,5.418803418803419
2023,11,19805,AA,10721,11298,BOS,DFW,185,0,0,0,185,0,21,4,-288.0,0.0,0.0,0.11351351351351352,0.021621621621621623,-1.5567567567567568
2023,11,19805,AA,10721,12892,BOS,LAX,59,0,0,0,59,0,7,2,333.0,0.0,0.0,0.11864406779661017,0.03389830508474576,5.6440677966101696
2023,11,19805,AA,10721,12953,BOS,LGA,116,0,0,0,116,0,17,4,-938.0,0.0,0.0,0.14655172413793102,0.034482758620689655,-8.086206896551724
2023,11,19805,AA,10721,13303,BOS,MIA,199,0,1,0,198,0,20,1,-1702.0,0.0,0.005025125628140704,0.10101010101010101,0.005050505050505051,-8.595959595959595
2023,11,19805,AA,10721,13930,BOS,ORD,73,0,0,0,73,0,6,1,162.0,0.0,0.0,0.0821917808219178,0.0136986301369863,2.219178082191781
2023,11,19805,AA,10721,14100,BOS,PHL,157,0,0,0,157,0,22,7,653.0,0.0,0.0,0.14012738853503184,0.044585987261146494,4.159235668789809
2023,11,19805,AA,10721,14107,BOS,PHX,111,0,0,0,111,0,12,3,-192.0,0.0,0.0,0.10810810810810811,0.02702702702702703,-1.7297297297297298
2023,11,19805,AA,10821,11298,BWI,DFW,84,0,0,0,84,0,15,4,-19.0,0.0,0.0,0.17857142857142858,0.047619047619047616,-0.2261904761904762
2023,11,19805,AA,10821,13303,BWI,MIA,30,0,0,0,30,0,3,0,-257.0,0.0,0.0,0.1,0.0,-8.566666666666666
2023,11,19805,AA,10821,13930,BWI,ORD,5,0,0,0,5,0,0,0,-60.0,0.0,0.0,0.0,0.0,-12.0
2023,11,19805,AA,11278,10397,DCA,ATL,29,0,0,0,29,0,6,3,80.0,0.0,0.0,0.20689655172413793,0.10344827586206896,2.7586206896551726
2023,11,19805,AA,11278,10721,DCA,BOS,117,0,0,0,117,0,26,13,955.0,0.0,0.0,0.2222222222222222,0.1111111111111111,8.162393162393162
2023,11,19805,AA,11278,11298,DCA,DFW,263,0,0,0,263,0,36,16,-344.0,0.0,0.0,0.13688212927756654,0.060836501901140684,-1.3079847908745248
2023,11,19805,AA,11278,11697,DCA,FLL,50,0,0,0,50,0,5,3,-96.0,0.0,0.0,0.1,0.06,-1.92
2023,11,19805,AA,11278,12889,DCA,LAS,30,0,0,0,30,0,1,0,-431.0,0.0,0.0,0.03333333333333333,0.0,-14.366666666666667
2023,11,19805,AA,11278,12892,DCA,LAX,60,0,0,0,60,0,5,1,-809.0,0.0,0.0,0.08333333333333333,0.016666666666666666,-13.483333333333333
2023,11,19805,AA,11278,12953,DCA,LGA,161,0,0,0,161,0,31,14,211.0,0.0,0.0,0.19254658385093168,0.08695652173913043,1.31055900621118
2023,11,19805,AA,11278,13204,DCA,MCO,177,0,1,0,176,0,16,5,-389.0,0.0,0.005649717514124294,0.09090909090909091,0.028409090909090908,-2.210227272727273
2023,11,19805,AA,11278,13303,DCA,MIA,276,0,0,0,276,0,26,9,-1783.0,0.0,0.0,0.09420289855072464,0.03260869565217391,-6.4601449275362315
2023,11,19805,AA,11278,13930,DCA,ORD,204,0,0,0,204,0,26,12,-761.0,0.0,0.0,0.12745098039215685,0.058823529411764705,-3.730392156862745
2023,11,19805,AA,11278,14100,DCA,PHL,1,0,0,0,1,0,0,0,-13.0,0.0,0.0,0.0,0.0,-13.0
2023,11,19805,AA,11278,14107,DCA,PHX,88,0,0,0,88,0,9,2,-736.0,0.0,0.0,0.10227272727272728,0.022727272727272728,-8.363636363636363
2023,11,19805,AA,11278,14635,DCA,RSW,30,0,0,0,30,0,6,1,-19.0,0.0,0.0,0.2,0.03333333333333333,-0.6333333333333333
2023,11,19805,AA,11278,15016,DCA,STL,23,0,0,0,23,0,6,1,75.0,0.0,0.0,0.2608695652173913,0.043478260869565216,3.260869565217391
2023,11,19805,AA,11278,15304,DCA,TPA,117,0,0,0,117,0,11,3,-516.0,0.0,0.0,0.09401709401709402,0.02564102564102564,-4.410256410256411
2023,11,19805,AA,11292,11298,DEN,DFW,258,0,0,0,258,0,43,11,2451.0,0.0,0.0,0.16666666666666666,0.04263565891472868,9.5
2023,11,19805,AA,11292,13303,DEN,MIA,81,0,0,0,81,0,12,2,-552.0,0.0,0.0,0.14814814814814814,0.024691358024691357,-6.814814814814815
2023,11,19805,AA,11292,13930,DEN,ORD,70,0,0,0,70,0,9,0,-91.0,0.0,0.0,0.12857142857142856,0.0,-1.3
2023,11,19805,AA,11292,14100,DEN,PHL,53,0,0,0,53,0,10,1,9.0,0.0,0.0,0.18867924528301888,0.018867924528301886,0.16981132075471697
2023,11,19805,AA,11292,14107,DEN,PHX,104,0,0,0,104,0,16,2,-332.0,0.0,0.0,0.15384615384615385,0.019230769230769232,-3.1923076923076925
2023,11,19805,AA,11298,10397,DFW,ATL,227,0,0,0,227,0,42,9,87.0,0.0,0.0,0.18502202643171806,0.039647577092511016,0.3832599118942731
2023,11,19805,AA,11298,10721,DFW,BOS,184,0,0,0,184,0,20,3,-1142.0,0.0,0.0,0.10869565217391304,0.016304347826086956,-6.206521739130435
2023,11,19805,AA,11298,10821,DFW,BWI,84,0,0,0,84,0,12,2,-435.0,0.0,0.0,0.14285714285714285,0.023809523809523808,-5.178571428571429
2023,11,19805,AA,11298,11278,DFW,DCA,262,0,1,0,261,0,39,17,581.0,0.0,0.003816793893129771,0.14942528735632185,0.06513409961685823,2.2260536398467434
2023,11,19805,AA,11298,11292,DFW,DEN,258,0,0,0,258,0,48,6,327.0,0.0,0.0,0.18604651162790697,0.023255813953488372,1.2674418604651163
2023,11,19805,AA,11298,11433,DFW,DTW,115,0,0,0,115,0,17,3,-177.0,0.0,0.0,0.14782608695652175,0.02608695652173913,-1.5391304347826087
2023,11,19805,AA,11298,11618,DFW,EWR,117,0,0,0,117,0,15,1,-337.0,0.0,0.0,0.1282051282051282,0.008547008547008548,-2.8803418803418803
2023,11,19805,AA,11298,11697,DFW,FLL,140,0,0,0,140,0,19,1,-457.0,0.0,0.0,0.1357142857142857,0.007142857142857143,-3.2642857142857142
2023,11,19805,AA,11298,12173,DFW,HNL,60,0,0,0,60,0,9,5,6.0,0.0,0.0,0.15,0.08333333333333333,0.1
2023,11,19805,AA,11298,12266,DFW,IAH,172,0,0,0,172,0,30,9,821.0,0.0,0.0,0.1744186046511628,0.05232558139534884,4.773255813953488
2023,11,19805,AA,11298,12478,DFW,JFK,92,0,0,0,92,0,9,1,-510.0,0.0,0.0,0.09782608695652174,0.010869565217391304,-5.543478260869565
2023,11,19805,AA,11298,12889,DFW,LAS,321,0,0,0,321,0,65,14,1716.0,0.0,0.0,0.20249221183800623,0.04361370716510903,5.345794392523365
2023,11,19805,AA,11298,12892,DFW,LAX,394,0,0,0,394,0,73,10,-200.0,0.0,0.0,0.18527918781725888,0.025380710659898477,-0.5076142131979695
2023,11,19805,AA,11298,12953,DFW,LGA,282,0,1,0,281,0,32,9,-1509.0,0.0,0.0035460992907801418,0.11387900355871886,0.03202846975088968,-5.370106761565836
2023,11,19805,AA,11298,13204,DFW,MCO,280,0,0,0,280,0,62,16,1469.0,0.0,0.0,0.22142857142857142,0.05714285714285714,5.246428571428571
2023,11,19805,AA,11298,13303,DFW,MIA,340,0,1,0,339,0,53,15,-543.0,0.0,0.0029411764705882353,0.15634218289085547,0.04424778761061947,-1.6017699115044248
2023,11,19805,AA,11298,13487,DFW,MSP,114,0,0,0,114,0,12,2,-271.0,0.0,0.0,0.10526315789473684,0.017543859649122806,-2.3771929824561404
2023,11,19805,AA,11298,13930,DFW,ORD,328,0,0,0,328,0,36,9,-1535.0,0.0,0.0,0.10975609756097561,0.027439024390243903,-4.679878048780488
2023,11,19805,AA,11298,14100,DFW,PHL,262,0,0,0,262,0,45,10,363.0,0.0,0.0,0.1717557251908397,0.03816793893129771,1.3854961832061068
2023,11,19805,AA,11298,14107,DFW,PHX,344,0,0,0,344,0,58,7,217.0,0.0,0.0,0.1686046511627907,0.020348837209302327,0.6308139534883721
2023,11,19805,AA,11298,14635,DFW,RSW,112,0,0,0,112,0,15,2,-433.0,0.0,0.0,0.13392857142857142,0.017857142857142856,-3.8660714285714284
2023,11,19805,AA,11298,14679,DFW,SAN,259,0,1,0,258,0,52,13,1205.0,0.0,0.003861003861003861,0.20155038759689922,0.050387596899224806,4.670542635658915
2023,11,19805,AA,11298,14747,DFW,SEA,215,0,1,0,214,0,25,7,-170.0,0.0,0.004651162790697674,0.11682242990654206,0.03271028037383177,-0.794392523364486
2023,11,19805,AA,11298,14771,DFW,SFO,246,0,0,0,246,0,43,13,823.0,0.0,0.0,0.17479674796747968,0.052845528455284556,3.345528455284553
2023,11,19805,AA,11298,14869,DFW,SLC,172,0,0,0,172,0,26,4,386.0,0.0,0.0,0.1511627906976744,0.023255813953488372,2.244186046511628
2023,11,19805,AA,11298,15016,DFW,STL,154,0,0,0,154,0,27,7,671.0,0.0,0.0,0.17532467532467533,0.045454545454545456,4.357142857142857
2023,11,19805,AA,11298,15304,DFW,TPA,199,0,0,0,199,0,32,6,846.0,0.0,0.0,0.16080402010050251,0.03015075376884422,4.251256281407035
2023,11,19805,AA,11433,11298,DTW,DFW,116,0,0,0,116,0,16,6,637.0,0.0,0.0,0.13793103448275862,0.05172413793103448,5.491379310344827
2023,11,19805,AA,11433,12953,DTW,LGA,24,0,0,0,24,0,4,1,-101.0,0.0,0.0,0.16666666666666666,0.041666666666666664,-4.208333333333333
2023,11,19805,AA,11433,13303,DTW,MIA,54,0,0,0,54,0,7,1,68.0,0.0,0.0,0.12962962962962962,0.018518518518518517,1.2592592592592593
2023,11,19805,AA,11433,13930,DTW,ORD,29,0,1,0,28,0,7,3,315.0,0.0,0.034482758620689655,0.25,0.10714285714285714,11.25
2023,11,19805,AA,11433,14100,DTW,PHL,38,0,0,0,38,0,6,3,435.0,0.0,0.0,0.15789473684210525,0.07894736842105263,11.447368421052632
2023,11,19805,AA,11433,14107,DTW,PHX,30,0,0,0,30,0,5,2,-98.0,0.0,0.0,0.16666666666666666,0.06666666666666667,-3.2666666666666666
2023,11,19805,AA,11618,11298,EWR,DFW,118,0,1,0,117,0,21,8,2887.0,0.0,0.00847457627118644,0.1794871794871795,0.06837606837606838,24.675213675213676
2023,11,19805,AA,11618,13303,EWR,MIA,112,0,0,0,112,0,13,6,-149.0,0.0,0.0,0.11607142857142858,0.05357142857142857,-1.3303571428571428
2023,11,19805,AA,11618,13930,EWR,ORD,57,0,0,0,57,0,6,1,-483.0,0.0,0.0,0.10526315789473684,0.017543859649122806,-8.473684210526315
2023,11,19805,AA,11618,14107,EWR,PHX,90,0,0,0,90,0,10,3,-713.0,0.0,0.0,0.1111111111111111,0.03333333333333333,-7.9222222222222225
2023,11,19805,AA,11697,11278,FLL,DCA,50,0,0,0,50,0,9,3,356.0,0.0,0.0,0.18,0.06,7.12
2023,11,19805,AA,11697,11298,FLL,DFW,140,0,0,0,140,0,15,5,846.0,0.0,0.0,0.10714285714285714,0.03571428571428571,6.042857142857143
2023,11,19805,AA,11697,13930,FLL,ORD,52,0,0,0,52,0,7,2,-106.0,0.0,0.0,0.1346153846153846,0.038461538461538464,-2.0384615384615383
2023,11,19805,AA,11697,14100,FLL,PHL,86,0,0,0,86,0,15,5,1223.0,0.0,0.0,0.1744186046511628,0.05813953488372093,14.220930232558139
2023,11,19805,AA,12173,11298,HNL,DFW,60,0,0,0,60,0,4,1,-123.0,0.0,0.0,0.06666666666666667,0.016666666666666666,-2.05
2023,11,19805,AA,12173,12892,HNL,LAX,90,0,1,0,89,0,6,1,-1199.0,0.0,0.011111111111111112,0.06741573033707865,0.011235955056179775,-13.47191011235955
2023,11,19805,AA,12173,14107,HNL,PHX,45,0,0,0,45,0,1,0,-963.0,0.0,0.0,0.022222222222222223,0.0,-21.4
2023,11,19805,AA,12266,11298,IAH,DFW,173,0,0,0,173,0,44,10,1637.0,0.0,0.0,0.2543352601156069,0.057803468208092484,9.46242774566474
2023,11,19805,AA,12266,13303,IAH,MIA,59,0,0,0,59,0,12,2,353.0,0.0,0.0,0.2033898305084746,0.03389830508474576,5.983050847457627
2023,11,19805,AA,12266,13930,IAH,ORD,31,0,0,0,31,0,2,1,-204.0,0.0,0.0,0.06451612903225806,0.03225806451612903,-6.580645161290323
2023,11,19805,AA,12266,14100,IAH,PHL,33,0,0,0,33,0,0,0,-488.0,0.0,0.0,0.0,0.0,-14.787878787878787
2023,11,19805,AA,12266,14107,IAH,PHX,9,0,0,0,9,0,0,0,-69.0,0.0,0.0,0.0,0.0,-7.666666666666667
2023,11,19805,AA,12478,11298,JFK,DFW,92,0,0,0,92,0,10,6,-894.0,0.0,0.0,0.10869565217391304,0.06521739130434782,-9.717391304347826
2023,11,19805,AA,12478,12889,JFK,LAS,6,0,0,0,6,0,0,0,-73.0,0.0,0.0,0.0,0.0,-12.166666666666666
2023,11,19805,AA,12478,12892,JFK,LAX,257,0,0,0,257,0,29,3,-3963.0,0.0,0.0,0.11284046692607004,0.011673151750972763,-15.42023346303502
2023,11,19805,AA,12478,13303,JFK,MIA,242,0,0,0,242,0,36,9,-518.0,0.0,0.0,0.1487603305785124,0.0371900826446281,-2.1404958677685952
2023,11,19805,AA,12478,13930,JFK,ORD,60,0,1,0,59,0,5,2,-603.0,0.0,0.016666666666666666,0.0847457627118644,0.03389830508474576,-10.220338983050848
2023,11,19805,AA,12478,14107,JFK,PHX,122,0,0,0,122,0,13,0,-1435.0,0.0,0.0,0.10655737704918032,0.0,-11.762295081967213
2023,11,19805,AA,12478,14771,JFK,SFO,112,0,0,0,112,0,11,0,-1163.0,0.0,0.0,0.09821428571428571,0.0,-10.383928571428571
2023,11,19805,AA,12889,11278,LAS,DCA,30,0,0,0,30,0,5,1,-177.0,0.0,0.0,0.16666666666666666,0.03333333333333333,-5.9
2023,11,19805,AA,12889,11298,LAS,DFW,319,1,0,0,318,0,60,18,2489.0,0.003134796238244514,0.0,0.18867924528301888,0.05660377358490566,7.827044025157233
2023,11,19805,AA,12889,12478,LAS,JFK,6,0,0,0,6,0,1,0,-5.0,0.0,0.0,0.16666666666666666,0.0,-0.8333333333333334
2023,11,19805,AA,12889,12892,LAS,LAX,82,0,0,0,82,0,16,7,1818.0,0.0,0.0,0.1951219512195122,0.08536585365853659,22.170731707317074
2023,11,19805,AA,12889,13303,LAS,MIA,90,0,0,0,90,0,12,4,-203.0,0.0,0.0,0.13333333333333333,0.044444444444444446,-2.2555555555555555
2023,11,19805,AA,12889,13930,LAS,ORD,127,0,0,0,127,0,20,7,1083.0,0.0,0.0,0.15748031496062992,0.05511811023622047,8.527559055118111
2023,11,19805,AA,12889,14100,LAS,PHL,82,0,0,0,82,0,11,2,-514.0,0.0,0.0,0.13414634146341464,0.024390243902439025,-6.2682926829268295
2023,11,19805,AA,12889,14107,LAS,PHX,148,0,0,0,148,0,15,7,288.0,0.0,0.0,0.10135135135135136,0.0472972972972973,1.945945945945946
2023,11,19805,AA,12892,10397,LAX,ATL,58,0,0,0,58,0,8,3,-212.0,0.0,0.0,0.13793103448275862,0.05172413793103448,-3.6551724137931036
2023,11,19805,AA,12892,10721,LAX,BOS,59,0,0,0,59,0,8,2,-643.0,0.0,0.0,0.13559322033898305,0.03389830508474576,-10.898305084745763
2023,11,19805,AA,12892,11278,LAX,DCA,60,0,0,0,60,0,7,0,-641.0,0.0,0.0,0.11666666666666667,0.0,-10.683333333333334
2023,11,19805,AA,12892,11298,LAX,DFW,393,0,0,0,393,0,41,16,155.0,0.0,0.0,0.10432569974554708,0.04071246819338423,0.3944020356234097
2023,11,19805,AA,12892,12173,LAX,HNL,90,0,0,0,90,0,15,3,378.0,0.0,0.0,0.16666666666666666,0.03333333333333333,4.2
2023,11,19805,AA,12892,12478,LAX,JFK,257,0,0,0,257,0,34,8,-1539.0,0.0,0.0,0.13229571984435798,0.0311284046692607,-5.988326848249027
2023,11,19805,AA,12892,12889,LAX,LAS,83,0,0,0,83,0,17,4,512.0,0.0,0.0,0.20481927710843373,0.04819277108433735,6.168674698795181
2023,11,19805,AA,12892,13204,LAX,MCO,58,0,0,0,58,0,4,0,-252.0,0.0,0.0,0.06896551724137931,0.0,-4.344827586206897
2023,11,19805,AA,12892,13303,LAX,MIA,209,0,0,0,209,0,27,9,121.0,0.0,0.0,0.1291866028708134,0.0430622009569378,0.5789473684210527
2023,11,19805,AA,12892,13930,LAX,ORD,198,0,0,0,198,0,19,5,-1442.0,0.0,0.0,0.09595959595959595,0.025252525252525252,-7.282828282828283
2023,11,19805,AA,12892,14100,LAX,PHL,150,0,0,0,150,0,19,5,-40.0,0.0,0.0,0.12666666666666668,0.03333333333333333,-0.26666666666666666
2023,11,19805,AA,12892,14107,LAX,PHX,164,0,0,0,164,0,18,3,-379.0,0.0,0.0,0.10975609756097561,0.018292682926829267,-2.3109756097560976
2023,11,19805,AA,12892,15016,LAX,STL,29,0,0,0,29,0,6,0,-117.0,0.0,0.0,0.20689655172413793,0.0,-4.0344827586206895
2023,11,19805,AA,12953,10721,LGA,BOS,115,0,0,0,115,0,16,4,-732.0,0.0,0.0,0.1391304347826087,0.034782608695652174,-6.3652173913043475
2023,11,19805,AA,12953,11278,LGA,DCA,162,0,0,0,162,0,19,8,-889.0,0.0,0.0,0.11728395061728394,0.04938271604938271,-5.487654320987654
2023,11,19805,AA,12953,11298,LGA,DFW,283,0,1,0,282,0,32,10,-3229.0,0.0,0.0035335689045936395,0.11347517730496454,0.03546099290780142,-11.450354609929079
2023,11,19805,AA,12953,11433,LGA,DTW,24,0,0,0,24,0,6,2,-1.0,0.0,0.0,0.25,0.08333333333333333,-0.041666666666666664
2023,11,19805,AA,12953,13303,LGA,MIA,258,0,0,0,258,0,32,10,-631.0,0.0,0.0,0.12403100775193798,0.03875968992248062,-2.445736434108527
2023,11,19805,AA,12953,13930,LGA,ORD,221,0,1,0,220,0,17,7,-1912.0,0.0,0.004524886877828055,0.07727272727272727,0.031818181818181815,-8.690909090909091
2023,11,19805,AA,12953,15016,LGA,STL,53,0,0,0,53,0,11,4,122.0,0.0,0.0,0.20754716981132076,0.07547169811320754,2.30188679245283
2023,11,19805,AA,13204,11278,MCO,DCA,177,0,1,0,176,0,23,8,1436.0,0.0,0.005649717514124294,0.13068181818181818,0.045454545454545456,8.159090909090908
2023,11,19805,AA,13204,11298,MCO,DFW,280,0,0,0,280,0,35,8,-537.0,0.0,0.0,0.125,0.02857142857142857,-1.917857142857143
2023,11,19805,AA,13204,12892,MCO,LAX,58,0,0,0,58,0,17,3,687.0,0.0,0.0,0.29310344827586204,0.05172413793103448,11.844827586206897
2023,11,19805,AA,13204,13303,MCO,MIA,209,0,0,0,209,0,27,11,1708.0,0.0,0.0,0.1291866028708134,0.05263157894736842,8.17224880382775
2023,11,19805,AA,13204,13930,MCO,ORD,85,0,0,0,85,0,9,6,-13.0,0.0,0.0,0.10588235294117647,0.07058823529411765,-0.15294117647058825
2023,11,19805,AA,13204,14100,MCO,PHL,201,0,0,0,201,0,33,12,860.0,0.0,0.0,0.16417910447761194,0.05970149253731343,4.278606965174129
2023,11,19805,AA,13204,14107,MCO,PHX,80,0,0,0,80,0,15,2,325.0,0.0,0.0,0.1875,0.025,4.0625
2023,11,19805,AA,13303,10397,MIA,ATL,141,0,0,0,141,0,29,7,1168.0,0.0,0.0,0.20567375886524822,0.04964539007092199,8.28368794326241
2023,11,19805,AA,13303,10721,MIA,BOS,200,0,0,0,200,0,30,2,-391.0,0.0,0.0,0.15,0.01,-1.955
2023,11,19805,AA,13303,10821,MIA,BWI,30,0,0,0,30,0,6,0,-144.0,0.0,0.0,0.2,0.0,-4.8
2023,11,19805,AA,13303,11278,MIA,DCA,278,0,0,0,278,0,49,3,-943.0,0.0,0.0,0.17625899280575538,0.01079136690647482,-3.3920863309352516
2023,11,19805,AA,13303,11292,MIA,DEN,82,0,0,0,82,0,22,6,1468.0,0.0,0.0,0.2682926829268293,0.07317073170731707,17.902439024390244
2023,11,19805,AA,13303,11298,MIA,DFW,341,0,0,0,341,0,64,14,2172.0,0.0,0.0,0.187683284457478,0.04105571847507331,6.3695014662756595
2023,11,19805,AA,13303,11433,MIA,DTW,54,0,0,0,54,0,8,2,76.0,0.0,0.0,0.14814814814814814,0.037037037037037035,1.4074074074074074
2023,11,19805,AA,13303,11618,MIA,EWR,112,0,0,0,112,0,12,1,-742.0,0.0,0.0,0.10714285714285714,0.008928571428571428,-6.625
2023,11,19805,AA,13303,12266,MIA,IAH,59,0,1,0,58,0,18,3,1418.0,0.0,0.01694915254237288,0.3103448275862069,0.05172413793103448,24.448275862068964
2023,11,19805,AA,13303,12478,MIA,JFK,242,0,2,0,240,0,39,10,49.0,0.0,0.008264462809917356,0.1625,0.041666666666666664,0.20416666666666666
2023,11,19805,AA,13303,12889,MIA,LAS,89,0,0,0,89,0,22,3,607.0,0.0,0.0,0.24719101123595505,0.033707865168539325,6.820224719101123
2023,11,19805,AA,13303,12892,MIA,LAX,209,0,0,0,209,0,46,8,1430.0,0.0,0.0,0.22009569377990432,0.03827751196172249,6.842105263157895
2023,11,19805,AA,13303,12953,MIA,LGA,258,0,2,0,256,0,32,9,-923.0,0.0,0.007751937984496124,0.125,0.03515625,-3.60546875
2023,11,19805,AA,13303,13204,MIA,MCO,209,0,0,0,209,0,23,8,114.0,0.0,0.0,0.11004784688995216,0.03827751196172249,0.5454545454545454
2023,11,19805,AA,13303,13487,MIA,MSP,30,0,0,0,30,0,3,1,-136.0,0.0,0.0,0.1,0.03333333333333333,-4.533333333333333
2023,11,19805,AA,13303,13930,MIA,ORD,235,0,0,0,235,0,28,5,-1348.0,0.0,0.0,0.11914893617021277,0.02127659574468085,-5.736170212765957
2023,11,19805,AA,13303,14100,MIA,PHL,195,0,1,0,194,0,36,17,2804.0,0.0,0.005128205128205128,0.18556701030927836,0.08762886597938144,14.45360824742268
2023,11,19805,AA,13303,14107,MIA,PHX,144,0,0,0,144,0,23,7,1945.0,0.0,0.0,0.1597222222222222,0.04861111111111111,13.506944444444445
2023,11,19805,AA,13303,14679,MIA,SAN,31,0,1,0,30,0,14,6,719.0,0.0,0.03225806451612903,0.4666666666666667,0.2,23.966666666666665
2023,11,19805,AA,13303,14747,MIA,SEA,30,0,0,0,30,0,9,1,143.0,0.0,0.0,0.3,0.03333333333333333,4.766666666666667
2023,11,19805,AA,13303,14771,MIA,SFO,90,0,0,0,90,0,21,9,1297.0,0.0,0.0,0.23333333333333334,0.1,14.411111111111111
2023,11,19805,AA,13303,15016,MIA,STL,31,0,0,0,31,0,4,1,-189.0,0.0,0.0,0.12903225806451613,0.03225806451612903,-6.096774193548387
2023,11,19805,AA,13303,15304,MIA,TPA,124,0,0,0,124,0,28,12,1873.0,0.0,0.0,0.22580645161290322,0.0967741935483871,15.10483870967742
2023,11,19805,AA,13487,11298,MSP,DFW,114,0,0,0,114,0,13,2,-612.0,0.0,0.0,0.11403508771929824,0.017543859649122806,-5.368421052631579
2023,11,19805,AA,13487,13303,MSP,MIA,30,0,0,0,30,0,5,0,-183.0,0.0,0.0,0.16666666666666666,0.0,-6.1
2023,11,19805,AA,13487,13930,MSP,ORD,31,0,0,0,31,0,4,0,-459.0,0.0,0.0,0.12903225806451613,0.0,-14.806451612903226
2023,11,19805,AA,13487,14107,MSP,PHX,50,0,0,0,50,0,3,0,-560.0,0.0,0.0,0.06,0.0,-11.2
2023,11,19805,AA,13930,10397,ORD,ATL,55,0,0,0,55,0,8,5,62.0,0.0,0.0,0.14545454545454545,0.09090909090909091,1.1272727272727272
2023,11,19805,AA,13930,10721,ORD,BOS,73,0,0,0,73,0,5,0,-553.0,0.0,0.0,0.0684931506849315,0.0,-7.575342465753424
2023,11,19805,AA,13930,10821,ORD,BWI,4,0,0,0,4,0,0,0,-29.0,0.0,0.0,0.0,0.0,-7.25
2023,11,19805,AA,13930,11278,ORD,DCA,204,0,0,0,204,0,33,8,1567.0,0.0,0.0,0.16176470588235295,0.0392156862745098,7.681372549019608
2023,11,19805,AA,13930,11292,ORD,DEN,70,0,0,0,70,0,8,1,-361.0,0.0,0.0,0.11428571428571428,0.014285714285714285,-5.1571428571428575
2023,11,19805,AA,13930,11298,ORD,DFW,328,0,0,0,328,0,44,6,-1580.0,0.0,0.0,0.13414634146341464,0.018292682926829267,-4.817073170731708
2023,11,19805,AA,13930,11433,ORD,DTW,29,0,0,0,29,0,8,2,407.0,0.0,0.0,0.27586206896551724,0.06896551724137931,14.03448275862069
2023,11,19805,AA,13930,11618,ORD,EWR,57,0,0,0,57,0,11,4,237.0,0.0,0.0,0.19298245614035087,0.07017543859649122,4.157894736842105
2023,11,19805,AA,13930,11697,ORD,FLL,52,0,0,0,52,0,8,1,-102.0,0.0,0.0,0.15384615384615385,0.019230769230769232,-1.9615384615384615
2023,11,19805,AA,13930,12266,ORD,IAH,31,0,0,0,31,0,5,1,-67.0,0.0,0.0,0.16129032258064516,0.03225806451612903,-2.161290322580645
2023,11,19805,AA,13930,12478,ORD,JFK,60,0,0,0,60,0,8,0,-42.0,0.0,0.0,0.13333333333333333,0.0,-0.7
2023,11,19805,AA,13930,12889,ORD,LAS,127,0,0,0,127,0,13,6,-591.0,0.0,0.0,0.10236220472440945,0.047244094488188976,-4.653543307086614
2023,11,19805,AA,13930,12892,ORD,LAX,198,0,1,0,197,0,16,3,-1770.0,0.0,0.005050505050505051,0.08121827411167512,0.015228426395939087,-8.98477157360406
2023,11,19805,AA,13930,12953,ORD,LGA,221,0,0,0,221,0,33,16,-248.0,0.0,0.0,0.1493212669683258,0.07239819004524888,-1.1221719457013575
2023,11,19805,AA,13930,13204,ORD,MCO,85,0,0,0,85,0,11,3,-225.0,0.0,0.0,0.12941176470588237,0.03529411764705882,-2.6470588235294117
2023,11,19805,AA,13930,13303,ORD,MIA,236,0,0,0,236,0,22,7,-1092.0,0.0,0.0,0.09322033898305085,0.029661016949152543,-4.627118644067797
2023,11,19805,AA,13930,13487,ORD,MSP,31,0,0,0,31,0,8,1,28.0,0.0,0.0,0.25806451612903225,0.03225806451612903,0.9032258064516129
2023,11,19805,AA,13930,14100,ORD,PHL,165,1,0,0,164,0,37,9,1402.0,0.006060606060606061,0.0,0.22560975609756098,0.054878048780487805,8.548780487804878
2023,11,19805,AA,13930,14107,ORD,PHX,225,0,0,0,225,0,42,15,1325.0,0.0,0.0,0.18666666666666668,0.06666666666666667,5.888888888888889
2023,11,19805,AA,13930,14635,ORD,RSW,56,0,0,0,56,0,7,2,-109.0,0.0,0.0,0.125,0.03571428571428571,-1.9464285714285714
2023,11,19805,AA,13930,14679,ORD,SAN,71,0,1,0,70,0,11,4,-51.0,0.0,0.014084507042253521,0.15714285714285714,0.05714285714285714,-0.7285714285714285
2023,11,19805,AA,13930,14747,ORD,SEA,35,0,0,0,35,0,4,1,630.0,0.0,0.0,0.11428571428571428,0.02857142857142857,18.0
2023,11,19805,AA,13930,14771,ORD,SFO,88,0,0,0,88,0,16,4,20.0,0.0,0.0,0.18181818181818182,0.045454545454545456,0.22727272727272727
2023,11,19805,AA,13930,14869,ORD,SLC,27,0,0,0,27,0,4,1,-98.0,0.0,0.0,0.14814814814814814,0.037037037037037035,-3.6296296296296298
2023,11,19805,AA,13930,15016,ORD,STL,30,0,0,0,30,0,11,3,1399.0,0.0,0.0,0.36666666666666664,0.1,46.63333333333333
2023,11,19805,AA,13930,15304,ORD,TPA,72,0,0,0,72,0,7,3,70.0,0.0,0.0,0.09722222222222222,0.041666666666666664,0.9722222222222222
2023,11,19805,AA,14100,10397,PHL,ATL,82,0,0,0,82,0,8,3,-407.0,0.0,0.0,0.0975609756097561,0.036585365853658534,-4.963414634146342
2023,11,19805,AA,14100,10721,PHL,BOS,157,0,0,0,157,0,25,6,298.0,0.0,0.0,0.1592356687898089,0.03821656050955414,1.8980891719745223
2023,11,19805,AA,14100,11278,PHL,DCA,1,0,0,0,1,0,0,0,-11.0,0.0,0.0,0.0,0.0,-11.0
2023,11,19805,AA,14100,11292,PHL,DEN,53,0,0,0,53,0,10,1,7.0,0.0,0.0,0.18867924528301888,0.018867924528301886,0.1320754716981132
2023,11,19805,AA,14100,11298,PHL,DFW,263,0,0,0,263,0,43,13,53.0,0.0,0.0,0.1634980988593156,0.049429657794676805,0.20152091254752852
2023,11,19805,AA,14100,11433,PHL,DTW,37,0,0,0,37,0,6,3,305.0,0.0,0.0,0.16216216216216217,0.08108108108108109,8.243243243243244
2023,11,19805,AA,14100,11697,PHL,FLL,86,0,0,0,86,0,12,4,-149.0,0.0,0.0,0.13953488372093023,0.046511627906976744,-1.7325581395348837
2023,11,19805,AA,14100,12266,PHL,IAH,33,0,0,0,33,0,9,3,255.0,0.0,0.0,0.2727272727272727,0.09090909090909091,7.7272727272727275
2023,11,19805,AA,14100,12889,PHL,LAS,82,0,0,0,82,0,12,3,-204.0,0.0,0.0,0.14634146341463414,0.036585365853658534,-2.4878048780487805
2023,11,19805,AA,14100,12892,PHL,LAX,151,0,0,0,151,0,13,3,-177.0,0.0,0.0,0.08609271523178808,0.019867549668874173,-1.1721854304635762
2023,11,19805,AA,14100,13204,PHL,MCO,201,0,0,0,201,0,21,8,-556.0,0.0,0.0,0.1044776119402985,0.03980099502487562,-2.7661691542288556
2023,11,19805,AA,14100,13303,PHL,MIA,195,0,0,0,195,0,25,9,-191.0,0.0,0.0,0.1282051282051282,0.046153846153846156,-0.9794871794871794
2023,11,19805,AA,14100,13930,PHL,ORD,166,0,0,0,166,0,16,3,-863.0,0.0,0.0,0.0963855421686747,0.018072289156626505,-5.198795180722891
2023,11,19805,AA,14100,14107,PHL,PHX,208,0,0,0,208,0,13,5,-1669.0,0.0,0.0,0.0625,0.02403846153846154,-8.024038461538462
2023,11,19805,AA,14100,14635,PHL,RSW,58,0,0,0,58,0,16,5,602.0,0.0,0.0,0.27586206896551724,0.08620689655172414,10.379310344827585
2023,11,19805,AA,14100,14679,PHL,SAN,87,0,0,0,87,0,23,6,363.0,0.0,0.0,0.26436781609195403,0.06896551724137931,4.172413793103448
2023,11,19805,AA,14100,14747,PHL,SEA,29,0,0,0,29,0,4,1,610.0,0.0,0.0,0.13793103448275862,0.034482758620689655,21.03448275862069
2023,11,19805,AA,14100,14771,PHL,SFO,86,0,0,0,86,0,10,1,-554.0,0.0,0.0,0.11627906976744186,0.011627906976744186,-6.441860465116279
2023,11,19805,AA,14100,15016,PHL,STL,29,0,0,0,29,0,3,2,116.0,0.0,0.0,0.10344827586206896,0.06896551724137931,4.0
2023,11,19805,AA,14100,15304,PHL,TPA,116,0,0,0,116,0,12,4,-267.0,0.0,0.0,0.10344827586206896,0.034482758620689655,-2.3017241379310347
2023,11,19805,AA,14107,10397,PHX,ATL,58,0,0,0,58,0,12,2,-43.0,0.0,0.0,0.20689655172413793,0.034482758620689655,-0.7413793103448276
2023,11,19805,AA,14107,10721,PHX,BOS,112,0,0,0,112,0,12,2,-371.0,0.0,0.0,0.10714285714285714,0.017857142857142856,-3.3125
2023,11,19805,AA,14107,11278,PHX,DCA,86,0,0,0,86,0,7,0,-953.0,0.0,0.0,0.08139534883720931,0.0,-11.081395348837209
2023,11,19805,AA,14107,11292,PHX,DEN,104,0,0,0,104,0,13,3,-354.0,0.0,0.0,0.125,0.028846153846153848,-3.4038461538461537
2023,11,19805,AA,14107,11298,PHX,DFW,343,0,0,0,343,0,35,5,-1061.0,0.0,0.0,0.10204081632653061,0.014577259475218658,-3.0932944606413995
2023,11,19805,AA,14107,11433,PHX,DTW,30,0,0,0,30,0,2,0,-190.0,0.0,0.0,0.06666666666666667,0.0,-6.333333333333333
2023,11,19805,AA,14107,11618,PHX,EWR,90,0,0,0,90,0,15,2,109.0,0.0,0.0,0.16666666666666666,0.022222222222222223,1.211111111111111
2023,11,19805,AA,14107,12173,PHX,HNL,45,0,0,0,45,0,10,1,-125.0,0.0,0.0,0.2222222222222222,0.022222222222222223,-2.7777777777777777
2023,11,19805,AA,14107,12266,PHX,IAH,8,0,0,0,8,0,1,0,-24.0,0.0,0.0,0.125,0.0,-3.0
2023,11,19805,AA,14107,12478,PHX,JFK,122,0,1,0,121,0,22,5,-555.0,0.0,0.00819672131147541,0.18181818181818182,0.04132231404958678,-4.586776859504132
2023,11,19805,AA,14107,12889,PHX,LAS,148,0,0,0,148,0,20,8,531.0,0.0,0.0,0.13513513513513514,0.05405405405405406,3.5878378378378377
2023,11,19805,AA,14107,12892,PHX,LAX,162,0,0,0,162,0,22,5,-264.0,0.0,0.0,0.13580246913580246,0.030864197530864196,-1.6296296296296295
2023,11,19805,AA,14107,13204,PHX,MCO,81,0,0,0,81,0,13,2,-267.0,0.0,0.0,0.16049382716049382,0.024691358024691357,-3.2962962962962963
2023,11,19805,AA,14107,13303,PHX,MIA,145,0,0,0,145,0,23,5,-467.0,0.0,0.0,0.15862068965517243,0.034482758620689655,-3.220689655172414
2023,11,19805,AA,14107,13487,PHX,MSP,50,0,0,0,50,0,4,3,-126.0,0.0,0.0,0.08,0.06,-2.52
2023,11,19805,AA,14107,13930,PHX,ORD,223,0,0,0,223,0,22,7,-1774.0,0.0,0.0,0.09865470852017937,0.03139013452914798,-7.955156950672646
2023,11,19805,AA,14107,14100,PHX,PHL,207,0,0,0,207,0,28,6,-928.0,0.0,0.0,0.13526570048309178,0.028985507246376812,-4.483091787439614
2023,11,19805,AA,14107,14679,PHX,SAN,142,0,1,0,141,0,22,3,81.0,0.0,0.007042253521126761,0.15602836879432624,0.02127659574468085,0.574468085106383
2023,11,19805,AA,14107,14747,PHX,SEA,77,0,0,0,77,0,3,2,-654.0,0.0,0.0,0.03896103896103896,0.025974025974025976,-8.493506493506494
2023,11,19805,AA,14107,14771,PHX,SFO,96,0,0,0,96,0,16,3,144.0,0.0,0.0,0.16666666666666666,0.03125,1.5
2023,11,19805,AA,14107,14869,PHX,SLC,29,0,0,0,29,0,5,0,-88.0,0.0,0.0,0.1724137931034483,0.0,-3.0344827586206895
2023,11,19805,AA,14107,15016,PHX,STL,59,0,0,0,59,0,12,6,838.0,0.0,0.0,0.2033898305084746,0.1016949152542373,14.203389830508474
2023,11,19805,AA,14107,15304,PHX,TPA,59,0,0,0,59,0,9,1,-133.0,0.0,0.0,0.15254237288135594,0.01694915254237288,-2.2542372881355934
2023,11,19805,AA,14635,11278,RSW,DCA,30,0,0,0,30,0,10,3,391.0,0.0,0.0,0.3333333333333333,0.1,13.033333333333333
2023,11,19805,AA,14635,11298,RSW,DFW,112,0,0,0,112,0,15,3,-284.0,0.0,0.0,0.13392857142857142,0.026785714285714284,-2.5357142857142856
2023,11,19805,AA,14635,13930,RSW,ORD,56,0,0,0,56,0,14,4,387.0,0.0,0.0,0.25,0.07142857142857142,6.910714285714286
2023,11,19805,AA,14635,14100,RSW,PHL,58,0,0,0,58,0,7,3,222.0,0.0,0.0,0.1206896551724138,0.05172413793103448,3.8275862068965516
2023,11,19805,AA,14679,11298,SAN,DFW,259,0,0,0,259,0,33,12,189.0,0.0,0.0,0.1274131274131274,0.04633204633204633,0.7297297297297297
2023,11,19805,AA,14679,13303,SAN,MIA,31,0,0,0,31,0,3,1,294.0,0.0,0.0,0.0967741935483871,0.03225806451612903,9.483870967741936
2023,11,19805,AA,14679,13930,SAN,ORD,71,0,0,0,71,0,6,4,495.0,0.0,0.0,0.08450704225352113,0.056338028169014086,6.971830985915493
2023,11,19805,AA,14679,14100,SAN,PHL,86,0,0,0,86,0,8,2,-195.0,0.0,0.0,0.09302325581395349,0.023255813953488372,-2.2674418604651163
2023,11,19805,AA,14679,14107,SAN,PHX,142,0,0,0,142,0,19,6,3212.0,0.0,0.0,0.13380281690140844,0.04225352112676056,22.619718309859156
2023,11,19805,AA,14747,11298,SEA,DFW,215,1,0,0,214,0,30,10,1723.0,0.004651162790697674,0.0,0.14018691588785046,0.04672897196261682,8.051401869158878
2023,11,19805,AA,14747,13303,SEA,MIA,30,0,0,0,30,0,6,1,746.0,0.0,0.0,0.2,0.03333333333333333,24.866666666666667
2023,11,19805,AA,14747,13930,SEA,ORD,36,0,0,0,36,0,8,3,2366.0,0.0,0.0,0.2222222222222222,0.08333333333333333,65.72222222222223
2023,11,19805,AA,14747,14100,SEA,PHL,29,0,0,0,29,0,4,1,-91.0,0.0,0.0,0.13793103448275862,0.034482758620689655,-3.1379310344827585
2023,11,19805,AA,14747,14107,SEA,PHX,77,0,0,0,77,0,12,2,639.0,0.0,0.0,0.15584415584415584,0.025974025974025976,8.2987012987013
2023,11,19805,AA,14771,11298,SFO,DFW,246,0,0,0,246,0,33,9,334.0,0.0,0.0,0.13414634146341464,0.036585365853658534,1.3577235772357723
2023,11,19805,AA,14771,12478,SFO,JFK,112,0,0,0,112,0,9,1,-908.0,0.0,0.0,0.08035714285714286,0.008928571428571428,-8.107142857142858
2023,11,19805,AA,14771,13303,SFO,MIA,91,0,0,0,91,0,12,4,-213.0,0.0,0.0,0.13186813186813187,0.04395604395604396,-2.340659340659341
2023,11,19805,AA,14771,13930,SFO,ORD,88,0,0,0,88,0,11,2,488.0,0.0,0.0,0.125,0.022727272727272728,5.545454545454546
2023,11,19805,AA,14771,14100,SFO,PHL,86,0,0,0,86,0,14,1,-546.0,0.0,0.0,0.16279069767441862,0.011627906976744186,-6.348837209302325
2023,11,19805,AA,14771,14107,SFO,PHX,95,0,0,0,95,0,16,4,470.0,0.0,0.0,0.16842105263157894,0.042105263157894736,4.947368421052632
2023,11,19805,AA,14869,11298,SLC,DFW,172,0,0,0,172,0,12,3,-2122.0,0.0,0.0,0.06976744186046512,0.01744186046511628,-12.337209302325581
2023,11,19805,AA,14869,13930,SLC,ORD,27,0,0,0,27,0,8,2,689.0,0.0,0.0,0.2962962962962963,0.07407407407407407,25.51851851851852
2023,11,19805,AA,14869,14107,SLC,PHX,29,0,0,0,29,0,2,0,-266.0,0.0,0.0,0.06896551724137931,0.0,-9.172413793103448
2023,11,19805,AA,15016,11278,STL,DCA,22,0,0,0,22,0,3,2,529.0,0.0,0.0,0.13636363636363635,0.09090909090909091,24.045454545454547
2023,11,19805,AA,15016,11298,STL,DFW,155,0,0,0,155,0,31,11,3257.0,0.0,0.0,0.2,0.07096774193548387,21.01290322580645
2023,11,19805,AA,15016,12892,STL,LAX,29,0,0,0,29,0,5,2,682.0,0.0,0.0,0.1724137931034483,0.06896551724137931,23.517241379310345
2023,11,19805,AA,15016,12953,STL,LGA,53,0,0,0,53,0,5,2,-28.0,0.0,0.0,0.09433962264150944,0.03773584905660377,-0.5283018867924528
2023,11,19805,AA,15016,13303,STL,MIA,31,0,0,0,31,0,1,0,-237.0,0.0,0.0,0.03225806451612903,0.0,-7.645161290322581
2023,11,19805,AA,15016,13930,STL,ORD,29,0,0,0,29,0,7,2,266.0,0.0,0.0,0.2413793103448276,0.06896551724137931,9.172413793103448
2023,11,19805,AA,15016,14100,STL,PHL,29,0,0,0,29,0,3,1,2181.0,0.0,0.0,0.10344827586206896,0.034482758620689655,75.20689655172414
2023,11,19805,AA,15016,14107,STL,PHX,59,0,0,0,59,0,10,6,1489.0,0.0,0.0,0.1694915254237288,0.1016949152542373,25.23728813559322
2023,11,19805,AA,15304,11278,TPA,DCA,117,0,1,0,116,0,18,7,544.0,0.0,0.008547008547008548,0.15517241379310345,0.0603448275862069,4.689655172413793
2023,11,19805,AA,15304,11298,TPA,DFW,199,1,0,0,198,0,30,4,-538.0,0.005025125628140704,0.0,0.15151515151515152,0.020202020202020204,-2.717171717171717
2023,11,19805,AA,15304,13303,TPA,MIA,124,0,0,0,124,0,17,7,1101.0,0.0,0.0,0.13709677419354838,0.056451612903225805,8.879032258064516
2023,11,19805,AA,15304,13930,TPA,ORD,72,0,0,0,72,0,6,2,-494.0,0.0,0.0,0.08333333333333333,0.027777777777777776,-6.861111111111111
2023,11,19805,AA,15304,14100,TPA,PHL,116,0,1,0,115,0,14,4,-240.0,0.0,0.008620689655172414,0.12173913043478261,0.034782608695652174,-2.0869565217391304
2023,11,19805,AA,15304,14107,TPA,PHX,59,0,0,0,59,0,13,2,594.0,0.0,0.0,0.22033898305084745,0.03389830508474576,10.067796610169491
2023,11,19930,AS,10397,14747,ATL,SEA,96,0,1,0,95,0,15,2,-238.0,0.0,0.010416666666666666,0.15789473684210525,0.021052631578947368,-2.5052631578947366
2023,11,19930,AS,10721,14679,BOS,SAN,30,0,0,0,30,0,4,0,-53.0,0.0,0.0,0.13333333333333333,0.0,-1.7666666666666666
2023,11,19930,AS,10721,14747,BOS,SEA,103,1,0,0,102,0,19,2,-143.0,0.009708737864077669,0.0,0.18627450980392157,0.0196078431372549,-1.4019607843137254
2023,11,19930,AS,10721,14771,BOS,SFO,29,0,1,0,28,0,5,1,-115.0,0.0,0.034482758620689655,0.17857142857142858,0.03571428571428571,-4.107142857142857
2023,11,19930,AS,10821,14747,BWI,SEA,30,0,0,0,30,0,9,1,174.0,0.0,0.0,0.3,0.03333333333333333,5.8
2023,11,19930,AS,11278,12892,DCA,LAX,29,0,0,0,29,0,2,0,-300.0,0.0,0.0,0.06896551724137931,0.0,-10.344827586206897
2023,11,19930,AS,11278,14747,DCA,SEA,59,0,0,0,59,0,15,1,91.0,0.0,0.0,0.2542372881355932,0.01694915254237288,1.5423728813559323
2023,11,19930,AS,11278,14771,DCA,SFO,29,0,0,0,29,0,7,0,-42.0,0.0,0.0,0.2413793103448276,0.0,-1.4482758620689655
2023,11,19930,AS,11292,14747,DEN,SEA,118,0,0,0,118,0,20,2,-449.0,0.0,0.0,0.1694915254237288,0.01694915254237288,-3.805084745762712
2023,11,19930,AS,11298,14747,DFW,SEA,147,0,0,0,147,0,23,4,-168.0,0.0,0.0,0.1564625850340136,0.027210884353741496,-1.1428571428571428
2023,11,19930,AS,11433,14747,DTW,SEA,30,0,0,0,30,0,6,1,59.0,0.0,0.0,0.2,0.03333333333333333,1.9666666666666666
2023,11,19930,AS,11618,12892,EWR,LAX,80,0,1,0,79,0,11,2,-567.0,0.0,0.0125,0.13924050632911392,0.02531645569620253,-7.177215189873418
2023,11,19930,AS,11618,14679,EWR,SAN,29,1,0,0,28,0,7,3,515.0,0.034482758620689655,0.0,0.25,0.10714285714285714,18.392857142857142
2023,11,19930,AS,11618,14747,EWR,SEA,88,1,0,0,87,0,16,3,-98.0,0.011363636363636364,0.0,0.1839080459770115,0.034482758620689655,-1.1264367816091954
2023,11,19930,AS,11618,14771,EWR,SFO,80,0,0,0,80,0,14,1,-413.0,0.0,0.0,0.175,0.0125,-5.1625
2023,11,19930,AS,11697,12892,FLL,LAX,13,1,0,0,12,0,3,0,38.0,0.07692307692307693,0.0,0.25,0.0,3.1666666666666665
2023,11,19930,AS,11697,14679,FLL,SAN,29,0,0,0,29,0,10,1,201.0,0.0,0.0,0.3448275862068966,0.034482758620689655,6.931034482758621
2023,11,19930,AS,11697,14747,FLL,SEA,59,0,0,0,59,0,14,2,-59.0,0.0,0.0,0.23728813559322035,0.03389830508474576,-1.0
2023,11,19930,AS,11697,14771,FLL,SFO,12,0,0,0,12,0,2,0,13.0,0.0,0.0,0.16666666666666666,0.0,1.0833333333333333
2023,11,19930,AS,12173,12892,HNL,LAX,30,0,0,0,30,0,5,0,-74.0,0.0,0.0,0.16666666666666666,0.0,-2.466666666666667
2023,11,19930,AS,12173,14679,HNL,SAN,30,0,0,0,30,0,6,3,298.0,0.0,0.0,0.2,0.1,9.933333333333334
2023,11,19930,AS,12173,14747,HNL,SEA,149,0,0,0,149,0,26,9,-30.0,0.0,0.0,0.174496644295302,0.06040268456375839,-0.20134228187919462
2023,11,19930,AS,12173,14771,HNL,SFO,46,0,0,0,46,0,4,1,-742.0,0.0,0.0,0.08695652173913043,0.021739130434782608,-16.130434782608695
2023,11,19930,AS,12266,14747,IAH,SEA,71,0,0,0,71,0,15,1,-160.0,0.0,0.0,0.2112676056338028,0.014084507042253521,-2.2535211267605635
2023,11,19930,AS,12478,14679,JFK,SAN,59,0,0,0,59,0,13,1,-180.0,0.0,0.0,0.22033898305084745,0.01694915254237288,-3.0508474576271185
2023,11,19930,AS,12478,14747,JFK,SEA,117,0,0,0,117,0,10,1,-809.0,0.0,0.0,0.08547008547008547,0.008547008547008548,-6.914529914529915
2023,11,19930,AS,12478,14771,JFK,SFO,143,0,0,0,143,0,28,7,-335.0,0.0,0.0,0.1958041958041958,0.04895104895104895,-2.3426573426573425
2023,11,19930,AS,12889,12892,LAS,LAX,37,0,0,0,37,0,9,3,299.0,0.0,0.0,0.24324324324324326,0.08108108108108109,8.08108108108108
2023,11,19930,AS,12889,14747,LAS,SEA,229,1,0,0,228,0,36,10,125.0,0.004366812227074236,0.0,0.15789473684210525,0.043859649122807015,0.5482456140350878
2023,11,19930,AS,12889,14771,LAS,SFO,62,0,0,0,62,0,5,1,-643.0,0.0,0.0,0.08064516129032258,0.016129032258064516,-10.370967741935484
2023,11,19930,AS,12892,11278,LAX,DCA,29,0,0,0,29,0,4,0,-244.0,0.0,0.0,0.13793103448275862,0.0,-8.413793103448276
2023,11,19930,AS,12892,11618,LAX,EWR,80,0,0,0,80,0,12,2,-884.0,0.0,0.0,0.15,0.025,-11.05
2023,11,19930,AS,12892,11697,LAX,FLL,13,0,0,0,13,0,3,0,10.0,0.0,0.0,0.23076923076923078,0.0,0.7692307692307693
2023,11,19930,AS,12892,12173,LAX,HNL,30,0,0,0,30,0,1,1,-140.0,0.0,0.0,0.03333333333333333,0.03333333333333333,-4.666666666666667
2023,11,19930,AS,12892,12889,LAX,LAS,34,0,0,0,34,0,7,4,213.0,0.0,0.0,0.20588235294117646,0.11764705882352941,6.264705882352941
2023,11,19930,AS,12892,14747,LAX,SEA,269,0,1,0,268,0,27,6,-1487.0,0.0,0.0037174721189591076,0.10074626865671642,0.022388059701492536,-5.548507462686567
2023,11,19930,AS,12892,14771,LAX,SFO,16,0,0,0,16,0,1,0,-156.0,0.0,0.0,0.0625,0.0,-9.75
2023,11,19930,AS,12892,15304,LAX,TPA,11,0,0,0,11,0,3,0,58.0,0.0,0.0,0.2727272727272727,0.0,5.2727272727272725
2023,11,19930,AS,13204,14679,MCO,SAN,48,0,0,0,48,0,18,2,388.0,0.0,0.0,0.375,0.041666666666666664,8.083333333333334
2023,11,19930,AS,13204,14747,MCO,SEA,101,0,0,0,101,0,11,2,-531.0,0.0,0.0,0.10891089108910891,0.019801980198019802,-5.257425742574258
2023,11,19930,AS,13204,14771,MCO,SFO,40,0,0,0,40,0,8,2,727.0,0.0,0.0,0.2,0.05,18.175
2023,11,19930,AS,13303,14747,MIA,SEA,30,0,0,0,30,0,6,0,-83.0,0.0,0.0,0.2,0.0,-2.7666666666666666
2023,11,19930,AS,13487,14747,MSP,SEA,70,0,0,0,70,0,15,1,-44.0,0.0,0.0,0.21428571428571427,0.014285714285714285,-0.6285714285714286
2023,11,19930,AS,13796,14747,OAK,SEA,57,0,0,0,57,0,3,1,-616.0,0.0,0.0,0.05263157894736842,0.017543859649122806,-10.807017543859649
2023,11,19930,AS,13930,14747,ORD,SEA,140,0,0,0,140,0,39,9,1012.0,0.0,0.0,0.2785714285714286,0.06428571428571428,7.228571428571429
2023,11,19930,AS,13930,14771,ORD,SFO,39,0,0,0,39,0,7,0,-218.0,0.0,0.0,0.1794871794871795,0.0,-5.589743589743589
2023,11,19930,AS,14100,14747,PHL,SEA,57,0,0,0,57,0,13,2,120.0,0.0,0.0,0.22807017543859648,0.03508771929824561,2.1052631578947367
2023,11,19930,AS,14107,14747,PHX,SEA,251,0,1,0,250,0,27,9,-622.0,0.0,0.00398406374501992,0.108,0.036,-2.488
2023,11,19930,AS,14635,14747,RSW,SEA,29,0,0,0,29,0,7,3,176.0,0.0,0.0,0.2413793103448276,0.10344827586206896,6.068965517241379
2023,11,19930,AS,14679,10721,SAN,BOS,30,0,0,0,30,0,3,1,-326.0,0.0,0.0,0.1,0.03333333333333333,-10.866666666666667
2023,11,19930,AS,14679,11618,SAN,EWR,29,0,0,0,29,0,6,2,54.0,0.0,0.0,0.20689655172413793,0.06896551724137931,1.8620689655172413
2023,11,19930,AS,14679,11697,SAN,FLL,29,0,0,0,29,0,9,0,168.0,0.0,0.0,0.3103448275862069,0.0,5.793103448275862
2023,11,19930,AS,14679,12173,SAN,HNL,29,0,1,0,28,0,2,0,-38.0,0.0,0.034482758620689655,0.07142857142857142,0.0,-1.3571428571428572
2023,11,19930,AS,14679,12478,SAN,JFK,59,0,0,0,59,0,13,1,-246.0,0.0,0.0,0.22033898305084745,0.01694915254237288,-4.169491525423729
2023,11,19930,AS,14679,13204,SAN,MCO,49,0,0,0,49,0,7,0,-45.0,0.0,0.0,0.14285714285714285,0.0,-0.9183673469387755
2023,11,19930,AS,14679,14747,SAN,SEA,224,0,1,0,223,0,30,3,-1529.0,0.0,0.004464285714285714,0.13452914798206278,0.013452914798206279,-6.856502242152466
2023,11,19930,AS,14679,15304,SAN,TPA,29,0,0,0,29,0,9,2,259.0,0.0,0.0,0.3103448275862069,0.06896551724137931,8.931034482758621
2023,11,19930,AS,14747,10397,SEA,ATL,96,0,0,0,96,0,12,2,-81.0,0.0,0.0,0.125,0.020833333333333332,-0.84375
2023,11,19930,AS,14747,10721,SEA,BOS,103,0,0,0,103,0,19,3,-461.0,0.0,0.0,0.18446601941747573,0.02912621359223301,-4.475728155339806
2023,11,19930,AS,14747,10821,SEA,BWI,30,0,0,0,30,0,6,1,-1.0,0.0,0.0,0.2,0.03333333333333333,-0.03333333333333333
2023,11,19930,AS,14747,11278,SEA,DCA,59,0,0,0,59,0,10,2,-113.0,0.0,0.0,0.1694915254237288,0.03389830508474576,-1.9152542372881356
2023,11,19930,AS,14747,11292,SEA,DEN,118,0,0,0,118,0,14,6,-163.0,0.0,0.0,0.11864406779661017,0.05084745762711865,-1.38135593220339
2023,11,19930,AS,14747,11298,SEA,DFW,147,0,0,0,147,0,34,3,528.0,0.0,0.0,0.23129251700680273,0.02040816326530612,3.5918367346938775
2023,11,19930,AS,14747,11433,SEA,DTW,30,0,0,0,30,0,4,1,-34.0,0.0,0.0,0.13333333333333333,0.03333333333333333,-1.1333333333333333
2023,11,19930,AS,14747,11618,SEA,EWR,87,0,0,0,87,0,11,0,-853.0,0.0,0.0,0.12643678160919541,0.0,-9.804597701149426
2023,11,19930,AS,14747,11697,SEA,FLL,59,0,0,0,59,0,8,0,-344.0,0.0,0.0,0.13559322033898305,0.0,-5.830508474576271
2023,11,19930,AS,14747,12173,SEA,HNL,150,0,2,0,148,0,44,4,744.0,0.0,0.013333333333333334,0.2972972972972973,0.02702702702702703,5.027027027027027
2023,11,19930,AS,14747,12266,SEA,IAH,70,0,0,0,70,0,9,2,-27.0,0.0,0.0,0.12857142857142856,0.02857142857142857,-0.38571428571428573
2023,11,19930,AS,14747,12478,SEA,JFK,117,0,0,0,117,0,16,2,-947.0,0.0,0.0,0.13675213675213677,0.017094017094017096,-8.094017094017094
2023,11,19930,AS,14747,12889,SEA,LAS,230,0,1,0,229,0,47,8,1508.0,0.0,0.004347826086956522,0.2052401746724891,0.034934497816593885,6.585152838427947
2023,11,19930,AS,14747,12892,SEA,LAX,269,0,0,0,269,0,64,10,1272.0,0.0,0.0,0.2379182156133829,0.03717472118959108,4.728624535315985
2023,11,19930,AS,14747,13204,SEA,MCO,101,1,0,0,100,0,7,3,-654.0,0.009900990099009901,0.0,0.07,0.03,-6.54
2023,11,19930,AS,14747,13303,SEA,MIA,30,0,0,0,30,0,5,0,-6.0,0.0,0.0,0.16666666666666666,0.0,-0.2
2023,11,19930,AS,14747,13487,SEA,MSP,70,0,0,0,70,0,11,1,158.0,0.0,0.0,0.15714285714285714,0.014285714285714285,2.257142857142857
2023,11,19930,AS,14747,13796,SEA,OAK,57,0,0,0,57,0,9,1,77.0,0.0,0.0,0.15789473684210525,0.017543859649122806,1.3508771929824561
2023,11,19930,AS,14747,13930,SEA,ORD,140,0,0,0,140,0,19,3,-785.0,0.0,0.0,0.1357142857142857,0.02142857142857143,-5.607142857142857
2023,11,19930,AS,14747,14100,SEA,PHL,56,0,0,0,56,0,15,2,153.0,0.0,0.0,0.26785714285714285,0.03571428571428571,2.732142857142857
2023,11,19930,AS,14747,14107,SEA,PHX,251,0,0,0,251,0,53,10,1247.0,0.0,0.0,0.21115537848605578,0.0398406374501992,4.968127490039841
2023,11,19930,AS,14747,14635,SEA,RSW,29,0,0,0,29,0,6,2,-65.0,0.0,0.0,0.20689655172413793,0.06896551724137931,-2.2413793103448274
2023,11,19930,AS,14747,14679,SEA,SAN,227,0,1,0,226,0,43,4,299.0,0.0,0.004405286343612335,0.1902654867256637,0.017699115044247787,1.323008849557522
2023,11,19930,AS,14747,14771,SEA,SFO,193,0,0,0,193,0,38,10,639.0,0.0,0.0,0.19689119170984457,0.05181347150259067,3.3108808290155443
2023,11,19930,AS,14747,14869,SEA,SLC,95,0,0,0,95,0,19,6,504.0,0.0,0.0,0.2,0.06315789473684211,5.3052631578947365
2023,11,19930,AS,14747,15016,SEA,STL,58,0,0,0,58,0,12,1,179.0,0.0,0.0,0.20689655172413793,0.017241379310344827,3.086206896551724
2023,11,19930,AS,14747,15304,SEA,TPA,60,0,0,0,60,0,7,1,-99.0,0.0,0.0,0.11666666666666667,0.016666666666666666,-1.65
2023,11,19930,AS,14771,10721,SFO,BOS,29,0,0,0,29,0,1,0,-494.0,0.0,0.0,0.034482758620689655,0.0,-17.03448275862069
2023,11,19930,AS,14771,11278,SFO,DCA,29,0,0,0,29,0,4,0,-144.0,0.0,0.0,0.13793103448275862,0.0,-4.9655172413793105
2023,11,19930,AS,14771,11618,SFO,EWR,80,0,0,0,80,0,6,1,-1165.0,0.0,0.0,0.075,0.0125,-14.5625
2023,11,19930,AS,14771,11697,SFO,FLL,12,0,0,0,12,0,2,1,-101.0,0.0,0.0,0.16666666666666666,0.08333333333333333,-8.416666666666666
2023,11,19930,AS,14771,12173,SFO,HNL,46,0,0,0,46,0,9,1,34.0,0.0,0.0,0.1956521739130435,0.021739130434782608,0.7391304347826086
2023,11,19930,AS,14771,12478,SFO,JFK,141,0,0,0,141,0,18,6,-1339.0,0.0,0.0,0.1276595744680851,0.0425531914893617,-9.49645390070922
2023,11,19930,AS,14771,12889,SFO,LAS,63,0,0,0,63,0,7,1,29.0,0.0,0.0,0.1111111111111111,0.015873015873015872,0.4603174603174603
2023,11,19930,AS,14771,12892,SFO,LAX,17,0,0,0,17,0,1,0,-218.0,0.0,0.0,0.058823529411764705,0.0,-12.823529411764707
2023,11,19930,AS,14771,13204,SFO,MCO,41,0,0,0,41,0,4,0,-360.0,0.0,0.0,0.0975609756097561,0.0,-8.78048780487805
2023,11,19930,AS,14771,13930,SFO,ORD,39,0,0,0,39,0,6,0,-291.0,0.0,0.0,0.15384615384615385,0.0,-7.461538461538462
2023,11,19930,AS,14771,14747,SFO,SEA,194,0,0,0,194,0,23,5,-1172.0,0.0,0.0,0.11855670103092783,0.02577319587628866,-6.041237113402062
2023,11,19930,AS,14771,15304,SFO,TPA,13,0,0,0,13,0,1,0,-121.0,0.0,0.0,0.07692307692307693,0.0,-9.307692307692308
2023,11,19930,AS,14869,14747,SLC,SEA,95,0,0,0,95,0,20,4,156.0,0.0,0.0,0.21052631578947367,0.042105263157894736,1.6421052631578947
2023,11,19930,AS,15016,14747,STL,SEA,58,1,0,0,57,0,10,1,-26.0,0.017241379310344827,0.0,0.17543859649122806,0.017543859649122806,-0.45614035087719296
2023,11,19930,AS,15304,12892,TPA,LAX,11,0,0,0,11,0,3,1,188.0,0.0,0.0,0.2727272727272727,0.09090909090909091,17.09090909090909
2023,11,19930,AS,15304,14679,TPA,SAN,29,0,0,0,29,0,9,2,233.0,0.0,0.0,0.3103448275862069,0.06896551724137931,8.03448275862069
2023,11,19930,AS,15304,14747,TPA,SEA,60,0,0,0,60,0,5,1,-493.0,0.0,0.0,0.08333333333333333,0.016666666666666666,-8.216666666666667
2023,11,19930,AS,15304,14771,TPA,SFO,12,0,0,0,12,0,2,0,-45.0,0.0,0.0,0.16666666666666666,0.0,-3.75
2023,11,19977,UA,10397,11292,ATL,DEN,101,0,0,0,101,0,9,1,-742.0,0.0,0.0,0.0891089108910891,0.009900990099009901,-7.346534653465347
2023,11,19977,UA,10397,11618,ATL,EWR,152,0,0,0,152,0,6,0,-2167.0,0.0,0.0,0.039473684210526314,0.0,-14.256578947368421
2023,11,19977,UA,10397,12266,ATL,IAH,57,0,0,0,57,0,5,1,109.0,0.0,0.0,0.08771929824561403,0.017543859649122806,1.912280701754386
2023,11,19977,UA,10397,13930,ATL,ORD,127,0,0,0,127,0,15,6,766.0,0.0,0.0,0.11811023622047244,0.047244094488188976,6.031496062992126
2023,11,19977,UA,10397,14771,ATL,SFO,49,0,0,0,49,0,14,4,424.0,0.0,0.0,0.2857142857142857,0.08163265306122448,8.653061224489797
2023,11,19977,UA,10721,11292,BOS,DEN,136,0,0,0,136,0,6,2,-1733.0,0.0,0.0,0.04411764705882353,0.014705882352941176,-12.742647058823529
2023,11,19977,UA,10721,11618,BOS,EWR,213,1,0,0,212,0,12,9,-1858.0,0.004694835680751174,0.0,0.05660377358490566,0.04245283018867924,-8.764150943396226
2023,11,19977,UA,10721,12266,BOS,IAH,115,0,0,0,115,0,7,2,-945.0,0.0,0.0,0.06086956521739131,0.017391304347826087,-8.217391304347826
2023,11,19977,UA,10721,12892,BOS,LAX,59,1,0,0,58,0,6,0,-783.0,0.01694915254237288,0.0,0.10344827586206896,0.0,-13.5
2023,11,19977,UA,10721,13930,BOS,ORD,150,0,0,0,150,0,11,5,-824.0,0.0,0.0,0.07333333333333333,0.03333333333333333,-5.493333333333333
2023,11,19977,UA,10721,14771,BOS,SFO,134,0,0,0,134,0,19,5,-1115.0,0.0,0.0,0.1417910447761194,0.03731343283582089,-8.32089552238806
2023,11,19977,UA,10821,11292,BWI,DEN,85,0,1,0,84,0,2,0,-1335.0,0.0,0.011764705882352941,0.023809523809523808,0.0,-15.892857142857142
2023,11,19977,UA,10821,12266,BWI,IAH,59,0,0,0,59,0,8,1,-481.0,0.0,0.0,0.13559322033898305,0.01694915254237288,-8.152542372881356
2023,11,19977,UA,10821,12892,BWI,LAX,30,0,0,0,30,0,4,0,-280.0,0.0,0.0,0.13333333333333333,0.0,-9.333333333333334
2023,11,19977,UA,10821,13930,BWI,ORD,84,0,0,0,84,0,9,3,-436.0,0.0,0.0,0.10714285714285714,0.03571428571428571,-5.190476190476191
2023,11,19977,UA,10821,14771,BWI,SFO,49,0,0,0,49,0,3,1,-730.0,0.0,0.0,0.061224489795918366,0.02040816326530612,-14.89795918367347
2023,11,19977,UA,11278,11292,DCA,DEN,30,0,0,0,30,0,4,3,100.0,0.0,0.0,0.13333333333333333,0.1,3.3333333333333335
2023,11,19977,UA,11278,12266,DCA,IAH,193,0,0,0,193,0,14,4,-1748.0,0.0,0.0,0.07253886010362694,0.02072538860103627,-9.05699481865285
2023,11,19977,UA,11278,13930,DCA,ORD,264,1,0,0,263,0,16,7,-1643.0,0.003787878787878788,0.0,0.060836501901140684,0.026615969581749048,-6.247148288973384
2023,11,19977,UA,11278,14771,DCA,SFO,30,0,0,0,30,0,0,0,-532.0,0.0,0.0,0.0,0.0,-17.733333333333334
2023,11,19977,UA,11292,10397,DEN,ATL,100,0,0,0,100,0,8,2,-398.0,0.0,0.0,0.08,0.02,-3.98
2023,11,19977,UA,11292,10721,DEN,BOS,136,0,1,0,135,0,10,4,-1166.0,0.0,0.007352941176470588,0.07407407407407407,0.02962962962962963,-8.637037037037038
2023,11,19977,UA,11292,10821,DEN,BWI,85,0,0,0,85,0,8,4,-600.0,0.0,0.0,0.09411764705882353,0.047058823529411764,-7.0588235294117645
2023,11,19977,UA,11292,11278,DEN,DCA,30,0,0,0,30,0,4,1,6.0,0.0,0.0,0.13333333333333333,0.03333333333333333,0.2
2023,11,19977,UA,11292,11298,DEN,DFW,151,0,0,0,151,0,16,4,-105.0,0.0,0.0,0.10596026490066225,0.026490066225165563,-0.695364238410596
2023,11,19977,UA,11292,11433,DEN,DTW,59,0,0,0,59,0,5,1,-243.0,0.0,0.0,0.0847457627118644,0.01694915254237288,-4.11864406779661
2023,11,19977,UA,11292,11618,DEN,EWR,239,0,0,0,239,0,41,8,-1070.0,0.0,0.0,0.17154811715481172,0.03347280334728033,-4.476987447698745
2023,11,19977,UA,11292,11697,DEN,FLL,93,0,1,0,92,0,12,3,298.0,0.0,0.010752688172043012,0.13043478260869565,0.03260869565217391,3.239130434782609
2023,11,19977,UA,11292,12173,DEN,HNL,34,0,0,0,34,0,7,3,207.0,0.0,0.0,0.20588235294117646,0.08823529411764706,6.088235294117647
2023,11,19977,UA,11292,12266,DEN,IAH,268,0,0,0,268,0,34,14,377.0,0.0,0.0,0.12686567164179105,0.05223880597014925,1.4067164179104477
2023,11,19977,UA,11292,12889,DEN,LAS,217,0,0,0,217,0,20,7,-1452.0,0.0,0.0,0.09216589861751152,0.03225806451612903,-6.691244239631336
2023,11,19977,UA,11292,12892,DEN,LAX,262,0,0,0,262,0,27,10,-964.0,0.0,0.0,0.10305343511450382,0.03816793893129771,-3.6793893129770994
2023,11,19977,UA,11292,12953,DEN,LGA,190,1,1,0,188,0,27,7,-783.0,0.005263157894736842,0.005263157894736842,0.14361702127659576,0.03723404255319149,-4.164893617021277
2023,11,19977,UA,11292,13204,DEN,MCO,143,0,0,0,143,0,17,4,-316.0,0.0,0.0,0.11888111888111888,0.027972027972027972,-2.2097902097902096
2023,11,19977,UA,11292,13303,DEN,MIA,59,0,0,0,59,0,9,2,240.0,0.0,0.0,0.15254237288135594,0.03389830508474576,4.067796610169491
2023,11,19977,UA,11292,13487,DEN,MSP,116,0,0,0,116,0,17,3,-310.0,0.0,0.0,0.14655172413793102,0.02586206896551724,-2.6724137931034484
2023,11,19977,UA,11292,13930,DEN,ORD,264,0,0,0,264,0,31,6,-980.0,0.0,0.0,0.11742424242424243,0.022727272727272728,-3.712121212121212
2023,11,19977,UA,11292,14100,DEN,PHL,86,0,0,0,86,0,11,0,-549.0,0.0,0.0,0.12790697674418605,0.0,-6.383720930232558
2023,11,19977,UA,11292,14107,DEN,PHX,186,0,0,0,186,0,24,3,-1285.0,0.0,0.0,0.12903225806451613,0.016129032258064516,-6.908602150537634
2023,11,19977,UA,11292,14635,DEN,RSW,59,0,0,0,59,0,6,0,-237.0,0.0,0.0,0.1016949152542373,0.0,-4.016949152542373
2023,11,19977,UA,11292,14679,DEN,SAN,185,0,2,0,183,0,15,2,-1710.0,0.0,0.010810810810810811,0.08196721311475409,0.01092896174863388,-9.344262295081966
2023,11,19977,UA,11292,14747,DEN,SEA,162,0,0,0,162,0,17,3,-1425.0,0.0,0.0,0.10493827160493827,0.018518518518518517,-8.796296296296296
2023,11,19977,UA,11292,14771,DEN,SFO,264,0,0,0,264,0,33,13,-1654.0,0.0,0.0,0.125,0.04924242424242424,-6.265151515151516
2023,11,19977,UA,11292,14869,DEN,SLC,88,0,0,0,88,0,15,5,-67.0,0.0,0.0,0.17045454545454544,0.056818181818181816,-0.7613636363636364
2023,11,19977,UA,11292,15016,DEN,STL,89,0,0,0,89,0,11,3,-103.0,0.0,0.0,0.12359550561797752,0.033707865168539325,-1.1573033707865168
2023,11,19977,UA,11292,15304,DEN,TPA,114,0,0,0,114,0,8,2,-598.0,0.0,0.0,0.07017543859649122,0.017543859649122806,-5.245614035087719
2023,11,19977,UA,11298,11292,DFW,DEN,151,1,0,0,150,0,23,7,656.0,0.006622516556291391,0.0,0.15333333333333332,0.04666666666666667,4.373333333333333
2023,11,19977,UA,11298,11618,DFW,EWR,153,1,0,0,152,0,17,8,-181.0,0.006535947712418301,0.0,0.1118421052631579,0.05263157894736842,-1.1907894736842106
2023,11,19977,UA,11298,12266,DFW,IAH,111,0,0,0,111,0,32,6,974.0,0.0,0.0,0.2882882882882883,0.05405405405405406,8.774774774774775
2023,11,19977,UA,11298,13930,DFW,ORD,136,1,0,0,135,0,13,8,296.0,0.007352941176470588,0.0,0.0962962962962963,0.05925925925925926,2.1925925925925926
2023,11,19977,UA,11298,14771,DFW,SFO,59,1,0,0,58,0,3,1,-586.0,0.01694915254237288,0.0,0.05172413793103448,0.017241379310344827,-10.10344827586207
2023,11,19977,UA,11433,11292,DTW,DEN,59,0,0,0,59,0,4,0,-452.0,0.0,0.0,0.06779661016949153,0.0,-7.661016949152542
2023,11,19977,UA,11433,11618,DTW,EWR,51,0,0,0,51,0,4,2,-492.0,0.0,0.0,0.0784313725490196,0.0392156862745098,-9.647058823529411
2023,11,19977,UA,11433,12266,DTW,IAH,29,0,0,0,29,0,1,0,-488.0,0.0,0.0,0.034482758620689655,0.0,-16.82758620689655
2023,11,19977,UA,11433,13930,DTW,ORD,29,0,0,0,29,0,8,2,177.0,0.0,0.0,0.27586206896551724,0.06896551724137931,6.103448275862069
2023,11,19977,UA,11618,10397,EWR,ATL,152,0,0,0,152,0,11,4,-1458.0,0.0,0.0,0.07236842105263158,0.02631578947368421,-9.592105263157896
2023,11,19977,UA,11618,10721,EWR,BOS,213,0,0,0,213,0,27,11,-246.0,0.0,0.0,0.1267605633802817,0.051643192488262914,-1.1549295774647887
2023,11,19977,UA,11618,11292,EWR,DEN,239,0,0,0,239,0,21,5,-2237.0,0.0,0.0,0.08786610878661087,0.02092050209205021,-9.359832635983263
2023,11,19977,UA,11618,11298,EWR,DFW,153,0,0,0,153,0,27,11,208.0,0.0,0.0,0.17647058823529413,0.0718954248366013,1.3594771241830066
2023,11,19977,UA,11618,11433,EWR,DTW,51,0,0,0,51,0,2,0,-397.0,0.0,0.0,0.0392156862745098,0.0,-7.784313725490196
2023,11,19977,UA,11618,11697,EWR,FLL,252,0,0,0,252,0,24,5,-1549.0,0.0,0.0,0.09523809523809523,0.01984126984126984,-6.146825396825397
2023,11,19977,UA,11618,12173,EWR,HNL,30,2,0,0,28,0,1,1,-402.0,0.06666666666666667,0.0,0.03571428571428571,0.03571428571428571,-14.357142857142858
2023,11,19977,UA,11618,12266,EWR,IAH,297,0,0,0,297,0,24,11,-2366.0,0.0,0.0,0.08080808080808081,0.037037037037037035,-7.966329966329966
2023,11,19977,UA,11618,12889,EWR,LAS,237,0,0,0,237,0,27,8,-2322.0,0.0,0.0,0.11392405063291139,0.03375527426160337,-9.79746835443038
2023,11,19977,UA,11618,12892,EWR,LAX,268,0,0,0,268,0,27,10,-2247.0,0.0,0.0,0.10074626865671642,0.03731343283582089,-8.384328358208956
2023,11,19977,UA,11618,13204,EWR,MCO,353,0,0,0,353,0,30,7,-2732.0,0.0,0.0,0.08498583569405099,0.019830028328611898,-7.739376770538244
2023,11,19977,UA,11618,13303,EWR,MIA,209,1,0,0,208,0,32,8,-507.0,0.004784688995215311,0.0,0.15384615384615385,0.038461538461538464,-2.4375
2023,11,19977,UA,11618,13487,EWR,MSP,5,0,0,0,5,0,1,0,2.0,0.0,0.0,0.2,0.0,0.4
2023,11,19977,UA,11618,13930,EWR,ORD,354,0,1,0,353,0,26,8,-2422.0,0.0,0.002824858757062147,0.07365439093484419,0.0226628895184136,-6.861189801699717
2023,11,19977,UA,11618,14107,EWR,PHX,118,0,0,0,118,0,9,4,-1849.0,0.0,0.0,0.07627118644067797,0.03389830508474576,-15.669491525423728
2023,11,19977,UA,11618,14635,EWR,RSW,131,0,0,0,131,0,8,1,-1376.0,0.0,0.0,0.061068702290076333,0.007633587786259542,-10.50381679389313
2023,11,19977,UA,11618,14679,EWR,SAN,89,0,0,0,89,0,6,1,-1590.0,0.0,0.0,0.06741573033707865,0.011235955056179775,-17.865168539325843
2023,11,19977,UA,11618,14747,EWR,SEA,59,0,1,0,58,0,8,1,-356.0,0.0,0.01694915254237288,0.13793103448275862,0.017241379310344827,-6.137931034482759
2023,11,19977,UA,11618,14771,EWR,SFO,267,0,0,0,267,0,36,18,-1692.0,0.0,0.0,0.1348314606741573,0.06741573033707865,-6.337078651685394
2023,11,19977,UA,11618,14869,EWR,SLC,29,0,0,0,29,0,5,2,-95.0,0.0,0.0,0.1724137931034483,0.06896551724137931,-3.2758620689655173
2023,11,19977,UA,11618,15016,EWR,STL,29,0,1,0,28,0,5,2,154.0,0.0,0.034482758620689655,0.17857142857142858,0.07142857142857142,5.5
2023,11,19977,UA,11618,15304,EWR,TPA,200,0,0,0,200,0,19,4,-1656.0,0.0,0.0,0.095,0.02,-8.28
2023,11,19977,UA,11697,11292,FLL,DEN,93,0,0,0,93,0,5,3,102.0,0.0,0.0,0.053763440860215055,0.03225806451612903,1.096774193548387
2023,11,19977,UA,11697,11618,FLL,EWR,252,0,0,0,252,0,25,6,-3312.0,0.0,0.0,0.0992063492063492,0.023809523809523808,-13.142857142857142
2023,11,19977,UA,11697,12266,FLL,IAH,119,0,0,0,119,0,14,3,-380.0,0.0,0.0,0.11764705882352941,0.025210084033613446,-3.19327731092437
2023,11,19977,UA,11697,13930,FLL,ORD,109,0,0,0,109,0,4,0,-1599.0,0.0,0.0,0.03669724770642202,0.0,-14.669724770642201
2023,11,19977,UA,11697,14771,FLL,SFO,30,0,0,0,30,0,1,0,-318.0,0.0,0.0,0.03333333333333333,0.0,-10.6
2023,11,19977,UA,12173,11292,HNL,DEN,34,1,0,0,33,0,3,0,-323.0,0.029411764705882353,0.0,0.09090909090909091,0.0,-9.787878787878787
2023,11,19977,UA,12173,11618,HNL,EWR,30,2,0,0,28,0,3,1,-408.0,0.06666666666666667,0.0,0.10714285714285714,0.03571428571428571,-14.571428571428571
2023,11,19977,UA,12173,12266,HNL,IAH,30,0,0,0,30,0,2,0,-470.0,0.0,0.0,0.06666666666666667,0.0,-15.666666666666666
2023,11,19977,UA,12173,12892,HNL,LAX,92,0,0,0,92,0,10,7,-647.0,0.0,0.0,0.10869565217391304,0.07608695652173914,-7.032608695652174
2023,11,19977,UA,12173,13930,HNL,ORD,30,0,0,0,30,0,1,1,-497.0,0.0,0.0,0.03333333333333333,0.03333333333333333,-16.566666666666666
2023,11,19977,UA,12173,14771,HNL,SFO,153,0,0,0,153,0,4,1,-2487.0,0.0,0.0,0.026143790849673203,0.006535947712418301,-16.254901960784313
2023,11,19977,UA,12266,10397,IAH,ATL,57,0,0,0,57,0,8,3,113.0,0.0,0.0,0.14035087719298245,0.05263157894736842,1.9824561403508771
2023,11,19977,UA,12266,10721,IAH,BOS,115,0,0,0,115,0,12,0,-463.0,0.0,0.0,0.10434782608695652,0.0,-4.026086956521739
2023,11,19977,UA,12266,10821,IAH,BWI,59,0,0,0,59,0,5,0,-318.0,0.0,0.0,0.0847457627118644,0.0,-5.389830508474576
2023,11,19977,UA,12266,11278,IAH,DCA,193,0,0,0,193,0,25,7,206.0,0.0,0.0,0.12953367875647667,0.03626943005181347,1.067357512953368
2023,11,19977,UA,12266,11292,IAH,DEN,267,0,0,0,267,0,26,7,-894.0,0.0,0.0,0.09737827715355805,0.026217228464419477,-3.348314606741573
2023,11,19977,UA,12266,11298,IAH,DFW,112,0,0,0,112,0,32,8,1099.0,0.0,0.0,0.2857142857142857,0.07142857142857142,9.8125
2023,11,19977,UA,12266,11433,IAH,DTW,29,0,0,0,29,0,4,2,134.0,0.0,0.0,0.13793103448275862,0.06896551724137931,4.620689655172414
2023,11,19977,UA,12266,11618,IAH,EWR,296,0,0,0,296,0,33,7,-1382.0,0.0,0.0,0.11148648648648649,0.02364864864864865,-4.668918918918919
2023,11,19977,UA,12266,11697,IAH,FLL,119,0,0,0,119,0,19,1,-226.0,0.0,0.0,0.15966386554621848,0.008403361344537815,-1.8991596638655461
2023,11,19977,UA,12266,12173,IAH,HNL,30,0,0,0,30,0,11,2,282.0,0.0,0.0,0.36666666666666664,0.06666666666666667,9.4
2023,11,19977,UA,12266,12889,IAH,LAS,178,0,0,0,178,0,18,4,-568.0,0.0,0.0,0.10112359550561797,0.02247191011235955,-3.191011235955056
2023,11,19977,UA,12266,12892,IAH,LAX,262,0,0,0,262,0,25,7,-1176.0,0.0,0.0,0.09541984732824428,0.026717557251908396,-4.488549618320611
2023,11,19977,UA,12266,12953,IAH,LGA,114,0,0,0,114,0,17,2,-403.0,0.0,0.0,0.14912280701754385,0.017543859649122806,-3.5350877192982457
2023,11,19977,UA,12266,13204,IAH,MCO,179,0,0,0,179,0,18,0,-765.0,0.0,0.0,0.1005586592178771,0.0,-4.273743016759776
2023,11,19977,UA,12266,13303,IAH,MIA,118,0,0,0,118,0,15,3,134.0,0.0,0.0,0.1271186440677966,0.025423728813559324,1.1355932203389831
2023,11,19977,UA,12266,13487,IAH,MSP,55,0,0,0,55,0,7,2,-10.0,0.0,0.0,0.12727272727272726,0.03636363636363636,-0.18181818181818182
2023,11,19977,UA,12266,13930,IAH,ORD,287,0,0,0,287,0,22,5,-1834.0,0.0,0.0,0.07665505226480836,0.017421602787456445,-6.390243902439025
2023,11,19977,UA,12266,14100,IAH,PHL,82,0,0,0,82,0,10,1,-343.0,0.0,0.0,0.12195121951219512,0.012195121951219513,-4.182926829268292
2023,11,19977,UA,12266,14107,IAH,PHX,116,0,0,0,116,0,12,1,-623.0,0.0,0.0,0.10344827586206896,0.008620689655172414,-5.370689655172414
2023,11,19977,UA,12266,14635,IAH,RSW,89,0,0,0,89,0,10,0,-268.0,0.0,0.0,0.11235955056179775,0.0,-3.0112359550561796
2023,11,19977,UA,12266,14679,IAH,SAN,145,0,0,0,145,0,24,5,-215.0,0.0,0.0,0.16551724137931034,0.034482758620689655,-1.4827586206896552
2023,11,19977,UA,12266,14747,IAH,SEA,89,0,0,0,89,0,12,0,-519.0,0.0,0.0,0.1348314606741573,0.0,-5.831460674157303
2023,11,19977,UA,12266,14771,IAH,SFO,257,0,0,0,257,0,20,4,-2725.0,0.0,0.0,0.07782101167315175,0.01556420233463035,-10.603112840466926
2023,11,19977,UA,12266,14869,IAH,SLC,30,0,0,0,30,0,6,3,85.0,0.0,0.0,0.2,0.1,2.8333333333333335
2023,11,19977,UA,12266,15016,IAH,STL,59,0,0,0,59,0,14,4,484.0,0.0,0.0,0.23728813559322035,0.06779661016949153,8.203389830508474
2023,11,19977,UA,12266,15304,IAH,TPA,118,0,0,0,118,0,16,4,-9.0,0.0,0.0,0.13559322033898305,0.03389830508474576,-0.07627118644067797
2023,11,19977,UA,12889,11292,LAS,DEN,217,0,0,0,217,0,19,6,-1807.0,0.0,0.0,0.08755760368663594,0.027649769585253458,-8.327188940092165
2023,11,19977,UA,12889,11618,LAS,EWR,237,1,0,0,236,0,17,5,-3949.0,0.004219409282700422,0.0,0.07203389830508475,0.0211864406779661,-16.733050847457626
2023,11,19977,UA,12889,12266,LAS,IAH,178,0,1,0,177,0,13,2,-1478.0,0.0,0.0056179775280898875,0.07344632768361582,0.011299435028248588,-8.350282485875706
2023,11,19977,UA,12889,12892,LAS,LAX,146,0,0,0,146,0,16,6,716.0,0.0,0.0,0.1095890410958904,0.0410958904109589,4.904109589041096
2023,11,19977,UA,12889,13204,LAS,MCO,1,0,0,0,1,0,0,0,-15.0,0.0,0.0,0.0,0.0,-15.0
2023,11,19977,UA,12889,13930,LAS,ORD,151,0,0,0,151,0,9,3,-1570.0,0.0,0.0,0.059602649006622516,0.019867549668874173,-10.397350993377483
2023,11,19977,UA,12889,14771,LAS,SFO,183,1,0,0,182,0,30,8,251.0,0.00546448087431694,0.0,0.16483516483516483,0.04395604395604396,1.379120879120879
2023,11,19977,UA,12892,10721,LAX,BOS,59,1,0,0,58,0,2,0,-974.0,0.01694915254237288,0.0,0.034482758620689655,0.0,-16.79310344827586
2023,11,19977,UA,12892,10821,LAX,BWI,30,0,0,0,30,0,6,1,-1.0,0.0,0.0,0.2,0.03333333333333333,-0.03333333333333333
2023,11,19977,UA,12892,11292,LAX,DEN,262,0,0,0,262,0,17,2,-2670.0,0.0,0.0,0.0648854961832061,0.007633587786259542,-10.19083969465649
2023,11,19977,UA,12892,11618,LAX,EWR,268,0,0,0,268,0,19,5,-3825.0,0.0,0.0,0.0708955223880597,0.018656716417910446,-14.272388059701493
2023,11,19977,UA,12892,12173,LAX,HNL,92,0,0,0,92,0,8,2,-604.0,0.0,0.0,0.08695652173913043,0.021739130434782608,-6.565217391304348
2023,11,19977,UA,12892,12266,LAX,IAH,263,0,0,0,263,0,19,3,-1356.0,0.0,0.0,0.07224334600760456,0.011406844106463879,-5.155893536121673
2023,11,19977,UA,12892,12889,LAX,LAS,146,0,0,0,146,0,13,5,-485.0,0.0,0.0,0.08904109589041095,0.03424657534246575,-3.3219178082191783
2023,11,19977,UA,12892,13204,LAX,MCO,60,0,0,0,60,0,6,3,-181.0,0.0,0.0,0.1,0.05,-3.0166666666666666
2023,11,19977,UA,12892,13930,LAX,ORD,246,1,0,0,245,0,22,3,-1993.0,0.0040650406504065045,0.0,0.08979591836734693,0.012244897959183673,-8.13469387755102
2023,11,19977,UA,12892,14107,LAX,PHX,85,0,0,0,85,0,8,1,-415.0,0.0,0.0,0.09411764705882353,0.011764705882352941,-4.882352941176471
2023,11,19977,UA,12892,14679,LAX,SAN,3,0,0,0,3,0,0,0,-54.0,0.0,0.0,0.0,0.0,-18.0
2023,11,19977,UA,12892,14747,LAX,SEA,57,1,0,0,56,0,10,4,1062.0,0.017543859649122806,0.0,0.17857142857142858,0.07142857142857142,18.964285714285715
2023,11,19977,UA,12892,14771,LAX,SFO,274,0,0,0,274,0,36,7,-306.0,0.0,0.0,0.13138686131386862,0.025547445255474453,-1.1167883211678833
2023,11,19977,UA,12892,15304,LAX,TPA,30,0,0,0,30,0,1,1,-636.0,0.0,0.0,0.03333333333333333,0.03333333333333333,-21.2
2023,11,19977,UA,12953,11292,LGA,DEN,190,1,0,0,189,0,22,9,-825.0,0.005263157894736842,0.0,0.1164021164021164,0.047619047619047616,-4.365079365079365
2023,11,19977,UA,12953,12266,LGA,IAH,114,1,0,0,113,0,5,3,-1775.0,0.008771929824561403,0.0,0.04424778761061947,0.02654867256637168,-15.70796460176991
2023,11,19977,UA,12953,13930,LGA,ORD,293,1,0,0,292,0,26,8,-1430.0,0.0034129692832764505,0.0,0.08904109589041095,0.0273972602739726,-4.897260273972603
2023,11,19977,UA,13204,11292,MCO,DEN,143,0,0,0,143,0,8,5,-1100.0,0.0,0.0,0.055944055944055944,0.03496503496503497,-7.6923076923076925
2023,11,19977,UA,13204,11618,MCO,EWR,353,1,0,0,352,0,29,9,-3194.0,0.0028328611898017,0.0,0.08238636363636363,0.02556818181818182,-9.073863636363637
2023,11,19977,UA,13204,12266,MCO,IAH,179,0,0,0,179,0,14,5,-855.0,0.0,0.0,0.0782122905027933,0.027932960893854747,-4.776536312849162
2023,11,19977,UA,13204,12889,MCO,LAS,2,0,0,0,2,0,0,0,-30.0,0.0,0.0,0.0,0.0,-15.0
2023,11,19977,UA,13204,12892,MCO,LAX,60,0,0,0,60,0,7,0,-317.0,0.0,0.0,0.11666666666666667,0.0,-5.283333333333333
2023,11,19977,UA,13204,13930,MCO,ORD,169,3,0,0,166,0,22,6,287.0,0.01775147928994083,0.0,0.13253012048192772,0.03614457831325301,1.7289156626506024
2023,11,19977,UA,13204,14771,MCO,SFO,61,0,0,0,61,0,2,0,-874.0,0.0,0.0,0.03278688524590164,0.0,-14.327868852459016
2023,11,19977,UA,13303,11292,MIA,DEN,59,0,0,0,59,0,5,2,-253.0,0.0,0.0,0.0847457627118644,0.03389830508474576,-4.288135593220339
2023,11,19977,UA,13303,11618,MIA,EWR,209,1,1,0,207,0,29,11,-1165.0,0.004784688995215311,0.004784688995215311,0.14009661835748793,0.05314009661835749,-5.628019323671498
2023,11,19977,UA,13303,12266,MIA,IAH,118,0,0,0,118,0,15,2,-111.0,0.0,0.0,0.1271186440677966,0.01694915254237288,-0.940677966101695
2023,11,19977,UA,13303,13930,MIA,ORD,101,0,0,0,101,0,9,1,-913.0,0.0,0.0,0.0891089108910891,0.009900990099009901,-9.03960396039604
2023,11,19977,UA,13303,14771,MIA,SFO,30,0,0,0,30,0,4,1,-148.0,0.0,0.0,0.13333333333333333,0.03333333333333333,-4.933333333333334
2023,11,19977,UA,13487,11292,MSP,DEN,116,0,0,0,116,0,9,1,-1124.0,0.0,0.0,0.07758620689655173,0.008620689655172414,-9.689655172413794
2023,11,19977,UA,13487,11618,MSP,EWR,5,0,0,0,5,0,1,1,89.0,0.0,0.0,0.2,0.2,17.8
2023,11,19977,UA,13487,12266,MSP,IAH,55,0,0,0,55,0,5,1,-264.0,0.0,0.0,0.09090909090909091,0.01818181818181818,-4.8
2023,11,19977,UA,13487,13930,MSP,ORD,161,0,0,0,161,0,15,4,-925.0,0.0,0.0,0.09316770186335403,0.024844720496894408,-5.745341614906832
2023,11,19977,UA,13487,14771,MSP,SFO,30,0,0,0,30,0,4,3,-192.0,0.0,0.0,0.13333333333333333,0.1,-6.4
2023,11,19977,UA,13930,10397,ORD,ATL,127,0,0,0,127,0,12,5,-157.0,0.0,0.0,0.09448818897637795,0.03937007874015748,-1.236220472440945
2023,11,19977,UA,13930,10721,ORD,BOS,150,0,0,0,150,0,17,5,-491.0,0.0,0.0,0.11333333333333333,0.03333333333333333,-3.2733333333333334
2023,11,19977,UA,13930,10821,ORD,BWI,84,0,0,0,84,0,8,2,-336.0,0.0,0.0,0.09523809523809523,0.023809523809523808,-4.0
2023,11,19977,UA,13930,11278,ORD,DCA,264,1,0,0,263,0,25,8,-1450.0,0.003787878787878788,0.0,0.09505703422053231,0.030418250950570342,-5.513307984790875
2023,11,19977,UA,13930,11292,ORD,DEN,264,0,0,0,264,0,21,7,-2024.0,0.0,0.0,0.07954545454545454,0.026515151515151516,-7.666666666666667
2023,11,19977,UA,13930,11298,ORD,DFW,135,1,0,0,134,0,17,4,-697.0,0.007407407407407408,0.0,0.12686567164179105,0.029850746268656716,-5.201492537313433
2023,11,19977,UA,13930,11433,ORD,DTW,29,0,0,0,29,0,4,2,-21.0,0.0,0.0,0.13793103448275862,0.06896551724137931,-0.7241379310344828
2023,11,19977,UA,13930,11618,ORD,EWR,355,0,1,0,354,0,20,6,-5982.0,0.0,0.0028169014084507044,0.05649717514124294,0.01694915254237288,-16.89830508474576
2023,11,19977,UA,13930,11697,ORD,FLL,109,0,0,0,109,0,12,1,-515.0,0.0,0.0,0.11009174311926606,0.009174311926605505,-4.724770642201835
2023,11,19977,UA,13930,12173,ORD,HNL,30,0,0,0,30,0,1,0,-554.0,0.0,0.0,0.03333333333333333,0.0,-18.466666666666665
2023,11,19977,UA,13930,12266,ORD,IAH,286,0,0,0,286,0,21,4,-2757.0,0.0,0.0,0.07342657342657342,0.013986013986013986,-9.63986013986014
2023,11,19977,UA,13930,12889,ORD,LAS,151,0,0,0,151,0,13,4,-1720.0,0.0,0.0,0.08609271523178808,0.026490066225165563,-11.390728476821192
2023,11,19977,UA,13930,12892,ORD,LAX,248,1,0,0,247,0,26,10,-1543.0,0.004032258064516129,0.0,0.10526315789473684,0.04048582995951417,-6.246963562753036
2023,11,19977,UA,13930,12953,ORD,LGA,293,1,0,0,292,0,32,6,-1562.0,0.0034129692832764505,0.0,0.1095890410958904,0.02054794520547945,-5.3493150684931505
2023,11,19977,UA,13930,13204,ORD,MCO,169,2,0,0,167,0,19,8,-86.0,0.011834319526627219,0.0,0.11377245508982035,0.04790419161676647,-0.5149700598802395
2023,11,19977,UA,13930,13303,ORD,MIA,101,0,0,0,101,0,10,0,-362.0,0.0,0.0,0.09900990099009901,0.0,-3.5841584158415842
2023,11,19977,UA,13930,13487,ORD,MSP,161,0,0,0,161,0,11,4,-691.0,0.0,0.0,0.06832298136645963,0.024844720496894408,-4.291925465838509
2023,11,19977,UA,13930,14100,ORD,PHL,114,0,0,0,114,0,14,5,-220.0,0.0,0.0,0.12280701754385964,0.043859649122807015,-1.9298245614035088
2023,11,19977,UA,13930,14107,ORD,PHX,142,0,2,0,140,0,11,3,-1527.0,0.0,0.014084507042253521,0.07857142857142857,0.02142857142857143,-10.907142857142857
2023,11,19977,UA,13930,14635,ORD,RSW,109,0,0,0,109,0,13,3,-270.0,0.0,0.0,0.11926605504587157,0.027522935779816515,-2.477064220183486
2023,11,19977,UA,13930,14679,ORD,SAN,118,0,0,0,118,0,13,2,-1355.0,0.0,0.0,0.11016949152542373,0.01694915254237288,-11.483050847457626
2023,11,19977,UA,13930,14747,ORD,SEA,109,0,0,0,109,0,7,1,-1384.0,0.0,0.0,0.06422018348623854,0.009174311926605505,-12.697247706422019
2023,11,19977,UA,13930,14771,ORD,SFO,225,0,1,0,224,0,30,6,-1400.0,0.0,0.0044444444444444444,0.13392857142857142,0.026785714285714284,-6.25
2023,11,19977,UA,13930,14869,ORD,SLC,59,0,0,0,59,0,9,2,-306.0,0.0,0.0,0.15254237288135594,0.03389830508474576,-5.186440677966102
2023,11,19977,UA,13930,15016,ORD,STL,30,0,0,0,30,0,4,2,122.0,0.0,0.0,0.13333333333333333,0.06666666666666667,4.066666666666666
2023,11,19977,UA,13930,15304,ORD,TPA,110,0,0,0,110,0,10,3,-680.0,0.0,0.0,0.09090909090909091,0.02727272727272727,-6.181818181818182
2023,11,19977,UA,14100,11292,PHL,DEN,86,0,0,0,86,0,6,2,-914.0,0.0,0.0,0.06976744186046512,0.023255813953488372,-10.627906976744185
2023,11,19977,UA,14100,12266,PHL,IAH,82,1,0,0,81,0,9,0,-792.0,0.012195121951219513,0.0,0.1111111111111111,0.0,-9.777777777777779
2023,11,19977,UA,14100,13930,PHL,ORD,114,1,0,0,113,0,12,2,-594.0,0.008771929824561403,0.0,0.10619469026548672,0.017699115044247787,-5.256637168141593
2023,11,19977,UA,14100,14771,PHL,SFO,50,0,0,0,50,0,5,1,-672.0,0.0,0.0,0.1,0.02,-13.44
2023,11,19977,UA,14107,11292,PHX,DEN,186,0,0,0,186,0,6,3,-1437.0,0.0,0.0,0.03225806451612903,0.016129032258064516,-7.725806451612903
2023,11,19977,UA,14107,11618,PHX,EWR,118,0,0,0,118,0,6,1,-1532.0,0.0,0.0,0.05084745762711865,0.00847457627118644,-12.983050847457626
2023,11,19977,UA,14107,12266,PHX,IAH,116,0,0,0,116,0,12,2,-703.0,0.0,0.0,0.10344827586206896,0.017241379310344827,-6.060344827586207
2023,11,19977,UA,14107,12892,PHX,LAX,85,0,0,0,85,0,6,1,-446.0,0.0,0.0,0.07058823529411765,0.011764705882352941,-5.247058823529412
2023,11,19977,UA,14107,13930,PHX,ORD,144,0,0,0,144,0,14,4,-679.0,0.0,0.0,0.09722222222222222,0.027777777777777776,-4.715277777777778
2023,11,19977,UA,14107,14771,PHX,SFO,111,0,0,0,111,0,14,5,-548.0,0.0,0.0,0.12612612612612611,0.04504504504504504,-4.936936936936937
2023,11,19977,UA,14635,11292,RSW,DEN,59,0,0,0,59,0,4,1,-367.0,0.0,0.0,0.06779661016949153,0.01694915254237288,-6.220338983050848
2023,11,19977,UA,14635,11618,RSW,EWR,131,0,0,0,131,0,5,2,-2357.0,0.0,0.0,0.03816793893129771,0.015267175572519083,-17.99236641221374
2023,11,19977,UA,14635,12266,RSW,IAH,89,0,0,0,89,0,10,2,-186.0,0.0,0.0,0.11235955056179775,0.02247191011235955,-2.0898876404494384
2023,11,19977,UA,14635,13930,RSW,ORD,109,0,0,0,109,0,14,1,327.0,0.0,0.0,0.12844036697247707,0.009174311926605505,3.0
2023,11,19977,UA,14679,11292,SAN,DEN,185,1,0,0,184,0,15,6,-1357.0,0.005405405405405406,0.0,0.08152173913043478,0.03260869565217391,-7.375
2023,11,19977,UA,14679,11618,SAN,EWR,89,0,0,0,89,0,9,2,-1045.0,0.0,0.0,0.10112359550561797,0.02247191011235955,-11.741573033707866
2023,11,19977,UA,14679,12266,SAN,IAH,145,0,0,0,145,0,13,3,-812.0,0.0,0.0,0.0896551724137931,0.020689655172413793,-5.6
2023,11,19977,UA,14679,12892,SAN,LAX,3,0,0,0,3,0,0,0,-30.0,0.0,0.0,0.0,0.0,-10.0
2023,11,19977,UA,14679,13930,SAN,ORD,118,0,0,0,118,0,7,0,-1251.0,0.0,0.0,0.059322033898305086,0.0,-10.601694915254237
2023,11,19977,UA,14679,14771,SAN,SFO,193,0,0,0,193,0,17,5,-1584.0,0.0,0.0,0.08808290155440414,0.025906735751295335,-8.207253886010363
2023,11,19977,UA,14747,11292,SEA,DEN,162,0,0,0,162,0,8,2,-844.0,0.0,0.0,0.04938271604938271,0.012345679012345678,-5.209876543209877
2023,11,19977,UA,14747,11618,SEA,EWR,59,0,1,0,58,0,6,1,-663.0,0.0,0.01694915254237288,0.10344827586206896,0.017241379310344827,-11.431034482758621
2023,11,19977,UA,14747,12266,SEA,IAH,89,0,0,0,89,0,14,5,747.0,0.0,0.0,0.15730337078651685,0.056179775280898875,8.393258426966293
2023,11,19977,UA,14747,12892,SEA,LAX,57,1,0,0,56,0,5,2,212.0,0.017543859649122806,0.0,0.08928571428571429,0.03571428571428571,3.7857142857142856
2023,11,19977,UA,14747,13930,SEA,ORD,109,0,0,0,109,0,12,5,-209.0,0.0,0.0,0.11009174311926606,0.045871559633027525,-1.9174311926605505
2023,11,19977,UA,14747,14771,SEA,SFO,173,0,0,0,173,0,26,8,96.0,0.0,0.0,0.15028901734104047,0.046242774566473986,0.5549132947976878
2023,11,19977,UA,14771,10397,SFO,ATL,49,0,0,0,49,0,14,7,819.0,0.0,0.0,0.2857142857142857,0.14285714285714285,16.714285714285715
2023,11,19977,UA,14771,10721,SFO,BOS,135,0,0,0,135,0,21,5,-834.0,0.0,0.0,0.15555555555555556,0.037037037037037035,-6.177777777777778
2023,11,19977,UA,14771,10821,SFO,BWI,48,0,0,0,48,0,7,0,-506.0,0.0,0.0,0.14583333333333334,0.0,-10.541666666666666
2023,11,19977,UA,14771,11278,SFO,DCA,30,0,0,0,30,0,3,0,-275.0,0.0,0.0,0.1,0.0,-9.166666666666666
2023,11,19977,UA,14771,11292,SFO,DEN,264,0,0,0,264,0,32,6,-1250.0,0.0,0.0,0.12121212121212122,0.022727272727272728,-4.734848484848484
2023,11,19977,UA,14771,11298,SFO,DFW,59,0,0,0,59,0,10,5,97.0,0.0,0.0,0.1694915254237288,0.0847457627118644,1.6440677966101696
2023,11,19977,UA,14771,11618,SFO,EWR,266,0,1,0,265,0,39,13,-608.0,0.0,0.0037593984962406013,0.1471698113207547,0.04905660377358491,-2.2943396226415094
2023,11,19977,UA,14771,11697,SFO,FLL,30,0,0,0,30,0,8,1,-36.0,0.0,0.0,0.26666666666666666,0.03333333333333333,-1.2
2023,11,19977,UA,14771,12173,SFO,HNL,153,0,0,0,153,0,17,4,-499.0,0.0,0.0,0.1111111111111111,0.026143790849673203,-3.261437908496732
2023,11,19977,UA,14771,12266,SFO,IAH,259,0,0,0,259,0,26,6,-883.0,0.0,0.0,0.10038610038610038,0.023166023166023165,-3.4092664092664093
2023,11,19977,UA,14771,12889,SFO,LAS,182,0,0,0,182,0,19,6,145.0,0.0,0.0,0.1043956043956044,0.03296703296703297,0.7967032967032966
2023,11,19977,UA,14771,12892,SFO,LAX,274,0,1,0,273,0,39,7,-360.0,0.0,0.0036496350364963502,0.14285714285714285,0.02564102564102564,-1.3186813186813187
2023,11,19977,UA,14771,13204,SFO,MCO,61,0,0,0,61,0,9,2,76.0,0.0,0.0,0.14754098360655737,0.03278688524590164,1.2459016393442623
2023,11,19977,UA,14771,13303,SFO,MIA,30,0,0,0,30,0,4,0,-17.0,0.0,0.0,0.13333333333333333,0.0,-0.5666666666666667
2023,11,19977,UA,14771,13487,SFO,MSP,30,0,0,0,30,0,6,4,148.0,0.0,0.0,0.2,0.13333333333333333,4.933333333333334
2023,11,19977,UA,14771,13930,SFO,ORD,225,0,0,0,225,0,35,9,888.0,0.0,0.0,0.15555555555555556,0.04,3.9466666666666668
2023,11,19977,UA,14771,14100,SFO,PHL,49,0,0,0,49,0,6,0,-579.0,0.0,0.0,0.12244897959183673,0.0,-11.816326530612244
2023,11,19977,UA,14771,14107,SFO,PHX,111,0,1,0,110,0,14,4,-391.0,0.0,0.009009009009009009,0.12727272727272726,0.03636363636363636,-3.5545454545454547
2023,11,19977,UA,14771,14679,SFO,SAN,193,0,2,0,191,0,16,9,-1131.0,0.0,0.010362694300518135,0.08376963350785341,0.04712041884816754,-5.9214659685863875
2023,11,19977,UA,14771,14747,SFO,SEA,173,0,0,0,173,0,19,7,-547.0,0.0,0.0,0.10982658959537572,0.04046242774566474,-3.161849710982659
2023,11,19977,UA,14771,14869,SFO,SLC,29,0,0,0,29,0,8,4,295.0,0.0,0.0,0.27586206896551724,0.13793103448275862,10.172413793103448
2023,11,19977,UA,14771,15304,SFO,TPA,30,0,0,0,30,0,3,1,-112.0,0.0,0.0,0.1,0.03333333333333333,-3.7333333333333334
2023,11,19977,UA,14869,11292,SLC,DEN,88,1,0,0,87,0,13,3,-87.0,0.011363636363636364,0.0,0.14942528735632185,0.034482758620689655,-1.0
2023,11,19977,UA,14869,11618,SLC,EWR,28,0,0,0,28,0,5,2,396.0,0.0,0.0,0.17857142857142858,0.07142857142857142,14.142857142857142
2023,11,19977,UA,14869,12266,SLC,IAH,31,0,0,0,31,0,5,3,92.0,0.0,0.0,0.16129032258064516,0.0967741935483871,2.967741935483871
2023,11,19977,UA,14869,13930,SLC,ORD,59,1,0,0,58,0,4,1,-455.0,0.01694915254237288,0.0,0.06896551724137931,0.017241379310344827,-7.844827586206897
2023,11,19977,UA,14869,14771,SLC,SFO,29,0,0,0,29,0,8,2,-40.0,0.0,0.0,0.27586206896551724,0.06896551724137931,-1.3793103448275863
2023,11,19977,UA,15016,11292,STL,DEN,90,0,0,0,90,0,12,5,438.0,0.0,0.0,0.13333333333333333,0.05555555555555555,4.866666666666666
2023,11,19977,UA,15016,11618,STL,EWR,29,0,0,0,29,0,3,1,-70.0,0.0,0.0,0.10344827586206896,0.034482758620689655,-2.413793103448276
2023,11,19977,UA,15016,12266,STL,IAH,59,0,0,0,59,0,12,4,575.0,0.0,0.0,0.2033898305084746,0.06779661016949153,9.745762711864407
2023,11,19977,UA,15016,13930,STL,ORD,30,0,0,0,30,0,5,3,476.0,0.0,0.0,0.16666666666666666,0.1,15.866666666666667
2023,11,19977,UA,15304,11292,TPA,DEN,114,1,0,0,113,0,7,2,-1022.0,0.008771929824561403,0.0,0.061946902654867256,0.017699115044247787,-9.044247787610619
2023,11,19977,UA,15304,11618,TPA,EWR,200,0,0,0,200,0,15,3,-2625.0,0.0,0.0,0.075,0.015,-13.125
2023,11,19977,UA,15304,12266,TPA,IAH,118,0,0,0,118,0,12,2,-501.0,0.0,0.0,0.1016949152542373,0.01694915254237288,-4.245762711864407
2023,11,19977,UA,15304,12892,TPA,LAX,30,0,0,0,30,0,2,1,-280.0,0.0,0.0,0.06666666666666667,0.03333333333333333,-9.333333333333334
2023,11,19977,UA,15304,13930,TPA,ORD,110,0,0,0,110,0,8,0,-1135.0,0.0,0.0,0.07272727272727272,0.0,-10.318181818181818
2023,11,19977,UA,15304,14771,TPA,SFO,30,0,0,0,30,0,2,1,-395.0,0.0,0.0,0.06666666666666667,0.03333333333333333,-13.166666666666666
2023,11,20304,OO,10397,12266,ATL,IAH,1,0,0,0,1,0,0,0,-24.0,0.0,0.0,0.0,0.0,-24.0
2023,11,20304,OO,10721,12478,BOS,JFK,53,0,0,0,53,0,7,1,-287.0,0.0,0.0,0.1320754716981132,0.018867924528301886,-5.415094339622642
2023,11,20304,OO,10721,13930,BOS,ORD,2,0,0,0,2,0,0,0,-33.0,0.0,0.0,0.0,0.0,-16.5
2023,11,20304,OO,11278,13930,DCA,ORD,17,1,0,0,16,0,1,0,-113.0,0.058823529411764705,0.0,0.0625,0.0,-7.0625
2023,11,20304,OO,11292,12892,DEN,LAX,75,0,0,0,75,0,4,0,-995.0,0.0,0.0,0.05333333333333334,0.0,-13.266666666666667
2023,11,20304,OO,11292,14869,DEN,SLC,117,0,0,0,117,0,15,11,-162.0,0.0,0.0,0.1282051282051282,0.09401709401709402,-1.3846153846153846
2023,11,20304,OO,11292,15016,DEN,STL,28,0,0,0,28,0,2,2,486.0,0.0,0.0,0.07142857142857142,0.07142857142857142,17.357142857142858
2023,11,20304,OO,11433,13232,DTW,MDW,78,0,1,0,77,0,16,3,223.0,0.0,0.01282051282051282,0.2077922077922078,0.03896103896103896,2.896103896103896
2023,11,20304,OO,11433,13930,DTW,ORD,185,0,0,0,185,0,20,8,-823.0,0.0,0.0,0.10810810810810811,0.043243243243243246,-4.448648648648649
2023,11,20304,OO,11618,13487,EWR,MSP,5,0,0,0,5,0,0,0,-36.0,0.0,0.0,0.0,0.0,-7.2
2023,11,20304,OO,12266,10397,IAH,ATL,1,0,0,0,1,0,0,0,-3.0,0.0,0.0,0.0,0.0,-3.0
2023,11,20304,OO,12266,12892,IAH,LAX,29,0,0,0,29,0,12,1,388.0,0.0,0.0,0.41379310344827586,0.034482758620689655,13.379310344827585
2023,11,20304,OO,12266,14107,IAH,PHX,74,0,0,0,74,0,9,3,-58.0,0.0,0.0,0.12162162162162163,0.04054054054054054,-0.7837837837837838
2023,11,20304,OO,12266,15016,IAH,STL,26,0,0,0,26,0,4,1,-74.0,0.0,0.0,0.15384615384615385,0.038461538461538464,-2.8461538461538463
2023,11,20304,OO,12478,10721,JFK,BOS,53,0,0,0,53,0,9,5,44.0,0.0,0.0,0.16981132075471697,0.09433962264150944,0.8301886792452831
2023,11,20304,OO,12478,13930,JFK,ORD,118,0,0,0,118,0,17,5,0.0,0.0,0.0,0.1440677966101695,0.0423728813559322,0.0
2023,11,20304,OO,12889,12892,LAS,LAX,16,1,0,0,15,0,3,2,905.0,0.0625,0.0,0.2,0.13333333333333333,60.333333333333336
2023,11,20304,OO,12889,14679,LAS,SAN,59,0,0,0,59,0,14,6,784.0,0.0,0.0,0.23728813559322035,0.1016949152542373,13.288135593220339
2023,11,20304,OO,12889,14747,LAS,SEA,17,0,0,0,17,0,3,1,32.0,0.0,0.0,0.17647058823529413,0.058823529411764705,1.8823529411764706
2023,11,20304,OO,12889,14771,LAS,SFO,54,0,0,0,54,0,16,5,410.0,0.0,0.0,0.2962962962962963,0.09259259259259259,7.592592592592593
2023,11,20304,OO,12892,11292,LAX,DEN,75,0,0,0,75,0,4,0,-443.0,0.0,0.0,0.05333333333333334,0.0,-5.906666666666666
2023,11,20304,OO,12892,12266,LAX,IAH,29,0,0,0,29,0,5,0,-74.0,0.0,0.0,0.1724137931034483,0.0,-2.5517241379310347
2023,11,20304,OO,12892,12889,LAX,LAS,19,0,0,0,19,0,1,0,-46.0,0.0,0.0,0.05263157894736842,0.0,-2.4210526315789473
2023,11,20304,OO,12892,13796,LAX,OAK,79,0,0,0,79,0,7,1,-625.0,0.0,0.0,0.08860759493670886,0.012658227848101266,-7.9113924050632916
2023,11,20304,OO,12892,14107,LAX,PHX,114,0,0,0,114,0,9,5,-213.0,0.0,0.0,0.07894736842105263,0.043859649122807015,-1.868421052631579
2023,11,20304,OO,12892,14679,LAX,SAN,173,0,0,0,173,0,14,3,-954.0,0.0,0.0,0.08092485549132948,0.017341040462427744,-5.514450867052023
2023,11,20304,OO,12892,14747,LAX,SEA,90,0,0,0,90,0,6,0,-974.0,0.0,0.0,0.06666666666666667,0.0,-10.822222222222223
2023,11,20304,OO,12892,14771,LAX,SFO,324,1,0,0,323,0,48,7,652.0,0.0030864197530864196,0.0,0.14860681114551083,0.021671826625386997,2.018575851393189
2023,11,20304,OO,12892,14869,LAX,SLC,30,0,0,0,30,0,2,2,4.0,0.0,0.0,0.06666666666666667,0.06666666666666667,0.13333333333333333
2023,11,20304,OO,12953,13930,LGA,ORD,22,0,0,0,22,0,3,1,-56.0,0.0,0.0,0.13636363636363635,0.045454545454545456,-2.5454545454545454
2023,11,20304,OO,13232,11433,MDW,DTW,78,0,0,0,78,0,9,3,-355.0,0.0,0.0,0.11538461538461539,0.038461538461538464,-4.551282051282051
2023,11,20304,OO,13232,13487,MDW,MSP,78,0,0,0,78,0,10,4,85.0,0.0,0.0,0.1282051282051282,0.05128205128205128,1.0897435897435896
2023,11,20304,OO,13487,11618,MSP,EWR,5,0,0,0,5,0,0,0,-51.0,0.0,0.0,0.0,0.0,-10.2
2023,11,20304,OO,13487,13232,MSP,MDW,78,0,0,0,78,0,9,5,-219.0,0.0,0.0,0.11538461538461539,0.0641025641025641,-2.8076923076923075
2023,11,20304,OO,13487,13930,MSP,ORD,8,0,0,0,8,0,0,0,-73.0,0.0,0.0,0.0,0.0,-9.125
2023,11,20304,OO,13796,12892,OAK,LAX,79,0,0,0,79,0,4,1,-271.0,0.0,0.0,0.05063291139240506,0.012658227848101266,-3.430379746835443
2023,11,20304,OO,13796,14747,OAK,SEA,13,1,0,0,12,0,3,2,125.0,0.07692307692307693,0.0,0.25,0.16666666666666666,10.416666666666666
2023,11,20304,OO,13796,14869,OAK,SLC,29,0,0,0,29,0,0,0,-323.0,0.0,0.0,0.0,0.0,-11.137931034482758
2023,11,20304,OO,13930,10721,ORD,BOS,2,0,0,0,2,0,0,0,-21.0,0.0,0.0,0.0,0.0,-10.5
2023,11,20304,OO,13930,11278,ORD,DCA,17,0,0,0,17,0,3,0,7.0,0.0,0.0,0.17647058823529413,0.0,0.4117647058823529
2023,11,20304,OO,13930,11433,ORD,DTW,186,0,0,0,186,0,29,7,-193.0,0.0,0.0,0.15591397849462366,0.03763440860215054,-1.0376344086021505
2023,11,20304,OO,13930,12478,ORD,JFK,118,0,0,0,118,0,23,8,432.0,0.0,0.0,0.19491525423728814,0.06779661016949153,3.6610169491525424
2023,11,20304,OO,13930,12953,ORD,LGA,22,0,0,0,22,0,2,1,-30.0,0.0,0.0,0.09090909090909091,0.045454545454545456,-1.3636363636363635
2023,11,20304,OO,13930,13487,ORD,MSP,8,0,0,0,8,0,2,0,48.0,0.0,0.0,0.25,0.0,6.0
2023,11,20304,OO,13930,14869,ORD,SLC,31,0,1,0,30,0,6,2,-104.0,0.0,0.03225806451612903,0.2,0.06666666666666667,-3.466666666666667
2023,11,20304,OO,13930,15016,ORD,STL,3,0,0,0,3,0,1,0,29.0,0.0,0.0,0.3333333333333333,0.0,9.666666666666666
2023,11,20304,OO,14107,12266,PHX,IAH,75,0,0,0,75,0,10,4,126.0,0.0,0.0,0.13333333333333333,0.05333333333333334,1.68
2023,11,20304,OO,14107,12892,PHX,LAX,114,0,0,0,114,0,10,4,-168.0,0.0,0.0,0.08771929824561403,0.03508771929824561,-1.4736842105263157
2023,11,20304,OO,14107,14747,PHX,SEA,2,0,0,0,2,0,0,0,-11.0,0.0,0.0,0.0,0.0,-5.5
2023,11,20304,OO,14107,14771,PHX,SFO,33,0,0,0,33,0,7,1,210.0,0.0,0.0,0.21212121212121213,0.030303030303030304,6.363636363636363
2023,11,20304,OO,14107,14869,PHX,SLC,134,0,0,0,134,0,9,1,-1513.0,0.0,0.0,0.06716417910447761,0.007462686567164179,-11.291044776119403
2023,11,20304,OO,14679,12889,SAN,LAS,59,0,0,0,59,0,17,7,1410.0,0.0,0.0,0.288135593220339,0.11864406779661017,23.89830508474576
2023,11,20304,OO,14679,12892,SAN,LAX,173,0,0,0,173,0,11,2,-866.0,0.0,0.0,0.06358381502890173,0.011560693641618497,-5.005780346820809
2023,11,20304,OO,14679,14747,SAN,SEA,7,0,0,0,7,0,0,0,-54.0,0.0,0.0,0.0,0.0,-7.714285714285714
2023,11,20304,OO,14679,14771,SAN,SFO,187,0,1,0,186,0,35,12,369.0,0.0,0.0053475935828877,0.1881720430107527,0.06451612903225806,1.9838709677419355
2023,11,20304,OO,14747,12889,SEA,LAS,14,0,0,0,14,0,4,0,116.0,0.0,0.0,0.2857142857142857,0.0,8.285714285714286
2023,11,20304,OO,14747,12892,SEA,LAX,93,0,0,0,93,0,7,0,-563.0,0.0,0.0,0.07526881720430108,0.0,-6.053763440860215
2023,11,20304,OO,14747,13796,SEA,OAK,13,1,0,0,12,0,4,2,228.0,0.07692307692307693,0.0,0.3333333333333333,0.16666666666666666,19.0
2023,11,20304,OO,14747,14107,SEA,PHX,2,0,0,0,2,0,0,0,-11.0,0.0,0.0,0.0,0.0,-5.5
2023,11,20304,OO,14747,14679,SEA,SAN,7,0,1,0,6,0,0,0,-27.0,0.0,0.14285714285714285,0.0,0.0,-4.5
2023,11,20304,OO,14747,14771,SEA,SFO,63,0,0,0,63,0,13,5,468.0,0.0,0.0,0.20634920634920634,0.07936507936507936,7.428571428571429
2023,11,20304,OO,14747,14869,SEA,SLC,10,0,0,0,10,0,1,0,-33.0,0.0,0.0,0.1,0.0,-3.3
2023,11,20304,OO,14771,12889,SFO,LAS,54,0,0,0,54,0,9,3,207.0,0.0,0.0,0.16666666666666666,0.05555555555555555,3.8333333333333335
2023,11,20304,OO,14771,12892,SFO,LAX,322,0,0,0,322,0,47,10,46.0,0.0,0.0,0.14596273291925466,0.031055900621118012,0.14285714285714285
2023,11,20304,OO,14771,14107,SFO,PHX,33,0,0,0,33,0,2,1,-148.0,0.0,0.0,0.06060606060606061,0.030303030303030304,-4.484848484848484
2023,11,20304,OO,14771,14679,SFO,SAN,186,0,1,0,185,0,31,5,554.0,0.0,0.005376344086021506,0.16756756756756758,0.02702702702702703,2.9945945945945946
2023,11,20304,OO,14771,14747,SFO,SEA,63,0,0,0,63,0,6,2,-399.0,0.0,0.0,0.09523809523809523,0.031746031746031744,-6.333333333333333
2023,11,20304,OO,14771,14869,SFO,SLC,151,0,0,0,151,0,16,8,-810.0,0.0,0.0,0.10596026490066225,0.052980132450331126,-5.364238410596027
2023,11,20304,OO,14869,11292,SLC,DEN,117,0,1,0,116,0,14,2,-528.0,0.0,0.008547008547008548,0.1206896551724138,0.017241379310344827,-4.551724137931035
2023,11,20304,OO,14869,12892,SLC,LAX,30,0,0,0,30,0,2,2,-288.0,0.0,0.0,0.06666666666666667,0.06666666666666667,-9.6
2023,11,20304,OO,14869,13796,SLC,OAK,29,0,0,0,29,0,0,0,-273.0,0.0,0.0,0.0,0.0,-9.413793103448276
2023,11,20304,OO,14869,13930,SLC,ORD,30,0,0,0,30,0,2,1,-340.0,0.0,0.0,0.06666666666666667,0.03333333333333333,-11.333333333333334
2023,11,20304,OO,14869,14107,SLC,PHX,134,0,1,0,133,0,16,2,-302.0,0.0,0.007462686567164179,0.12030075187969924,0.015037593984962405,-2.2706766917293235
2023,11,20304,OO,14869,14747,SLC,SEA,11,0,0,0,11,0,2,1,163.0,0.0,0.0,0.18181818181818182,0.09090909090909091,14.818181818181818
2023,11,20304,OO,14869,14771,SLC,SFO,151,0,0,0,151,0,28,12,307.0,0.0,0.0,0.18543046357615894,0.07947019867549669,2.033112582781457
2023,11,20304,OO,15016,11292,STL,DEN,27,0,1,0,26,0,2,1,191.0,0.0,0.037037037037037035,0.07692307692307693,0.038461538461538464,7.346153846153846
2023,11,20304,OO,15016,12266,STL,IAH,26,0,0,0,26,0,3,1,-82.0,0.0,0.0,0.11538461538461539,0.038461538461538464,-3.1538461538461537
2023,11,20304,OO,15016,13930,STL,ORD,3,0,0,0,3,0,1,0,-2.0,0.0,0.0,0.3333333333333333,0.0,-0.6666666666666666
2023,11,20363,9E,10821,12478,BWI,JFK,88,0,0,0,88,0,12,4,-497.0,0.0,0.0,0.13636363636363635,0.045454545454545456,-5.6477272727272725
2023,11,20363,9E,10821,13487,BWI,MSP,2,0,0,0,2,0,0,0,-37.0,0.0,0.0,0.0,0.0,-18.5
2023,11,20363,9E,11278,11433,DCA,DTW,1,0,0,0,1,0,0,0,-7.0,0.0,0.0,0.0,0.0,-7.0
2023,11,20363,9E,11278,12478,DCA,JFK,2,0,0,0,2,0,0,0,-59.0,0.0,0.0,0.0,0.0,-29.5
2023,11,20363,9E,11278,12953,DCA,LGA,4,0,0,0,4,0,0,0,-73.0,0.0,0.0,0.0,0.0,-18.25
2023,11,20363,9E,11278,13487,DCA,MSP,5,0,0,0,5,0,0,0,-66.0,0.0,0.0,0.0,0.0,-13.2
2023,11,20363,9E,11433,11278,DTW,DCA,1,0,0,0,1,0,0,0,-5.0,0.0,0.0,0.0,0.0,-5.0
2023,11,20363,9E,11433,11618,DTW,EWR,2,0,0,0,2,0,0,0,-44.0,0.0,0.0,0.0,0.0,-22.0
2023,11,20363,9E,11433,12478,DTW,JFK,118,0,0,0,118,0,4,3,-1768.0,0.0,0.0,0.03389830508474576,0.025423728813559324,-14.983050847457626
2023,11,20363,9E,11433,13930,DTW,ORD,3,0,0,0,3,0,2,0,72.0,0.0,0.0,0.6666666666666666,0.0,24.0
2023,11,20363,9E,11433,14100,DTW,PHL,1,0,0,0,1,0,0,0,-13.0,0.0,0.0,0.0,0.0,-13.0
2023,11,20363,9E,11433,15016,DTW,STL,1,0,0,0,1,0,0,0,-15.0,0.0,0.0,0.0,0.0,-15.0
2023,11,20363,9E,11618,11433,EWR,DTW,2,0,0,0,2,0,0,0,-15.0,0.0,0.0,0.0,0.0,-7.5
2023,11,20363,9E,11618,13487,EWR,MSP,1,0,0,0,1,0,0,0,-28.0,0.0,0.0,0.0,0.0,-28.0
2023,11,20363,9E,12478,10821,JFK,BWI,88,0,0,0,88,0,8,6,-836.0,0.0,0.0,0.09090909090909091,0.06818181818181818,-9.5
2023,11,20363,9E,12478,11278,JFK,DCA,2,0,0,0,2,0,0,0,-41.0,0.0,0.0,0.0,0.0,-20.5
2023,11,20363,9E,12478,11433,JFK,DTW,118,0,0,0,118,0,11,5,-691.0,0.0,0.0,0.09322033898305085,0.0423728813559322,-5.8559322033898304
2023,11,20363,9E,12478,13487,JFK,MSP,2,0,0,0,2,0,0,0,1.0,0.0,0.0,0.0,0.0,0.5
2023,11,20363,9E,12953,11278,LGA,DCA,4,0,0,0,4,0,0,0,-82.0,0.0,0.0,0.0,0.0,-20.5
2023,11,20363,9E,12953,15016,LGA,STL,102,0,0,0,102,0,7,3,-1228.0,0.0,0.0,0.06862745098039216,0.029411764705882353,-12.03921568627451
2023,11,20363,9E,13487,10821,MSP,BWI,2,0,0,0,2,0,0,0,-58.0,0.0,0.0,0.0,0.0,-29.0
2023,11,20363,9E,13487,11278,MSP,DCA,5,0,0,0,5,0,0,0,-68.0,0.0,0.0,0.0,0.0,-13.6
2023,11,20363,9E,13487,11618,MSP,EWR,1,0,0,0,1,0,0,0,-20.0,0.0,0.0,0.0,0.0,-20.0
2023,11,20363,9E,13487,12478,MSP,JFK,2,0,0,0,2,0,0,0,-80.0,0.0,0.0,0.0,0.0,-40.0
2023,11,20363,9E,13487,15016,MSP,STL,5,0,0,0,5,0,1,0,21.0,0.0,0.0,0.2,0.0,4.2
2023,11,20363,9E,13930,11433,ORD,DTW,3,0,0,0,3,0,1,0,-9.0,0.0,0.0,0.3333333333333333,0.0,-3.0
2023,11,20363,9E,14100,11433,PHL,DTW,1,0,0,0,1,0,0,0,-20.0,0.0,0.0,0.0,0.0,-20.0
2023,11,20363,9E,15016,11433,STL,DTW,1,0,0,0,1,0,0,0,1.0,0.0,0.0,0.0,0.0,1.0
2023,11,20363,9E,15016,12953,STL,LGA,102,0,0,0,102,0,10,3,-1091.0,0.0,0.0,0.09803921568627451,0.029411764705882353,-10.696078431372548
2023,11,20363,9E,15016,13487,STL,MSP,5,0,0,0,5,0,1,0,-22.0,0.0,0.0,0.2,0.0,-4.4
2023,11,20368,G4,12889,13796,LAS,OAK,6,0,0,0,6,0,3,2,143.0,0.0,0.0,0.5,0.3333333333333333,23.833333333333332
2023,11,20368,G4,13796,12889,OAK,LAS,6,0,0,0,6,0,3,1,120.0,0.0,0.0,0.5,0.16666666666666666,20.0
2023,11,20397,OH,10397,11278,ATL,DCA,54,0,0,0,54,0,8,5,1227.0,0.0,0.0,0.14814814814814814,0.09259259259259259,22.72222222222222
2023,11,20397,OH,11278,10397,DCA,ATL,55,0,0,0,55,0,8,3,-69.0,0.0,0.0,0.14545454545454545,0.05454545454545454,-1.2545454545454546
2023,11,20397,OH,11278,11433,DCA,DTW,78,1,0,0,77,0,7,0,-555.0,0.01282051282051282,0.0,0.09090909090909091,0.0,-7.207792207792208
2023,11,20397,OH,11278,13487,DCA,MSP,29,0,0,0,29,0,8,0,24.0,0.0,0.0,0.27586206896551724,0.0,0.8275862068965517
2023,11,20397,OH,11278,14100,DCA,PHL,40,0,0,0,40,0,9,4,583.0,0.0,0.0,0.225,0.1,14.575
2023,11,20397,OH,11278,15016,DCA,STL,34,0,0,0,34,0,6,3,175.0,0.0,0.0,0.17647058823529413,0.08823529411764706,5.147058823529412
2023,11,20397,OH,11433,11278,DTW,DCA,78,0,0,0,78,0,8,0,-609.0,0.0,0.0,0.10256410256410256,0.0,-7.8076923076923075
2023,11,20397,OH,13487,11278,MSP,DCA,29,1,0,0,28,0,6,0,-73.0,0.034482758620689655,0.0,0.21428571428571427,0.0,-2.607142857142857
2023,11,20397,OH,13487,14100,MSP,PHL,29,0,0,0,29,0,0,0,-473.0,0.0,0.0,0.0,0.0,-16.310344827586206
2023,11,20397,OH,14100,11278,PHL,DCA,41,0,0,0,41,0,3,1,-427.0,0.0,0.0,0.07317073170731707,0.024390243902439025,-10.414634146341463
2023,11,20397,OH,14100,13487,PHL,MSP,29,0,0,0,29,0,2,0,-197.0,0.0,0.0,0.06896551724137931,0.0,-6.793103448275862
2023,11,20397,OH,15016,11278,STL,DCA,34,0,1,0,33,0,3,2,88.0,0.0,0.029411764705882353,0.09090909090909091,0.06060606060606061,2.6666666666666665
2023,11,20398,MQ,10397,13303,ATL,MIA,1,0,0,0,1,0,0,0,-14.0,0.0,0.0,0.0,0.0,-14.0
2023,11,20398,MQ,10397,13930,ATL,ORD,14,0,1,0,13,0,2,2,206.0,0.0,0.07142857142857142,0.15384615384615385,0.15384615384615385,15.846153846153847
2023,11,20398,MQ,10721,13303,BOS,MIA,4,0,0,0,4,0,0,0,-85.0,0.0,0.0,0.0,0.0,-21.25
2023,11,20398,MQ,10721,13930,BOS,ORD,51,3,0,0,48,0,8,5,398.0,0.058823529411764705,0.0,0.16666666666666666,0.10416666666666667,8.291666666666666
2023,11,20398,MQ,10721,15016,BOS,STL,32,0,0,0,32,0,4,1,1159.0,0.0,0.0,0.125,0.03125,36.21875
2023,11,20398,MQ,10821,13930,BWI,ORD,53,0,0,0,53,0,9,0,-452.0,0.0,0.0,0.16981132075471697,0.0,-8.528301886792454
2023,11,20398,MQ,11278,13303,DCA,MIA,6,0,0,0,6,0,0,0,-92.0,0.0,0.0,0.0,0.0,-15.333333333333334
2023,11,20398,MQ,11278,13487,DCA,MSP,3,0,0,0,3,0,0,0,-7.0,0.0,0.0,0.0,0.0,-2.3333333333333335
2023,11,20398,MQ,11298,11433,DFW,DTW,14,0,0,0,14,0,1,0,-99.0,0.0,0.0,0.07142857142857142,0.0,-7.071428571428571
2023,11,20398,MQ,11298,12266,DFW,IAH,88,0,0,0,88,0,12,2,-28.0,0.0,0.0,0.13636363636363635,0.022727272727272728,-0.3181818181818182
2023,11,20398,MQ,11298,13487,DFW,MSP,14,0,0,0,14,0,3,1,145.0,0.0,0.0,0.21428571428571427,0.07142857142857142,10.357142857142858
2023,11,20398,MQ,11298,15016,DFW,STL,24,0,0,0,24,0,1,0,-282.0,0.0,0.0,0.041666666666666664,0.0,-11.75
2023,11,20398,MQ,11433,11298,DTW,DFW,14,0,0,0,14,0,3,1,-28.0,0.0,0.0,0.21428571428571427,0.07142857142857142,-2.0
2023,11,20398,MQ,11433,13303,DTW,MIA,1,0,0,0,1,0,0,0,-10.0,0.0,0.0,0.0,0.0,-10.0
2023,11,20398,MQ,11618,13303,EWR,MIA,3,0,0,0,3,0,3,0,88.0,0.0,0.0,1.0,0.0,29.333333333333332
2023,11,20398,MQ,11618,13930,EWR,ORD,63,0,0,0,63,0,16,5,236.0,0.0,0.0,0.25396825396825395,0.07936507936507936,3.746031746031746
2023,11,20398,MQ,12266,11298,IAH,DFW,88,0,0,0,88,0,19,2,-84.0,0.0,0.0,0.2159090909090909,0.022727272727272728,-0.9545454545454546
2023,11,20398,MQ,12266,13303,IAH,MIA,53,0,0,0,53,0,9,4,1432.0,0.0,0.0,0.16981132075471697,0.07547169811320754,27.0188679245283
2023,11,20398,MQ,12266,13930,IAH,ORD,12,0,0,0,12,0,1,1,-58.0,0.0,0.0,0.08333333333333333,0.08333333333333333,-4.833333333333333
2023,11,20398,MQ,12266,14107,IAH,PHX,1,0,0,0,1,0,0,0,-13.0,0.0,0.0,0.0,0.0,-13.0
2023,11,20398,MQ,13303,10397,MIA,ATL,1,0,0,0,1,0,0,0,-9.0,0.0,0.0,0.0,0.0,-9.0
2023,11,20398,MQ,13303,10721,MIA,BOS,4,0,0,0,4,0,2,1,111.0,0.0,0.0,0.5,0.25,27.75
2023,11,20398,MQ,13303,11278,MIA,DCA,6,0,0,0,6,0,0,0,-78.0,0.0,0.0,0.0,0.0,-13.0
2023,11,20398,MQ,13303,11433,MIA,DTW,1,0,0,0,1,0,0,0,-18.0,0.0,0.0,0.0,0.0,-18.0
2023,11,20398,MQ,13303,11618,MIA,EWR,3,0,0,0,3,0,2,0,61.0,0.0,0.0,0.6666666666666666,0.0,20.333333333333332
2023,11,20398,MQ,13303,12266,MIA,IAH,53,0,0,0,53,0,6,1,75.0,0.0,0.0,0.11320754716981132,0.018867924528301886,1.4150943396226414
2023,11,20398,MQ,13303,15304,MIA,TPA,51,0,0,0,51,0,11,2,759.0,0.0,0.0,0.21568627450980393,0.0392156862745098,14.882352941176471
2023,11,20398,MQ,13487,11278,MSP,DCA,3,0,0,0,3,0,0,0,-81.0,0.0,0.0,0.0,0.0,-27.0
2023,11,20398,MQ,13487,11298,MSP,DFW,13,0,0,0,13,0,1,1,-86.0,0.0,0.0,0.07692307692307693,0.07692307692307693,-6.615384615384615
2023,11,20398,MQ,13487,13930,MSP,ORD,16,0,0,0,16,0,6,0,81.0,0.0,0.0,0.375,0.0,5.0625
2023,11,20398,MQ,13930,10397,ORD,ATL,14,0,0,0,14,0,3,2,191.0,0.0,0.0,0.21428571428571427,0.14285714285714285,13.642857142857142
2023,11,20398,MQ,13930,10721,ORD,BOS,51,3,0,0,48,0,10,1,-121.0,0.058823529411764705,0.0,0.20833333333333334,0.020833333333333332,-2.5208333333333335
2023,11,20398,MQ,13930,10821,ORD,BWI,54,0,1,0,53,0,12,1,10.0,0.0,0.018518518518518517,0.22641509433962265,0.018867924528301886,0.18867924528301888
2023,11,20398,MQ,13930,11618,ORD,EWR,63,0,0,0,63,0,8,3,5.0,0.0,0.0,0.12698412698412698,0.047619047619047616,0.07936507936507936
2023,11,20398,MQ,13930,12266,ORD,IAH,12,0,0,0,12,0,3,1,40.0,0.0,0.0,0.25,0.08333333333333333,3.3333333333333335
2023,11,20398,MQ,13930,13487,ORD,MSP,16,0,0,0,16,0,0,0,-97.0,0.0,0.0,0.0,0.0,-6.0625
2023,11,20398,MQ,13930,15016,ORD,STL,44,0,0,0,44,0,4,2,145.0,0.0,0.0,0.09090909090909091,0.045454545454545456,3.2954545454545454
2023,11,20398,MQ,14107,12266,PHX,IAH,1,0,0,0,1,0,0,0,3.0,0.0,0.0,0.0,0.0,3.0
2023,11,20398,MQ,14107,14747,PHX,SEA,4,0,0,0,4,0,0,0,-28.0,0.0,0.0,0.0,0.0,-7.0
2023,11,20398,MQ,14747,14107,SEA,PHX,4,0,0,0,4,0,2,1,80.0,0.0,0.0,0.5,0.25,20.0
2023,11,20398,MQ,15016,10721,STL,BOS,32,0,0,0,32,0,8,1,231.0,0.0,0.0,0.25,0.03125,7.21875
2023,11,20398,MQ,15016,11298,STL,DFW,24,1,0,0,23,0,2,0,-130.0,0.041666666666666664,0.0,0.08695652173913043,0.0,-5.6521739130434785
2023,11,20398,MQ,15016,13930,STL,ORD,45,0,0,0,45,0,7,3,171.0,0.0,0.0,0.15555555555555556,0.06666666666666667,3.8
2023,11,20398,MQ,15304,13303,TPA,MIA,50,0,0,0,50,0,7,3,148.0,0.0,0.0,0.14,0.06,2.96
2023,11,20409,B6,10397,10721,ATL,BOS,58,0,0,0,58,0,11,3,771.0,0.0,0.0,0.1896551724137931,0.05172413793103448,13.293103448275861
2023,11,20409,B6,10397,11697,ATL,FLL,57,1,0,0,56,0,15,8,667.0,0.017543859649122806,0.0,0.26785714285714285,0.14285714285714285,11.910714285714286
2023,11,20409,B6,10397,12478,ATL,JFK,99,0,0,0,99,0,27,10,986.0,0.0,0.0,0.2727272727272727,0.10101010101010101,9.95959595959596
2023,11,20409,B6,10397,12953,ATL,LGA,113,0,0,0,113,0,16,5,84.0,0.0,0.0,0.1415929203539823,0.04424778761061947,0.7433628318584071
2023,11,20409,B6,10721,10397,BOS,ATL,59,0,0,0,59,0,13,2,-158.0,0.0,0.0,0.22033898305084745,0.03389830508474576,-2.6779661016949152
2023,11,20409,B6,10721,10821,BOS,BWI,58,0,0,0,58,0,2,0,-579.0,0.0,0.0,0.034482758620689655,0.0,-9.982758620689655
2023,11,20409,B6,10721,11278,BOS,DCA,294,0,1,0,293,0,30,3,-1862.0,0.0,0.003401360544217687,0.10238907849829351,0.010238907849829351,-6.354948805460751
2023,11,20409,B6,10721,11292,BOS,DEN,29,0,0,0,29,0,7,2,-62.0,0.0,0.0,0.2413793103448276,0.06896551724137931,-2.1379310344827585
2023,11,20409,B6,10721,11298,BOS,DFW,29,0,0,0,29,0,19,8,1138.0,0.0,0.0,0.6551724137931034,0.27586206896551724,39.241379310344826
2023,11,20409,B6,10721,11433,BOS,DTW,79,0,0,0,79,0,16,8,865.0,0.0,0.0,0.20253164556962025,0.10126582278481013,10.949367088607595
2023,11,20409,B6,10721,11697,BOS,FLL,120,2,0,0,118,0,37,14,2326.0,0.016666666666666666,0.0,0.3135593220338983,0.11864406779661017,19.71186440677966
2023,11,20409,B6,10721,12266,BOS,IAH,29,0,0,0,29,0,13,3,596.0,0.0,0.0,0.4482758620689655,0.10344827586206896,20.551724137931036
2023,11,20409,B6,10721,12478,BOS,JFK,257,0,0,0,257,0,40,18,1225.0,0.0,0.0,0.1556420233463035,0.07003891050583658,4.766536964980545
2023,11,20409,B6,10721,12889,BOS,LAS,73,1,0,0,72,0,25,5,652.0,0.0136986301369863,0.0,0.3472222222222222,0.06944444444444445,9.055555555555555
2023,11,20409,B6,10721,12892,BOS,LAX,118,0,1,0,117,0,24,6,-162.0,0.0,0.00847457627118644,0.20512820512820512,0.05128205128205128,-1.3846153846153846
2023,11,20409,B6,10721,12953,BOS,LGA,215,0,1,0,214,0,23,8,-1680.0,0.0,0.004651162790697674,0.10747663551401869,0.037383177570093455,-7.850467289719626
2023,11,20409,B6,10721,13204,BOS,MCO,237,0,1,0,236,0,53,14,602.0,0.0,0.004219409282700422,0.2245762711864407,0.059322033898305086,2.5508474576271185
2023,11,20409,B6,10721,13303,BOS,MIA,30,0,0,0,30,0,6,1,-4.0,0.0,0.0,0.2,0.03333333333333333,-0.13333333333333333
2023,11,20409,B6,10721,13487,BOS,MSP,29,0,0,0,29,0,9,2,197.0,0.0,0.0,0.3103448275862069,0.06896551724137931,6.793103448275862
2023,11,20409,B6,10721,13930,BOS,ORD,60,0,0,0,60,0,14,3,292.0,0.0,0.0,0.23333333333333334,0.05,4.866666666666666
2023,11,20409,B6,10721,14100,BOS,PHL,78,0,0,0,78,0,12,1,-442.0,0.0,0.0,0.15384615384615385,0.01282051282051282,-5.666666666666667
2023,11,20409,B6,10721,14107,BOS,PHX,29,0,0,0,29,0,7,2,-88.0,0.0,0.0,0.2413793103448276,0.06896551724137931,-3.0344827586206895
2023,11,20409,B6,10721,14635,BOS,RSW,93,0,0,0,93,0,25,8,786.0,0.0,0.0,0.26881720430107525,0.08602150537634409,8.451612903225806
2023,11,20409,B6,10721,14679,BOS,SAN,67,0,1,0,66,0,23,11,796.0,0.0,0.014925373134328358,0.3484848484848485,0.16666666666666666,12.06060606060606
2023,11,20409,B6,10721,14747,BOS,SEA,29,0,0,0,29,0,15,7,992.0,0.0,0.0,0.5172413793103449,0.2413793103448276,34.206896551724135
2023,11,20409,B6,10721,14771,BOS,SFO,125,0,0,0,125,0,35,13,1119.0,0.0,0.0,0.28,0.104,8.952
2023,11,20409,B6,10721,14869,BOS,SLC,29,0,0,0,29,0,8,2,738.0,0.0,0.0,0.27586206896551724,0.06896551724137931,25.448275862068964
2023,11,20409,B6,10721,15304,BOS,TPA,119,0,0,0,119,0,30,9,738.0,0.0,0.0,0.25210084033613445,0.07563025210084033,6.201680672268908
2023,11,20409,B6,10821,10721,BWI,BOS,58,0,0,0,58,0,4,0,-483.0,0.0,0.0,0.06896551724137931,0.0,-8.327586206896552
2023,11,20409,B6,11278,10721,DCA,BOS,294,0,0,0,294,0,32,6,-1812.0,0.0,0.0,0.10884353741496598,0.02040816326530612,-6.163265306122449
2023,11,20409,B6,11278,11697,DCA,FLL,125,0,0,0,125,0,32,14,1168.0,0.0,0.0,0.256,0.112,9.344
2023,11,20409,B6,11278,12478,DCA,JFK,88,0,0,0,88,0,30,6,1087.0,0.0,0.0,0.3409090909090909,0.06818181818181818,12.352272727272727
2023,11,20409,B6,11278,13204,DCA,MCO,131,0,0,0,131,0,14,9,961.0,0.0,0.0,0.10687022900763359,0.06870229007633588,7.33587786259542
2023,11,20409,B6,11278,14635,DCA,RSW,29,0,0,0,29,0,2,1,-344.0,0.0,0.0,0.06896551724137931,0.034482758620689655,-11.862068965517242
2023,11,20409,B6,11292,10721,DEN,BOS,29,0,0,0,29,0,6,3,176.0,0.0,0.0,0.20689655172413793,0.10344827586206896,6.068965517241379
2023,11,20409,B6,11292,12478,DEN,JFK,29,0,0,0,29,0,9,5,562.0,0.0,0.0,0.3103448275862069,0.1724137931034483,19.379310344827587
2023,11,20409,B6,11292,12953,DEN,LGA,38,0,0,0,38,0,1,0,-593.0,0.0,0.0,0.02631578947368421,0.0,-15.605263157894736
2023,11,20409,B6,11298,10721,DFW,BOS,29,1,0,0,28,0,19,8,2049.0,0.034482758620689655,0.0,0.6785714285714286,0.2857142857142857,73.17857142857143
2023,11,20409,B6,11433,10721,DTW,BOS,79,0,0,0,79,0,17,6,773.0,0.0,0.0,0.21518987341772153,0.0759493670886076,9.784810126582279
2023,11,20409,B6,11433,12478,DTW,JFK,86,0,1,0,85,0,13,1,-579.0,0.0,0.011627906976744186,0.15294117647058825,0.011764705882352941,-6.811764705882353
2023,11,20409,B6,11618,11697,EWR,FLL,93,0,0,0,93,0,17,8,472.0,0.0,0.0,0.1827956989247312,0.08602150537634409,5.075268817204301
2023,11,20409,B6,11618,12892,EWR,LAX,106,0,0,0,106,0,16,2,-645.0,0.0,0.0,0.1509433962264151,0.018867924528301886,-6.084905660377358
2023,11,20409,B6,11618,13204,EWR,MCO,146,0,0,0,146,0,39,21,2319.0,0.0,0.0,0.2671232876712329,0.14383561643835616,15.883561643835616
2023,11,20409,B6,11618,13303,EWR,MIA,30,0,0,0,30,0,5,4,26.0,0.0,0.0,0.16666666666666666,0.13333333333333333,0.8666666666666667
2023,11,20409,B6,11618,14635,EWR,RSW,30,0,0,0,30,0,5,1,-103.0,0.0,0.0,0.16666666666666666,0.03333333333333333,-3.433333333333333
2023,11,20409,B6,11618,15304,EWR,TPA,38,0,0,0,38,0,4,1,-234.0,0.0,0.0,0.10526315789473684,0.02631578947368421,-6.157894736842105
2023,11,20409,B6,11697,10397,FLL,ATL,57,1,0,0,56,0,29,16,1791.0,0.017543859649122806,0.0,0.5178571428571429,0.2857142857142857,31.982142857142858
2023,11,20409,B6,11697,10721,FLL,BOS,122,2,0,0,120,0,36,13,2114.0,0.01639344262295082,0.0,0.3,0.10833333333333334,17.616666666666667
2023,11,20409,B6,11697,11278,FLL,DCA,126,0,0,0,126,0,36,14,1249.0,0.0,0.0,0.2857142857142857,0.1111111111111111,9.912698412698413
2023,11,20409,B6,11697,11618,FLL,EWR,95,0,0,0,95,0,40,15,2252.0,0.0,0.0,0.42105263157894735,0.15789473684210525,23.705263157894738
2023,11,20409,B6,11697,12478,FLL,JFK,154,0,0,0,154,0,65,24,3598.0,0.0,0.0,0.42207792207792205,0.15584415584415584,23.363636363636363
2023,11,20409,B6,11697,12889,FLL,LAS,29,0,0,0,29,0,9,4,340.0,0.0,0.0,0.3103448275862069,0.13793103448275862,11.724137931034482
2023,11,20409,B6,11697,12892,FLL,LAX,86,0,0,0,86,0,17,5,949.0,0.0,0.0,0.19767441860465115,0.05813953488372093,11.034883720930232
2023,11,20409,B6,11697,12953,FLL,LGA,162,0,0,0,162,0,35,17,1037.0,0.0,0.0,0.21604938271604937,0.10493827160493827,6.401234567901234
2023,11,20409,B6,11697,14679,FLL,SAN,29,0,0,0,29,0,13,5,566.0,0.0,0.0,0.4482758620689655,0.1724137931034483,19.517241379310345
2023,11,20409,B6,11697,14771,FLL,SFO,58,0,1,0,57,0,13,4,971.0,0.0,0.017241379310344827,0.22807017543859648,0.07017543859649122,17.035087719298247
2023,11,20409,B6,11697,14869,FLL,SLC,28,0,0,0,28,0,9,7,352.0,0.0,0.0,0.32142857142857145,0.25,12.571428571428571
2023,11,20409,B6,12266,10721,IAH,BOS,29,0,0,0,29,0,11,4,695.0,0.0,0.0,0.3793103448275862,0.13793103448275862,23.96551724137931
2023,11,20409,B6,12266,12478,IAH,JFK,39,0,0,0,39,0,15,5,1980.0,0.0,0.0,0.38461538461538464,0.1282051282051282,50.76923076923077
2023,11,20409,B6,12478,10397,JFK,ATL,99,0,0,0,99,0,31,17,1653.0,0.0,0.0,0.31313131313131315,0.1717171717171717,16.696969696969695
2023,11,20409,B6,12478,10721,JFK,BOS,254,0,1,0,253,0,55,21,860.0,0.0,0.003937007874015748,0.21739130434782608,0.08300395256916997,3.399209486166008
2023,11,20409,B6,12478,11278,JFK,DCA,88,0,0,0,88,0,16,3,-583.0,0.0,0.0,0.18181818181818182,0.03409090909090909,-6.625
2023,11,20409,B6,12478,11292,JFK,DEN,29,0,0,0,29,0,8,3,174.0,0.0,0.0,0.27586206896551724,0.10344827586206896,6.0
2023,11,20409,B6,12478,11433,JFK,DTW,85,0,0,0,85,0,21,8,654.0,0.0,0.0,0.24705882352941178,0.09411764705882353,7.694117647058824
2023,11,20409,B6,12478,11697,JFK,FLL,155,0,1,0,154,0,46,15,1829.0,0.0,0.0064516129032258064,0.2987012987012987,0.09740259740259741,11.876623376623376
2023,11,20409,B6,12478,12266,JFK,IAH,39,0,0,0,39,0,8,2,-228.0,0.0,0.0,0.20512820512820512,0.05128205128205128,-5.846153846153846
2023,11,20409,B6,12478,12889,JFK,LAS,106,0,0,0,106,0,11,1,-2101.0,0.0,0.0,0.10377358490566038,0.009433962264150943,-19.82075471698113
2023,11,20409,B6,12478,12892,JFK,LAX,299,2,0,0,297,0,36,11,-3492.0,0.006688963210702341,0.0,0.12121212121212122,0.037037037037037035,-11.757575757575758
2023,11,20409,B6,12478,13204,JFK,MCO,206,0,1,0,205,0,40,16,-186.0,0.0,0.0048543689320388345,0.1951219512195122,0.07804878048780488,-0.9073170731707317
2023,11,20409,B6,12478,13303,JFK,MIA,82,0,0,0,82,0,22,12,1540.0,0.0,0.0,0.2682926829268293,0.14634146341463414,18.78048780487805
2023,11,20409,B6,12478,13930,JFK,ORD,58,0,0,0,58,0,4,2,-555.0,0.0,0.0,0.06896551724137931,0.034482758620689655,-9.568965517241379
2023,11,20409,B6,12478,14107,JFK,PHX,41,0,0,0,41,0,11,3,211.0,0.0,0.0,0.2682926829268293,0.07317073170731707,5.146341463414634
2023,11,20409,B6,12478,14635,JFK,RSW,76,0,1,0,75,0,26,9,1183.0,0.0,0.013157894736842105,0.3466666666666667,0.12,15.773333333333333
2023,11,20409,B6,12478,14679,JFK,SAN,70,0,0,0,70,0,15,6,134.0,0.0,0.0,0.21428571428571427,0.08571428571428572,1.9142857142857144
2023,11,20409,B6,12478,14747,JFK,SEA,38,0,0,0,38,0,5,2,-139.0,0.0,0.0,0.13157894736842105,0.05263157894736842,-3.6578947368421053
2023,11,20409,B6,12478,14771,JFK,SFO,161,1,0,0,160,0,28,9,-1206.0,0.006211180124223602,0.0,0.175,0.05625,-7.5375
2023,11,20409,B6,12478,14869,JFK,SLC,29,0,0,0,29,0,8,2,179.0,0.0,0.0,0.27586206896551724,0.06896551724137931,6.172413793103448
2023,11,20409,B6,12478,15304,JFK,TPA,103,0,0,0,103,0,32,16,2048.0,0.0,0.0,0.3106796116504854,0.1553398058252427,19.883495145631066
2023,11,20409,B6,12889,10721,LAS,BOS,73,3,0,0,70,0,16,6,-82.0,0.0410958904109589,0.0,0.22857142857142856,0.08571428571428572,-1.1714285714285715
2023,11,20409,B6,12889,11697,LAS,FLL,29,0,0,0,29,0,9,4,1188.0,0.0,0.0,0.3103448275862069,0.13793103448275862,40.96551724137931
2023,11,20409,B6,12889,12478,LAS,JFK,107,0,0,0,107,0,23,3,-126.0,0.0,0.0,0.21495327102803738,0.028037383177570093,-1.1775700934579438
2023,11,20409,B6,12889,12892,LAS,LAX,40,0,0,0,40,0,7,1,-83.0,0.0,0.0,0.175,0.025,-2.075
2023,11,20409,B6,12892,10721,LAX,BOS,117,0,0,0,117,0,31,8,612.0,0.0,0.0,0.26495726495726496,0.06837606837606838,5.230769230769231
2023,11,20409,B6,12892,11618,LAX,EWR,106,0,0,0,106,0,28,6,-52.0,0.0,0.0,0.2641509433962264,0.05660377358490566,-0.49056603773584906
2023,11,20409,B6,12892,11697,LAX,FLL,88,0,0,0,88,0,15,2,389.0,0.0,0.0,0.17045454545454544,0.022727272727272728,4.420454545454546
2023,11,20409,B6,12892,12478,LAX,JFK,299,2,1,0,296,0,71,20,800.0,0.006688963210702341,0.0033444816053511705,0.23986486486486486,0.06756756756756757,2.7027027027027026
2023,11,20409,B6,12892,12889,LAX,LAS,40,0,0,0,40,0,6,1,134.0,0.0,0.0,0.15,0.025,3.35
2023,11,20409,B6,12892,13204,LAX,MCO,30,0,0,0,30,0,8,2,468.0,0.0,0.0,0.26666666666666666,0.06666666666666667,15.6
2023,11,20409,B6,12892,13303,LAX,MIA,55,0,0,0,55,0,7,1,-204.0,0.0,0.0,0.12727272727272726,0.01818181818181818,-3.709090909090909
2023,11,20409,B6,12892,14771,LAX,SFO,59,0,0,0,59,0,11,3,129.0,0.0,0.0,0.1864406779661017,0.05084745762711865,2.1864406779661016
2023,11,20409,B6,12892,14869,LAX,SLC,56,0,0,0,56,0,11,1,-160.0,0.0,0.0,0.19642857142857142,0.017857142857142856,-2.857142857142857
2023,11,20409,B6,12953,10397,LGA,ATL,113,0,0,0,113,0,17,7,-737.0,0.0,0.0,0.1504424778761062,0.061946902654867256,-6.522123893805309
2023,11,20409,B6,12953,10721,LGA,BOS,215,1,0,0,214,0,20,3,-2814.0,0.004651162790697674,0.0,0.09345794392523364,0.014018691588785047,-13.149532710280374
2023,11,20409,B6,12953,11292,LGA,DEN,38,0,0,0,38,0,2,0,-659.0,0.0,0.0,0.05263157894736842,0.0,-17.342105263157894
2023,11,20409,B6,12953,11697,LGA,FLL,162,0,1,0,161,0,43,15,1029.0,0.0,0.006172839506172839,0.2670807453416149,0.09316770186335403,6.391304347826087
2023,11,20409,B6,12953,13204,LGA,MCO,181,0,0,0,181,0,35,15,-58.0,0.0,0.0,0.19337016574585636,0.08287292817679558,-0.32044198895027626
2023,11,20409,B6,12953,14635,LGA,RSW,41,0,0,0,41,0,4,1,-417.0,0.0,0.0,0.0975609756097561,0.024390243902439025,-10.170731707317072
2023,11,20409,B6,12953,15304,LGA,TPA,109,0,0,0,109,0,10,6,-850.0,0.0,0.0,0.09174311926605505,0.05504587155963303,-7.798165137614679
2023,11,20409,B6,13204,10721,MCO,BOS,237,0,0,0,237,0,49,18,1309.0,0.0,0.0,0.20675105485232068,0.0759493670886076,5.523206751054852
2023,11,20409,B6,13204,11278,MCO,DCA,131,0,0,0,131,0,30,11,1499.0,0.0,0.0,0.22900763358778625,0.08396946564885496,11.442748091603054
2023,11,20409,B6,13204,11618,MCO,EWR,146,0,1,0,145,0,43,19,1975.0,0.0,0.00684931506849315,0.296551724137931,0.1310344827586207,13.620689655172415
2023,11,20409,B6,13204,12478,MCO,JFK,206,1,0,0,205,0,44,16,1727.0,0.0048543689320388345,0.0,0.2146341463414634,0.07804878048780488,8.424390243902439
2023,11,20409,B6,13204,12892,MCO,LAX,30,0,0,0,30,0,9,4,182.0,0.0,0.0,0.3,0.13333333333333333,6.066666666666666
2023,11,20409,B6,13204,12953,MCO,LGA,181,1,0,0,180,0,46,19,1346.0,0.0055248618784530384,0.0,0.25555555555555554,0.10555555555555556,7.477777777777778
2023,11,20409,B6,13204,14869,MCO,SLC,29,0,0,0,29,0,8,2,152.0,0.0,0.0,0.27586206896551724,0.06896551724137931,5.241379310344827
2023,11,20409,B6,13303,10721,MIA,BOS,30,0,0,0,30,0,10,4,657.0,0.0,0.0,0.3333333333333333,0.13333333333333333,21.9
2023,11,20409,B6,13303,11618,MIA,EWR,30,0,0,0,30,0,6,2,-139.0,0.0,0.0,0.2,0.06666666666666667,-4.633333333333334
2023,11,20409,B6,13303,12478,MIA,JFK,82,0,0,0,82,0,28,11,2158.0,0.0,0.0,0.34146341463414637,0.13414634146341464,26.317073170731707
2023,11,20409,B6,13303,12892,MIA,LAX,55,0,0,0,55,0,12,0,-298.0,0.0,0.0,0.21818181818181817,0.0,-5.418181818181818
2023,11,20409,B6,13487,10721,MSP,BOS,29,0,0,0,29,0,8,2,33.0,0.0,0.0,0.27586206896551724,0.06896551724137931,1.1379310344827587
2023,11,20409,B6,13930,10721,ORD,BOS,60,0,0,0,60,0,11,3,-34.0,0.0,0.0,0.18333333333333332,0.05,-0.5666666666666667
2023,11,20409,B6,13930,12478,ORD,JFK,58,0,0,0,58,0,9,3,-125.0,0.0,0.0,0.15517241379310345,0.05172413793103448,-2.1551724137931036
2023,11,20409,B6,14100,10721,PHL,BOS,78,0,0,0,78,0,12,4,-145.0,0.0,0.0,0.15384615384615385,0.05128205128205128,-1.858974358974359
2023,11,20409,B6,14107,10721,PHX,BOS,29,0,0,0,29,0,9,2,157.0,0.0,0.0,0.3103448275862069,0.06896551724137931,5.413793103448276
2023,11,20409,B6,14107,12478,PHX,JFK,41,0,0,0,41,0,16,5,797.0,0.0,0.0,0.3902439024390244,0.12195121951219512,19.4390243902439
2023,11,20409,B6,14635,10721,RSW,BOS,94,0,0,0,94,0,22,6,283.0,0.0,0.0,0.23404255319148937,0.06382978723404255,3.0106382978723403
2023,11,20409,B6,14635,11278,RSW,DCA,29,0,0,0,29,0,2,0,-342.0,0.0,0.0,0.06896551724137931,0.0,-11.793103448275861
2023,11,20409,B6,14635,11618,RSW,EWR,29,0,0,0,29,0,5,3,183.0,0.0,0.0,0.1724137931034483,0.10344827586206896,6.310344827586207
2023,11,20409,B6,14635,12478,RSW,JFK,76,1,0,0,75,0,22,7,523.0,0.013157894736842105,0.0,0.29333333333333333,0.09333333333333334,6.973333333333334
2023,11,20409,B6,14635,12953,RSW,LGA,41,0,0,0,41,0,10,2,173.0,0.0,0.0,0.24390243902439024,0.04878048780487805,4.219512195121951
2023,11,20409,B6,14679,10721,SAN,BOS,67,0,2,0,65,0,29,11,2406.0,0.0,0.029850746268656716,0.4461538461538462,0.16923076923076924,37.01538461538462
2023,11,20409,B6,14679,11697,SAN,FLL,29,0,0,0,29,0,13,2,561.0,0.0,0.0,0.4482758620689655,0.06896551724137931,19.344827586206897
2023,11,20409,B6,14679,12478,SAN,JFK,70,0,0,0,70,0,26,8,929.0,0.0,0.0,0.37142857142857144,0.11428571428571428,13.271428571428572
2023,11,20409,B6,14747,10721,SEA,BOS,29,0,0,0,29,0,10,3,1268.0,0.0,0.0,0.3448275862068966,0.10344827586206896,43.724137931034484
2023,11,20409,B6,14747,12478,SEA,JFK,38,0,0,0,38,0,6,3,-44.0,0.0,0.0,0.15789473684210525,0.07894736842105263,-1.1578947368421053
2023,11,20409,B6,14771,10721,SFO,BOS,125,0,1,0,124,0,11,4,-758.0,0.0,0.008,0.08870967741935484,0.03225806451612903,-6.112903225806452
2023,11,20409,B6,14771,11697,SFO,FLL,58,0,1,0,57,0,3,2,-411.0,0.0,0.017241379310344827,0.05263157894736842,0.03508771929824561,-7.2105263157894735
2023,11,20409,B6,14771,12478,SFO,JFK,162,0,2,0,160,0,28,7,-357.0,0.0,0.012345679012345678,0.175,0.04375,-2.23125
2023,11,20409,B6,14771,12892,SFO,LAX,59,0,0,0,59,0,10,4,1015.0,0.0,0.0,0.1694915254237288,0.06779661016949153,17.203389830508474
2023,11,20409,B6,14869,10721,SLC,BOS,29,0,0,0,29,0,9,0,-73.0,0.0,0.0,0.3103448275862069,0.0,-2.5172413793103448
2023,11,20409,B6,14869,11697,SLC,FLL,28,0,0,0,28,0,11,5,535.0,0.0,0.0,0.39285714285714285,0.17857142857142858,19.107142857142858
2023,11,20409,B6,14869,12478,SLC,JFK,29,0,0,0,29,0,7,3,157.0,0.0,0.0,0.2413793103448276,0.10344827586206896,5.413793103448276
2023,11,20409,B6,14869,12892,SLC,LAX,56,0,0,0,56,0,7,1,-456.0,0.0,0.0,0.125,0.017857142857142856,-8.142857142857142
2023,11,20409,B6,14869,13204,SLC,MCO,29,0,0,0,29,0,7,2,321.0,0.0,0.0,0.2413793103448276,0.06896551724137931,11.068965517241379
2023,11,20409,B6,15304,10721,TPA,BOS,119,1,0,0,118,0,21,5,-198.0,0.008403361344537815,0.0,0.17796610169491525,0.0423728813559322,-1.6779661016949152
2023,11,20409,B6,15304,11618,TPA,EWR,38,0,0,0,38,0,9,6,1473.0,0.0,0.0,0.23684210526315788,0.15789473684210525,38.76315789473684
2023,11,20409,B6,15304,12478,TPA,JFK,101,0,0,0,101,0,18,3,48.0,0.0,0.0,0.1782178217821782,0.0297029702970297,0.4752475247524752
2023,11,20409,B6,15304,12953,TPA,LGA,109,0,0,0,109,0,14,3,-982.0,0.0,0.0,0.12844036697247707,0.027522935779816515,-9.009174311926605
2023,11,20416,NK,10397,10721,ATL,BOS,30,0,0,0,30,0,5,1,-11.0,0.0,0.0,0.16666666666666666,0.03333333333333333,-0.36666666666666664
2023,11,20416,NK,10397,10821,ATL,BWI,59,0,0,0,59,0,11,3,501.0,0.0,0.0,0.1864406779661017,0.05084745762711865,8.491525423728813
2023,11,20416,NK,10397,11298,ATL,DFW,45,0,0,0,45,0,17,3,517.0,0.0,0.0,0.37777777777777777,0.06666666666666667,11.488888888888889
2023,11,20416,NK,10397,11433,ATL,DTW,118,0,0,0,118,0,24,3,665.0,0.0,0.0,0.2033898305084746,0.025423728813559324,5.635593220338983
2023,11,20416,NK,10397,11618,ATL,EWR,46,0,0,0,46,0,6,1,-92.0,0.0,0.0,0.13043478260869565,0.021739130434782608,-2.0
2023,11,20416,NK,10397,11697,ATL,FLL,148,0,0,0,148,0,52,20,3155.0,0.0,0.0,0.35135135135135137,0.13513513513513514,21.31756756756757
2023,11,20416,NK,10397,12266,ATL,IAH,45,1,0,0,44,0,20,8,2116.0,0.022222222222222223,0.0,0.45454545454545453,0.18181818181818182,48.09090909090909
2023,11,20416,NK,10397,12889,ATL,LAS,72,0,0,0,72,0,38,14,2257.0,0.0,0.0,0.5277777777777778,0.19444444444444445,31.34722222222222
2023,11,20416,NK,10397,12892,ATL,LAX,89,1,0,0,88,0,23,6,1119.0,0.011235955056179775,0.0,0.26136363636363635,0.06818181818181818,12.715909090909092
2023,11,20416,NK,10397,12953,ATL,LGA,26,0,0,0,26,0,2,2,-330.0,0.0,0.0,0.07692307692307693,0.07692307692307693,-12.692307692307692
2023,11,20416,NK,10397,13204,ATL,MCO,72,0,0,0,72,0,11,6,828.0,0.0,0.0,0.1527777777777778,0.08333333333333333,11.5
2023,11,20416,NK,10397,13303,ATL,MIA,30,0,0,0,30,0,7,1,155.0,0.0,0.0,0.23333333333333334,0.03333333333333333,5.166666666666667
2023,11,20416,NK,10397,13487,ATL,MSP,59,0,0,0,59,0,17,0,117.0,0.0,0.0,0.288135593220339,0.0,1.9830508474576272
2023,11,20416,NK,10397,13930,ATL,ORD,30,0,0,0,30,0,4,1,-242.0,0.0,0.0,0.13333333333333333,0.03333333333333333,-8.066666666666666
2023,11,20416,NK,10397,14100,ATL,PHL,30,0,0,0,30,0,9,1,355.0,0.0,0.0,0.3,0.03333333333333333,11.833333333333334
2023,11,20416,NK,10397,14635,ATL,RSW,16,0,0,0,16,0,4,1,162.0,0.0,0.0,0.25,0.0625,10.125
2023,11,20416,NK,10397,15304,ATL,TPA,19,0,0,0,19,0,8,5,500.0,0.0,0.0,0.42105263157894735,0.2631578947368421,26.31578947368421
2023,11,20416,NK,10721,10397,BOS,ATL,30,0,0,0,30,0,9,1,104.0,0.0,0.0,0.3,0.03333333333333333,3.466666666666667
2023,11,20416,NK,10721,11298,BOS,DFW,14,0,0,0,14,0,7,1,125.0,0.0,0.0,0.5,0.07142857142857142,8.928571428571429
2023,11,20416,NK,10721,11697,BOS,FLL,59,0,0,0,59,0,23,12,1700.0,0.0,0.0,0.3898305084745763,0.2033898305084746,28.8135593220339
2023,11,20416,NK,10721,12889,BOS,LAS,30,0,0,0,30,0,10,1,309.0,0.0,0.0,0.3333333333333333,0.03333333333333333,10.3
2023,11,20416,NK,10721,13204,BOS,MCO,118,0,0,0,118,0,54,15,2995.0,0.0,0.0,0.4576271186440678,0.1271186440677966,25.38135593220339
2023,11,20416,NK,10721,13303,BOS,MIA,30,0,0,0,30,0,6,1,41.0,0.0,0.0,0.2,0.03333333333333333,1.3666666666666667
2023,11,20416,NK,10721,14635,BOS,RSW,16,0,0,0,16,0,6,0,158.0,0.0,0.0,0.375,0.0,9.875
2023,11,20416,NK,10721,15304,BOS,TPA,30,0,0,0,30,0,8,4,543.0,0.0,0.0,0.26666666666666666,0.13333333333333333,18.1
2023,11,20416,NK,10821,10397,BWI,ATL,59,0,0,0,59,0,12,6,479.0,0.0,0.0,0.2033898305084746,0.1016949152542373,8.11864406779661
2023,11,20416,NK,10821,11298,BWI,DFW,45,0,0,0,45,0,12,2,287.0,0.0,0.0,0.26666666666666666,0.044444444444444446,6.377777777777778
2023,11,20416,NK,10821,11697,BWI,FLL,89,0,0,0,89,0,23,3,524.0,0.0,0.0,0.25842696629213485,0.033707865168539325,5.887640449438202
2023,11,20416,NK,10821,12266,BWI,IAH,30,0,0,0,30,0,6,1,377.0,0.0,0.0,0.2,0.03333333333333333,12.566666666666666
2023,11,20416,NK,10821,12889,BWI,LAS,30,0,0,0,30,0,3,1,-56.0,0.0,0.0,0.1,0.03333333333333333,-1.8666666666666667
2023,11,20416,NK,10821,12892,BWI,LAX,59,0,0,0,59,0,9,1,-388.0,0.0,0.0,0.15254237288135594,0.01694915254237288,-6.576271186440678
2023,11,20416,NK,10821,13204,BWI,MCO,104,1,0,0,103,0,23,3,404.0,0.009615384615384616,0.0,0.22330097087378642,0.02912621359223301,3.9223300970873787
2023,11,20416,NK,10821,13303,BWI,MIA,30,0,0,0,30,0,7,4,426.0,0.0,0.0,0.23333333333333334,0.13333333333333333,14.2
2023,11,20416,NK,10821,15304,BWI,TPA,45,0,0,0,45,0,16,3,780.0,0.0,0.0,0.35555555555555557,0.06666666666666667,17.333333333333332
2023,11,20416,NK,11292,11697,DEN,FLL,30,0,0,0,30,0,15,10,886.0,0.0,0.0,0.5,0.3333333333333333,29.533333333333335
2023,11,20416,NK,11292,12889,DEN,LAS,60,0,0,0,60,0,14,6,590.0,0.0,0.0,0.23333333333333334,0.1,9.833333333333334
2023,11,20416,NK,11292,13303,DEN,MIA,30,1,0,0,29,0,4,2,102.0,0.03333333333333333,0.0,0.13793103448275862,0.06896551724137931,3.5172413793103448
2023,11,20416,NK,11298,10397,DFW,ATL,45,0,0,0,45,0,12,3,380.0,0.0,0.0,0.26666666666666666,0.06666666666666667,8.444444444444445
2023,11,20416,NK,11298,10721,DFW,BOS,14,0,0,0,14,0,1,0,-192.0,0.0,0.0,0.07142857142857142,0.0,-13.714285714285714
2023,11,20416,NK,11298,10821,DFW,BWI,45,0,0,0,45,0,15,4,527.0,0.0,0.0,0.3333333333333333,0.08888888888888889,11.71111111111111
2023,11,20416,NK,11298,11433,DFW,DTW,44,0,0,0,44,0,15,4,993.0,0.0,0.0,0.3409090909090909,0.09090909090909091,22.568181818181817
2023,11,20416,NK,11298,11618,DFW,EWR,30,0,0,0,30,0,6,0,28.0,0.0,0.0,0.2,0.0,0.9333333333333333
2023,11,20416,NK,11298,11697,DFW,FLL,94,0,0,0,94,0,19,4,457.0,0.0,0.0,0.20212765957446807,0.0425531914893617,4.861702127659575
2023,11,20416,NK,11298,12889,DFW,LAS,103,0,0,0,103,0,29,4,1137.0,0.0,0.0,0.2815533980582524,0.038834951456310676,11.03883495145631
2023,11,20416,NK,11298,12892,DFW,LAX,99,0,0,0,99,0,35,7,1425.0,0.0,0.0,0.35353535353535354,0.0707070707070707,14.393939393939394
2023,11,20416,NK,11298,12953,DFW,LGA,30,0,0,0,30,0,2,1,-252.0,0.0,0.0,0.06666666666666667,0.03333333333333333,-8.4
2023,11,20416,NK,11298,13204,DFW,MCO,88,0,0,0,88,0,20,5,1083.0,0.0,0.0,0.22727272727272727,0.056818181818181816,12.306818181818182
2023,11,20416,NK,11298,13303,DFW,MIA,51,0,0,0,51,0,9,0,-120.0,0.0,0.0,0.17647058823529413,0.0,-2.3529411764705883
2023,11,20416,NK,11298,13796,DFW,OAK,14,0,0,0,14,0,2,0,59.0,0.0,0.0,0.14285714285714285,0.0,4.214285714285714
2023,11,20416,NK,11298,13930,DFW,ORD,30,0,0,0,30,0,2,0,-213.0,0.0,0.0,0.06666666666666667,0.0,-7.1
2023,11,20416,NK,11298,14107,DFW,PHX,30,0,0,0,30,0,7,1,313.0,0.0,0.0,0.23333333333333334,0.03333333333333333,10.433333333333334
2023,11,20416,NK,11298,15304,DFW,TPA,30,0,0,0,30,0,17,2,697.0,0.0,0.0,0.5666666666666667,0.06666666666666667,23.233333333333334
2023,11,20416,NK,11433,10397,DTW,ATL,118,0,0,0,118,0,24,5,416.0,0.0,0.0,0.2033898305084746,0.0423728813559322,3.5254237288135593
2023,11,20416,NK,11433,11298,DTW,DFW,44,0,0,0,44,0,12,0,45.0,0.0,0.0,0.2727272727272727,0.0,1.0227272727272727
2023,11,20416,NK,11433,11618,DTW,EWR,31,0,0,0,31,0,1,0,-475.0,0.0,0.0,0.03225806451612903,0.0,-15.32258064516129
2023,11,20416,NK,11433,11697,DTW,FLL,89,0,0,0,89,0,17,3,-218.0,0.0,0.0,0.19101123595505617,0.033707865168539325,-2.449438202247191
2023,11,20416,NK,11433,12266,DTW,IAH,44,1,0,0,43,0,9,3,279.0,0.022727272727272728,0.0,0.20930232558139536,0.06976744186046512,6.488372093023256
2023,11,20416,NK,11433,12889,DTW,LAS,92,0,0,0,92,0,12,3,-293.0,0.0,0.0,0.13043478260869565,0.03260869565217391,-3.1847826086956523
2023,11,20416,NK,11433,12892,DTW,LAX,89,0,0,0,89,0,16,2,-206.0,0.0,0.0,0.1797752808988764,0.02247191011235955,-2.3146067415730336
2023,11,20416,NK,11433,12953,DTW,LGA,116,1,0,0,115,0,15,2,-799.0,0.008620689655172414,0.0,0.13043478260869565,0.017391304347826087,-6.947826086956522
2023,11,20416,NK,11433,13204,DTW,MCO,133,0,0,0,133,0,15,3,-740.0,0.0,0.0,0.11278195488721804,0.022556390977443608,-5.56390977443609
2023,11,20416,NK,11433,13303,DTW,MIA,31,0,0,0,31,0,9,2,87.0,0.0,0.0,0.2903225806451613,0.06451612903225806,2.806451612903226
2023,11,20416,NK,11433,13487,DTW,MSP,30,0,0,0,30,0,2,1,10.0,0.0,0.0,0.06666666666666667,0.03333333333333333,0.3333333333333333
2023,11,20416,NK,11433,14100,DTW,PHL,31,0,0,0,31,0,3,0,-205.0,0.0,0.0,0.0967741935483871,0.0,-6.612903225806452
2023,11,20416,NK,11433,14635,DTW,RSW,43,0,0,0,43,0,6,1,-59.0,0.0,0.0,0.13953488372093023,0.023255813953488372,-1.372093023255814
2023,11,20416,NK,11433,15304,DTW,TPA,87,0,0,0,87,0,21,3,666.0,0.0,0.0,0.2413793103448276,0.034482758620689655,7.655172413793103
2023,11,20416,NK,11618,10397,EWR,ATL,46,0,0,0,46,0,8,3,101.0,0.0,0.0,0.17391304347826086,0.06521739130434782,2.1956521739130435
2023,11,20416,NK,11618,11298,EWR,DFW,30,0,0,0,30,0,9,0,201.0,0.0,0.0,0.3,0.0,6.7
2023,11,20416,NK,11618,11433,EWR,DTW,29,0,0,0,29,0,4,0,-179.0,0.0,0.0,0.13793103448275862,0.0,-6.172413793103448
2023,11,20416,NK,11618,11697,EWR,FLL,134,0,0,0,134,0,27,8,652.0,0.0,0.0,0.20149253731343283,0.05970149253731343,4.865671641791045
2023,11,20416,NK,11618,12266,EWR,IAH,30,0,0,0,30,0,7,2,142.0,0.0,0.0,0.23333333333333334,0.06666666666666667,4.733333333333333
2023,11,20416,NK,11618,12889,EWR,LAS,44,0,0,0,44,0,6,1,-146.0,0.0,0.0,0.13636363636363635,0.022727272727272728,-3.3181818181818183
2023,11,20416,NK,11618,12892,EWR,LAX,59,1,0,0,58,0,15,6,560.0,0.01694915254237288,0.0,0.25862068965517243,0.10344827586206896,9.655172413793103
2023,11,20416,NK,11618,13204,EWR,MCO,147,1,0,0,146,0,22,8,328.0,0.006802721088435374,0.0,0.1506849315068493,0.0547945205479452,2.2465753424657535
2023,11,20416,NK,11618,13303,EWR,MIA,60,0,0,0,60,0,9,2,-417.0,0.0,0.0,0.15,0.03333333333333333,-6.95
2023,11,20416,NK,11618,13796,EWR,OAK,25,0,0,0,25,0,4,2,72.0,0.0,0.0,0.16,0.08,2.88
2023,11,20416,NK,11618,14107,EWR,PHX,46,0,0,0,46,0,5,4,201.0,0.0,0.0,0.10869565217391304,0.08695652173913043,4.369565217391305
2023,11,20416,NK,11697,10397,FLL,ATL,148,0,0,0,148,0,65,22,3725.0,0.0,0.0,0.4391891891891892,0.14864864864864866,25.16891891891892
2023,11,20416,NK,11697,10721,FLL,BOS,59,0,0,0,59,0,30,12,1987.0,0.0,0.0,0.5084745762711864,0.2033898305084746,33.67796610169491
2023,11,20416,NK,11697,10821,FLL,BWI,89,0,0,0,89,0,22,8,997.0,0.0,0.0,0.24719101123595505,0.0898876404494382,11.202247191011235
2023,11,20416,NK,11697,11292,FLL,DEN,30,0,0,0,30,0,16,8,951.0,0.0,0.0,0.5333333333333333,0.26666666666666666,31.7
2023,11,20416,NK,11697,11298,FLL,DFW,92,0,0,0,92,0,49,17,3687.0,0.0,0.0,0.532608695652174,0.18478260869565216,40.07608695652174
2023,11,20416,NK,11697,11433,FLL,DTW,89,0,0,0,89,0,13,3,202.0,0.0,0.0,0.14606741573033707,0.033707865168539325,2.269662921348315
2023,11,20416,NK,11697,11618,FLL,EWR,134,0,0,0,134,0,34,11,886.0,0.0,0.0,0.2537313432835821,0.08208955223880597,6.611940298507463
2023,11,20416,NK,11697,12266,FLL,IAH,91,0,0,0,91,0,38,7,2324.0,0.0,0.0,0.4175824175824176,0.07692307692307693,25.53846153846154
2023,11,20416,NK,11697,12889,FLL,LAS,30,0,0,0,30,0,17,0,516.0,0.0,0.0,0.5666666666666667,0.0,17.2
2023,11,20416,NK,11697,12892,FLL,LAX,30,0,0,0,30,0,10,4,444.0,0.0,0.0,0.3333333333333333,0.13333333333333333,14.8
2023,11,20416,NK,11697,12953,FLL,LGA,130,0,2,0,128,0,32,11,676.0,0.0,0.015384615384615385,0.25,0.0859375,5.28125
2023,11,20416,NK,11697,13204,FLL,MCO,65,0,0,0,65,0,29,11,1952.0,0.0,0.0,0.4461538461538462,0.16923076923076924,30.03076923076923
2023,11,20416,NK,11697,13930,FLL,ORD,103,0,0,0,103,0,50,25,3780.0,0.0,0.0,0.4854368932038835,0.24271844660194175,36.699029126213595
2023,11,20416,NK,11697,14100,FLL,PHL,75,0,0,0,75,0,38,20,2296.0,0.0,0.0,0.5066666666666667,0.26666666666666666,30.613333333333333
2023,11,20416,NK,11697,14107,FLL,PHX,30,0,0,0,30,0,18,2,699.0,0.0,0.0,0.6,0.06666666666666667,23.3
2023,11,20416,NK,11697,15304,FLL,TPA,59,0,0,0,59,0,20,7,873.0,0.0,0.0,0.3389830508474576,0.11864406779661017,14.796610169491526
2023,11,20416,NK,12266,10397,IAH,ATL,45,1,0,0,44,0,7,4,1121.0,0.022222222222222223,0.0,0.1590909090909091,0.09090909090909091,25.477272727272727
2023,11,20416,NK,12266,10821,IAH,BWI,30,0,0,0,30,0,4,1,379.0,0.0,0.0,0.13333333333333333,0.03333333333333333,12.633333333333333
2023,11,20416,NK,12266,11433,IAH,DTW,44,1,0,0,43,0,12,3,632.0,0.022727272727272728,0.0,0.27906976744186046,0.06976744186046512,14.69767441860465
2023,11,20416,NK,12266,11618,IAH,EWR,30,0,0,0,30,0,4,3,310.0,0.0,0.0,0.13333333333333333,0.1,10.333333333333334
2023,11,20416,NK,12266,11697,IAH,FLL,91,0,0,0,91,0,32,4,847.0,0.0,0.0,0.3516483516483517,0.04395604395604396,9.307692307692308
2023,11,20416,NK,12266,12889,IAH,LAS,89,0,0,0,89,0,22,10,1097.0,0.0,0.0,0.24719101123595505,0.11235955056179775,12.325842696629213
2023,11,20416,NK,12266,12892,IAH,LAX,64,0,0,0,64,0,8,4,85.0,0.0,0.0,0.125,0.0625,1.328125
2023,11,20416,NK,12266,12953,IAH,LGA,31,0,0,0,31,0,9,3,302.0,0.0,0.0,0.2903225806451613,0.0967741935483871,9.741935483870968
2023,11,20416,NK,12266,13204,IAH,MCO,102,0,0,0,102,0,30,7,1410.0,0.0,0.0,0.29411764705882354,0.06862745098039216,13.823529411764707
2023,11,20416,NK,12266,13303,IAH,MIA,34,0,0,0,34,0,5,2,182.0,0.0,0.0,0.14705882352941177,0.058823529411764705,5.352941176470588
2023,11,20416,NK,12266,13930,IAH,ORD,30,0,0,0,30,0,11,4,655.0,0.0,0.0,0.36666666666666664,0.13333333333333333,21.833333333333332
2023,11,20416,NK,12266,14100,IAH,PHL,26,0,0,0,26,0,4,0,21.0,0.0,0.0,0.15384615384615385,0.0,0.8076923076923077
2023,11,20416,NK,12266,15304,IAH,TPA,16,0,0,0,16,0,1,1,242.0,0.0,0.0,0.0625,0.0625,15.125
2023,11,20416,NK,12889,10397,LAS,ATL,73,0,0,0,73,0,11,2,334.0,0.0,0.0,0.1506849315068493,0.0273972602739726,4.575342465753424
2023,11,20416,NK,12889,10721,LAS,BOS,30,0,0,0,30,0,4,2,-269.0,0.0,0.0,0.13333333333333333,0.06666666666666667,-8.966666666666667
2023,11,20416,NK,12889,10821,LAS,BWI,30,0,0,0,30,0,1,0,-325.0,0.0,0.0,0.03333333333333333,0.0,-10.833333333333334
2023,11,20416,NK,12889,11292,LAS,DEN,60,0,0,0,60,0,13,5,427.0,0.0,0.0,0.21666666666666667,0.08333333333333333,7.116666666666666
2023,11,20416,NK,12889,11298,LAS,DFW,103,0,0,0,103,0,22,2,47.0,0.0,0.0,0.21359223300970873,0.019417475728155338,0.4563106796116505
2023,11,20416,NK,12889,11433,LAS,DTW,92,0,0,0,92,0,9,1,-635.0,0.0,0.0,0.09782608695652174,0.010869565217391304,-6.9021739130434785
2023,11,20416,NK,12889,11618,LAS,EWR,44,0,0,0,44,0,6,3,-286.0,0.0,0.0,0.13636363636363635,0.06818181818181818,-6.5
2023,11,20416,NK,12889,11697,LAS,FLL,30,0,0,0,30,0,4,2,26.0,0.0,0.0,0.13333333333333333,0.06666666666666667,0.8666666666666667
2023,11,20416,NK,12889,12266,LAS,IAH,89,1,0,0,88,0,16,4,-100.0,0.011235955056179775,0.0,0.18181818181818182,0.045454545454545456,-1.1363636363636365
2023,11,20416,NK,12889,12892,LAS,LAX,139,1,0,0,138,0,31,7,337.0,0.007194244604316547,0.0,0.2246376811594203,0.050724637681159424,2.4420289855072466
2023,11,20416,NK,12889,13204,LAS,MCO,43,0,0,0,43,0,12,4,230.0,0.0,0.0,0.27906976744186046,0.09302325581395349,5.348837209302325
2023,11,20416,NK,12889,13303,LAS,MIA,30,0,0,0,30,0,0,0,-481.0,0.0,0.0,0.0,0.0,-16.033333333333335
2023,11,20416,NK,12889,13487,LAS,MSP,23,0,0,0,23,0,3,1,113.0,0.0,0.0,0.13043478260869565,0.043478260869565216,4.913043478260869
2023,11,20416,NK,12889,13796,LAS,OAK,102,1,0,0,101,0,27,10,1315.0,0.00980392156862745,0.0,0.26732673267326734,0.09900990099009901,13.01980198019802
2023,11,20416,NK,12889,13930,LAS,ORD,72,0,0,0,72,0,11,1,-336.0,0.0,0.0,0.1527777777777778,0.013888888888888888,-4.666666666666667
2023,11,20416,NK,12889,14100,LAS,PHL,29,0,0,0,29,0,6,3,122.0,0.0,0.0,0.20689655172413793,0.10344827586206896,4.206896551724138
2023,11,20416,NK,12889,14107,LAS,PHX,27,0,0,0,27,0,4,2,75.0,0.0,0.0,0.14814814814814814,0.07407407407407407,2.7777777777777777
2023,11,20416,NK,12889,14679,LAS,SAN,120,0,0,0,120,0,24,6,185.0,0.0,0.0,0.2,0.05,1.5416666666666667
2023,11,20416,NK,12889,14747,LAS,SEA,75,0,0,0,75,0,8,4,-25.0,0.0,0.0,0.10666666666666667,0.05333333333333334,-0.3333333333333333
2023,11,20416,NK,12889,14869,LAS,SLC,42,0,0,0,42,0,10,3,326.0,0.0,0.0,0.23809523809523808,0.07142857142857142,7.761904761904762
2023,11,20416,NK,12889,15304,LAS,TPA,29,0,0,0,29,0,4,3,159.0,0.0,0.0,0.13793103448275862,0.10344827586206896,5.482758620689655
2023,11,20416,NK,12892,10397,LAX,ATL,89,1,0,0,88,0,27,8,990.0,0.011235955056179775,0.0,0.3068181818181818,0.09090909090909091,11.25
2023,11,20416,NK,12892,10821,LAX,BWI,58,0,0,0,58,0,11,3,-221.0,0.0,0.0,0.1896551724137931,0.05172413793103448,-3.810344827586207
2023,11,20416,NK,12892,11298,LAX,DFW,99,0,0,0,99,0,14,5,-585.0,0.0,0.0,0.1414141414141414,0.050505050505050504,-5.909090909090909
2023,11,20416,NK,12892,11433,LAX,DTW,90,0,0,0,90,0,26,12,800.0,0.0,0.0,0.28888888888888886,0.13333333333333333,8.88888888888889
2023,11,20416,NK,12892,11618,LAX,EWR,59,0,0,0,59,0,10,2,-289.0,0.0,0.0,0.1694915254237288,0.03389830508474576,-4.898305084745763
2023,11,20416,NK,12892,11697,LAX,FLL,30,0,0,0,30,0,5,1,95.0,0.0,0.0,0.16666666666666666,0.03333333333333333,3.1666666666666665
2023,11,20416,NK,12892,12266,LAX,IAH,63,1,0,0,62,0,12,4,87.0,0.015873015873015872,0.0,0.1935483870967742,0.06451612903225806,1.403225806451613
2023,11,20416,NK,12892,12889,LAX,LAS,139,3,0,0,136,0,23,6,-240.0,0.02158273381294964,0.0,0.16911764705882354,0.04411764705882353,-1.7647058823529411
2023,11,20416,NK,12892,13796,LAX,OAK,30,1,0,0,29,0,8,4,341.0,0.03333333333333333,0.0,0.27586206896551724,0.13793103448275862,11.758620689655173
2023,11,20416,NK,12892,13930,LAX,ORD,58,0,0,0,58,0,10,2,-277.0,0.0,0.0,0.1724137931034483,0.034482758620689655,-4.775862068965517
2023,11,20416,NK,12892,14100,LAX,PHL,30,0,0,0,30,0,9,2,121.0,0.0,0.0,0.3,0.06666666666666667,4.033333333333333
2023,11,20416,NK,12892,14869,LAX,SLC,30,0,0,0,30,0,6,4,472.0,0.0,0.0,0.2,0.13333333333333333,15.733333333333333
2023,11,20416,NK,12953,10397,LGA,ATL,26,0,0,0,26,0,5,2,-84.0,0.0,0.0,0.19230769230769232,0.07692307692307693,-3.230769230769231
2023,11,20416,NK,12953,11298,LGA,DFW,30,0,0,0,30,0,10,2,43.0,0.0,0.0,0.3333333333333333,0.06666666666666667,1.4333333333333333
2023,11,20416,NK,12953,11433,LGA,DTW,116,1,0,0,115,0,9,2,-1047.0,0.008620689655172414,0.0,0.0782608695652174,0.017391304347826087,-9.104347826086956
2023,11,20416,NK,12953,11697,LGA,FLL,130,0,0,0,130,0,32,10,647.0,0.0,0.0,0.24615384615384617,0.07692307692307693,4.976923076923077
2023,11,20416,NK,12953,12266,LGA,IAH,30,0,0,0,30,0,3,1,127.0,0.0,0.0,0.1,0.03333333333333333,4.233333333333333
2023,11,20416,NK,12953,13204,LGA,MCO,90,0,0,0,90,0,18,6,193.0,0.0,0.0,0.2,0.06666666666666667,2.1444444444444444
2023,11,20416,NK,12953,13303,LGA,MIA,56,0,0,0,56,0,9,6,-30.0,0.0,0.0,0.16071428571428573,0.10714285714285714,-0.5357142857142857
2023,11,20416,NK,12953,13930,LGA,ORD,26,0,0,0,26,0,7,1,364.0,0.0,0.0,0.2692307692307692,0.038461538461538464,14.0
2023,11,20416,NK,13204,10397,MCO,ATL,73,0,0,0,73,0,21,11,1321.0,0.0,0.0,0.2876712328767123,0.1506849315068493,18.095890410958905
2023,11,20416,NK,13204,10721,MCO,BOS,118,0,1,0,117,0,45,10,1994.0,0.0,0.00847457627118644,0.38461538461538464,0.08547008547008547,17.042735042735043
2023,11,20416,NK,13204,10821,MCO,BWI,104,1,0,0,103,0,41,11,1826.0,0.009615384615384616,0.0,0.39805825242718446,0.10679611650485436,17.728155339805824
2023,11,20416,NK,13204,11298,MCO,DFW,88,0,0,0,88,0,32,6,1719.0,0.0,0.0,0.36363636363636365,0.06818181818181818,19.53409090909091
2023,11,20416,NK,13204,11433,MCO,DTW,132,0,0,0,132,0,32,10,956.0,0.0,0.0,0.24242424242424243,0.07575757575757576,7.242424242424242
2023,11,20416,NK,13204,11618,MCO,EWR,148,1,0,0,147,0,29,13,1003.0,0.006756756756756757,0.0,0.19727891156462585,0.08843537414965986,6.8231292517006805
2023,11,20416,NK,13204,11697,MCO,FLL,63,0,0,0,63,0,21,8,1211.0,0.0,0.0,0.3333333333333333,0.12698412698412698,19.22222222222222
2023,11,20416,NK,13204,12266,MCO,IAH,102,0,1,0,101,0,36,16,2936.0,0.0,0.00980392156862745,0.3564356435643564,0.15841584158415842,29.06930693069307
2023,11,20416,NK,13204,12889,MCO,LAS,43,0,0,0,43,0,11,5,652.0,0.0,0.0,0.2558139534883721,0.11627906976744186,15.162790697674419
2023,11,20416,NK,13204,12953,MCO,LGA,90,0,0,0,90,0,11,3,-330.0,0.0,0.0,0.12222222222222222,0.03333333333333333,-3.6666666666666665
2023,11,20416,NK,13204,13930,MCO,ORD,90,0,0,0,90,0,35,10,1525.0,0.0,0.0,0.3888888888888889,0.1111111111111111,16.944444444444443
2023,11,20416,NK,13204,14100,MCO,PHL,103,0,0,0,103,0,29,8,1384.0,0.0,0.0,0.2815533980582524,0.07766990291262135,13.436893203883495
2023,11,20416,NK,13204,14869,MCO,SLC,29,0,0,0,29,0,10,2,540.0,0.0,0.0,0.3448275862068966,0.06896551724137931,18.620689655172413
2023,11,20416,NK,13204,15016,MCO,STL,30,0,0,0,30,0,15,6,1070.0,0.0,0.0,0.5,0.2,35.666666666666664
2023,11,20416,NK,13303,10397,MIA,ATL,30,0,0,0,30,0,7,3,332.0,0.0,0.0,0.23333333333333334,0.1,11.066666666666666
2023,11,20416,NK,13303,10721,MIA,BOS,30,0,0,0,30,0,6,1,-17.0,0.0,0.0,0.2,0.03333333333333333,-0.5666666666666667
2023,11,20416,NK,13303,10821,MIA,BWI,30,0,0,0,30,0,4,2,50.0,0.0,0.0,0.13333333333333333,0.06666666666666667,1.6666666666666667
2023,11,20416,NK,13303,11292,MIA,DEN,30,0,0,0,30,0,3,1,-182.0,0.0,0.0,0.1,0.03333333333333333,-6.066666666666666
2023,11,20416,NK,13303,11298,MIA,DFW,52,0,0,0,52,0,19,4,705.0,0.0,0.0,0.36538461538461536,0.07692307692307693,13.557692307692308
2023,11,20416,NK,13303,11433,MIA,DTW,30,0,0,0,30,0,5,4,122.0,0.0,0.0,0.16666666666666666,0.13333333333333333,4.066666666666666
2023,11,20416,NK,13303,11618,MIA,EWR,60,0,2,0,58,0,6,2,-437.0,0.0,0.03333333333333333,0.10344827586206896,0.034482758620689655,-7.5344827586206895
2023,11,20416,NK,13303,12266,MIA,IAH,34,0,0,0,34,0,5,0,3.0,0.0,0.0,0.14705882352941177,0.0,0.08823529411764706
2023,11,20416,NK,13303,12889,MIA,LAS,30,0,0,0,30,0,6,0,-5.0,0.0,0.0,0.2,0.0,-0.16666666666666666
2023,11,20416,NK,13303,12953,MIA,LGA,56,0,0,0,56,0,12,3,22.0,0.0,0.0,0.21428571428571427,0.05357142857142857,0.39285714285714285
2023,11,20416,NK,13303,13930,MIA,ORD,60,1,0,0,59,0,13,5,432.0,0.016666666666666666,0.0,0.22033898305084745,0.0847457627118644,7.322033898305085
2023,11,20416,NK,13303,14100,MIA,PHL,28,0,0,0,28,0,10,6,609.0,0.0,0.0,0.35714285714285715,0.21428571428571427,21.75
2023,11,20416,NK,13487,10397,MSP,ATL,59,0,0,0,59,0,10,0,-508.0,0.0,0.0,0.1694915254237288,0.0,-8.610169491525424
2023,11,20416,NK,13487,11433,MSP,DTW,30,0,0,0,30,0,2,1,-141.0,0.0,0.0,0.06666666666666667,0.03333333333333333,-4.7
2023,11,20416,NK,13487,12889,MSP,LAS,23,0,0,0,23,0,2,1,-216.0,0.0,0.0,0.08695652173913043,0.043478260869565216,-9.391304347826088
2023,11,20416,NK,13796,11298,OAK,DFW,14,0,0,0,14,0,2,0,-191.0,0.0,0.0,0.14285714285714285,0.0,-13.642857142857142
2023,11,20416,NK,13796,11618,OAK,EWR,25,0,0,0,25,0,2,1,-616.0,0.0,0.0,0.08,0.04,-24.64
2023,11,20416,NK,13796,12889,OAK,LAS,102,1,0,0,101,0,24,12,1482.0,0.00980392156862745,0.0,0.2376237623762376,0.1188118811881188,14.673267326732674
2023,11,20416,NK,13796,12892,OAK,LAX,30,1,0,0,29,0,2,1,1.0,0.03333333333333333,0.0,0.06896551724137931,0.034482758620689655,0.034482758620689655
2023,11,20416,NK,13796,14679,OAK,SAN,30,0,0,0,30,0,5,2,207.0,0.0,0.0,0.16666666666666666,0.06666666666666667,6.9
2023,11,20416,NK,13930,10397,ORD,ATL,31,0,0,0,31,0,13,5,645.0,0.0,0.0,0.41935483870967744,0.16129032258064516,20.806451612903224
2023,11,20416,NK,13930,11298,ORD,DFW,30,0,0,0,30,0,12,2,369.0,0.0,0.0,0.4,0.06666666666666667,12.3
2023,11,20416,NK,13930,11697,ORD,FLL,103,0,0,0,103,0,47,21,3889.0,0.0,0.0,0.4563106796116505,0.20388349514563106,37.75728155339806
2023,11,20416,NK,13930,12266,ORD,IAH,30,0,0,0,30,0,6,4,517.0,0.0,0.0,0.2,0.13333333333333333,17.233333333333334
2023,11,20416,NK,13930,12889,ORD,LAS,73,0,0,0,73,0,18,7,449.0,0.0,0.0,0.2465753424657534,0.0958904109589041,6.1506849315068495
2023,11,20416,NK,13930,12892,ORD,LAX,59,0,0,0,59,0,13,2,-157.0,0.0,0.0,0.22033898305084745,0.03389830508474576,-2.6610169491525424
2023,11,20416,NK,13930,12953,ORD,LGA,26,0,0,0,26,0,6,1,248.0,0.0,0.0,0.23076923076923078,0.038461538461538464,9.538461538461538
2023,11,20416,NK,13930,13204,ORD,MCO,89,0,0,0,89,0,19,8,880.0,0.0,0.0,0.21348314606741572,0.0898876404494382,9.887640449438202
2023,11,20416,NK,13930,13303,ORD,MIA,60,0,1,0,59,0,8,2,4.0,0.0,0.016666666666666666,0.13559322033898305,0.03389830508474576,0.06779661016949153
2023,11,20416,NK,13930,14107,ORD,PHX,30,0,0,0,30,0,10,3,435.0,0.0,0.0,0.3333333333333333,0.1,14.5
2023,11,20416,NK,13930,14635,ORD,RSW,56,0,0,0,56,0,11,4,499.0,0.0,0.0,0.19642857142857142,0.07142857142857142,8.910714285714286
2023,11,20416,NK,13930,15304,ORD,TPA,57,0,0,0,57,0,9,0,-94.0,0.0,0.0,0.15789473684210525,0.0,-1.6491228070175439
2023,11,20416,NK,14100,10397,PHL,ATL,30,0,0,0,30,0,2,0,-404.0,0.0,0.0,0.06666666666666667,0.0,-13.466666666666667
2023,11,20416,NK,14100,11433,PHL,DTW,31,0,0,0,31,0,10,1,240.0,0.0,0.0,0.3225806451612903,0.03225806451612903,7.741935483870968
2023,11,20416,NK,14100,11697,PHL,FLL,74,0,0,0,74,0,22,10,919.0,0.0,0.0,0.2972972972972973,0.13513513513513514,12.41891891891892
2023,11,20416,NK,14100,12266,PHL,IAH,26,0,0,0,26,0,9,2,1129.0,0.0,0.0,0.34615384615384615,0.07692307692307693,43.42307692307692
2023,11,20416,NK,14100,12889,PHL,LAS,30,0,0,0,30,0,8,2,219.0,0.0,0.0,0.26666666666666666,0.06666666666666667,7.3
2023,11,20416,NK,14100,12892,PHL,LAX,30,0,0,0,30,0,7,2,67.0,0.0,0.0,0.23333333333333334,0.06666666666666667,2.2333333333333334
2023,11,20416,NK,14100,13204,PHL,MCO,102,0,0,0,102,0,26,7,1077.0,0.0,0.0,0.2549019607843137,0.06862745098039216,10.558823529411764
2023,11,20416,NK,14100,13303,PHL,MIA,27,0,0,0,27,0,2,1,-84.0,0.0,0.0,0.07407407407407407,0.037037037037037035,-3.111111111111111
2023,11,20416,NK,14100,14635,PHL,RSW,7,0,0,0,7,0,0,0,-54.0,0.0,0.0,0.0,0.0,-7.714285714285714
2023,11,20416,NK,14100,15304,PHL,TPA,16,0,0,0,16,0,3,1,-10.0,0.0,0.0,0.1875,0.0625,-0.625
2023,11,20416,NK,14107,11298,PHX,DFW,30,0,0,0,30,0,8,0,123.0,0.0,0.0,0.26666666666666666,0.0,4.1
2023,11,20416,NK,14107,11618,PHX,EWR,46,0,0,0,46,0,7,2,-305.0,0.0,0.0,0.15217391304347827,0.043478260869565216,-6.630434782608695
2023,11,20416,NK,14107,11697,PHX,FLL,30,0,0,0,30,0,12,3,243.0,0.0,0.0,0.4,0.1,8.1
2023,11,20416,NK,14107,12889,PHX,LAS,27,0,0,0,27,0,7,3,340.0,0.0,0.0,0.25925925925925924,0.1111111111111111,12.592592592592593
2023,11,20416,NK,14107,13930,PHX,ORD,30,0,0,0,30,0,8,2,516.0,0.0,0.0,0.26666666666666666,0.06666666666666667,17.2
2023,11,20416,NK,14635,10397,RSW,ATL,16,0,0,0,16,0,5,1,143.0,0.0,0.0,0.3125,0.0625,8.9375
2023,11,20416,NK,14635,10721,RSW,BOS,16,0,0,0,16,0,2,2,109.0,0.0,0.0,0.125,0.125,6.8125
2023,11,20416,NK,14635,11433,RSW,DTW,43,0,0,0,43,0,5,1,-52.0,0.0,0.0,0.11627906976744186,0.023255813953488372,-1.2093023255813953
2023,11,20416,NK,14635,13930,RSW,ORD,56,2,0,0,54,0,14,5,938.0,0.03571428571428571,0.0,0.25925925925925924,0.09259259259259259,17.37037037037037
2023,11,20416,NK,14635,14100,RSW,PHL,7,0,0,0,7,0,1,1,12.0,0.0,0.0,0.14285714285714285,0.14285714285714285,1.7142857142857142
2023,11,20416,NK,14679,12889,SAN,LAS,120,1,0,0,119,0,18,7,-162.0,0.008333333333333333,0.0,0.15126050420168066,0.058823529411764705,-1.361344537815126
2023,11,20416,NK,14679,13796,SAN,OAK,30,0,0,0,30,0,5,3,337.0,0.0,0.0,0.16666666666666666,0.1,11.233333333333333
2023,11,20416,NK,14747,12889,SEA,LAS,75,0,0,0,75,0,8,4,82.0,0.0,0.0,0.10666666666666667,0.05333333333333334,1.0933333333333333
2023,11,20416,NK,14869,12889,SLC,LAS,42,0,0,0,42,0,15,3,566.0,0.0,0.0,0.35714285714285715,0.07142857142857142,13.476190476190476
2023,11,20416,NK,14869,12892,SLC,LAX,30,0,0,0,30,0,7,2,392.0,0.0,0.0,0.23333333333333334,0.06666666666666667,13.066666666666666
2023,11,20416,NK,14869,13204,SLC,MCO,29,0,0,0,29,0,4,1,-313.0,0.0,0.0,0.13793103448275862,0.034482758620689655,-10.793103448275861
2023,11,20416,NK,15016,13204,STL,MCO,30,0,0,0,30,0,16,6,1099.0,0.0,0.0,0.5333333333333333,0.2,36.63333333333333
2023,11,20416,NK,15304,10397,TPA,ATL,19,0,0,0,19,0,5,1,119.0,0.0,0.0,0.2631578947368421,0.05263157894736842,6.2631578947368425
2023,11,20416,NK,15304,10721,TPA,BOS,30,0,0,0,30,0,10,0,154.0,0.0,0.0,0.3333333333333333,0.0,5.133333333333334
2023,11,20416,NK,15304,10821,TPA,BWI,45,0,0,0,45,0,6,2,76.0,0.0,0.0,0.13333333333333333,0.044444444444444446,1.6888888888888889
2023,11,20416,NK,15304,11298,TPA,DFW,30,0,0,0,30,0,14,3,580.0,0.0,0.0,0.4666666666666667,0.1,19.333333333333332
2023,11,20416,NK,15304,11433,TPA,DTW,88,0,0,0,88,0,13,2,243.0,0.0,0.0,0.14772727272727273,0.022727272727272728,2.7613636363636362
2023,11,20416,NK,15304,11697,TPA,FLL,59,0,0,0,59,0,11,4,497.0,0.0,0.0,0.1864406779661017,0.06779661016949153,8.423728813559322
2023,11,20416,NK,15304,12266,TPA,IAH,16,0,0,0,16,0,4,1,309.0,0.0,0.0,0.25,0.0625,19.3125
2023,11,20416,NK,15304,12889,TPA,LAS,28,0,0,0,28,0,4,1,-24.0,0.0,0.0,0.14285714285714285,0.03571428571428571,-0.8571428571428571
2023,11,20416,NK,15304,13930,TPA,ORD,58,0,0,0,58,0,3,1,-401.0,0.0,0.0,0.05172413793103448,0.017241379310344827,-6.913793103448276
2023,11,20416,NK,15304,14100,TPA,PHL,15,0,0,0,15,0,2,1,-4.0,0.0,0.0,0.13333333333333333,0.06666666666666667,-0.26666666666666666
2023,11,20436,F9,10397,10821,ATL,BWI,60,1,0,0,59,0,15,3,512.0,0.016666666666666666,0.0,0.2542372881355932,0.05084745762711865,8.677966101694915
2023,11,20436,F9,10397,11292,ATL,DEN,60,0,0,0,60,0,21,7,925.0,0.0,0.0,0.35,0.11666666666666667,15.416666666666666
2023,11,20436,F9,10397,11298,ATL,DFW,31,0,0,0,31,0,12,2,484.0,0.0,0.0,0.3870967741935484,0.06451612903225806,15.612903225806452
2023,11,20436,F9,10397,11433,ATL,DTW,34,0,0,0,34,0,5,0,-84.0,0.0,0.0,0.14705882352941177,0.0,-2.4705882352941178
2023,11,20436,F9,10397,11697,ATL,FLL,52,1,0,0,51,0,19,4,823.0,0.019230769230769232,0.0,0.37254901960784315,0.0784313725490196,16.137254901960784
2023,11,20436,F9,10397,12266,ATL,IAH,22,0,0,0,22,0,7,2,339.0,0.0,0.0,0.3181818181818182,0.09090909090909091,15.409090909090908
2023,11,20436,F9,10397,12889,ATL,LAS,45,0,0,0,45,0,10,4,139.0,0.0,0.0,0.2222222222222222,0.08888888888888889,3.088888888888889
2023,11,20436,F9,10397,12953,ATL,LGA,45,0,0,0,45,0,5,2,-39.0,0.0,0.0,0.1111111111111111,0.044444444444444446,-0.8666666666666667
2023,11,20436,F9,10397,13204,ATL,MCO,109,0,0,0,109,0,26,10,1712.0,0.0,0.0,0.23853211009174313,0.09174311926605505,15.706422018348624
2023,11,20436,F9,10397,13232,ATL,MDW,47,0,0,0,47,0,17,3,784.0,0.0,0.0,0.3617021276595745,0.06382978723404255,16.680851063829788
2023,11,20436,F9,10397,13303,ATL,MIA,46,0,0,0,46,0,15,5,1609.0,0.0,0.0,0.32608695652173914,0.10869565217391304,34.97826086956522
2023,11,20436,F9,10397,13930,ATL,ORD,32,0,0,0,32,0,13,3,930.0,0.0,0.0,0.40625,0.09375,29.0625
2023,11,20436,F9,10397,14100,ATL,PHL,78,0,0,0,78,0,21,11,1881.0,0.0,0.0,0.2692307692307692,0.14102564102564102,24.115384615384617
2023,11,20436,F9,10397,14107,ATL,PHX,30,0,0,0,30,0,16,4,1495.0,0.0,0.0,0.5333333333333333,0.13333333333333333,49.833333333333336
2023,11,20436,F9,10397,14679,ATL,SAN,15,0,0,0,15,0,11,3,605.0,0.0,0.0,0.7333333333333333,0.2,40.333333333333336
2023,11,20436,F9,10397,14771,ATL,SFO,30,0,0,0,30,0,5,2,91.0,0.0,0.0,0.16666666666666666,0.06666666666666667,3.033333333333333
2023,11,20436,F9,10397,15304,ATL,TPA,58,0,0,0,58,0,17,6,1995.0,0.0,0.0,0.29310344827586204,0.10344827586206896,34.39655172413793
2023,11,20436,F9,10721,13204,BOS,MCO,23,0,0,0,23,0,4,2,17.0,0.0,0.0,0.17391304347826086,0.08695652173913043,0.7391304347826086
2023,11,20436,F9,10721,14100,BOS,PHL,23,1,0,0,22,0,6,1,176.0,0.043478260869565216,0.0,0.2727272727272727,0.045454545454545456,8.0
2023,11,20436,F9,10821,10397,BWI,ATL,59,1,0,0,58,0,16,4,520.0,0.01694915254237288,0.0,0.27586206896551724,0.06896551724137931,8.96551724137931
2023,11,20436,F9,10821,11292,BWI,DEN,16,0,0,0,16,0,2,1,-42.0,0.0,0.0,0.125,0.0625,-2.625
2023,11,20436,F9,10821,11298,BWI,DFW,17,0,0,0,17,0,9,2,490.0,0.0,0.0,0.5294117647058824,0.11764705882352941,28.823529411764707
2023,11,20436,F9,10821,13204,BWI,MCO,65,0,0,0,65,0,11,3,175.0,0.0,0.0,0.16923076923076924,0.046153846153846156,2.6923076923076925
2023,11,20436,F9,10821,13303,BWI,MIA,24,0,0,0,24,0,10,4,607.0,0.0,0.0,0.4166666666666667,0.16666666666666666,25.291666666666668
2023,11,20436,F9,10821,14107,BWI,PHX,16,0,0,0,16,0,4,1,84.0,0.0,0.0,0.25,0.0625,5.25
2023,11,20436,F9,10821,15304,BWI,TPA,15,0,0,0,15,0,3,0,15.0,0.0,0.0,0.2,0.0,1.0
2023,11,20436,F9,11278,11292,DCA,DEN,89,2,0,0,87,0,10,4,-498.0,0.02247191011235955,0.0,0.11494252873563218,0.04597701149425287,-5.724137931034483
2023,11,20436,F9,11292,10397,DEN,ATL,60,0,0,0,60,0,27,4,820.0,0.0,0.0,0.45,0.06666666666666667,13.666666666666666
2023,11,20436,F9,11292,10821,DEN,BWI,16,0,0,0,16,0,5,1,32.0,0.0,0.0,0.3125,0.0625,2.0
2023,11,20436,F9,11292,11278,DEN,DCA,89,1,0,0,88,0,12,4,-544.0,0.011235955056179775,0.0,0.13636363636363635,0.045454545454545456,-6.181818181818182
2023,11,20436,F9,11292,11298,DEN,DFW,97,0,0,0,97,0,17,3,-118.0,0.0,0.0,0.17525773195876287,0.030927835051546393,-1.2164948453608246
2023,11,20436,F9,11292,11433,DEN,DTW,38,0,0,0,38,0,6,0,-403.0,0.0,0.0,0.15789473684210525,0.0,-10.605263157894736
2023,11,20436,F9,11292,12266,DEN,IAH,30,0,0,0,30,0,2,1,-71.0,0.0,0.0,0.06666666666666667,0.03333333333333333,-2.3666666666666667
2023,11,20436,F9,11292,12889,DEN,LAS,144,0,0,0,144,0,17,6,-932.0,0.0,0.0,0.11805555555555555,0.041666666666666664,-6.472222222222222
2023,11,20436,F9,11292,13204,DEN,MCO,89,0,0,0,89,0,17,5,55.0,0.0,0.0,0.19101123595505617,0.056179775280898875,0.6179775280898876
2023,11,20436,F9,11292,13232,DEN,MDW,30,0,0,0,30,0,3,0,-114.0,0.0,0.0,0.1,0.0,-3.8
2023,11,20436,F9,11292,13303,DEN,MIA,15,0,0,0,15,0,4,1,53.0,0.0,0.0,0.26666666666666666,0.06666666666666667,3.533333333333333
2023,11,20436,F9,11292,13487,DEN,MSP,46,0,1,0,45,0,9,3,47.0,0.0,0.021739130434782608,0.2,0.06666666666666667,1.0444444444444445
2023,11,20436,F9,11292,14100,DEN,PHL,29,0,0,0,29,0,5,2,516.0,0.0,0.0,0.1724137931034483,0.06896551724137931,17.79310344827586
2023,11,20436,F9,11292,14107,DEN,PHX,135,0,0,0,135,0,32,6,722.0,0.0,0.0,0.23703703703703705,0.044444444444444446,5.348148148148148
2023,11,20436,F9,11292,14635,DEN,RSW,8,0,0,0,8,0,0,0,-62.0,0.0,0.0,0.0,0.0,-7.75
2023,11,20436,F9,11292,14679,DEN,SAN,69,0,1,0,68,0,8,2,-579.0,0.0,0.014492753623188406,0.11764705882352941,0.029411764705882353,-8.514705882352942
2023,11,20436,F9,11292,14747,DEN,SEA,29,0,0,0,29,0,6,1,-143.0,0.0,0.0,0.20689655172413793,0.034482758620689655,-4.931034482758621
2023,11,20436,F9,11292,14771,DEN,SFO,60,0,0,0,60,0,8,4,-134.0,0.0,0.0,0.13333333333333333,0.06666666666666667,-2.2333333333333334
2023,11,20436,F9,11292,14869,DEN,SLC,66,0,0,0,66,0,3,0,-716.0,0.0,0.0,0.045454545454545456,0.0,-10.848484848484848
2023,11,20436,F9,11292,15016,DEN,STL,32,0,0,0,32,0,4,0,-324.0,0.0,0.0,0.125,0.0,-10.125
2023,11,20436,F9,11292,15304,DEN,TPA,53,0,0,0,53,0,13,4,165.0,0.0,0.0,0.24528301886792453,0.07547169811320754,3.1132075471698113
2023,11,20436,F9,11298,10397,DFW,ATL,31,0,0,0,31,0,9,2,312.0,0.0,0.0,0.2903225806451613,0.06451612903225806,10.064516129032258
2023,11,20436,F9,11298,10821,DFW,BWI,17,0,0,0,17,0,4,1,187.0,0.0,0.0,0.23529411764705882,0.058823529411764705,11.0
2023,11,20436,F9,11298,11292,DFW,DEN,97,0,0,0,97,0,20,4,768.0,0.0,0.0,0.20618556701030927,0.041237113402061855,7.917525773195877
2023,11,20436,F9,11298,12889,DFW,LAS,67,0,0,0,67,0,15,5,687.0,0.0,0.0,0.22388059701492538,0.07462686567164178,10.253731343283581
2023,11,20436,F9,11298,12953,DFW,LGA,29,0,0,0,29,0,4,2,163.0,0.0,0.0,0.13793103448275862,0.06896551724137931,5.620689655172414
2023,11,20436,F9,11298,13204,DFW,MCO,59,0,0,0,59,0,14,4,1099.0,0.0,0.0,0.23728813559322035,0.06779661016949153,18.627118644067796
2023,11,20436,F9,11298,13232,DFW,MDW,49,0,0,0,49,0,17,6,1284.0,0.0,0.0,0.3469387755102041,0.12244897959183673,26.20408163265306
2023,11,20436,F9,11298,13303,DFW,MIA,18,0,0,0,18,0,5,4,313.0,0.0,0.0,0.2777777777777778,0.2222222222222222,17.38888888888889
2023,11,20436,F9,11298,14100,DFW,PHL,23,0,0,0,23,0,8,3,570.0,0.0,0.0,0.34782608695652173,0.13043478260869565,24.782608695652176
2023,11,20436,F9,11298,14107,DFW,PHX,51,0,0,0,51,0,13,3,450.0,0.0,0.0,0.2549019607843137,0.058823529411764705,8.823529411764707
2023,11,20436,F9,11298,14679,DFW,SAN,39,0,0,0,39,0,8,2,285.0,0.0,0.0,0.20512820512820512,0.05128205128205128,7.3076923076923075
2023,11,20436,F9,11298,14771,DFW,SFO,30,0,0,0,30,0,6,3,424.0,0.0,0.0,0.2,0.1,14.133333333333333
2023,11,20436,F9,11298,15304,DFW,TPA,21,0,0,0,21,0,5,2,273.0,0.0,0.0,0.23809523809523808,0.09523809523809523,13.0
2023,11,20436,F9,11433,10397,DTW,ATL,34,0,0,0,34,0,7,2,239.0,0.0,0.0,0.20588235294117646,0.058823529411764705,7.029411764705882
2023,11,20436,F9,11433,11292,DTW,DEN,37,0,0,0,37,0,5,0,-248.0,0.0,0.0,0.13513513513513514,0.0,-6.702702702702703
2023,11,20436,F9,11433,12889,DTW,LAS,15,0,0,0,15,0,3,1,63.0,0.0,0.0,0.2,0.06666666666666667,4.2
2023,11,20436,F9,11433,13204,DTW,MCO,62,0,0,0,62,0,20,11,2449.0,0.0,0.0,0.3225806451612903,0.1774193548387097,39.5
2023,11,20436,F9,11433,14107,DTW,PHX,30,0,0,0,30,0,8,4,167.0,0.0,0.0,0.26666666666666666,0.13333333333333333,5.566666666666666
2023,11,20436,F9,11433,14635,DTW,RSW,7,0,0,0,7,0,1,1,35.0,0.0,0.0,0.14285714285714285,0.14285714285714285,5.0
2023,11,20436,F9,11433,14771,DTW,SFO,16,0,0,0,16,0,6,4,587.0,0.0,0.0,0.375,0.25,36.6875
2023,11,20436,F9,11433,15304,DTW,TPA,23,0,0,0,23,0,7,5,1778.0,0.0,0.0,0.30434782608695654,0.21739130434782608,77.30434782608695
2023,11,20436,F9,11697,10397,FLL,ATL,51,1,0,0,50,0,18,3,1047.0,0.0196078431372549,0.0,0.36,0.06,20.94
2023,11,20436,F9,11697,14100,FLL,PHL,30,0,0,0,30,0,5,2,166.0,0.0,0.0,0.16666666666666666,0.06666666666666667,5.533333333333333
2023,11,20436,F9,12266,10397,IAH,ATL,22,0,0,0,22,0,10,2,361.0,0.0,0.0,0.45454545454545453,0.09090909090909091,16.40909090909091
2023,11,20436,F9,12266,11292,IAH,DEN,30,0,0,0,30,0,4,1,-62.0,0.0,0.0,0.13333333333333333,0.03333333333333333,-2.066666666666667
2023,11,20436,F9,12266,12889,IAH,LAS,13,0,0,0,13,0,2,0,-193.0,0.0,0.0,0.15384615384615385,0.0,-14.846153846153847
2023,11,20436,F9,12266,13204,IAH,MCO,45,0,0,0,45,0,6,2,-94.0,0.0,0.0,0.13333333333333333,0.044444444444444446,-2.088888888888889
2023,11,20436,F9,12266,14107,IAH,PHX,23,0,0,0,23,0,5,0,35.0,0.0,0.0,0.21739130434782608,0.0,1.5217391304347827
2023,11,20436,F9,12889,10397,LAS,ATL,45,0,0,0,45,0,11,1,220.0,0.0,0.0,0.24444444444444444,0.022222222222222223,4.888888888888889
2023,11,20436,F9,12889,11292,LAS,DEN,145,0,0,0,145,0,24,9,371.0,0.0,0.0,0.16551724137931034,0.06206896551724138,2.5586206896551724
2023,11,20436,F9,12889,11298,LAS,DFW,67,0,0,0,67,0,13,4,-121.0,0.0,0.0,0.19402985074626866,0.05970149253731343,-1.8059701492537314
2023,11,20436,F9,12889,11433,LAS,DTW,15,0,0,0,15,0,2,0,-51.0,0.0,0.0,0.13333333333333333,0.0,-3.4
2023,11,20436,F9,12889,12266,LAS,IAH,13,0,0,0,13,0,2,0,-37.0,0.0,0.0,0.15384615384615385,0.0,-2.8461538461538463
2023,11,20436,F9,12889,13204,LAS,MCO,45,0,0,0,45,0,1,1,-374.0,0.0,0.0,0.022222222222222223,0.022222222222222223,-8.311111111111112
2023,11,20436,F9,12889,13232,LAS,MDW,29,0,0,0,29,0,9,1,188.0,0.0,0.0,0.3103448275862069,0.034482758620689655,6.482758620689655
2023,11,20436,F9,12889,14107,LAS,PHX,90,0,0,0,90,0,11,5,65.0,0.0,0.0,0.12222222222222222,0.05555555555555555,0.7222222222222222
2023,11,20436,F9,12889,14679,LAS,SAN,46,0,0,0,46,0,9,4,266.0,0.0,0.0,0.1956521739130435,0.08695652173913043,5.782608695652174
2023,11,20436,F9,12889,14747,LAS,SEA,45,0,0,0,45,0,4,0,-518.0,0.0,0.0,0.08888888888888889,0.0,-11.511111111111111
2023,11,20436,F9,12889,14771,LAS,SFO,85,0,0,0,85,0,15,8,575.0,0.0,0.0,0.17647058823529413,0.09411764705882353,6.764705882352941
2023,11,20436,F9,12889,14869,LAS,SLC,45,0,0,0,45,0,5,1,-286.0,0.0,0.0,0.1111111111111111,0.022222222222222223,-6.355555555555555
2023,11,20436,F9,12889,15016,LAS,STL,14,0,0,0,14,0,4,0,-42.0,0.0,0.0,0.2857142857142857,0.0,-3.0
2023,11,20436,F9,12889,15304,LAS,TPA,16,0,0,0,16,0,1,0,-73.0,0.0,0.0,0.0625,0.0,-4.5625
2023,11,20436,F9,12953,10397,LGA,ATL,45,0,0,0,45,0,11,3,338.0,0.0,0.0,0.24444444444444444,0.06666666666666667,7.511111111111111
2023,11,20436,F9,12953,11298,LGA,DFW,29,0,0,0,29,0,6,5,952.0,0.0,0.0,0.20689655172413793,0.1724137931034483,32.827586206896555
2023,11,20436,F9,12953,13204,LGA,MCO,30,0,0,0,30,0,8,4,297.0,0.0,0.0,0.26666666666666666,0.13333333333333333,9.9
2023,11,20436,F9,12953,13303,LGA,MIA,14,0,0,0,14,0,4,1,124.0,0.0,0.0,0.2857142857142857,0.07142857142857142,8.857142857142858
2023,11,20436,F9,13204,10397,MCO,ATL,109,0,0,0,109,0,37,8,2239.0,0.0,0.0,0.3394495412844037,0.07339449541284404,20.541284403669724
2023,11,20436,F9,13204,10721,MCO,BOS,23,0,0,0,23,0,3,1,-53.0,0.0,0.0,0.13043478260869565,0.043478260869565216,-2.3043478260869565
2023,11,20436,F9,13204,10821,MCO,BWI,65,0,0,0,65,0,10,3,-1.0,0.0,0.0,0.15384615384615385,0.046153846153846156,-0.015384615384615385
2023,11,20436,F9,13204,11292,MCO,DEN,88,0,0,0,88,0,15,2,-196.0,0.0,0.0,0.17045454545454544,0.022727272727272728,-2.227272727272727
2023,11,20436,F9,13204,11298,MCO,DFW,59,0,0,0,59,0,18,3,627.0,0.0,0.0,0.3050847457627119,0.05084745762711865,10.627118644067796
2023,11,20436,F9,13204,11433,MCO,DTW,62,0,0,0,62,0,17,9,2106.0,0.0,0.0,0.27419354838709675,0.14516129032258066,33.96774193548387
2023,11,20436,F9,13204,12266,MCO,IAH,46,0,0,0,46,0,11,2,327.0,0.0,0.0,0.2391304347826087,0.043478260869565216,7.108695652173913
2023,11,20436,F9,13204,12889,MCO,LAS,45,0,0,0,45,0,11,2,-44.0,0.0,0.0,0.24444444444444444,0.044444444444444446,-0.9777777777777777
2023,11,20436,F9,13204,12953,MCO,LGA,30,0,0,0,30,0,8,3,383.0,0.0,0.0,0.26666666666666666,0.1,12.766666666666667
2023,11,20436,F9,13204,13232,MCO,MDW,29,0,0,0,29,0,6,1,105.0,0.0,0.0,0.20689655172413793,0.034482758620689655,3.6206896551724137
2023,11,20436,F9,13204,13487,MCO,MSP,13,0,0,0,13,0,3,0,-32.0,0.0,0.0,0.23076923076923078,0.0,-2.4615384615384617
2023,11,20436,F9,13204,13930,MCO,ORD,25,0,0,0,25,0,7,0,139.0,0.0,0.0,0.28,0.0,5.56
2023,11,20436,F9,13204,14100,MCO,PHL,203,1,0,0,202,0,45,21,1862.0,0.0049261083743842365,0.0,0.22277227722772278,0.10396039603960396,9.217821782178218
2023,11,20436,F9,13204,14107,MCO,PHX,30,0,0,0,30,0,14,1,421.0,0.0,0.0,0.4666666666666667,0.03333333333333333,14.033333333333333
2023,11,20436,F9,13204,15016,MCO,STL,27,0,0,0,27,0,5,1,186.0,0.0,0.0,0.18518518518518517,0.037037037037037035,6.888888888888889
2023,11,20436,F9,13232,10397,MDW,ATL,47,0,0,0,47,0,11,5,1595.0,0.0,0.0,0.23404255319148937,0.10638297872340426,33.93617021276596
2023,11,20436,F9,13232,11292,MDW,DEN,30,0,0,0,30,0,3,2,43.0,0.0,0.0,0.1,0.06666666666666667,1.4333333333333333
2023,11,20436,F9,13232,11298,MDW,DFW,49,0,0,0,49,0,21,7,2423.0,0.0,0.0,0.42857142857142855,0.14285714285714285,49.44897959183673
2023,11,20436,F9,13232,12889,MDW,LAS,29,0,0,0,29,0,8,2,1019.0,0.0,0.0,0.27586206896551724,0.06896551724137931,35.13793103448276
2023,11,20436,F9,13232,13204,MDW,MCO,29,0,0,0,29,0,5,3,1068.0,0.0,0.0,0.1724137931034483,0.10344827586206896,36.827586206896555
2023,11,20436,F9,13232,13303,MDW,MIA,28,0,0,0,28,0,13,5,861.0,0.0,0.0,0.4642857142857143,0.17857142857142858,30.75
2023,11,20436,F9,13232,14100,MDW,PHL,41,1,0,0,40,0,9,2,12.0,0.024390243902439025,0.0,0.225,0.05,0.3
2023,11,20436,F9,13232,14107,MDW,PHX,42,0,0,0,42,0,9,1,-75.0,0.0,0.0,0.21428571428571427,0.023809523809523808,-1.7857142857142858
2023,11,20436,F9,13232,14771,MDW,SFO,30,0,1,0,29,0,7,1,147.0,0.0,0.03333333333333333,0.2413793103448276,0.034482758620689655,5.068965517241379
2023,11,20436,F9,13232,15304,MDW,TPA,35,0,0,0,35,0,7,2,148.0,0.0,0.0,0.2,0.05714285714285714,4.228571428571429
2023,11,20436,F9,13303,10397,MIA,ATL,46,0,0,0,46,0,15,2,913.0,0.0,0.0,0.32608695652173914,0.043478260869565216,19.847826086956523
2023,11,20436,F9,13303,10821,MIA,BWI,24,0,0,0,24,0,6,3,619.0,0.0,0.0,0.25,0.125,25.791666666666668
2023,11,20436,F9,13303,11292,MIA,DEN,15,0,0,0,15,0,3,0,0.0,0.0,0.0,0.2,0.0,0.0
2023,11,20436,F9,13303,11298,MIA,DFW,18,0,0,0,18,0,7,3,407.0,0.0,0.0,0.3888888888888889,0.16666666666666666,22.61111111111111
2023,11,20436,F9,13303,12953,MIA,LGA,14,0,0,0,14,0,5,1,167.0,0.0,0.0,0.35714285714285715,0.07142857142857142,11.928571428571429
2023,11,20436,F9,13303,13232,MIA,MDW,28,0,0,0,28,0,8,3,317.0,0.0,0.0,0.2857142857142857,0.10714285714285714,11.321428571428571
2023,11,20436,F9,13303,14100,MIA,PHL,35,0,0,0,35,0,3,0,-244.0,0.0,0.0,0.08571428571428572,0.0,-6.9714285714285715
2023,11,20436,F9,13487,11292,MSP,DEN,46,0,0,0,46,0,10,3,-210.0,0.0,0.0,0.21739130434782608,0.06521739130434782,-4.565217391304348
2023,11,20436,F9,13487,13204,MSP,MCO,13,0,0,0,13,0,1,0,-226.0,0.0,0.0,0.07692307692307693,0.0,-17.384615384615383
2023,11,20436,F9,13487,14107,MSP,PHX,4,0,0,0,4,0,0,0,-106.0,0.0,0.0,0.0,0.0,-26.5
2023,11,20436,F9,13487,14635,MSP,RSW,15,0,0,0,15,0,3,0,-76.0,0.0,0.0,0.2,0.0,-5.066666666666666
2023,11,20436,F9,13930,10397,ORD,ATL,32,0,0,0,32,0,13,4,1897.0,0.0,0.0,0.40625,0.125,59.28125
2023,11,20436,F9,13930,13204,ORD,MCO,25,0,0,0,25,0,8,1,61.0,0.0,0.0,0.32,0.04,2.44
2023,11,20436,F9,13930,14107,ORD,PHX,23,0,0,0,23,0,6,2,155.0,0.0,0.0,0.2608695652173913,0.08695652173913043,6.739130434782608
2023,11,20436,F9,14100,10397,PHL,ATL,78,0,0,0,78,0,30,10,2150.0,0.0,0.0,0.38461538461538464,0.1282051282051282,27.564102564102566
2023,11,20436,F9,14100,10721,PHL,BOS,22,0,0,0,22,0,5,2,207.0,0.0,0.0,0.22727272727272727,0.09090909090909091,9.409090909090908
2023,11,20436,F9,14100,11292,PHL,DEN,30,0,0,0,30,0,8,3,731.0,0.0,0.0,0.26666666666666666,0.1,24.366666666666667
2023,11,20436,F9,14100,11298,PHL,DFW,23,0,0,0,23,0,6,2,872.0,0.0,0.0,0.2608695652173913,0.08695652173913043,37.91304347826087
2023,11,20436,F9,14100,11697,PHL,FLL,30,0,0,0,30,0,3,1,112.0,0.0,0.0,0.1,0.03333333333333333,3.7333333333333334
2023,11,20436,F9,14100,13204,PHL,MCO,203,2,0,0,201,0,36,19,1851.0,0.009852216748768473,0.0,0.1791044776119403,0.0945273631840796,9.208955223880597
2023,11,20436,F9,14100,13232,PHL,MDW,42,0,0,0,42,0,16,5,628.0,0.0,0.0,0.38095238095238093,0.11904761904761904,14.952380952380953
2023,11,20436,F9,14100,13303,PHL,MIA,35,0,0,0,35,0,8,2,67.0,0.0,0.0,0.22857142857142856,0.05714285714285714,1.9142857142857144
2023,11,20436,F9,14100,14635,PHL,RSW,62,1,0,0,61,0,10,3,362.0,0.016129032258064516,0.0,0.16393442622950818,0.04918032786885246,5.934426229508197
2023,11,20436,F9,14100,15304,PHL,TPA,93,1,0,0,92,0,21,8,384.0,0.010752688172043012,0.0,0.22826086956521738,0.08695652173913043,4.173913043478261
2023,11,20436,F9,14107,10397,PHX,ATL,29,0,0,0,29,0,11,4,770.0,0.0,0.0,0.3793103448275862,0.13793103448275862,26.551724137931036
2023,11,20436,F9,14107,10821,PHX,BWI,16,0,0,0,16,0,7,0,52.0,0.0,0.0,0.4375,0.0,3.25
2023,11,20436,F9,14107,11292,PHX,DEN,137,0,0,0,137,0,29,5,234.0,0.0,0.0,0.2116788321167883,0.0364963503649635,1.7080291970802919
2023,11,20436,F9,14107,11298,PHX,DFW,51,0,0,0,51,0,8,2,-361.0,0.0,0.0,0.1568627450980392,0.0392156862745098,-7.078431372549019
2023,11,20436,F9,14107,11433,PHX,DTW,30,0,0,0,30,0,8,1,219.0,0.0,0.0,0.26666666666666666,0.03333333333333333,7.3
2023,11,20436,F9,14107,12266,PHX,IAH,23,0,0,0,23,0,4,1,26.0,0.0,0.0,0.17391304347826086,0.043478260869565216,1.1304347826086956
2023,11,20436,F9,14107,12889,PHX,LAS,90,0,0,0,90,0,11,7,24.0,0.0,0.0,0.12222222222222222,0.07777777777777778,0.26666666666666666
2023,11,20436,F9,14107,13204,PHX,MCO,29,0,0,0,29,0,8,1,62.0,0.0,0.0,0.27586206896551724,0.034482758620689655,2.1379310344827585
2023,11,20436,F9,14107,13232,PHX,MDW,42,0,0,0,42,0,5,1,-183.0,0.0,0.0,0.11904761904761904,0.023809523809523808,-4.357142857142857
2023,11,20436,F9,14107,13487,PHX,MSP,4,0,0,0,4,0,1,0,-33.0,0.0,0.0,0.25,0.0,-8.25
2023,11,20436,F9,14107,13930,PHX,ORD,23,0,0,0,23,0,2,1,-152.0,0.0,0.0,0.08695652173913043,0.043478260869565216,-6.608695652173913
2023,11,20436,F9,14107,14679,PHX,SAN,53,0,0,0,53,0,13,2,154.0,0.0,0.0,0.24528301886792453,0.03773584905660377,2.9056603773584904
2023,11,20436,F9,14107,14747,PHX,SEA,27,0,0,0,27,0,4,0,-168.0,0.0,0.0,0.14814814814814814,0.0,-6.222222222222222
2023,11,20436,F9,14107,14771,PHX,SFO,44,0,0,0,44,0,6,1,-72.0,0.0,0.0,0.13636363636363635,0.022727272727272728,-1.6363636363636365
2023,11,20436,F9,14107,14869,PHX,SLC,65,0,0,0,65,0,4,0,-469.0,0.0,0.0,0.06153846153846154,0.0,-7.2153846153846155
2023,11,20436,F9,14635,11292,RSW,DEN,8,0,0,0,8,0,1,0,-4.0,0.0,0.0,0.125,0.0,-0.5
2023,11,20436,F9,14635,11433,RSW,DTW,7,0,0,0,7,0,3,1,144.0,0.0,0.0,0.42857142857142855,0.14285714285714285,20.571428571428573
2023,11,20436,F9,14635,13487,RSW,MSP,15,1,0,0,14,0,4,1,74.0,0.06666666666666667,0.0,0.2857142857142857,0.07142857142857142,5.285714285714286
2023,11,20436,F9,14635,14100,RSW,PHL,62,0,0,0,62,0,7,2,-441.0,0.0,0.0,0.11290322580645161,0.03225806451612903,-7.112903225806452
2023,11,20436,F9,14679,10397,SAN,ATL,15,0,0,0,15,0,2,0,-327.0,0.0,0.0,0.13333333333333333,0.0,-21.8
2023,11,20436,F9,14679,11292,SAN,DEN,69,0,0,0,69,0,6,1,-592.0,0.0,0.0,0.08695652173913043,0.014492753623188406,-8.579710144927537
2023,11,20436,F9,14679,11298,SAN,DFW,39,0,1,0,38,0,11,1,281.0,0.0,0.02564102564102564,0.2894736842105263,0.02631578947368421,7.394736842105263
2023,11,20436,F9,14679,12889,SAN,LAS,45,0,0,0,45,0,10,4,1115.0,0.0,0.0,0.2222222222222222,0.08888888888888889,24.77777777777778
2023,11,20436,F9,14679,14107,SAN,PHX,53,0,0,0,53,0,16,5,542.0,0.0,0.0,0.3018867924528302,0.09433962264150944,10.226415094339623
2023,11,20436,F9,14747,11292,SEA,DEN,30,0,0,0,30,0,4,0,-140.0,0.0,0.0,0.13333333333333333,0.0,-4.666666666666667
2023,11,20436,F9,14747,12889,SEA,LAS,45,0,0,0,45,0,10,3,255.0,0.0,0.0,0.2222222222222222,0.06666666666666667,5.666666666666667
2023,11,20436,F9,14747,14107,SEA,PHX,27,0,0,0,27,0,7,0,167.0,0.0,0.0,0.25925925925925924,0.0,6.185185185185185
2023,11,20436,F9,14771,10397,SFO,ATL,29,0,0,0,29,0,8,2,491.0,0.0,0.0,0.27586206896551724,0.06896551724137931,16.93103448275862
2023,11,20436,F9,14771,11292,SFO,DEN,60,0,0,0,60,0,11,6,989.0,0.0,0.0,0.18333333333333332,0.1,16.483333333333334
2023,11,20436,F9,14771,11298,SFO,DFW,30,0,0,0,30,0,7,3,301.0,0.0,0.0,0.23333333333333334,0.1,10.033333333333333
2023,11,20436,F9,14771,11433,SFO,DTW,16,0,0,0,16,0,7,2,349.0,0.0,0.0,0.4375,0.125,21.8125
2023,11,20436,F9,14771,12889,SFO,LAS,85,0,0,0,85,0,20,12,975.0,0.0,0.0,0.23529411764705882,0.1411764705882353,11.470588235294118
2023,11,20436,F9,14771,13232,SFO,MDW,30,0,0,0,30,0,4,1,-214.0,0.0,0.0,0.13333333333333333,0.03333333333333333,-7.133333333333334
2023,11,20436,F9,14771,14107,SFO,PHX,44,0,0,0,44,0,9,2,-32.0,0.0,0.0,0.20454545454545456,0.045454545454545456,-0.7272727272727273
2023,11,20436,F9,14869,11292,SLC,DEN,66,0,0,0,66,0,8,1,-308.0,0.0,0.0,0.12121212121212122,0.015151515151515152,-4.666666666666667
2023,11,20436,F9,14869,12889,SLC,LAS,45,0,0,0,45,0,6,2,-51.0,0.0,0.0,0.13333333333333333,0.044444444444444446,-1.1333333333333333
2023,11,20436,F9,14869,14107,SLC,PHX,65,0,0,0,65,0,5,0,-464.0,0.0,0.0,0.07692307692307693,0.0,-7.138461538461539
2023,11,20436,F9,15016,11292,STL,DEN,32,0,0,0,32,0,1,0,-374.0,0.0,0.0,0.03125,0.0,-11.6875
2023,11,20436,F9,15016,12889,STL,LAS,14,0,0,0,14,0,1,0,-245.0,0.0,0.0,0.07142857142857142,0.0,-17.5
2023,11,20436,F9,15016,13204,STL,MCO,28,0,0,0,28,0,9,5,2596.0,0.0,0.0,0.32142857142857145,0.17857142857142858,92.71428571428571
2023,11,20436,F9,15304,10397,TPA,ATL,59,0,0,0,59,0,16,6,597.0,0.0,0.0,0.2711864406779661,0.1016949152542373,10.11864406779661
2023,11,20436,F9,15304,10821,TPA,BWI,15,0,0,0,15,0,3,0,50.0,0.0,0.0,0.2,0.0,3.3333333333333335
2023,11,20436,F9,15304,11292,TPA,DEN,53,0,0,0,53,0,3,1,-464.0,0.0,0.0,0.05660377358490566,0.018867924528301886,-8.754716981132075
2023,11,20436,F9,15304,11298,TPA,DFW,21,0,0,0,21,0,5,2,290.0,0.0,0.0,0.23809523809523808,0.09523809523809523,13.80952380952381
2023,11,20436,F9,15304,11433,TPA,DTW,23,0,0,0,23,0,6,4,465.0,0.0,0.0,0.2608695652173913,0.17391304347826086,20.217391304347824
2023,11,20436,F9,15304,12889,TPA,LAS,15,0,0,0,15,0,0,0,-208.0,0.0,0.0,0.0,0.0,-13.866666666666667
2023,11,20436,F9,15304,13232,TPA,MDW,35,0,0,0,35,0,4,3,334.0,0.0,0.0,0.11428571428571428,0.08571428571428572,9.542857142857143
2023,11,20436,F9,15304,14100,TPA,PHL,92,0,0,0,92,0,13,4,243.0,0.0,0.0,0.14130434782608695,0.043478260869565216,2.641304347826087
2023,11,20452,YX,10397,11278,ATL,DCA,50,0,0,0,50,0,5,0,-209.0,0.0,0.0,0.1,0.0,-4.18
2023,11,20452,YX,10397,11618,ATL,EWR,19,0,0,0,19,0,2,0,-198.0,0.0,0.0,0.10526315789473684,0.0,-10.421052631578947
2023,11,20452,YX,10397,13303,ATL,MIA,4,0,0,0,4,0,0,0,-37.0,0.0,0.0,0.0,0.0,-9.25
2023,11,20452,YX,10397,14100,ATL,PHL,3,0,0,0,3,0,0,0,-39.0,0.0,0.0,0.0,0.0,-13.0
2023,11,20452,YX,10721,10821,BOS,BWI,69,0,0,0,69,0,3,1,-615.0,0.0,0.0,0.043478260869565216,0.014492753623188406,-8.91304347826087
2023,11,20452,YX,10721,11278,BOS,DCA,311,0,0,0,311,0,20,3,-2988.0,0.0,0.0,0.06430868167202572,0.00964630225080386,-9.607717041800644
2023,11,20452,YX,10721,11618,BOS,EWR,77,0,0,0,77,0,7,2,-659.0,0.0,0.0,0.09090909090909091,0.025974025974025976,-8.558441558441558
2023,11,20452,YX,10721,12478,BOS,JFK,178,0,0,0,178,0,10,2,-1560.0,0.0,0.0,0.056179775280898875,0.011235955056179775,-8.764044943820224
2023,11,20452,YX,10721,12953,BOS,LGA,296,0,0,0,296,0,15,1,-3664.0,0.0,0.0,0.05067567567567568,0.0033783783783783786,-12.378378378378379
2023,11,20452,YX,10721,13303,BOS,MIA,4,0,0,0,4,0,0,0,-39.0,0.0,0.0,0.0,0.0,-9.75
2023,11,20452,YX,10721,13930,BOS,ORD,11,0,0,0,11,0,1,0,-153.0,0.0,0.0,0.09090909090909091,0.0,-13.909090909090908
2023,11,20452,YX,10721,14100,BOS,PHL,97,0,0,0,97,0,4,1,-1259.0,0.0,0.0,0.041237113402061855,0.010309278350515464,-12.97938144329897
2023,11,20452,YX,10721,15016,BOS,STL,22,0,0,0,22,0,1,0,-491.0,0.0,0.0,0.045454545454545456,0.0,-22.318181818181817
2023,11,20452,YX,10821,10721,BWI,BOS,69,0,0,0,69,0,5,0,-346.0,0.0,0.0,0.07246376811594203,0.0,-5.0144927536231885
2023,11,20452,YX,11278,10397,DCA,ATL,49,0,0,0,49,0,3,1,-323.0,0.0,0.0,0.061224489795918366,0.02040816326530612,-6.591836734693878
2023,11,20452,YX,11278,10721,DCA,BOS,312,0,0,0,312,0,13,2,-3433.0,0.0,0.0,0.041666666666666664,0.00641025641025641,-11.003205128205128
2023,11,20452,YX,11278,11433,DCA,DTW,1,0,0,0,1,0,0,0,-30.0,0.0,0.0,0.0,0.0,-30.0
2023,11,20452,YX,11278,11618,DCA,EWR,14,0,0,0,14,0,1,0,-236.0,0.0,0.0,0.07142857142857142,0.0,-16.857142857142858
2023,11,20452,YX,11278,12478,DCA,JFK,178,0,0,0,178,0,21,2,-1215.0,0.0,0.0,0.11797752808988764,0.011235955056179775,-6.825842696629214
2023,11,20452,YX,11278,12953,DCA,LGA,217,0,0,0,217,0,15,5,-2572.0,0.0,0.0,0.06912442396313365,0.02304147465437788,-11.852534562211982
2023,11,20452,YX,11278,13303,DCA,MIA,6,0,0,0,6,0,0,0,-85.0,0.0,0.0,0.0,0.0,-14.166666666666666
2023,11,20452,YX,11278,14100,DCA,PHL,77,0,0,0,77,0,5,1,-521.0,0.0,0.0,0.06493506493506493,0.012987012987012988,-6.766233766233766
2023,11,20452,YX,11278,15016,DCA,STL,22,0,0,0,22,0,2,0,-103.0,0.0,0.0,0.09090909090909091,0.0,-4.681818181818182
2023,11,20452,YX,11298,11618,DFW,EWR,5,0,0,0,5,0,0,0,-163.0,0.0,0.0,0.0,0.0,-32.6
2023,11,20452,YX,11433,11278,DTW,DCA,1,0,0,0,1,0,0,0,-25.0,0.0,0.0,0.0,0.0,-25.0
2023,11,20452,YX,11433,11618,DTW,EWR,58,0,0,0,58,0,4,0,-981.0,0.0,0.0,0.06896551724137931,0.0,-16.913793103448278
2023,11,20452,YX,11433,12953,DTW,LGA,59,0,0,0,59,0,7,1,-372.0,0.0,0.0,0.11864406779661017,0.01694915254237288,-6.305084745762712
2023,11,20452,YX,11433,13930,DTW,ORD,26,0,0,0,26,0,3,3,-96.0,0.0,0.0,0.11538461538461539,0.11538461538461539,-3.6923076923076925
2023,11,20452,YX,11433,14100,DTW,PHL,1,0,0,0,1,0,0,0,-22.0,0.0,0.0,0.0,0.0,-22.0
2023,11,20452,YX,11618,10397,EWR,ATL,18,0,0,0,18,0,0,0,-302.0,0.0,0.0,0.0,0.0,-16.77777777777778
2023,11,20452,YX,11618,10721,EWR,BOS,77,0,0,0,77,0,5,1,-610.0,0.0,0.0,0.06493506493506493,0.012987012987012988,-7.922077922077922
2023,11,20452,YX,11618,11278,EWR,DCA,14,0,0,0,14,0,1,1,-130.0,0.0,0.0,0.07142857142857142,0.07142857142857142,-9.285714285714286
2023,11,20452,YX,11618,11298,EWR,DFW,5,0,0,0,5,0,0,0,-95.0,0.0,0.0,0.0,0.0,-19.0
2023,11,20452,YX,11618,11433,EWR,DTW,58,0,0,0,58,0,3,0,-793.0,0.0,0.0,0.05172413793103448,0.0,-13.672413793103448
2023,11,20452,YX,11618,13487,EWR,MSP,57,0,0,0,57,0,2,0,-606.0,0.0,0.0,0.03508771929824561,0.0,-10.631578947368421
2023,11,20452,YX,11618,13930,EWR,ORD,6,0,0,0,6,0,0,0,-108.0,0.0,0.0,0.0,0.0,-18.0
2023,11,20452,YX,11618,14100,EWR,PHL,1,0,0,0,1,0,0,0,-9.0,0.0,0.0,0.0,0.0,-9.0
2023,11,20452,YX,11618,15016,EWR,STL,40,0,0,0,40,0,0,0,-801.0,0.0,0.0,0.0,0.0,-20.025
2023,11,20452,YX,12266,12953,IAH,LGA,6,0,0,0,6,0,0,0,-83.0,0.0,0.0,0.0,0.0,-13.833333333333334
2023,11,20452,YX,12478,10721,JFK,BOS,165,0,0,0,165,0,13,2,-1442.0,0.0,0.0,0.07878787878787878,0.012121212121212121,-8.73939393939394
2023,11,20452,YX,12478,11278,JFK,DCA,179,0,0,0,179,0,9,2,-3882.0,0.0,0.0,0.05027932960893855,0.0111731843575419,-21.687150837988828
2023,11,20452,YX,12953,10721,LGA,BOS,297,0,1,0,296,0,17,3,-3257.0,0.0,0.003367003367003367,0.057432432432432436,0.010135135135135136,-11.003378378378379
2023,11,20452,YX,12953,11278,LGA,DCA,217,0,0,0,217,0,11,4,-2623.0,0.0,0.0,0.05069124423963134,0.018433179723502304,-12.087557603686635
2023,11,20452,YX,12953,11433,LGA,DTW,59,0,0,0,59,0,6,1,-584.0,0.0,0.0,0.1016949152542373,0.01694915254237288,-9.898305084745763
2023,11,20452,YX,12953,12266,LGA,IAH,6,0,0,0,6,0,1,0,-106.0,0.0,0.0,0.16666666666666666,0.0,-17.666666666666668
2023,11,20452,YX,12953,13303,LGA,MIA,3,0,0,0,3,0,0,0,-77.0,0.0,0.0,0.0,0.0,-25.666666666666668
2023,11,20452,YX,12953,13487,LGA,MSP,50,0,0,0,50,0,2,0,-570.0,0.0,0.0,0.04,0.0,-11.4
2023,11,20452,YX,12953,13930,LGA,ORD,33,0,0,0,33,0,2,0,-585.0,0.0,0.0,0.06060606060606061,0.0,-17.727272727272727
2023,11,20452,YX,12953,14100,LGA,PHL,49,0,0,0,49,0,3,1,-702.0,0.0,0.0,0.061224489795918366,0.02040816326530612,-14.326530612244898
2023,11,20452,YX,12953,15016,LGA,STL,56,0,0,0,56,0,1,0,-727.0,0.0,0.0,0.017857142857142856,0.0,-12.982142857142858
2023,11,20452,YX,13303,10397,MIA,ATL,4,0,0,0,4,0,0,0,-45.0,0.0,0.0,0.0,0.0,-11.25
2023,11,20452,YX,13303,10721,MIA,BOS,4,0,0,0,4,0,0,0,-42.0,0.0,0.0,0.0,0.0,-10.5
2023,11,20452,YX,13303,11278,MIA,DCA,6,0,0,0,6,0,0,0,-47.0,0.0,0.0,0.0,0.0,-7.833333333333333
2023,11,20452,YX,13303,12953,MIA,LGA,3,0,0,0,3,0,0,0,-45.0,0.0,0.0,0.0,0.0,-15.0
2023,11,20452,YX,13303,15016,MIA,STL,1,0,0,0,1,0,0,0,-9.0,0.0,0.0,0.0,0.0,-9.0
2023,11,20452,YX,13303,15304,MIA,TPA,2,0,0,0,2,0,0,0,-15.0,0.0,0.0,0.0,0.0,-7.5
2023,11,20452,YX,13487,11618,MSP,EWR,57,0,0,0,57,0,1,1,-922.0,0.0,0.0,0.017543859649122806,0.017543859649122806,-16.17543859649123
2023,11,20452,YX,13487,12953,MSP,LGA,50,0,0,0,50,0,2,0,-819.0,0.0,0.0,0.04,0.0,-16.38
2023,11,20452,YX,13487,13930,MSP,ORD,25,0,0,0,25,0,3,0,-104.0,0.0,0.0,0.12,0.0,-4.16
2023,11,20452,YX,13930,10721,ORD,BOS,11,0,0,0,11,0,1,0,-73.0,0.0,0.0,0.09090909090909091,0.0,-6.636363636363637
2023,11,20452,YX,13930,11433,ORD,DTW,27,0,0,0,27,0,5,0,101.0,0.0,0.0,0.18518518518518517,0.0,3.740740740740741
2023,11,20452,YX,13930,11618,ORD,EWR,4,0,0,0,4,0,0,0,-5.0,0.0,0.0,0.0,0.0,-1.25
2023,11,20452,YX,13930,12953,ORD,LGA,34,0,0,0,34,0,1,1,-541.0,0.0,0.0,0.029411764705882353,0.029411764705882353,-15.911764705882353
2023,11,20452,YX,13930,13487,ORD,MSP,25,0,0,0,25,0,4,0,-178.0,0.0,0.0,0.16,0.0,-7.12
2023,11,20452,YX,13930,15016,ORD,STL,24,0,0,0,24,0,1,0,-343.0,0.0,0.0,0.041666666666666664,0.0,-14.291666666666666
2023,11,20452,YX,14100,10397,PHL,ATL,3,0,0,0,3,0,0,0,-31.0,0.0,0.0,0.0,0.0,-10.333333333333334
2023,11,20452,YX,14100,10721,PHL,BOS,111,0,0,0,111,0,13,1,-339.0,0.0,0.0,0.11711711711711711,0.009009009009009009,-3.054054054054054
2023,11,20452,YX,14100,11278,PHL,DCA,76,0,0,0,76,0,3,0,-1212.0,0.0,0.0,0.039473684210526314,0.0,-15.947368421052632
2023,11,20452,YX,14100,11433,PHL,DTW,1,0,0,0,1,0,0,0,-22.0,0.0,0.0,0.0,0.0,-22.0
2023,11,20452,YX,14100,11618,PHL,EWR,1,0,0,0,1,0,0,0,-16.0,0.0,0.0,0.0,0.0,-16.0
2023,11,20452,YX,14100,12953,PHL,LGA,49,0,0,0,49,0,0,0,-567.0,0.0,0.0,0.0,0.0,-11.571428571428571
2023,11,20452,YX,15016,10721,STL,BOS,22,0,0,0,22,0,2,0,-234.0,0.0,0.0,0.09090909090909091,0.0,-10.636363636363637
2023,11,20452,YX,15016,11278,STL,DCA,22,0,0,0,22,0,0,0,-342.0,0.0,0.0,0.0,0.0,-15.545454545454545
2023,11,20452,YX,15016,11618,STL,EWR,40,0,0,0,40,0,2,0,-641.0,0.0,0.0,0.05,0.0,-16.025
2023,11,20452,YX,15016,12953,STL,LGA,56,0,0,0,56,0,0,0,-854.0,0.0,0.0,0.0,0.0,-15.25
2023,11,20452,YX,15016,13303,STL,MIA,1,0,0,0,1,0,0,0,-6.0,0.0,0.0,0.0,0.0,-6.0
2023,11,20452,YX,15016,13930,STL,ORD,54,0,0,0,54,0,2,1,-603.0,0.0,0.0,0.037037037037037035,0.018518518518518517,-11.166666666666666
2023,11,20452,YX,15304,13303,TPA,MIA,2,0,0,0,2,0,0,0,-23.0,0.0,0.0,0.0,0.0,-11.5
2023,12,19393,WN,10397,10821,ATL,BWI,205,2,0,0,203,0,34,4,164.0,0.00975609756097561,0.0,0.16748768472906403,0.019704433497536946,0.8078817733990148
2023,12,19393,WN,10397,11278,ATL,DCA,121,1,0,0,120,0,25,6,451.0,0.008264462809917356,0.0,0.20833333333333334,0.05,3.7583333333333333
2023,12,19393,WN,10397,11292,ATL,DEN,152,0,0,0,152,0,28,3,12.0,0.0,0.0,0.18421052631578946,0.019736842105263157,0.07894736842105263
2023,12,19393,WN,10397,11697,ATL,FLL,104,0,0,0,104,0,22,2,522.0,0.0,0.0,0.21153846153846154,0.019230769230769232,5.019230769230769
2023,12,19393,WN,10397,12889,ATL,LAS,60,0,0,0,60,0,9,2,-218.0,0.0,0.0,0.15,0.03333333333333333,-3.6333333333333333
2023,12,19393,WN,10397,12953,ATL,LGA,119,1,0,0,118,0,30,7,806.0,0.008403361344537815,0.0,0.2542372881355932,0.059322033898305086,6.830508474576271
2023,12,19393,WN,10397,13204,ATL,MCO,181,1,0,0,180,0,42,7,1246.0,0.0055248618784530384,0.0,0.23333333333333334,0.03888888888888889,6.9222222222222225
2023,12,19393,WN,10397,13232,ATL,MDW,152,4,1,0,147,0,17,3,316.0,0.02631578947368421,0.006578947368421052,0.11564625850340136,0.02040816326530612,2.1496598639455784
2023,12,19393,WN,10397,13303,ATL,MIA,88,0,0,0,88,0,29,5,974.0,0.0,0.0,0.32954545454545453,0.056818181818181816,11.068181818181818
2023,12,19393,WN,10397,14100,ATL,PHL,68,0,0,0,68,0,15,4,585.0,0.0,0.0,0.22058823529411764,0.058823529411764705,8.602941176470589
2023,12,19393,WN,10397,14107,ATL,PHX,33,0,0,0,33,0,0,0,-394.0,0.0,0.0,0.0,0.0,-11.93939393939394
2023,12,19393,WN,10397,14635,ATL,RSW,68,1,0,0,67,0,20,3,511.0,0.014705882352941176,0.0,0.29850746268656714,0.04477611940298507,7.626865671641791
2023,12,19393,WN,10397,14679,ATL,SAN,5,0,0,0,5,0,0,0,-22.0,0.0,0.0,0.0,0.0,-4.4
2023,12,19393,WN,10397,15016,ATL,STL,144,0,0,0,144,0,25,6,394.0,0.0,0.0,0.1736111111111111,0.041666666666666664,2.736111111111111
2023,12,19393,WN,10397,15304,ATL,TPA,150,0,0,0,150,0,31,7,1261.0,0.0,0.0,0.20666666666666667,0.04666666666666667,8.406666666666666
2023,12,19393,WN,10721,10821,BOS,BWI,234,3,0,0,231,0,35,9,-79.0,0.01282051282051282,0.0,0.15151515151515152,0.03896103896103896,-0.341991341991342
2023,12,19393,WN,10721,11292,BOS,DEN,59,1,0,0,58,0,2,0,-1083.0,0.01694915254237288,0.0,0.034482758620689655,0.0,-18.67241379310345
2023,12,19393,WN,10721,13232,BOS,MDW,100,2,2,0,96,0,12,4,-517.0,0.02,0.02,0.125,0.041666666666666664,-5.385416666666667
2023,12,19393,WN,10721,15016,BOS,STL,70,0,0,0,70,0,10,3,-444.0,0.0,0.0,0.14285714285714285,0.04285714285714286,-6.3428571428571425
2023,12,19393,WN,10821,10397,BWI,ATL,206,2,0,0,204,0,53,7,1817.0,0.009708737864077669,0.0,0.25980392156862747,0.03431372549019608,8.906862745098039
2023,12,19393,WN,10821,10721,BWI,BOS,233,3,0,0,230,0,50,11,1562.0,0.012875536480686695,0.0,0.21739130434782608,0.04782608695652174,6.791304347826087
2023,12,19393,WN,10821,11292,BWI,DEN,186,0,0,0,186,0,26,4,-1293.0,0.0,0.0,0.13978494623655913,0.021505376344086023,-6.951612903225806
2023,12,19393,WN,10821,11433,BWI,DTW,64,0,0,0,64,0,17,3,612.0,0.0,0.0,0.265625,0.046875,9.5625
2023,12,19393,WN,10821,11697,BWI,FLL,271,1,0,0,270,0,79,15,2670.0,0.0036900369003690036,0.0,0.29259259259259257,0.05555555555555555,9.88888888888889
2023,12,19393,WN,10821,12889,BWI,LAS,124,0,1,0,123,0,13,3,-1319.0,0.0,0.008064516129032258,0.10569105691056911,0.024390243902439025,-10.723577235772357
2023,12,19393,WN,10821,12892,BWI,LAX,62,0,0,0,62,0,12,1,-427.0,0.0,0.0,0.1935483870967742,0.016129032258064516,-6.887096774193548
2023,12,19393,WN,10821,13204,BWI,MCO,338,1,0,0,337,0,81,12,2340.0,0.0029585798816568047,0.0,0.2403560830860534,0.03560830860534125,6.943620178041543
2023,12,19393,WN,10821,13232,BWI,MDW,154,4,1,0,149,0,27,8,442.0,0.025974025974025976,0.006493506493506494,0.18120805369127516,0.053691275167785234,2.966442953020134
2023,12,19393,WN,10821,13303,BWI,MIA,132,0,0,0,132,0,42,14,1776.0,0.0,0.0,0.3181818181818182,0.10606060606060606,13.454545454545455
2023,12,19393,WN,10821,13487,BWI,MSP,37,0,0,0,37,0,5,1,-344.0,0.0,0.0,0.13513513513513514,0.02702702702702703,-9.297297297297296
2023,12,19393,WN,10821,13796,BWI,OAK,31,0,0,0,31,0,3,0,-353.0,0.0,0.0,0.0967741935483871,0.0,-11.387096774193548
2023,12,19393,WN,10821,13930,BWI,ORD,110,1,0,0,109,0,18,3,-46.0,0.00909090909090909,0.0,0.1651376146788991,0.027522935779816515,-0.42201834862385323
2023,12,19393,WN,10821,14107,BWI,PHX,90,0,0,0,90,0,11,2,-989.0,0.0,0.0,0.12222222222222222,0.022222222222222223,-10.988888888888889
2023,12,19393,WN,10821,14635,BWI,RSW,126,0,1,0,125,0,32,7,1108.0,0.0,0.007936507936507936,0.256,0.056,8.864
2023,12,19393,WN,10821,14679,BWI,SAN,68,0,0,0,68,0,7,1,-1014.0,0.0,0.0,0.10294117647058823,0.014705882352941176,-14.911764705882353
2023,12,19393,WN,10821,14869,BWI,SLC,31,0,0,0,31,0,2,0,-440.0,0.0,0.0,0.06451612903225806,0.0,-14.193548387096774
2023,12,19393,WN,10821,15016,BWI,STL,95,0,0,0,95,0,26,3,391.0,0.0,0.0,0.2736842105263158,0.031578947368421054,4.11578947368421
2023,12,19393,WN,10821,15304,BWI,TPA,239,3,0,0,236,0,57,11,1810.0,0.012552301255230125,0.0,0.24152542372881355,0.046610169491525424,7.669491525423729
2023,12,19393,WN,11278,10397,DCA,ATL,121,0,0,0,121,0,22,2,-273.0,0.0,0.0,0.18181818181818182,0.01652892561983471,-2.256198347107438
2023,12,19393,WN,11278,11697,DCA,FLL,34,0,0,0,34,0,3,0,-247.0,0.0,0.0,0.08823529411764706,0.0,-7.264705882352941
2023,12,19393,WN,11278,13204,DCA,MCO,93,0,0,0,93,0,23,9,1334.0,0.0,0.0,0.24731182795698925,0.0967741935483871,14.344086021505376
2023,12,19393,WN,11278,13232,DCA,MDW,180,4,1,0,175,0,23,12,-73.0,0.022222222222222223,0.005555555555555556,0.13142857142857142,0.06857142857142857,-0.41714285714285715
2023,12,19393,WN,11278,15016,DCA,STL,118,1,0,0,117,0,20,3,62.0,0.00847457627118644,0.0,0.17094017094017094,0.02564102564102564,0.5299145299145299
2023,12,19393,WN,11278,15304,DCA,TPA,62,0,0,0,62,0,14,4,332.0,0.0,0.0,0.22580645161290322,0.06451612903225806,5.354838709677419
2023,12,19393,WN,11292,10397,DEN,ATL,152,0,0,0,152,0,38,8,996.0,0.0,0.0,0.25,0.05263157894736842,6.552631578947368
2023,12,19393,WN,11292,10721,DEN,BOS,59,0,0,0,59,0,28,3,905.0,0.0,0.0,0.4745762711864407,0.05084745762711865,15.338983050847459
2023,12,19393,WN,11292,10821,DEN,BWI,186,1,0,0,185,0,65,7,2180.0,0.005376344086021506,0.0,0.35135135135135137,0.03783783783783784,11.783783783783784
2023,12,19393,WN,11292,11433,DEN,DTW,57,0,0,0,57,0,21,2,892.0,0.0,0.0,0.3684210526315789,0.03508771929824561,15.649122807017545
2023,12,19393,WN,11292,11697,DEN,FLL,36,0,0,0,36,0,9,2,440.0,0.0,0.0,0.25,0.05555555555555555,12.222222222222221
2023,12,19393,WN,11292,12266,DEN,IAH,98,0,0,0,98,0,11,1,-274.0,0.0,0.0,0.11224489795918367,0.01020408163265306,-2.795918367346939
2023,12,19393,WN,11292,12889,DEN,LAS,340,2,0,0,338,0,52,6,-527.0,0.0058823529411764705,0.0,0.15384615384615385,0.01775147928994083,-1.5591715976331362
2023,12,19393,WN,11292,12892,DEN,LAX,208,0,0,0,208,0,28,8,-731.0,0.0,0.0,0.1346153846153846,0.038461538461538464,-3.514423076923077
2023,12,19393,WN,11292,12953,DEN,LGA,114,1,0,0,113,0,40,5,1221.0,0.008771929824561403,0.0,0.35398230088495575,0.04424778761061947,10.805309734513274
2023,12,19393,WN,11292,13204,DEN,MCO,161,1,0,0,160,0,48,7,1594.0,0.006211180124223602,0.0,0.3,0.04375,9.9625
2023,12,19393,WN,11292,13232,DEN,MDW,265,7,2,0,256,0,65,6,1747.0,0.026415094339622643,0.007547169811320755,0.25390625,0.0234375,6.82421875
2023,12,19393,WN,11292,13303,DEN,MIA,5,0,0,0,5,0,2,1,178.0,0.0,0.0,0.4,0.2,35.6
2023,12,19393,WN,11292,13487,DEN,MSP,210,0,0,0,210,0,47,7,1013.0,0.0,0.0,0.22380952380952382,0.03333333333333333,4.8238095238095235
2023,12,19393,WN,11292,13796,DEN,OAK,180,0,0,0,180,0,37,5,-195.0,0.0,0.0,0.20555555555555555,0.027777777777777776,-1.0833333333333333
2023,12,19393,WN,11292,13930,DEN,ORD,180,0,0,0,180,0,47,7,1207.0,0.0,0.0,0.2611111111111111,0.03888888888888889,6.705555555555556
2023,12,19393,WN,11292,14100,DEN,PHL,59,1,0,0,58,0,23,5,1064.0,0.01694915254237288,0.0,0.39655172413793105,0.08620689655172414,18.344827586206897
2023,12,19393,WN,11292,14107,DEN,PHX,380,1,0,0,379,0,80,17,1564.0,0.002631578947368421,0.0,0.21108179419525067,0.044854881266490766,4.12664907651715
2023,12,19393,WN,11292,14635,DEN,RSW,5,0,0,0,5,0,2,0,69.0,0.0,0.0,0.4,0.0,13.8
2023,12,19393,WN,11292,14679,DEN,SAN,220,0,1,0,219,0,24,7,-984.0,0.0,0.004545454545454545,0.1095890410958904,0.0319634703196347,-4.493150684931507
2023,12,19393,WN,11292,14747,DEN,SEA,124,0,0,0,124,0,27,2,160.0,0.0,0.0,0.21774193548387097,0.016129032258064516,1.2903225806451613
2023,12,19393,WN,11292,14771,DEN,SFO,147,0,1,0,146,0,49,15,1517.0,0.0,0.006802721088435374,0.3356164383561644,0.10273972602739725,10.39041095890411
2023,12,19393,WN,11292,14869,DEN,SLC,235,1,0,0,234,0,55,8,564.0,0.00425531914893617,0.0,0.23504273504273504,0.03418803418803419,2.41025641025641
2023,12,19393,WN,11292,15016,DEN,STL,217,0,0,0,217,0,53,7,1436.0,0.0,0.0,0.24423963133640553,0.03225806451612903,6.617511520737327
2023,12,19393,WN,11292,15304,DEN,TPA,119,0,0,0,119,0,33,4,1073.0,0.0,0.0,0.2773109243697479,0.03361344537815126,9.016806722689076
2023,12,19393,WN,11433,10821,DTW,BWI,64,0,0,0,64,0,10,4,35.0,0.0,0.0,0.15625,0.0625,0.546875
2023,12,19393,WN,11433,11292,DTW,DEN,57,0,0,0,57,0,7,1,-601.0,0.0,0.0,0.12280701754385964,0.017543859649122806,-10.543859649122806
2023,12,19393,WN,11433,13232,DTW,MDW,88,2,0,0,86,0,7,3,-213.0,0.022727272727272728,0.0,0.08139534883720931,0.03488372093023256,-2.4767441860465116
2023,12,19393,WN,11433,14107,DTW,PHX,5,0,0,0,5,0,1,1,121.0,0.0,0.0,0.2,0.2,24.2
2023,12,19393,WN,11433,15016,DTW,STL,57,0,0,0,57,0,6,1,194.0,0.0,0.0,0.10526315789473684,0.017543859649122806,3.4035087719298245
2023,12,19393,WN,11697,10397,FLL,ATL,104,0,0,0,104,0,22,3,414.0,0.0,0.0,0.21153846153846154,0.028846153846153848,3.980769230769231
2023,12,19393,WN,11697,10821,FLL,BWI,271,4,0,0,267,0,61,12,584.0,0.014760147601476014,0.0,0.22846441947565543,0.0449438202247191,2.1872659176029963
2023,12,19393,WN,11697,11278,FLL,DCA,34,0,0,0,34,0,12,4,606.0,0.0,0.0,0.35294117647058826,0.11764705882352941,17.823529411764707
2023,12,19393,WN,11697,11292,FLL,DEN,36,0,0,0,36,0,15,2,571.0,0.0,0.0,0.4166666666666667,0.05555555555555555,15.86111111111111
2023,12,19393,WN,11697,13204,FLL,MCO,60,1,0,0,59,0,16,5,567.0,0.016666666666666666,0.0,0.2711864406779661,0.0847457627118644,9.610169491525424
2023,12,19393,WN,11697,13232,FLL,MDW,101,2,2,0,97,0,24,3,492.0,0.019801980198019802,0.019801980198019802,0.24742268041237114,0.030927835051546393,5.072164948453608
2023,12,19393,WN,11697,15016,FLL,STL,69,0,0,0,69,0,17,1,616.0,0.0,0.0,0.2463768115942029,0.014492753623188406,8.927536231884059
2023,12,19393,WN,11697,15304,FLL,TPA,57,0,0,0,57,0,12,3,211.0,0.0,0.0,0.21052631578947367,0.05263157894736842,3.7017543859649122
2023,12,19393,WN,12173,12889,HNL,LAS,31,0,0,0,31,0,1,0,-576.0,0.0,0.0,0.03225806451612903,0.0,-18.580645161290324
2023,12,19393,WN,12173,12892,HNL,LAX,31,0,0,0,31,0,2,1,-547.0,0.0,0.0,0.06451612903225806,0.03225806451612903,-17.64516129032258
2023,12,19393,WN,12173,13796,HNL,OAK,62,0,0,0,62,0,4,3,-875.0,0.0,0.0,0.06451612903225806,0.04838709677419355,-14.112903225806452
2023,12,19393,WN,12173,14107,HNL,PHX,31,0,0,0,31,0,3,0,-367.0,0.0,0.0,0.0967741935483871,0.0,-11.838709677419354
2023,12,19393,WN,12173,14679,HNL,SAN,62,0,0,0,62,0,5,3,-632.0,0.0,0.0,0.08064516129032258,0.04838709677419355,-10.193548387096774
2023,12,19393,WN,12266,11292,IAH,DEN,98,1,0,0,97,0,11,2,-474.0,0.01020408163265306,0.0,0.1134020618556701,0.020618556701030927,-4.88659793814433
2023,12,19393,WN,12266,12889,IAH,LAS,88,0,0,0,88,0,12,2,-277.0,0.0,0.0,0.13636363636363635,0.022727272727272728,-3.147727272727273
2023,12,19393,WN,12266,13204,IAH,MCO,33,0,0,0,33,0,3,1,-195.0,0.0,0.0,0.09090909090909091,0.030303030303030304,-5.909090909090909
2023,12,19393,WN,12266,13232,IAH,MDW,85,2,2,0,81,0,7,2,-122.0,0.023529411764705882,0.023529411764705882,0.08641975308641975,0.024691358024691357,-1.5061728395061729
2023,12,19393,WN,12889,10397,LAS,ATL,60,0,0,0,60,0,9,0,115.0,0.0,0.0,0.15,0.0,1.9166666666666667
2023,12,19393,WN,12889,10821,LAS,BWI,124,1,0,0,123,0,30,5,901.0,0.008064516129032258,0.0,0.24390243902439024,0.04065040650406504,7.32520325203252
2023,12,19393,WN,12889,11292,LAS,DEN,340,3,0,0,337,0,49,8,-15.0,0.008823529411764706,0.0,0.14540059347181009,0.02373887240356083,-0.04451038575667656
2023,12,19393,WN,12889,12173,LAS,HNL,31,0,1,0,30,0,5,0,35.0,0.0,0.03225806451612903,0.16666666666666666,0.0,1.1666666666666667
2023,12,19393,WN,12889,12266,LAS,IAH,88,0,0,0,88,0,18,2,316.0,0.0,0.0,0.20454545454545456,0.022727272727272728,3.590909090909091
2023,12,19393,WN,12889,12892,LAS,LAX,236,0,0,0,236,0,59,11,1433.0,0.0,0.0,0.25,0.046610169491525424,6.072033898305085
2023,12,19393,WN,12889,13204,LAS,MCO,37,0,0,0,37,0,16,7,618.0,0.0,0.0,0.43243243243243246,0.1891891891891892,16.7027027027027
2023,12,19393,WN,12889,13232,LAS,MDW,253,4,2,0,247,0,49,11,1156.0,0.015810276679841896,0.007905138339920948,0.19838056680161945,0.044534412955465584,4.680161943319838
2023,12,19393,WN,12889,13487,LAS,MSP,31,0,0,0,31,0,12,4,485.0,0.0,0.0,0.3870967741935484,0.12903225806451613,15.64516129032258
2023,12,19393,WN,12889,13796,LAS,OAK,334,3,2,0,329,0,58,11,617.0,0.008982035928143712,0.005988023952095809,0.1762917933130699,0.03343465045592705,1.8753799392097263
2023,12,19393,WN,12889,13930,LAS,ORD,62,0,0,0,62,0,6,2,-333.0,0.0,0.0,0.0967741935483871,0.03225806451612903,-5.370967741935484
2023,12,19393,WN,12889,14107,LAS,PHX,309,1,0,0,308,0,55,14,821.0,0.003236245954692557,0.0,0.17857142857142858,0.045454545454545456,2.6655844155844157
2023,12,19393,WN,12889,14679,LAS,SAN,372,1,0,0,371,0,50,11,282.0,0.002688172043010753,0.0,0.1347708894878706,0.029649595687331536,0.7601078167115903
2023,12,19393,WN,12889,14747,LAS,SEA,88,0,0,0,88,0,25,5,372.0,0.0,0.0,0.2840909090909091,0.056818181818181816,4.2272727272727275
2023,12,19393,WN,12889,14771,LAS,SFO,119,0,1,0,118,0,35,14,1698.0,0.0,0.008403361344537815,0.2966101694915254,0.11864406779661017,14.389830508474576
2023,12,19393,WN,12889,14869,LAS,SLC,147,1,0,0,146,0,21,5,-137.0,0.006802721088435374,0.0,0.14383561643835616,0.03424657534246575,-0.9383561643835616
2023,12,19393,WN,12889,15016,LAS,STL,150,0,0,0,150,0,29,7,814.0,0.0,0.0,0.19333333333333333,0.04666666666666667,5.426666666666667
2023,12,19393,WN,12889,15304,LAS,TPA,34,0,0,0,34,0,8,1,203.0,0.0,0.0,0.23529411764705882,0.029411764705882353,5.970588235294118
2023,12,19393,WN,12892,10821,LAX,BWI,62,0,0,0,62,0,16,3,546.0,0.0,0.0,0.25806451612903225,0.04838709677419355,8.806451612903226
2023,12,19393,WN,12892,11292,LAX,DEN,208,3,0,0,205,0,35,8,280.0,0.014423076923076924,0.0,0.17073170731707318,0.03902439024390244,1.3658536585365855
2023,12,19393,WN,12892,12173,LAX,HNL,31,0,0,0,31,0,7,0,129.0,0.0,0.0,0.22580645161290322,0.0,4.161290322580645
2023,12,19393,WN,12892,12889,LAX,LAS,236,1,0,0,235,0,55,16,2046.0,0.00423728813559322,0.0,0.23404255319148937,0.06808510638297872,8.706382978723404
2023,12,19393,WN,12892,13232,LAX,MDW,119,1,1,0,117,0,34,8,1115.0,0.008403361344537815,0.008403361344537815,0.2905982905982906,0.06837606837606838,9.52991452991453
2023,12,19393,WN,12892,13796,LAX,OAK,238,4,0,0,234,0,44,11,459.0,0.01680672268907563,0.0,0.18803418803418803,0.04700854700854701,1.9615384615384615
2023,12,19393,WN,12892,14107,LAX,PHX,181,1,1,0,179,0,31,6,760.0,0.0055248618784530384,0.0055248618784530384,0.17318435754189945,0.0335195530726257,4.245810055865922
2023,12,19393,WN,12892,14771,LAX,SFO,121,1,0,0,120,0,40,10,1734.0,0.008264462809917356,0.0,0.3333333333333333,0.08333333333333333,14.45
2023,12,19393,WN,12892,14869,LAX,SLC,31,0,0,0,31,0,4,0,10.0,0.0,0.0,0.12903225806451613,0.0,0.3225806451612903
2023,12,19393,WN,12892,15016,LAX,STL,88,0,0,0,88,0,23,4,684.0,0.0,0.0,0.26136363636363635,0.045454545454545456,7.7727272727272725
2023,12,19393,WN,12953,10397,LGA,ATL,119,0,0,0,119,0,21,7,420.0,0.0,0.0,0.17647058823529413,0.058823529411764705,3.5294117647058822
2023,12,19393,WN,12953,11292,LGA,DEN,114,1,0,0,113,0,15,3,-1678.0,0.008771929824561403,0.0,0.13274336283185842,0.02654867256637168,-14.849557522123893
2023,12,19393,WN,12953,13232,LGA,MDW,226,4,3,0,219,0,36,11,-39.0,0.017699115044247787,0.01327433628318584,0.1643835616438356,0.0502283105022831,-0.1780821917808219
2023,12,19393,WN,12953,15016,LGA,STL,117,2,0,0,115,0,17,2,-647.0,0.017094017094017096,0.0,0.14782608695652175,0.017391304347826087,-5.626086956521739
2023,12,19393,WN,12953,15304,LGA,TPA,31,0,0,0,31,0,11,1,338.0,0.0,0.0,0.3548387096774194,0.03225806451612903,10.903225806451612
2023,12,19393,WN,13204,10397,MCO,ATL,181,1,0,0,180,0,38,14,1623.0,0.0055248618784530384,0.0,0.2111111111111111,0.07777777777777778,9.016666666666667
2023,12,19393,WN,13204,10821,MCO,BWI,338,2,0,0,336,0,59,15,622.0,0.005917159763313609,0.0,0.17559523809523808,0.044642857142857144,1.8511904761904763
2023,12,19393,WN,13204,11278,MCO,DCA,93,0,0,0,93,0,20,6,700.0,0.0,0.0,0.21505376344086022,0.06451612903225806,7.526881720430108
2023,12,19393,WN,13204,11292,MCO,DEN,161,0,0,0,161,0,31,5,386.0,0.0,0.0,0.19254658385093168,0.031055900621118012,2.3975155279503104
2023,12,19393,WN,13204,11697,MCO,FLL,60,0,0,0,60,0,14,3,440.0,0.0,0.0,0.23333333333333334,0.05,7.333333333333333
2023,12,19393,WN,13204,12266,MCO,IAH,33,0,0,0,33,0,5,1,-85.0,0.0,0.0,0.15151515151515152,0.030303030303030304,-2.5757575757575757
2023,12,19393,WN,13204,12889,MCO,LAS,37,0,0,0,37,0,10,4,572.0,0.0,0.0,0.2702702702702703,0.10810810810810811,15.45945945945946
2023,12,19393,WN,13204,13232,MCO,MDW,248,6,2,0,240,0,52,11,581.0,0.024193548387096774,0.008064516129032258,0.21666666666666667,0.04583333333333333,2.4208333333333334
2023,12,19393,WN,13204,13930,MCO,ORD,68,1,0,0,67,0,11,3,-2.0,0.014705882352941176,0.0,0.16417910447761194,0.04477611940298507,-0.029850746268656716
2023,12,19393,WN,13204,14100,MCO,PHL,53,0,0,0,53,0,11,5,463.0,0.0,0.0,0.20754716981132076,0.09433962264150944,8.735849056603774
2023,12,19393,WN,13204,14107,MCO,PHX,34,0,0,0,34,0,14,1,617.0,0.0,0.0,0.4117647058823529,0.029411764705882353,18.147058823529413
2023,12,19393,WN,13204,14635,MCO,RSW,31,1,1,0,29,0,11,2,484.0,0.03225806451612903,0.03225806451612903,0.3793103448275862,0.06896551724137931,16.689655172413794
2023,12,19393,WN,13204,15016,MCO,STL,160,1,0,0,159,0,34,11,1129.0,0.00625,0.0,0.2138364779874214,0.06918238993710692,7.10062893081761
2023,12,19393,WN,13232,10397,MDW,ATL,152,4,0,0,148,0,31,5,985.0,0.02631578947368421,0.0,0.20945945945945946,0.033783783783783786,6.655405405405405
2023,12,19393,WN,13232,10721,MDW,BOS,101,4,1,0,96,0,21,6,787.0,0.039603960396039604,0.009900990099009901,0.21875,0.0625,8.197916666666666
2023,12,19393,WN,13232,10821,MDW,BWI,153,5,0,0,148,0,34,9,1417.0,0.032679738562091505,0.0,0.22972972972972974,0.060810810810810814,9.574324324324325
2023,12,19393,WN,13232,11278,MDW,DCA,180,6,0,0,174,0,34,8,607.0,0.03333333333333333,0.0,0.19540229885057472,0.04597701149425287,3.4885057471264367
2023,12,19393,WN,13232,11292,MDW,DEN,265,8,0,0,257,0,23,7,-2033.0,0.03018867924528302,0.0,0.08949416342412451,0.027237354085603113,-7.910505836575876
2023,12,19393,WN,13232,11433,MDW,DTW,88,1,0,0,87,0,12,5,453.0,0.011363636363636364,0.0,0.13793103448275862,0.05747126436781609,5.206896551724138
2023,12,19393,WN,13232,11697,MDW,FLL,101,3,1,0,97,0,29,8,1204.0,0.0297029702970297,0.009900990099009901,0.29896907216494845,0.08247422680412371,12.412371134020619
2023,12,19393,WN,13232,12266,MDW,IAH,85,2,0,0,83,0,9,3,-122.0,0.023529411764705882,0.0,0.10843373493975904,0.03614457831325301,-1.4698795180722892
2023,12,19393,WN,13232,12889,MDW,LAS,253,9,0,0,244,0,19,6,-2171.0,0.03557312252964427,0.0,0.0778688524590164,0.02459016393442623,-8.897540983606557
2023,12,19393,WN,13232,12892,MDW,LAX,119,4,0,0,115,0,10,4,-1076.0,0.03361344537815126,0.0,0.08695652173913043,0.034782608695652174,-9.356521739130434
2023,12,19393,WN,13232,12953,MDW,LGA,226,3,1,0,222,0,51,11,1771.0,0.01327433628318584,0.004424778761061947,0.22972972972972974,0.04954954954954955,7.9774774774774775
2023,12,19393,WN,13232,13204,MDW,MCO,248,6,0,0,242,0,57,16,2378.0,0.024193548387096774,0.0,0.23553719008264462,0.06611570247933884,9.826446280991735
2023,12,19393,WN,13232,13303,MDW,MIA,64,3,0,0,61,0,11,2,-14.0,0.046875,0.0,0.18032786885245902,0.03278688524590164,-0.22950819672131148
2023,12,19393,WN,13232,13487,MDW,MSP,204,8,0,0,196,0,22,1,-1012.0,0.0392156862745098,0.0,0.11224489795918367,0.00510204081632653,-5.163265306122449
2023,12,19393,WN,13232,13796,MDW,OAK,62,3,0,0,59,0,6,0,-802.0,0.04838709677419355,0.0,0.1016949152542373,0.0,-13.59322033898305
2023,12,19393,WN,13232,14100,MDW,PHL,121,3,0,0,118,0,32,10,1550.0,0.024793388429752067,0.0,0.2711864406779661,0.0847457627118644,13.135593220338983
2023,12,19393,WN,13232,14107,MDW,PHX,240,9,1,0,230,0,27,6,-2272.0,0.0375,0.004166666666666667,0.11739130434782609,0.02608695652173913,-9.878260869565217
2023,12,19393,WN,13232,14635,MDW,RSW,98,3,2,0,93,0,27,5,1044.0,0.030612244897959183,0.02040816326530612,0.2903225806451613,0.053763440860215055,11.225806451612904
2023,12,19393,WN,13232,14679,MDW,SAN,90,3,0,0,87,0,7,1,-1476.0,0.03333333333333333,0.0,0.08045977011494253,0.011494252873563218,-16.96551724137931
2023,12,19393,WN,13232,14747,MDW,SEA,31,0,0,0,31,0,3,1,-324.0,0.0,0.0,0.0967741935483871,0.03225806451612903,-10.451612903225806
2023,12,19393,WN,13232,14869,MDW,SLC,57,1,0,0,56,0,6,3,160.0,0.017543859649122806,0.0,0.10714285714285714,0.05357142857142857,2.857142857142857
2023,12,19393,WN,13232,15016,MDW,STL,178,6,0,0,172,0,16,9,439.0,0.033707865168539325,0.0,0.09302325581395349,0.05232558139534884,2.552325581395349
2023,12,19393,WN,13232,15304,MDW,TPA,126,5,0,0,121,0,26,6,962.0,0.03968253968253968,0.0,0.21487603305785125,0.049586776859504134,7.950413223140496
2023,12,19393,WN,13303,10397,MIA,ATL,88,0,0,0,88,0,19,3,141.0,0.0,0.0,0.2159090909090909,0.03409090909090909,1.6022727272727273
2023,12,19393,WN,13303,10821,MIA,BWI,132,0,0,0,132,0,33,9,1061.0,0.0,0.0,0.25,0.06818181818181818,8.037878787878787
2023,12,19393,WN,13303,11292,MIA,DEN,5,0,0,0,5,0,0,0,16.0,0.0,0.0,0.0,0.0,3.2
2023,12,19393,WN,13303,13232,MIA,MDW,64,2,0,0,62,0,8,2,241.0,0.03125,0.0,0.12903225806451613,0.03225806451612903,3.8870967741935485
2023,12,19393,WN,13303,15016,MIA,STL,36,0,0,0,36,0,10,3,292.0,0.0,0.0,0.2777777777777778,0.08333333333333333,8.11111111111111
2023,12,19393,WN,13487,10821,MSP,BWI,37,1,0,0,36,0,5,0,-41.0,0.02702702702702703,0.0,0.1388888888888889,0.0,-1.1388888888888888
2023,12,19393,WN,13487,11292,MSP,DEN,210,2,0,0,208,0,17,5,-3039.0,0.009523809523809525,0.0,0.08173076923076923,0.02403846153846154,-14.610576923076923
2023,12,19393,WN,13487,12889,MSP,LAS,31,0,0,0,31,0,3,2,-439.0,0.0,0.0,0.0967741935483871,0.06451612903225806,-14.161290322580646
2023,12,19393,WN,13487,13232,MSP,MDW,204,6,0,0,198,0,26,4,-899.0,0.029411764705882353,0.0,0.13131313131313133,0.020202020202020204,-4.540404040404041
2023,12,19393,WN,13487,14107,MSP,PHX,31,1,0,0,30,0,0,0,-1048.0,0.03225806451612903,0.0,0.0,0.0,-34.93333333333333
2023,12,19393,WN,13487,15016,MSP,STL,57,0,0,0,57,0,4,0,-784.0,0.0,0.0,0.07017543859649122,0.0,-13.75438596491228
2023,12,19393,WN,13796,10821,OAK,BWI,31,0,0,0,31,0,10,1,272.0,0.0,0.0,0.3225806451612903,0.03225806451612903,8.774193548387096
2023,12,19393,WN,13796,11292,OAK,DEN,180,0,0,0,180,0,29,7,796.0,0.0,0.0,0.16111111111111112,0.03888888888888889,4.4222222222222225
2023,12,19393,WN,13796,12173,OAK,HNL,62,0,0,0,62,0,23,6,852.0,0.0,0.0,0.3709677419354839,0.0967741935483871,13.741935483870968
2023,12,19393,WN,13796,12889,OAK,LAS,334,3,0,0,331,0,66,18,2255.0,0.008982035928143712,0.0,0.19939577039274925,0.054380664652567974,6.812688821752266
2023,12,19393,WN,13796,12892,OAK,LAX,238,5,0,0,233,0,49,12,717.0,0.02100840336134454,0.0,0.21030042918454936,0.05150214592274678,3.07725321888412
2023,12,19393,WN,13796,13232,OAK,MDW,62,1,0,0,61,0,15,1,385.0,0.016129032258064516,0.0,0.2459016393442623,0.01639344262295082,6.311475409836065
2023,12,19393,WN,13796,14107,OAK,PHX,183,0,0,0,183,0,39,7,1541.0,0.0,0.0,0.21311475409836064,0.03825136612021858,8.420765027322405
2023,12,19393,WN,13796,14679,OAK,SAN,299,1,0,0,298,0,59,20,1582.0,0.0033444816053511705,0.0,0.19798657718120805,0.06711409395973154,5.308724832214765
2023,12,19393,WN,13796,14747,OAK,SEA,121,0,0,0,121,0,24,2,120.0,0.0,0.0,0.19834710743801653,0.01652892561983471,0.9917355371900827
2023,12,19393,WN,13796,14869,OAK,SLC,90,0,0,0,90,0,19,3,417.0,0.0,0.0,0.2111111111111111,0.03333333333333333,4.633333333333334
2023,12,19393,WN,13796,15016,OAK,STL,28,0,0,0,28,0,6,1,185.0,0.0,0.0,0.21428571428571427,0.03571428571428571,6.607142857142857
2023,12,19393,WN,13930,10821,ORD,BWI,110,0,0,0,110,0,24,7,1035.0,0.0,0.0,0.21818181818181817,0.06363636363636363,9.409090909090908
2023,12,19393,WN,13930,11292,ORD,DEN,180,1,0,0,179,0,25,11,-803.0,0.005555555555555556,0.0,0.13966480446927373,0.061452513966480445,-4.4860335195530725
2023,12,19393,WN,13930,12889,ORD,LAS,62,0,0,0,62,0,13,5,155.0,0.0,0.0,0.20967741935483872,0.08064516129032258,2.5
2023,12,19393,WN,13930,13204,ORD,MCO,68,0,0,0,68,0,29,6,1063.0,0.0,0.0,0.4264705882352941,0.08823529411764706,15.632352941176471
2023,12,19393,WN,13930,14107,ORD,PHX,93,0,0,0,93,0,16,6,-512.0,0.0,0.0,0.17204301075268819,0.06451612903225806,-5.505376344086022
2023,12,19393,WN,13930,14635,ORD,RSW,8,0,0,0,8,0,5,2,221.0,0.0,0.0,0.625,0.25,27.625
2023,12,19393,WN,13930,15304,ORD,TPA,31,0,0,0,31,0,14,3,527.0,0.0,0.0,0.45161290322580644,0.0967741935483871,17.0
2023,12,19393,WN,14100,10397,PHL,ATL,68,0,0,0,68,0,20,7,1017.0,0.0,0.0,0.29411764705882354,0.10294117647058823,14.955882352941176
2023,12,19393,WN,14100,11292,PHL,DEN,59,0,0,0,59,0,9,0,-358.0,0.0,0.0,0.15254237288135594,0.0,-6.067796610169491
2023,12,19393,WN,14100,13204,PHL,MCO,53,0,0,0,53,0,24,7,1260.0,0.0,0.0,0.4528301886792453,0.1320754716981132,23.77358490566038
2023,12,19393,WN,14100,13232,PHL,MDW,121,3,2,0,116,0,23,10,1099.0,0.024793388429752067,0.01652892561983471,0.19827586206896552,0.08620689655172414,9.474137931034482
2023,12,19393,WN,14100,15016,PHL,STL,68,1,2,0,65,0,19,4,798.0,0.014705882352941176,0.029411764705882353,0.2923076923076923,0.06153846153846154,12.276923076923078
2023,12,19393,WN,14100,15304,PHL,TPA,11,0,0,0,11,0,6,1,228.0,0.0,0.0,0.5454545454545454,0.09090909090909091,20.727272727272727
2023,12,19393,WN,14107,10397,PHX,ATL,33,0,0,0,33,0,5,1,102.0,0.0,0.0,0.15151515151515152,0.030303030303030304,3.090909090909091
2023,12,19393,WN,14107,10821,PHX,BWI,90,0,0,0,90,0,17,4,507.0,0.0,0.0,0.18888888888888888,0.044444444444444446,5.633333333333334
2023,12,19393,WN,14107,11292,PHX,DEN,380,2,0,0,378,0,60,7,842.0,0.005263157894736842,0.0,0.15873015873015872,0.018518518518518517,2.2275132275132274
2023,12,19393,WN,14107,11433,PHX,DTW,5,0,0,0,5,0,1,0,24.0,0.0,0.0,0.2,0.0,4.8
2023,12,19393,WN,14107,12173,PHX,HNL,31,0,3,0,28,0,4,0,-61.0,0.0,0.0967741935483871,0.14285714285714285,0.0,-2.1785714285714284
2023,12,19393,WN,14107,12889,PHX,LAS,309,3,0,0,306,0,56,11,1050.0,0.009708737864077669,0.0,0.1830065359477124,0.03594771241830065,3.4313725490196076
2023,12,19393,WN,14107,12892,PHX,LAX,181,0,0,0,181,0,35,4,280.0,0.0,0.0,0.19337016574585636,0.022099447513812154,1.5469613259668509
2023,12,19393,WN,14107,13204,PHX,MCO,34,0,0,0,34,0,8,3,290.0,0.0,0.0,0.23529411764705882,0.08823529411764706,8.529411764705882
2023,12,19393,WN,14107,13232,PHX,MDW,240,4,3,0,233,0,47,12,1268.0,0.016666666666666666,0.0125,0.2017167381974249,0.05150214592274678,5.44206008583691
2023,12,19393,WN,14107,13487,PHX,MSP,31,0,0,0,31,0,12,0,217.0,0.0,0.0,0.3870967741935484,0.0,7.0
2023,12,19393,WN,14107,13796,PHX,OAK,183,0,1,0,182,0,41,8,1110.0,0.0,0.00546448087431694,0.22527472527472528,0.04395604395604396,6.0989010989010985
2023,12,19393,WN,14107,13930,PHX,ORD,93,0,0,0,93,0,23,2,226.0,0.0,0.0,0.24731182795698925,0.021505376344086023,2.4301075268817205
2023,12,19393,WN,14107,14679,PHX,SAN,295,3,0,0,292,0,45,9,133.0,0.010169491525423728,0.0,0.1541095890410959,0.030821917808219176,0.4554794520547945
2023,12,19393,WN,14107,14747,PHX,SEA,73,0,1,0,72,0,20,2,306.0,0.0,0.0136986301369863,0.2777777777777778,0.027777777777777776,4.25
2023,12,19393,WN,14107,14771,PHX,SFO,92,0,0,0,92,0,28,7,1008.0,0.0,0.0,0.30434782608695654,0.07608695652173914,10.956521739130435
2023,12,19393,WN,14107,14869,PHX,SLC,147,2,0,0,145,0,14,2,-635.0,0.013605442176870748,0.0,0.09655172413793103,0.013793103448275862,-4.379310344827586
2023,12,19393,WN,14107,15016,PHX,STL,121,0,0,0,121,0,21,3,598.0,0.0,0.0,0.17355371900826447,0.024793388429752067,4.9421487603305785
2023,12,19393,WN,14107,15304,PHX,TPA,31,0,0,0,31,0,7,1,200.0,0.0,0.0,0.22580645161290322,0.03225806451612903,6.451612903225806
2023,12,19393,WN,14635,10397,RSW,ATL,68,0,0,0,68,0,15,4,676.0,0.0,0.0,0.22058823529411764,0.058823529411764705,9.941176470588236
2023,12,19393,WN,14635,10821,RSW,BWI,126,0,0,0,126,0,27,5,772.0,0.0,0.0,0.21428571428571427,0.03968253968253968,6.126984126984127
2023,12,19393,WN,14635,11292,RSW,DEN,5,0,0,0,5,0,0,0,-55.0,0.0,0.0,0.0,0.0,-11.0
2023,12,19393,WN,14635,13204,RSW,MCO,31,1,0,0,30,0,3,2,213.0,0.03225806451612903,0.0,0.1,0.06666666666666667,7.1
2023,12,19393,WN,14635,13232,RSW,MDW,98,2,1,0,95,0,15,8,863.0,0.02040816326530612,0.01020408163265306,0.15789473684210525,0.08421052631578947,9.08421052631579
2023,12,19393,WN,14635,13930,RSW,ORD,8,0,1,0,7,0,6,3,421.0,0.0,0.125,0.8571428571428571,0.42857142857142855,60.142857142857146
2023,12,19393,WN,14635,15016,RSW,STL,70,1,0,0,69,0,24,7,1499.0,0.014285714285714285,0.0,0.34782608695652173,0.10144927536231885,21.72463768115942
2023,12,19393,WN,14679,10397,SAN,ATL,5,0,0,0,5,0,0,0,-20.0,0.0,0.0,0.0,0.0,-4.0
2023,12,19393,WN,14679,10821,SAN,BWI,68,0,0,0,68,0,16,2,416.0,0.0,0.0,0.23529411764705882,0.029411764705882353,6.117647058823529
2023,12,19393,WN,14679,11292,SAN,DEN,220,1,0,0,219,0,24,6,373.0,0.004545454545454545,0.0,0.1095890410958904,0.0273972602739726,1.7031963470319635
2023,12,19393,WN,14679,12173,SAN,HNL,62,0,0,0,62,0,14,3,201.0,0.0,0.0,0.22580645161290322,0.04838709677419355,3.2419354838709675
2023,12,19393,WN,14679,12889,SAN,LAS,372,1,0,0,371,0,56,16,-426.0,0.002688172043010753,0.0,0.1509433962264151,0.0431266846361186,-1.1482479784366577
2023,12,19393,WN,14679,13232,SAN,MDW,90,1,1,0,88,0,9,4,-40.0,0.011111111111111112,0.011111111111111112,0.10227272727272728,0.045454545454545456,-0.45454545454545453
2023,12,19393,WN,14679,13796,SAN,OAK,299,4,1,0,294,0,40,11,234.0,0.013377926421404682,0.0033444816053511705,0.1360544217687075,0.03741496598639456,0.7959183673469388
2023,12,19393,WN,14679,14107,SAN,PHX,295,3,0,0,292,0,30,8,-373.0,0.010169491525423728,0.0,0.10273972602739725,0.0273972602739726,-1.2773972602739727
2023,12,19393,WN,14679,14771,SAN,SFO,147,0,0,0,147,0,43,15,1613.0,0.0,0.0,0.2925170068027211,0.10204081632653061,10.97278911564626
2023,12,19393,WN,14679,14869,SAN,SLC,39,0,0,0,39,0,5,1,-147.0,0.0,0.0,0.1282051282051282,0.02564102564102564,-3.769230769230769
2023,12,19393,WN,14679,15016,SAN,STL,37,0,0,0,37,0,8,2,303.0,0.0,0.0,0.21621621621621623,0.05405405405405406,8.18918918918919
2023,12,19393,WN,14747,11292,SEA,DEN,124,1,0,0,123,0,25,4,688.0,0.008064516129032258,0.0,0.2032520325203252,0.032520325203252036,5.59349593495935
2023,12,19393,WN,14747,12889,SEA,LAS,88,0,0,0,88,0,16,3,198.0,0.0,0.0,0.18181818181818182,0.03409090909090909,2.25
2023,12,19393,WN,14747,13232,SEA,MDW,31,0,0,0,31,0,7,1,204.0,0.0,0.0,0.22580645161290322,0.03225806451612903,6.580645161290323
2023,12,19393,WN,14747,13796,SEA,OAK,121,0,1,0,120,0,19,3,99.0,0.0,0.008264462809917356,0.15833333333333333,0.025,0.825
2023,12,19393,WN,14747,14107,SEA,PHX,73,0,0,0,73,0,18,2,378.0,0.0,0.0,0.2465753424657534,0.0273972602739726,5.178082191780822
2023,12,19393,WN,14771,11292,SFO,DEN,147,0,0,0,147,0,53,16,2679.0,0.0,0.0,0.36054421768707484,0.10884353741496598,18.224489795918366
2023,12,19393,WN,14771,12889,SFO,LAS,119,0,0,0,119,0,37,12,1589.0,0.0,0.0,0.31092436974789917,0.10084033613445378,13.352941176470589
2023,12,19393,WN,14771,12892,SFO,LAX,121,1,0,0,120,0,41,19,1935.0,0.008264462809917356,0.0,0.3416666666666667,0.15833333333333333,16.125
2023,12,19393,WN,14771,14107,SFO,PHX,92,0,0,0,92,0,23,3,518.0,0.0,0.0,0.25,0.03260869565217391,5.630434782608695
2023,12,19393,WN,14771,14679,SFO,SAN,147,0,0,0,147,0,32,13,1539.0,0.0,0.0,0.21768707482993196,0.08843537414965986,10.46938775510204
2023,12,19393,WN,14869,10821,SLC,BWI,31,0,0,0,31,0,11,0,305.0,0.0,0.0,0.3548387096774194,0.0,9.838709677419354
2023,12,19393,WN,14869,11292,SLC,DEN,235,2,0,0,233,0,33,0,-885.0,0.00851063829787234,0.0,0.14163090128755365,0.0,-3.7982832618025753
2023,12,19393,WN,14869,12889,SLC,LAS,147,0,0,0,147,0,31,7,321.0,0.0,0.0,0.2108843537414966,0.047619047619047616,2.183673469387755
2023,12,19393,WN,14869,12892,SLC,LAX,31,0,0,0,31,0,8,2,58.0,0.0,0.0,0.25806451612903225,0.06451612903225806,1.8709677419354838
2023,12,19393,WN,14869,13232,SLC,MDW,57,2,2,0,53,0,8,1,85.0,0.03508771929824561,0.03508771929824561,0.1509433962264151,0.018867924528301886,1.6037735849056605
2023,12,19393,WN,14869,13796,SLC,OAK,90,0,1,0,89,0,9,2,-567.0,0.0,0.011111111111111112,0.10112359550561797,0.02247191011235955,-6.370786516853933
2023,12,19393,WN,14869,14107,SLC,PHX,147,2,0,0,145,0,24,3,-779.0,0.013605442176870748,0.0,0.16551724137931034,0.020689655172413793,-5.372413793103449
2023,12,19393,WN,14869,14679,SLC,SAN,39,0,1,0,38,0,2,0,-307.0,0.0,0.02564102564102564,0.05263157894736842,0.0,-8.078947368421053
2023,12,19393,WN,15016,10397,STL,ATL,144,0,0,0,144,0,28,6,1191.0,0.0,0.0,0.19444444444444445,0.041666666666666664,8.270833333333334
2023,12,19393,WN,15016,10721,STL,BOS,70,0,1,0,69,0,27,6,1142.0,0.0,0.014285714285714285,0.391304347826087,0.08695652173913043,16.55072463768116
2023,12,19393,WN,15016,10821,STL,BWI,95,0,0,0,95,0,25,3,555.0,0.0,0.0,0.2631578947368421,0.031578947368421054,5.842105263157895
2023,12,19393,WN,15016,11278,STL,DCA,118,0,0,0,118,0,31,7,994.0,0.0,0.0,0.2627118644067797,0.059322033898305086,8.423728813559322
2023,12,19393,WN,15016,11292,STL,DEN,217,1,0,0,216,0,17,4,-1222.0,0.004608294930875576,0.0,0.0787037037037037,0.018518518518518517,-5.657407407407407
2023,12,19393,WN,15016,11433,STL,DTW,57,0,0,0,57,0,8,1,270.0,0.0,0.0,0.14035087719298245,0.017543859649122806,4.7368421052631575
2023,12,19393,WN,15016,11697,STL,FLL,69,0,0,0,69,0,20,5,897.0,0.0,0.0,0.2898550724637681,0.07246376811594203,13.0
2023,12,19393,WN,15016,12889,STL,LAS,150,0,0,0,150,0,13,4,-1187.0,0.0,0.0,0.08666666666666667,0.02666666666666667,-7.913333333333333
2023,12,19393,WN,15016,12892,STL,LAX,88,0,0,0,88,0,14,0,-577.0,0.0,0.0,0.1590909090909091,0.0,-6.556818181818182
2023,12,19393,WN,15016,12953,STL,LGA,117,1,0,0,116,0,33,10,1432.0,0.008547008547008548,0.0,0.28448275862068967,0.08620689655172414,12.344827586206897
2023,12,19393,WN,15016,13204,STL,MCO,160,1,0,0,159,0,32,11,1107.0,0.00625,0.0,0.20125786163522014,0.06918238993710692,6.962264150943396
2023,12,19393,WN,15016,13232,STL,MDW,178,6,0,0,172,0,28,10,853.0,0.033707865168539325,0.0,0.16279069767441862,0.05813953488372093,4.959302325581396
2023,12,19393,WN,15016,13303,STL,MIA,36,0,0,0,36,0,9,3,535.0,0.0,0.0,0.25,0.08333333333333333,14.86111111111111
2023,12,19393,WN,15016,13487,STL,MSP,57,0,0,0,57,0,8,0,-66.0,0.0,0.0,0.14035087719298245,0.0,-1.1578947368421053
2023,12,19393,WN,15016,13796,STL,OAK,28,0,0,0,28,0,3,1,-229.0,0.0,0.0,0.10714285714285714,0.03571428571428571,-8.178571428571429
2023,12,19393,WN,15016,14100,STL,PHL,68,1,0,0,67,0,30,3,1067.0,0.014705882352941176,0.0,0.44776119402985076,0.04477611940298507,15.925373134328359
2023,12,19393,WN,15016,14107,STL,PHX,121,0,0,0,121,0,18,3,-514.0,0.0,0.0,0.1487603305785124,0.024793388429752067,-4.24793388429752
2023,12,19393,WN,15016,14635,STL,RSW,70,0,1,0,69,0,24,4,825.0,0.0,0.014285714285714285,0.34782608695652173,0.057971014492753624,11.956521739130435
2023,12,19393,WN,15016,14679,STL,SAN,37,0,0,0,37,0,5,1,-76.0,0.0,0.0,0.13513513513513514,0.02702702702702703,-2.054054054054054
2023,12,19393,WN,15016,15304,STL,TPA,95,1,1,0,93,0,22,2,426.0,0.010526315789473684,0.010526315789473684,0.23655913978494625,0.021505376344086023,4.580645161290323
2023,12,19393,WN,15304,10397,TPA,ATL,150,1,0,0,149,0,28,6,541.0,0.006666666666666667,0.0,0.18791946308724833,0.040268456375838924,3.6308724832214767
2023,12,19393,WN,15304,10821,TPA,BWI,239,0,0,0,239,0,46,12,829.0,0.0,0.0,0.19246861924686193,0.0502092050209205,3.4686192468619246
2023,12,19393,WN,15304,11278,TPA,DCA,62,0,0,0,62,0,12,4,300.0,0.0,0.0,0.1935483870967742,0.06451612903225806,4.838709677419355
2023,12,19393,WN,15304,11292,TPA,DEN,119,0,0,0,119,0,23,7,296.0,0.0,0.0,0.19327731092436976,0.058823529411764705,2.4873949579831933
2023,12,19393,WN,15304,11697,TPA,FLL,57,1,0,0,56,0,11,3,458.0,0.017543859649122806,0.0,0.19642857142857142,0.05357142857142857,8.178571428571429
2023,12,19393,WN,15304,12889,TPA,LAS,34,0,0,0,34,0,13,0,330.0,0.0,0.0,0.38235294117647056,0.0,9.705882352941176
2023,12,19393,WN,15304,12953,TPA,LGA,31,0,0,0,31,0,2,0,-93.0,0.0,0.0,0.06451612903225806,0.0,-3.0
2023,12,19393,WN,15304,13232,TPA,MDW,126,3,2,0,121,0,33,7,1212.0,0.023809523809523808,0.015873015873015872,0.2727272727272727,0.05785123966942149,10.016528925619834
2023,12,19393,WN,15304,13930,TPA,ORD,31,0,0,0,31,0,3,1,-86.0,0.0,0.0,0.0967741935483871,0.03225806451612903,-2.774193548387097
2023,12,19393,WN,15304,14100,TPA,PHL,11,0,0,0,11,0,2,0,20.0,0.0,0.0,0.18181818181818182,0.0,1.8181818181818181
2023,12,19393,WN,15304,14107,TPA,PHX,31,0,0,0,31,0,7,1,260.0,0.0,0.0,0.22580645161290322,0.03225806451612903,8.387096774193548
2023,12,19393,WN,15304,15016,TPA,STL,95,0,0,0,95,0,14,3,137.0,0.0,0.0,0.14736842105263157,0.031578947368421054,1.4421052631578948
2023,12,19690,HA,10721,12173,BOS,HNL,17,0,0,0,17,0,5,2,142.0,0.0,0.0,0.29411764705882354,0.11764705882352941,8.352941176470589
2023,12,19690,HA,12173,10721,HNL,BOS,18,0,0,0,18,0,4,1,49.0,0.0,0.0,0.2222222222222222,0.05555555555555555,2.7222222222222223
2023,12,19690,HA,12173,12478,HNL,JFK,31,0,0,0,31,0,13,1,351.0,0.0,0.0,0.41935483870967744,0.03225806451612903,11.32258064516129
2023,12,19690,HA,12173,12889,HNL,LAS,92,0,1,0,91,0,9,3,-743.0,0.0,0.010869565217391304,0.0989010989010989,0.03296703296703297,-8.164835164835164
2023,12,19690,HA,12173,12892,HNL,LAX,93,0,0,0,93,0,14,4,-480.0,0.0,0.0,0.15053763440860216,0.043010752688172046,-5.161290322580645
2023,12,19690,HA,12173,13796,HNL,OAK,38,8,1,0,29,0,8,3,286.0,0.21052631578947367,0.02631578947368421,0.27586206896551724,0.10344827586206896,9.862068965517242
2023,12,19690,HA,12173,14107,HNL,PHX,31,0,0,0,31,0,3,1,0.0,0.0,0.0,0.0967741935483871,0.03225806451612903,0.0
2023,12,19690,HA,12173,14679,HNL,SAN,31,0,0,0,31,0,4,0,-291.0,0.0,0.0,0.12903225806451613,0.0,-9.387096774193548
2023,12,19690,HA,12173,14747,HNL,SEA,31,0,0,0,31,0,9,3,482.0,0.0,0.0,0.2903225806451613,0.0967741935483871,15.548387096774194
2023,12,19690,HA,12173,14771,HNL,SFO,31,0,0,0,31,0,9,2,171.0,0.0,0.0,0.2903225806451613,0.06451612903225806,5.516129032258065
2023,12,19690,HA,12478,12173,JFK,HNL,31,0,0,0,31,0,15,2,571.0,0.0,0.0,0.4838709677419355,0.06451612903225806,18.419354838709676
2023,12,19690,HA,12889,12173,LAS,HNL,93,0,0,0,93,0,28,7,2726.0,0.0,0.0,0.3010752688172043,0.07526881720430108,29.311827956989248
2023,12,19690,HA,12892,12173,LAX,HNL,93,1,0,0,92,0,38,3,1118.0,0.010752688172043012,0.0,0.41304347826086957,0.03260869565217391,12.152173913043478
2023,12,19690,HA,13796,12173,OAK,HNL,40,11,0,0,29,0,14,4,831.0,0.275,0.0,0.4827586206896552,0.13793103448275862,28.655172413793103
2023,12,19690,HA,14107,12173,PHX,HNL,31,0,0,0,31,0,14,1,652.0,0.0,0.0,0.45161290322580644,0.03225806451612903,21.032258064516128
2023,12,19690,HA,14679,12173,SAN,HNL,31,0,0,0,31,0,13,1,349.0,0.0,0.0,0.41935483870967744,0.03225806451612903,11.258064516129032
2023,12,19690,HA,14747,12173,SEA,HNL,31,0,0,0,31,0,8,2,348.0,0.0,0.0,0.25806451612903225,0.06451612903225806,11.225806451612904
2023,12,19690,HA,14771,12173,SFO,HNL,31,0,0,0,31,0,10,1,196.0,0.0,0.0,0.3225806451612903,0.03225806451612903,6.32258064516129
2023,12,19790,DL,10397,10721,ATL,BOS,305,0,3,0,302,0,20,8,-1959.0,0.0,0.009836065573770493,0.06622516556291391,0.026490066225165563,-6.486754966887418
2023,12,19790,DL,10397,10821,ATL,BWI,229,0,0,0,229,0,32,3,269.0,0.0,0.0,0.13973799126637554,0.013100436681222707,1.1746724890829694
2023,12,19790,DL,10397,11278,ATL,DCA,308,0,0,0,308,0,39,2,-772.0,0.0,0.0,0.1266233766233766,0.006493506493506494,-2.5064935064935066
2023,12,19790,DL,10397,11292,ATL,DEN,234,0,0,0,234,0,10,1,-3451.0,0.0,0.0,0.042735042735042736,0.004273504273504274,-14.747863247863247
2023,12,19790,DL,10397,11298,ATL,DFW,245,0,0,0,245,0,30,7,-771.0,0.0,0.0,0.12244897959183673,0.02857142857142857,-3.146938775510204
2023,12,19790,DL,10397,11433,ATL,DTW,302,0,0,0,302,0,35,4,-1575.0,0.0,0.0,0.11589403973509933,0.013245033112582781,-5.21523178807947
2023,12,19790,DL,10397,11618,ATL,EWR,242,0,0,0,242,0,23,6,-747.0,0.0,0.0,0.09504132231404959,0.024793388429752067,-3.0867768595041323
2023,12,19790,DL,10397,11697,ATL,FLL,377,0,1,0,376,0,75,15,1567.0,0.0,0.002652519893899204,0.19946808510638298,0.0398936170212766,4.167553191489362
2023,12,19790,DL,10397,12173,ATL,HNL,31,0,0,0,31,0,3,1,-349.0,0.0,0.0,0.0967741935483871,0.03225806451612903,-11.258064516129032
2023,12,19790,DL,10397,12266,ATL,IAH,176,0,0,0,176,0,14,3,-884.0,0.0,0.0,0.07954545454545454,0.017045454545454544,-5.0227272727272725
2023,12,19790,DL,10397,12478,ATL,JFK,211,0,0,0,211,0,32,7,-659.0,0.0,0.0,0.15165876777251186,0.03317535545023697,-3.123222748815166
2023,12,19790,DL,10397,12889,ATL,LAS,270,0,0,0,270,0,17,3,-3815.0,0.0,0.0,0.06296296296296296,0.011111111111111112,-14.12962962962963
2023,12,19790,DL,10397,12892,ATL,LAX,324,0,0,0,324,0,33,10,-3666.0,0.0,0.0,0.10185185185185185,0.030864197530864196,-11.314814814814815
2023,12,19790,DL,10397,12953,ATL,LGA,367,0,1,0,366,0,32,5,-2228.0,0.0,0.0027247956403269754,0.08743169398907104,0.01366120218579235,-6.087431693989071
2023,12,19790,DL,10397,13204,ATL,MCO,459,0,0,0,459,0,89,14,1835.0,0.0,0.0,0.19389978213507625,0.030501089324618737,3.997821350762527
2023,12,19790,DL,10397,13232,ATL,MDW,116,1,2,0,113,0,14,4,122.0,0.008620689655172414,0.017241379310344827,0.12389380530973451,0.035398230088495575,1.079646017699115
2023,12,19790,DL,10397,13303,ATL,MIA,293,0,0,0,293,0,85,15,2802.0,0.0,0.0,0.2901023890784983,0.051194539249146756,9.563139931740615
2023,12,19790,DL,10397,13487,ATL,MSP,254,0,0,0,254,0,19,4,-1992.0,0.0,0.0,0.07480314960629922,0.015748031496062992,-7.84251968503937
2023,12,19790,DL,10397,13930,ATL,ORD,186,0,0,0,186,0,29,3,307.0,0.0,0.0,0.15591397849462366,0.016129032258064516,1.6505376344086022
2023,12,19790,DL,10397,14100,ATL,PHL,220,0,0,0,220,0,19,3,-1012.0,0.0,0.0,0.08636363636363636,0.013636363636363636,-4.6
2023,12,19790,DL,10397,14107,ATL,PHX,204,0,0,0,204,0,24,6,-1202.0,0.0,0.0,0.11764705882352941,0.029411764705882353,-5.892156862745098
2023,12,19790,DL,10397,14635,ATL,RSW,247,0,1,0,246,0,37,4,-18.0,0.0,0.004048582995951417,0.15040650406504066,0.016260162601626018,-0.07317073170731707
2023,12,19790,DL,10397,14679,ATL,SAN,155,0,1,0,154,0,6,1,-2990.0,0.0,0.0064516129032258064,0.03896103896103896,0.006493506493506494,-19.415584415584416
2023,12,19790,DL,10397,14747,ATL,SEA,185,0,1,0,184,0,10,0,-4934.0,0.0,0.005405405405405406,0.05434782608695652,0.0,-26.815217391304348
2023,12,19790,DL,10397,14771,ATL,SFO,176,0,0,0,176,0,17,3,-2098.0,0.0,0.0,0.09659090909090909,0.017045454545454544,-11.920454545454545
2023,12,19790,DL,10397,14869,ATL,SLC,244,0,1,0,243,0,12,2,-3957.0,0.0,0.004098360655737705,0.04938271604938271,0.00823045267489712,-16.28395061728395
2023,12,19790,DL,10397,15016,ATL,STL,177,0,0,0,177,0,22,3,-538.0,0.0,0.0,0.12429378531073447,0.01694915254237288,-3.0395480225988702
2023,12,19790,DL,10397,15304,ATL,TPA,371,0,0,0,371,0,62,19,819.0,0.0,0.0,0.16711590296495957,0.05121293800539083,2.207547169811321
2023,12,19790,DL,10721,10397,BOS,ATL,303,0,0,0,303,0,26,9,-3442.0,0.0,0.0,0.0858085808580858,0.0297029702970297,-11.35973597359736
2023,12,19790,DL,10721,11292,BOS,DEN,31,0,0,0,31,0,1,0,-813.0,0.0,0.0,0.03225806451612903,0.0,-26.225806451612904
2023,12,19790,DL,10721,11298,BOS,DFW,90,0,0,0,90,0,7,3,-1247.0,0.0,0.0,0.07777777777777778,0.03333333333333333,-13.855555555555556
2023,12,19790,DL,10721,11433,BOS,DTW,141,0,0,0,141,0,17,8,-377.0,0.0,0.0,0.12056737588652482,0.05673758865248227,-2.673758865248227
2023,12,19790,DL,10721,11697,BOS,FLL,73,0,0,0,73,0,11,5,132.0,0.0,0.0,0.1506849315068493,0.0684931506849315,1.8082191780821917
2023,12,19790,DL,10721,12478,BOS,JFK,47,0,0,0,47,0,3,3,-258.0,0.0,0.0,0.06382978723404255,0.06382978723404255,-5.48936170212766
2023,12,19790,DL,10721,12889,BOS,LAS,47,0,0,0,47,0,2,0,-1004.0,0.0,0.0,0.0425531914893617,0.0,-21.361702127659573
2023,12,19790,DL,10721,12892,BOS,LAX,90,0,0,0,90,0,15,8,-397.0,0.0,0.0,0.16666666666666666,0.08888888888888889,-4.411111111111111
2023,12,19790,DL,10721,12953,BOS,LGA,41,0,1,0,40,0,5,3,221.0,0.0,0.024390243902439025,0.125,0.075,5.525
2023,12,19790,DL,10721,13204,BOS,MCO,101,0,0,0,101,0,14,3,-414.0,0.0,0.0,0.13861386138613863,0.0297029702970297,-4.099009900990099
2023,12,19790,DL,10721,13303,BOS,MIA,60,0,0,0,60,0,16,5,400.0,0.0,0.0,0.26666666666666666,0.08333333333333333,6.666666666666667
2023,12,19790,DL,10721,13487,BOS,MSP,148,0,0,0,148,0,5,3,-2708.0,0.0,0.0,0.033783783783783786,0.02027027027027027,-18.2972972972973
2023,12,19790,DL,10721,13930,BOS,ORD,54,0,0,0,54,0,3,0,-632.0,0.0,0.0,0.05555555555555555,0.0,-11.703703703703704
2023,12,19790,DL,10721,14107,BOS,PHX,39,0,0,0,39,0,5,2,-1141.0,0.0,0.0,0.1282051282051282,0.05128205128205128,-29.256410256410255
2023,12,19790,DL,10721,14635,BOS,RSW,42,0,0,0,42,0,9,3,362.0,0.0,0.0,0.21428571428571427,0.07142857142857142,8.619047619047619
2023,12,19790,DL,10721,14679,BOS,SAN,31,0,0,0,31,0,1,0,-888.0,0.0,0.0,0.03225806451612903,0.0,-28.64516129032258
2023,12,19790,DL,10721,14747,BOS,SEA,68,0,0,0,68,0,4,0,-1786.0,0.0,0.0,0.058823529411764705,0.0,-26.264705882352942
2023,12,19790,DL,10721,14771,BOS,SFO,59,0,0,0,59,0,5,0,-1552.0,0.0,0.0,0.0847457627118644,0.0,-26.305084745762713
2023,12,19790,DL,10721,14869,BOS,SLC,76,0,0,0,76,0,3,2,-2159.0,0.0,0.0,0.039473684210526314,0.02631578947368421,-28.407894736842106
2023,12,19790,DL,10721,15304,BOS,TPA,80,0,0,0,80,0,22,9,220.0,0.0,0.0,0.275,0.1125,2.75
2023,12,19790,DL,10821,10397,BWI,ATL,229,0,0,0,229,0,15,4,-1055.0,0.0,0.0,0.06550218340611354,0.017467248908296942,-4.606986899563319
2023,12,19790,DL,10821,11433,BWI,DTW,82,0,0,0,82,0,4,1,-872.0,0.0,0.0,0.04878048780487805,0.012195121951219513,-10.634146341463415
2023,12,19790,DL,10821,13487,BWI,MSP,70,0,0,0,70,0,3,2,-1096.0,0.0,0.0,0.04285714285714286,0.02857142857142857,-15.657142857142857
2023,12,19790,DL,10821,14869,BWI,SLC,31,0,0,0,31,0,2,0,-680.0,0.0,0.0,0.06451612903225806,0.0,-21.93548387096774
2023,12,19790,DL,11278,10397,DCA,ATL,309,0,0,0,309,0,20,6,-2965.0,0.0,0.0,0.06472491909385113,0.019417475728155338,-9.59546925566343
2023,12,19790,DL,11278,11433,DCA,DTW,139,0,0,0,139,0,7,2,-1732.0,0.0,0.0,0.050359712230215826,0.014388489208633094,-12.46043165467626
2023,12,19790,DL,11278,12892,DCA,LAX,31,0,0,0,31,0,0,0,-1121.0,0.0,0.0,0.0,0.0,-36.16129032258065
2023,12,19790,DL,11278,13204,DCA,MCO,59,0,0,0,59,0,5,1,-184.0,0.0,0.0,0.0847457627118644,0.01694915254237288,-3.1186440677966103
2023,12,19790,DL,11278,13303,DCA,MIA,31,0,0,0,31,0,6,2,25.0,0.0,0.0,0.1935483870967742,0.06451612903225806,0.8064516129032258
2023,12,19790,DL,11278,13487,DCA,MSP,147,0,0,0,147,0,3,2,-2543.0,0.0,0.0,0.02040816326530612,0.013605442176870748,-17.299319727891156
2023,12,19790,DL,11278,14869,DCA,SLC,31,0,0,0,31,0,2,0,-865.0,0.0,0.0,0.06451612903225806,0.0,-27.903225806451612
2023,12,19790,DL,11292,10397,DEN,ATL,234,0,0,0,234,0,12,4,-2328.0,0.0,0.0,0.05128205128205128,0.017094017094017096,-9.948717948717949
2023,12,19790,DL,11292,10721,DEN,BOS,31,0,0,0,31,0,4,0,-129.0,0.0,0.0,0.12903225806451613,0.0,-4.161290322580645
2023,12,19790,DL,11292,11433,DEN,DTW,113,0,0,0,113,0,8,3,-401.0,0.0,0.0,0.07079646017699115,0.02654867256637168,-3.5486725663716814
2023,12,19790,DL,11292,12478,DEN,JFK,83,0,0,0,83,0,6,1,-1148.0,0.0,0.0,0.07228915662650602,0.012048192771084338,-13.831325301204819
2023,12,19790,DL,11292,12892,DEN,LAX,93,0,0,0,93,0,11,6,-279.0,0.0,0.0,0.11827956989247312,0.06451612903225806,-3.0
2023,12,19790,DL,11292,12953,DEN,LGA,87,0,0,0,87,0,14,4,61.0,0.0,0.0,0.16091954022988506,0.04597701149425287,0.7011494252873564
2023,12,19790,DL,11292,13487,DEN,MSP,144,0,0,0,144,0,6,1,-1019.0,0.0,0.0,0.041666666666666664,0.006944444444444444,-7.076388888888889
2023,12,19790,DL,11292,14747,DEN,SEA,90,0,1,0,89,0,7,3,-906.0,0.0,0.011111111111111112,0.07865168539325842,0.033707865168539325,-10.179775280898877
2023,12,19790,DL,11292,14869,DEN,SLC,129,0,0,0,129,0,8,2,-1057.0,0.0,0.0,0.06201550387596899,0.015503875968992248,-8.193798449612403
2023,12,19790,DL,11298,10397,DFW,ATL,245,0,0,0,245,0,28,8,-1087.0,0.0,0.0,0.11428571428571428,0.0326530612244898,-4.436734693877551
2023,12,19790,DL,11298,10721,DFW,BOS,90,0,1,0,89,0,17,5,157.0,0.0,0.011111111111111112,0.19101123595505617,0.056179775280898875,1.7640449438202248
2023,12,19790,DL,11298,11433,DFW,DTW,119,0,0,0,119,0,8,3,-899.0,0.0,0.0,0.06722689075630252,0.025210084033613446,-7.554621848739496
2023,12,19790,DL,11298,12478,DFW,JFK,59,0,1,0,58,0,9,4,303.0,0.0,0.01694915254237288,0.15517241379310345,0.06896551724137931,5.224137931034483
2023,12,19790,DL,11298,12892,DFW,LAX,62,0,0,0,62,0,4,4,39.0,0.0,0.0,0.06451612903225806,0.06451612903225806,0.6290322580645161
2023,12,19790,DL,11298,12953,DFW,LGA,156,0,2,0,154,0,28,11,703.0,0.0,0.01282051282051282,0.18181818181818182,0.07142857142857142,4.564935064935065
2023,12,19790,DL,11298,13487,DFW,MSP,122,0,0,0,122,0,11,5,-336.0,0.0,0.0,0.09016393442622951,0.040983606557377046,-2.7540983606557377
2023,12,19790,DL,11298,14869,DFW,SLC,155,0,2,0,153,0,12,7,-500.0,0.0,0.012903225806451613,0.0784313725490196,0.0457516339869281,-3.2679738562091503
2023,12,19790,DL,11433,10397,DTW,ATL,303,0,0,0,303,0,21,9,-2359.0,0.0,0.0,0.06930693069306931,0.0297029702970297,-7.785478547854786
2023,12,19790,DL,11433,10721,DTW,BOS,141,0,0,0,141,0,10,2,-780.0,0.0,0.0,0.07092198581560284,0.014184397163120567,-5.531914893617022
2023,12,19790,DL,11433,10821,DTW,BWI,82,0,0,0,82,0,6,2,-352.0,0.0,0.0,0.07317073170731707,0.024390243902439025,-4.2926829268292686
2023,12,19790,DL,11433,11278,DTW,DCA,139,0,0,0,139,0,11,4,-1177.0,0.0,0.0,0.07913669064748201,0.02877697841726619,-8.467625899280575
2023,12,19790,DL,11433,11292,DTW,DEN,113,0,0,0,113,0,3,1,-2490.0,0.0,0.0,0.02654867256637168,0.008849557522123894,-22.035398230088497
2023,12,19790,DL,11433,11298,DTW,DFW,119,0,0,0,119,0,5,2,-1793.0,0.0,0.0,0.04201680672268908,0.01680672268907563,-15.067226890756302
2023,12,19790,DL,11433,11618,DTW,EWR,117,0,0,0,117,0,11,2,-1146.0,0.0,0.0,0.09401709401709402,0.017094017094017096,-9.794871794871796
2023,12,19790,DL,11433,11697,DTW,FLL,144,0,0,0,144,0,18,3,-642.0,0.0,0.0,0.125,0.020833333333333332,-4.458333333333333
2023,12,19790,DL,11433,12173,DTW,HNL,31,0,1,0,30,0,3,1,-369.0,0.0,0.03225806451612903,0.1,0.03333333333333333,-12.3
2023,12,19790,DL,11433,12266,DTW,IAH,98,0,0,0,98,0,5,1,-1895.0,0.0,0.0,0.05102040816326531,0.01020408163265306,-19.336734693877553
2023,12,19790,DL,11433,12889,DTW,LAS,149,0,0,0,149,0,9,0,-3034.0,0.0,0.0,0.06040268456375839,0.0,-20.36241610738255
2023,12,19790,DL,11433,12892,DTW,LAX,152,0,0,0,152,0,7,2,-3804.0,0.0,0.0,0.046052631578947366,0.013157894736842105,-25.026315789473685
2023,12,19790,DL,11433,12953,DTW,LGA,163,0,0,0,163,0,12,3,-1564.0,0.0,0.0,0.0736196319018405,0.018404907975460124,-9.595092024539877
2023,12,19790,DL,11433,13204,DTW,MCO,186,0,0,0,186,0,24,10,-34.0,0.0,0.0,0.12903225806451613,0.053763440860215055,-0.1827956989247312
2023,12,19790,DL,11433,13303,DTW,MIA,70,0,0,0,70,0,17,2,329.0,0.0,0.0,0.24285714285714285,0.02857142857142857,4.7
2023,12,19790,DL,11433,13487,DTW,MSP,158,0,0,0,158,0,12,0,-2192.0,0.0,0.0,0.0759493670886076,0.0,-13.873417721518987
2023,12,19790,DL,11433,13930,DTW,ORD,103,0,0,0,103,0,12,5,-340.0,0.0,0.0,0.11650485436893204,0.04854368932038835,-3.3009708737864076
2023,12,19790,DL,11433,14100,DTW,PHL,106,0,0,0,106,0,10,2,-904.0,0.0,0.0,0.09433962264150944,0.018867924528301886,-8.528301886792454
2023,12,19790,DL,11433,14107,DTW,PHX,121,0,0,0,121,0,6,4,-1958.0,0.0,0.0,0.049586776859504134,0.03305785123966942,-16.181818181818183
2023,12,19790,DL,11433,14635,DTW,RSW,117,0,0,0,117,0,16,5,-154.0,0.0,0.0,0.13675213675213677,0.042735042735042736,-1.3162393162393162
2023,12,19790,DL,11433,14679,DTW,SAN,113,0,0,0,113,0,3,0,-3019.0,0.0,0.0,0.02654867256637168,0.0,-26.716814159292035
2023,12,19790,DL,11433,14747,DTW,SEA,123,0,0,0,123,0,6,1,-2399.0,0.0,0.0,0.04878048780487805,0.008130081300813009,-19.504065040650406
2023,12,19790,DL,11433,14771,DTW,SFO,111,0,0,0,111,0,7,2,-2542.0,0.0,0.0,0.06306306306306306,0.018018018018018018,-22.9009009009009
2023,12,19790,DL,11433,14869,DTW,SLC,124,0,0,0,124,0,4,0,-3236.0,0.0,0.0,0.03225806451612903,0.0,-26.096774193548388
2023,12,19790,DL,11433,15016,DTW,STL,83,0,0,0,83,0,7,4,-403.0,0.0,0.0,0.08433734939759036,0.04819277108433735,-4.855421686746988
2023,12,19790,DL,11433,15304,DTW,TPA,139,0,0,0,139,0,16,3,-1132.0,0.0,0.0,0.11510791366906475,0.02158273381294964,-8.143884892086332
2023,12,19790,DL,11618,10397,EWR,ATL,243,0,0,0,243,0,30,2,-1618.0,0.0,0.0,0.12345679012345678,0.00823045267489712,-6.658436213991769
2023,12,19790,DL,11618,11433,EWR,DTW,117,0,0,0,117,0,14,5,-338.0,0.0,0.0,0.11965811965811966,0.042735042735042736,-2.888888888888889
2023,12,19790,DL,11618,13487,EWR,MSP,100,0,0,0,100,0,8,4,-643.0,0.0,0.0,0.08,0.04,-6.43
2023,12,19790,DL,11618,14869,EWR,SLC,59,0,0,0,59,0,9,6,498.0,0.0,0.0,0.15254237288135594,0.1016949152542373,8.440677966101696
2023,12,19790,DL,11697,10397,FLL,ATL,376,0,0,0,376,0,58,14,-356.0,0.0,0.0,0.15425531914893617,0.03723404255319149,-0.9468085106382979
2023,12,19790,DL,11697,10721,FLL,BOS,73,0,0,0,73,0,16,9,680.0,0.0,0.0,0.2191780821917808,0.1232876712328767,9.315068493150685
2023,12,19790,DL,11697,11433,FLL,DTW,143,0,0,0,143,0,10,2,-1134.0,0.0,0.0,0.06993006993006994,0.013986013986013986,-7.93006993006993
2023,12,19790,DL,11697,12478,FLL,JFK,152,0,0,0,152,0,22,9,-309.0,0.0,0.0,0.14473684210526316,0.05921052631578947,-2.0328947368421053
2023,12,19790,DL,11697,12892,FLL,LAX,29,0,0,0,29,0,4,0,-242.0,0.0,0.0,0.13793103448275862,0.0,-8.344827586206897
2023,12,19790,DL,11697,12953,FLL,LGA,149,0,0,0,149,0,18,9,-471.0,0.0,0.0,0.12080536912751678,0.06040268456375839,-3.161073825503356
2023,12,19790,DL,11697,13487,FLL,MSP,70,0,0,0,70,0,5,1,-1204.0,0.0,0.0,0.07142857142857142,0.014285714285714285,-17.2
2023,12,19790,DL,11697,14747,FLL,SEA,31,0,0,0,31,0,1,0,-848.0,0.0,0.0,0.03225806451612903,0.0,-27.35483870967742
2023,12,19790,DL,11697,14869,FLL,SLC,31,0,0,0,31,0,1,1,-381.0,0.0,0.0,0.03225806451612903,0.03225806451612903,-12.290322580645162
2023,12,19790,DL,12173,10397,HNL,ATL,31,0,0,0,31,0,4,0,-191.0,0.0,0.0,0.12903225806451613,0.0,-6.161290322580645
2023,12,19790,DL,12173,11433,HNL,DTW,31,0,0,0,31,0,5,2,4.0,0.0,0.0,0.16129032258064516,0.06451612903225806,0.12903225806451613
2023,12,19790,DL,12173,12478,HNL,JFK,31,2,0,0,29,0,0,0,-805.0,0.06451612903225806,0.0,0.0,0.0,-27.75862068965517
2023,12,19790,DL,12173,12892,HNL,LAX,93,0,0,0,93,0,9,5,-1107.0,0.0,0.0,0.0967741935483871,0.053763440860215055,-11.903225806451612
2023,12,19790,DL,12173,13487,HNL,MSP,31,0,0,0,31,0,3,1,-215.0,0.0,0.0,0.0967741935483871,0.03225806451612903,-6.935483870967742
2023,12,19790,DL,12173,14747,HNL,SEA,62,0,1,0,61,0,2,0,-1630.0,0.0,0.016129032258064516,0.03278688524590164,0.0,-26.721311475409838
2023,12,19790,DL,12173,14869,HNL,SLC,31,0,0,0,31,0,1,0,-567.0,0.0,0.0,0.03225806451612903,0.0,-18.29032258064516
2023,12,19790,DL,12266,10397,IAH,ATL,176,0,0,0,176,0,11,2,-1499.0,0.0,0.0,0.0625,0.011363636363636364,-8.517045454545455
2023,12,19790,DL,12266,11433,IAH,DTW,98,0,0,0,98,0,10,6,-344.0,0.0,0.0,0.10204081632653061,0.061224489795918366,-3.510204081632653
2023,12,19790,DL,12266,12892,IAH,LAX,60,0,0,0,60,0,4,1,-909.0,0.0,0.0,0.06666666666666667,0.016666666666666666,-15.15
2023,12,19790,DL,12266,12953,IAH,LGA,101,0,1,0,100,0,19,7,621.0,0.0,0.009900990099009901,0.19,0.07,6.21
2023,12,19790,DL,12266,13487,IAH,MSP,98,0,0,0,98,0,8,3,-1078.0,0.0,0.0,0.08163265306122448,0.030612244897959183,-11.0
2023,12,19790,DL,12266,14869,IAH,SLC,83,0,0,0,83,0,8,0,-1455.0,0.0,0.0,0.0963855421686747,0.0,-17.53012048192771
2023,12,19790,DL,12478,10397,JFK,ATL,210,0,0,0,210,0,18,5,-1471.0,0.0,0.0,0.08571428571428572,0.023809523809523808,-7.004761904761905
2023,12,19790,DL,12478,10721,JFK,BOS,47,0,0,0,47,0,5,3,-421.0,0.0,0.0,0.10638297872340426,0.06382978723404255,-8.957446808510639
2023,12,19790,DL,12478,11292,JFK,DEN,83,0,0,0,83,0,5,1,-2083.0,0.0,0.0,0.060240963855421686,0.012048192771084338,-25.096385542168676
2023,12,19790,DL,12478,11298,JFK,DFW,59,0,0,0,59,0,13,8,-79.0,0.0,0.0,0.22033898305084745,0.13559322033898305,-1.3389830508474576
2023,12,19790,DL,12478,11697,JFK,FLL,152,0,0,0,152,0,25,11,-389.0,0.0,0.0,0.16447368421052633,0.07236842105263158,-2.5592105263157894
2023,12,19790,DL,12478,12173,JFK,HNL,31,0,0,0,31,0,0,0,-1076.0,0.0,0.0,0.0,0.0,-34.70967741935484
2023,12,19790,DL,12478,12889,JFK,LAS,148,0,0,0,148,0,8,5,-4969.0,0.0,0.0,0.05405405405405406,0.033783783783783786,-33.57432432432432
2023,12,19790,DL,12478,12892,JFK,LAX,256,0,0,0,256,0,27,11,-3925.0,0.0,0.0,0.10546875,0.04296875,-15.33203125
2023,12,19790,DL,12478,13204,JFK,MCO,183,0,0,0,183,0,32,9,-269.0,0.0,0.0,0.17486338797814208,0.04918032786885246,-1.469945355191257
2023,12,19790,DL,12478,13303,JFK,MIA,140,0,0,0,140,0,45,9,1256.0,0.0,0.0,0.32142857142857145,0.06428571428571428,8.971428571428572
2023,12,19790,DL,12478,13487,JFK,MSP,94,0,0,0,94,0,7,4,-1505.0,0.0,0.0,0.07446808510638298,0.0425531914893617,-16.01063829787234
2023,12,19790,DL,12478,14107,JFK,PHX,91,0,0,0,91,0,9,4,-1840.0,0.0,0.0,0.0989010989010989,0.04395604395604396,-20.21978021978022
2023,12,19790,DL,12478,14635,JFK,RSW,47,0,0,0,47,0,8,2,96.0,0.0,0.0,0.1702127659574468,0.0425531914893617,2.0425531914893615
2023,12,19790,DL,12478,14679,JFK,SAN,93,0,0,0,93,0,7,5,-3221.0,0.0,0.0,0.07526881720430108,0.053763440860215055,-34.634408602150536
2023,12,19790,DL,12478,14747,JFK,SEA,116,0,0,0,116,0,7,1,-3030.0,0.0,0.0,0.0603448275862069,0.008620689655172414,-26.120689655172413
2023,12,19790,DL,12478,14771,JFK,SFO,182,0,0,0,182,0,12,4,-5727.0,0.0,0.0,0.06593406593406594,0.02197802197802198,-31.467032967032967
2023,12,19790,DL,12478,14869,JFK,SLC,140,0,0,0,140,0,5,1,-4290.0,0.0,0.0,0.03571428571428571,0.007142857142857143,-30.642857142857142
2023,12,19790,DL,12478,15304,JFK,TPA,93,0,0,0,93,0,17,3,-356.0,0.0,0.0,0.1827956989247312,0.03225806451612903,-3.827956989247312
2023,12,19790,DL,12889,10397,LAS,ATL,271,0,1,0,270,0,17,3,-1654.0,0.0,0.0036900369003690036,0.06296296296296296,0.011111111111111112,-6.125925925925926
2023,12,19790,DL,12889,10721,LAS,BOS,47,0,0,0,47,0,7,2,-96.0,0.0,0.0,0.14893617021276595,0.0425531914893617,-2.0425531914893615
2023,12,19790,DL,12889,11433,LAS,DTW,149,0,0,0,149,0,13,5,1263.0,0.0,0.0,0.087248322147651,0.03355704697986577,8.476510067114093
2023,12,19790,DL,12889,12478,LAS,JFK,148,0,1,0,147,0,18,3,-895.0,0.0,0.006756756756756757,0.12244897959183673,0.02040816326530612,-6.08843537414966
2023,12,19790,DL,12889,12892,LAS,LAX,152,0,0,0,152,0,25,5,481.0,0.0,0.0,0.16447368421052633,0.03289473684210526,3.164473684210526
2023,12,19790,DL,12889,12953,LAS,LGA,5,0,0,0,5,0,0,0,-63.0,0.0,0.0,0.0,0.0,-12.6
2023,12,19790,DL,12889,13487,LAS,MSP,161,0,0,0,161,0,8,2,-1955.0,0.0,0.0,0.049689440993788817,0.012422360248447204,-12.142857142857142
2023,12,19790,DL,12889,14747,LAS,SEA,146,0,0,0,146,0,6,2,-715.0,0.0,0.0,0.0410958904109589,0.0136986301369863,-4.897260273972603
2023,12,19790,DL,12889,14869,LAS,SLC,141,0,0,0,141,0,9,6,-850.0,0.0,0.0,0.06382978723404255,0.0425531914893617,-6.028368794326241
2023,12,19790,DL,12892,10397,LAX,ATL,325,0,0,0,325,0,46,16,1162.0,0.0,0.0,0.14153846153846153,0.04923076923076923,3.5753846153846154
2023,12,19790,DL,12892,10721,LAX,BOS,90,0,2,0,88,0,15,6,54.0,0.0,0.022222222222222223,0.17045454545454544,0.06818181818181818,0.6136363636363636
2023,12,19790,DL,12892,11278,LAX,DCA,31,0,0,0,31,0,2,0,-278.0,0.0,0.0,0.06451612903225806,0.0,-8.96774193548387
2023,12,19790,DL,12892,11292,LAX,DEN,93,0,0,0,93,0,11,2,-147.0,0.0,0.0,0.11827956989247312,0.021505376344086023,-1.5806451612903225
2023,12,19790,DL,12892,11298,LAX,DFW,62,0,0,0,62,0,4,1,-473.0,0.0,0.0,0.06451612903225806,0.016129032258064516,-7.629032258064516
2023,12,19790,DL,12892,11433,LAX,DTW,152,0,0,0,152,0,10,3,-1067.0,0.0,0.0,0.06578947368421052,0.019736842105263157,-7.019736842105263
2023,12,19790,DL,12892,11697,LAX,FLL,29,0,0,0,29,0,2,0,-197.0,0.0,0.0,0.06896551724137931,0.0,-6.793103448275862
2023,12,19790,DL,12892,12173,LAX,HNL,93,0,0,0,93,0,15,3,121.0,0.0,0.0,0.16129032258064516,0.03225806451612903,1.3010752688172043
2023,12,19790,DL,12892,12266,LAX,IAH,60,0,0,0,60,0,5,1,-499.0,0.0,0.0,0.08333333333333333,0.016666666666666666,-8.316666666666666
2023,12,19790,DL,12892,12478,LAX,JFK,255,0,0,0,255,0,49,6,845.0,0.0,0.0,0.19215686274509805,0.023529411764705882,3.3137254901960786
2023,12,19790,DL,12892,12889,LAX,LAS,152,0,0,0,152,0,18,1,-538.0,0.0,0.0,0.11842105263157894,0.006578947368421052,-3.539473684210526
2023,12,19790,DL,12892,12953,LAX,LGA,5,0,0,0,5,0,0,0,-43.0,0.0,0.0,0.0,0.0,-8.6
2023,12,19790,DL,12892,13204,LAX,MCO,112,0,0,0,112,0,15,3,-393.0,0.0,0.0,0.13392857142857142,0.026785714285714284,-3.5089285714285716
2023,12,19790,DL,12892,13303,LAX,MIA,31,0,0,0,31,0,7,1,-24.0,0.0,0.0,0.22580645161290322,0.03225806451612903,-0.7741935483870968
2023,12,19790,DL,12892,13487,LAX,MSP,185,0,0,0,185,0,16,4,-928.0,0.0,0.0,0.08648648648648649,0.021621621621621623,-5.0162162162162165
2023,12,19790,DL,12892,14747,LAX,SEA,170,0,0,0,170,0,15,5,-1502.0,0.0,0.0,0.08823529411764706,0.029411764705882353,-8.83529411764706
2023,12,19790,DL,12892,14771,LAX,SFO,167,0,0,0,167,0,21,2,-1138.0,0.0,0.0,0.12574850299401197,0.011976047904191617,-6.81437125748503
2023,12,19790,DL,12892,14869,LAX,SLC,204,0,0,0,204,0,12,4,-1740.0,0.0,0.0,0.058823529411764705,0.0196078431372549,-8.529411764705882
2023,12,19790,DL,12892,15304,LAX,TPA,49,0,0,0,49,0,8,2,8.0,0.0,0.0,0.16326530612244897,0.04081632653061224,0.16326530612244897
2023,12,19790,DL,12953,10397,LGA,ATL,366,0,0,0,366,0,33,12,-5633.0,0.0,0.0,0.09016393442622951,0.03278688524590164,-15.390710382513662
2023,12,19790,DL,12953,10721,LGA,BOS,41,0,1,0,40,0,11,7,1033.0,0.0,0.024390243902439025,0.275,0.175,25.825
2023,12,19790,DL,12953,11292,LGA,DEN,87,0,0,0,87,0,7,3,-2024.0,0.0,0.0,0.08045977011494253,0.034482758620689655,-23.264367816091955
2023,12,19790,DL,12953,11298,LGA,DFW,156,0,0,0,156,0,28,11,-1641.0,0.0,0.0,0.1794871794871795,0.07051282051282051,-10.51923076923077
2023,12,19790,DL,12953,11433,LGA,DTW,163,0,0,0,163,0,11,6,-2065.0,0.0,0.0,0.06748466257668712,0.03680981595092025,-12.668711656441717
2023,12,19790,DL,12953,11697,LGA,FLL,149,0,0,0,149,0,19,7,-845.0,0.0,0.0,0.12751677852348994,0.04697986577181208,-5.671140939597316
2023,12,19790,DL,12953,12266,LGA,IAH,101,0,0,0,101,0,18,10,-495.0,0.0,0.0,0.1782178217821782,0.09900990099009901,-4.900990099009901
2023,12,19790,DL,12953,12889,LGA,LAS,5,0,0,0,5,0,1,0,-191.0,0.0,0.0,0.2,0.0,-38.2
2023,12,19790,DL,12953,12892,LGA,LAX,5,0,0,0,5,0,1,0,-184.0,0.0,0.0,0.2,0.0,-36.8
2023,12,19790,DL,12953,13204,LGA,MCO,182,0,0,0,182,0,28,10,-447.0,0.0,0.0,0.15384615384615385,0.054945054945054944,-2.456043956043956
2023,12,19790,DL,12953,13303,LGA,MIA,149,0,0,0,149,0,42,8,672.0,0.0,0.0,0.28187919463087246,0.053691275167785234,4.510067114093959
2023,12,19790,DL,12953,13487,LGA,MSP,148,0,0,0,148,0,12,8,-2012.0,0.0,0.0,0.08108108108108109,0.05405405405405406,-13.594594594594595
2023,12,19790,DL,12953,13930,LGA,ORD,143,0,0,0,143,0,26,12,-540.0,0.0,0.0,0.18181818181818182,0.08391608391608392,-3.7762237762237763
2023,12,19790,DL,12953,14107,LGA,PHX,5,0,0,0,5,0,1,0,-121.0,0.0,0.0,0.2,0.0,-24.2
2023,12,19790,DL,12953,14635,LGA,RSW,61,0,1,0,60,0,11,4,23.0,0.0,0.01639344262295082,0.18333333333333332,0.06666666666666667,0.38333333333333336
2023,12,19790,DL,12953,14869,LGA,SLC,5,0,0,0,5,0,0,0,-148.0,0.0,0.0,0.0,0.0,-29.6
2023,12,19790,DL,12953,15304,LGA,TPA,118,0,0,0,118,0,14,4,-929.0,0.0,0.0,0.11864406779661017,0.03389830508474576,-7.872881355932203
2023,12,19790,DL,13204,10397,MCO,ATL,460,0,0,0,460,0,51,17,-825.0,0.0,0.0,0.1108695652173913,0.03695652173913044,-1.7934782608695652
2023,12,19790,DL,13204,10721,MCO,BOS,101,0,1,0,100,0,15,6,-331.0,0.0,0.009900990099009901,0.15,0.06,-3.31
2023,12,19790,DL,13204,11278,MCO,DCA,59,0,0,0,59,0,9,5,1061.0,0.0,0.0,0.15254237288135594,0.0847457627118644,17.983050847457626
2023,12,19790,DL,13204,11433,MCO,DTW,186,0,0,0,186,0,29,16,603.0,0.0,0.0,0.15591397849462366,0.08602150537634409,3.2419354838709675
2023,12,19790,DL,13204,12478,MCO,JFK,183,0,0,0,183,0,28,8,-551.0,0.0,0.0,0.15300546448087432,0.04371584699453552,-3.010928961748634
2023,12,19790,DL,13204,12892,MCO,LAX,112,0,0,0,112,0,7,5,-1218.0,0.0,0.0,0.0625,0.044642857142857144,-10.875
2023,12,19790,DL,13204,12953,MCO,LGA,181,0,0,0,181,0,30,9,118.0,0.0,0.0,0.16574585635359115,0.049723756906077346,0.6519337016574586
2023,12,19790,DL,13204,13303,MCO,MIA,93,0,0,0,93,0,15,1,-411.0,0.0,0.0,0.16129032258064516,0.010752688172043012,-4.419354838709677
2023,12,19790,DL,13204,13487,MCO,MSP,161,0,0,0,161,0,15,4,-2043.0,0.0,0.0,0.09316770186335403,0.024844720496894408,-12.68944099378882
2023,12,19790,DL,13204,14747,MCO,SEA,59,0,0,0,59,0,2,0,-2082.0,0.0,0.0,0.03389830508474576,0.0,-35.28813559322034
2023,12,19790,DL,13204,14869,MCO,SLC,128,0,0,0,128,0,10,0,-2315.0,0.0,0.0,0.078125,0.0,-18.0859375
2023,12,19790,DL,13232,10397,MDW,ATL,115,1,0,0,114,0,10,5,-947.0,0.008695652173913044,0.0,0.08771929824561403,0.043859649122807015,-8.307017543859649
2023,12,19790,DL,13303,10397,MIA,ATL,293,0,0,0,293,0,80,19,3660.0,0.0,0.0,0.27303754266211605,0.06484641638225255,12.491467576791809
2023,12,19790,DL,13303,10721,MIA,BOS,60,0,0,0,60,0,17,8,724.0,0.0,0.0,0.2833333333333333,0.13333333333333333,12.066666666666666
2023,12,19790,DL,13303,11278,MIA,DCA,31,0,0,0,31,0,7,4,426.0,0.0,0.0,0.22580645161290322,0.12903225806451613,13.741935483870968
2023,12,19790,DL,13303,11433,MIA,DTW,70,0,0,0,70,0,14,3,286.0,0.0,0.0,0.2,0.04285714285714286,4.085714285714285
2023,12,19790,DL,13303,12478,MIA,JFK,140,0,0,0,140,0,31,8,367.0,0.0,0.0,0.22142857142857142,0.05714285714285714,2.6214285714285714
2023,12,19790,DL,13303,12892,MIA,LAX,31,0,0,0,31,0,1,0,-351.0,0.0,0.0,0.03225806451612903,0.0,-11.32258064516129
2023,12,19790,DL,13303,12953,MIA,LGA,149,0,0,0,149,0,30,3,35.0,0.0,0.0,0.20134228187919462,0.020134228187919462,0.2348993288590604
2023,12,19790,DL,13303,13204,MIA,MCO,93,0,0,0,93,0,20,4,320.0,0.0,0.0,0.21505376344086022,0.043010752688172046,3.4408602150537635
2023,12,19790,DL,13303,13487,MIA,MSP,70,0,0,0,70,0,10,2,-303.0,0.0,0.0,0.14285714285714285,0.02857142857142857,-4.328571428571428
2023,12,19790,DL,13303,14869,MIA,SLC,31,0,0,0,31,0,5,0,-208.0,0.0,0.0,0.16129032258064516,0.0,-6.709677419354839
2023,12,19790,DL,13487,10397,MSP,ATL,253,0,0,0,253,0,21,4,-2077.0,0.0,0.0,0.08300395256916997,0.015810276679841896,-8.209486166007904
2023,12,19790,DL,13487,10721,MSP,BOS,148,0,0,0,148,0,20,2,-1201.0,0.0,0.0,0.13513513513513514,0.013513513513513514,-8.114864864864865
2023,12,19790,DL,13487,10821,MSP,BWI,70,0,0,0,70,0,8,2,-473.0,0.0,0.0,0.11428571428571428,0.02857142857142857,-6.757142857142857
2023,12,19790,DL,13487,11278,MSP,DCA,146,0,0,0,146,0,14,3,-1627.0,0.0,0.0,0.0958904109589041,0.02054794520547945,-11.143835616438356
2023,12,19790,DL,13487,11292,MSP,DEN,144,0,0,0,144,0,9,3,-2305.0,0.0,0.0,0.0625,0.020833333333333332,-16.006944444444443
2023,12,19790,DL,13487,11298,MSP,DFW,122,0,0,0,122,0,10,5,-1706.0,0.0,0.0,0.08196721311475409,0.040983606557377046,-13.98360655737705
2023,12,19790,DL,13487,11433,MSP,DTW,157,0,0,0,157,0,10,1,-1267.0,0.0,0.0,0.06369426751592357,0.006369426751592357,-8.070063694267516
2023,12,19790,DL,13487,11618,MSP,EWR,100,0,0,0,100,0,13,3,-664.0,0.0,0.0,0.13,0.03,-6.64
2023,12,19790,DL,13487,11697,MSP,FLL,70,0,0,0,70,0,5,0,-1292.0,0.0,0.0,0.07142857142857142,0.0,-18.457142857142856
2023,12,19790,DL,13487,12173,MSP,HNL,31,0,0,0,31,0,4,2,-80.0,0.0,0.0,0.12903225806451613,0.06451612903225806,-2.5806451612903225
2023,12,19790,DL,13487,12266,MSP,IAH,98,0,0,0,98,0,8,3,-1645.0,0.0,0.0,0.08163265306122448,0.030612244897959183,-16.785714285714285
2023,12,19790,DL,13487,12478,MSP,JFK,95,0,1,0,94,0,10,0,-681.0,0.0,0.010526315789473684,0.10638297872340426,0.0,-7.24468085106383
2023,12,19790,DL,13487,12889,MSP,LAS,161,0,0,0,161,0,12,2,-3531.0,0.0,0.0,0.07453416149068323,0.012422360248447204,-21.93167701863354
2023,12,19790,DL,13487,12892,MSP,LAX,184,0,0,0,184,0,8,1,-3016.0,0.0,0.0,0.043478260869565216,0.005434782608695652,-16.391304347826086
2023,12,19790,DL,13487,12953,MSP,LGA,148,0,0,0,148,0,21,6,-484.0,0.0,0.0,0.14189189189189189,0.04054054054054054,-3.27027027027027
2023,12,19790,DL,13487,13204,MSP,MCO,161,0,0,0,161,0,14,3,-705.0,0.0,0.0,0.08695652173913043,0.018633540372670808,-4.37888198757764
2023,12,19790,DL,13487,13303,MSP,MIA,70,0,0,0,70,0,9,2,-496.0,0.0,0.0,0.12857142857142856,0.02857142857142857,-7.085714285714285
2023,12,19790,DL,13487,13930,MSP,ORD,118,0,0,0,118,0,11,4,-242.0,0.0,0.0,0.09322033898305085,0.03389830508474576,-2.0508474576271185
2023,12,19790,DL,13487,14100,MSP,PHL,89,0,0,0,89,0,4,1,-914.0,0.0,0.0,0.0449438202247191,0.011235955056179775,-10.269662921348315
2023,12,19790,DL,13487,14107,MSP,PHX,183,0,1,0,182,0,11,1,-3608.0,0.0,0.00546448087431694,0.06043956043956044,0.005494505494505495,-19.824175824175825
2023,12,19790,DL,13487,14635,MSP,RSW,112,0,1,0,111,0,17,4,-381.0,0.0,0.008928571428571428,0.15315315315315314,0.036036036036036036,-3.4324324324324325
2023,12,19790,DL,13487,14679,MSP,SAN,113,0,0,0,113,0,1,0,-2928.0,0.0,0.0,0.008849557522123894,0.0,-25.911504424778762
2023,12,19790,DL,13487,14747,MSP,SEA,146,0,0,0,146,0,5,0,-3188.0,0.0,0.0,0.03424657534246575,0.0,-21.835616438356166
2023,12,19790,DL,13487,14771,MSP,SFO,119,0,0,0,119,0,13,4,-1947.0,0.0,0.0,0.1092436974789916,0.03361344537815126,-16.361344537815125
2023,12,19790,DL,13487,14869,MSP,SLC,125,0,0,0,125,0,4,0,-1957.0,0.0,0.0,0.032,0.0,-15.656
2023,12,19790,DL,13487,15016,MSP,STL,83,0,0,0,83,0,10,3,-512.0,0.0,0.0,0.12048192771084337,0.03614457831325301,-6.168674698795181
2023,12,19790,DL,13487,15304,MSP,TPA,101,0,0,0,101,0,8,0,-1571.0,0.0,0.0,0.07920792079207921,0.0,-15.554455445544555
2023,12,19790,DL,13796,14869,OAK,SLC,46,0,0,0,46,0,4,1,-329.0,0.0,0.0,0.08695652173913043,0.021739130434782608,-7.1521739130434785
2023,12,19790,DL,13930,10397,ORD,ATL,187,0,0,0,187,0,20,2,193.0,0.0,0.0,0.10695187165775401,0.0106951871657754,1.032085561497326
2023,12,19790,DL,13930,10721,ORD,BOS,55,0,1,0,54,0,5,1,-630.0,0.0,0.01818181818181818,0.09259259259259259,0.018518518518518517,-11.666666666666666
2023,12,19790,DL,13930,11433,ORD,DTW,103,0,0,0,103,0,9,5,-188.0,0.0,0.0,0.08737864077669903,0.04854368932038835,-1.825242718446602
2023,12,19790,DL,13930,12953,ORD,LGA,144,0,0,0,144,0,26,10,-132.0,0.0,0.0,0.18055555555555555,0.06944444444444445,-0.9166666666666666
2023,12,19790,DL,13930,13487,ORD,MSP,119,0,0,0,119,0,16,10,533.0,0.0,0.0,0.13445378151260504,0.08403361344537816,4.4789915966386555
2023,12,19790,DL,13930,14747,ORD,SEA,70,0,0,0,70,0,5,1,-1394.0,0.0,0.0,0.07142857142857142,0.014285714285714285,-19.914285714285715
2023,12,19790,DL,13930,14869,ORD,SLC,82,0,0,0,82,0,4,2,-1326.0,0.0,0.0,0.04878048780487805,0.024390243902439025,-16.170731707317074
2023,12,19790,DL,14100,10397,PHL,ATL,220,0,0,0,220,0,13,3,-2554.0,0.0,0.0,0.05909090909090909,0.013636363636363636,-11.60909090909091
2023,12,19790,DL,14100,11433,PHL,DTW,106,0,0,0,106,0,8,2,-1149.0,0.0,0.0,0.07547169811320754,0.018867924528301886,-10.839622641509434
2023,12,19790,DL,14100,13487,PHL,MSP,89,0,0,0,89,0,2,1,-1750.0,0.0,0.0,0.02247191011235955,0.011235955056179775,-19.662921348314608
2023,12,19790,DL,14100,14869,PHL,SLC,58,0,0,0,58,0,3,1,-994.0,0.0,0.0,0.05172413793103448,0.017241379310344827,-17.137931034482758
2023,12,19790,DL,14107,10397,PHX,ATL,204,0,0,0,204,0,19,8,-1009.0,0.0,0.0,0.09313725490196079,0.0392156862745098,-4.946078431372549
2023,12,19790,DL,14107,10721,PHX,BOS,39,0,0,0,39,0,2,0,-477.0,0.0,0.0,0.05128205128205128,0.0,-12.23076923076923
2023,12,19790,DL,14107,11433,PHX,DTW,121,0,0,0,121,0,12,4,319.0,0.0,0.0,0.09917355371900827,0.03305785123966942,2.6363636363636362
2023,12,19790,DL,14107,12478,PHX,JFK,91,0,0,0,91,0,13,3,-117.0,0.0,0.0,0.14285714285714285,0.03296703296703297,-1.2857142857142858
2023,12,19790,DL,14107,12953,PHX,LGA,5,0,0,0,5,0,1,0,-37.0,0.0,0.0,0.2,0.0,-7.4
2023,12,19790,DL,14107,13487,PHX,MSP,182,0,0,0,182,0,17,2,-1162.0,0.0,0.0,0.09340659340659341,0.01098901098901099,-6.384615384615385
2023,12,19790,DL,14107,14747,PHX,SEA,150,0,0,0,150,0,2,2,-2106.0,0.0,0.0,0.013333333333333334,0.013333333333333334,-14.04
2023,12,19790,DL,14107,14869,PHX,SLC,144,0,0,0,144,0,13,2,-1105.0,0.0,0.0,0.09027777777777778,0.013888888888888888,-7.673611111111111
2023,12,19790,DL,14635,10397,RSW,ATL,247,0,0,0,247,0,20,7,-2044.0,0.0,0.0,0.08097165991902834,0.02834008097165992,-8.275303643724696
2023,12,19790,DL,14635,10721,RSW,BOS,42,0,0,0,42,0,3,2,46.0,0.0,0.0,0.07142857142857142,0.047619047619047616,1.0952380952380953
2023,12,19790,DL,14635,11433,RSW,DTW,116,0,0,0,116,0,2,1,-1260.0,0.0,0.0,0.017241379310344827,0.008620689655172414,-10.862068965517242
2023,12,19790,DL,14635,12478,RSW,JFK,47,1,1,0,45,0,2,2,-186.0,0.02127659574468085,0.02127659574468085,0.044444444444444446,0.044444444444444446,-4.133333333333334
2023,12,19790,DL,14635,12953,RSW,LGA,62,0,0,0,62,0,14,3,-17.0,0.0,0.0,0.22580645161290322,0.04838709677419355,-0.27419354838709675
2023,12,19790,DL,14635,13487,RSW,MSP,112,0,0,0,112,0,11,4,-774.0,0.0,0.0,0.09821428571428571,0.03571428571428571,-6.910714285714286
2023,12,19790,DL,14679,10397,SAN,ATL,155,0,1,0,154,0,9,1,-1153.0,0.0,0.0064516129032258064,0.05844155844155844,0.006493506493506494,-7.487012987012987
2023,12,19790,DL,14679,10721,SAN,BOS,31,0,0,0,31,0,3,0,-264.0,0.0,0.0,0.0967741935483871,0.0,-8.516129032258064
2023,12,19790,DL,14679,11433,SAN,DTW,113,0,0,0,113,0,8,2,-670.0,0.0,0.0,0.07079646017699115,0.017699115044247787,-5.929203539823009
2023,12,19790,DL,14679,12478,SAN,JFK,93,0,0,0,93,0,5,2,-895.0,0.0,0.0,0.053763440860215055,0.021505376344086023,-9.623655913978494
2023,12,19790,DL,14679,13487,SAN,MSP,113,0,0,0,113,0,7,0,-465.0,0.0,0.0,0.061946902654867256,0.0,-4.115044247787611
2023,12,19790,DL,14679,14747,SAN,SEA,147,0,0,0,147,0,11,4,-2074.0,0.0,0.0,0.07482993197278912,0.027210884353741496,-14.108843537414966
2023,12,19790,DL,14679,14869,SAN,SLC,145,0,0,0,145,0,10,3,-999.0,0.0,0.0,0.06896551724137931,0.020689655172413793,-6.889655172413793
2023,12,19790,DL,14747,10397,SEA,ATL,185,0,0,0,185,0,26,6,-551.0,0.0,0.0,0.14054054054054055,0.032432432432432434,-2.9783783783783786
2023,12,19790,DL,14747,10721,SEA,BOS,68,0,0,0,68,0,13,1,-6.0,0.0,0.0,0.19117647058823528,0.014705882352941176,-0.08823529411764706
2023,12,19790,DL,14747,11292,SEA,DEN,90,0,0,0,90,0,20,5,413.0,0.0,0.0,0.2222222222222222,0.05555555555555555,4.588888888888889
2023,12,19790,DL,14747,11433,SEA,DTW,123,0,1,0,122,0,7,1,-999.0,0.0,0.008130081300813009,0.05737704918032787,0.00819672131147541,-8.188524590163935
2023,12,19790,DL,14747,11697,SEA,FLL,31,0,0,0,31,0,2,0,-211.0,0.0,0.0,0.06451612903225806,0.0,-6.806451612903226
2023,12,19790,DL,14747,12173,SEA,HNL,62,0,0,0,62,0,11,2,-734.0,0.0,0.0,0.1774193548387097,0.03225806451612903,-11.838709677419354
2023,12,19790,DL,14747,12478,SEA,JFK,117,0,0,0,117,0,14,4,-595.0,0.0,0.0,0.11965811965811966,0.03418803418803419,-5.085470085470085
2023,12,19790,DL,14747,12889,SEA,LAS,146,0,0,0,146,0,11,1,-1111.0,0.0,0.0,0.07534246575342465,0.00684931506849315,-7.609589041095891
2023,12,19790,DL,14747,12892,SEA,LAX,171,0,0,0,171,0,9,2,-1802.0,0.0,0.0,0.05263157894736842,0.011695906432748537,-10.538011695906432
2023,12,19790,DL,14747,13204,SEA,MCO,59,0,0,0,59,0,1,0,-696.0,0.0,0.0,0.01694915254237288,0.0,-11.796610169491526
2023,12,19790,DL,14747,13487,SEA,MSP,146,0,0,0,146,0,13,2,-1330.0,0.0,0.0,0.08904109589041095,0.0136986301369863,-9.10958904109589
2023,12,19790,DL,14747,13930,SEA,ORD,70,0,0,0,70,0,11,4,377.0,0.0,0.0,0.15714285714285714,0.05714285714285714,5.385714285714286
2023,12,19790,DL,14747,14107,SEA,PHX,150,0,0,0,150,0,9,1,-858.0,0.0,0.0,0.06,0.006666666666666667,-5.72
2023,12,19790,DL,14747,14679,SEA,SAN,147,0,1,0,146,0,12,5,-1426.0,0.0,0.006802721088435374,0.0821917808219178,0.03424657534246575,-9.767123287671232
2023,12,19790,DL,14747,14771,SEA,SFO,77,0,0,0,77,0,13,4,-13.0,0.0,0.0,0.16883116883116883,0.05194805194805195,-0.16883116883116883
2023,12,19790,DL,14747,14869,SEA,SLC,164,0,0,0,164,0,9,1,-1643.0,0.0,0.0,0.054878048780487805,0.006097560975609756,-10.018292682926829
2023,12,19790,DL,14747,15304,SEA,TPA,32,0,0,0,32,0,3,0,-305.0,0.0,0.0,0.09375,0.0,-9.53125
2023,12,19790,DL,14771,10397,SFO,ATL,176,0,0,0,176,0,17,4,-486.0,0.0,0.0,0.09659090909090909,0.022727272727272728,-2.7613636363636362
2023,12,19790,DL,14771,10721,SFO,BOS,58,0,0,0,58,0,12,1,-179.0,0.0,0.0,0.20689655172413793,0.017241379310344827,-3.086206896551724
2023,12,19790,DL,14771,11433,SFO,DTW,111,0,0,0,111,0,4,1,-997.0,0.0,0.0,0.036036036036036036,0.009009009009009009,-8.981981981981981
2023,12,19790,DL,14771,12478,SFO,JFK,182,0,0,0,182,0,17,2,-1867.0,0.0,0.0,0.09340659340659341,0.01098901098901099,-10.258241758241759
2023,12,19790,DL,14771,12892,SFO,LAX,167,0,0,0,167,0,25,2,-1057.0,0.0,0.0,0.1497005988023952,0.011976047904191617,-6.3293413173652695
2023,12,19790,DL,14771,13487,SFO,MSP,119,0,0,0,119,0,9,3,-466.0,0.0,0.0,0.07563025210084033,0.025210084033613446,-3.9159663865546217
2023,12,19790,DL,14771,14747,SFO,SEA,77,0,0,0,77,0,9,6,326.0,0.0,0.0,0.11688311688311688,0.07792207792207792,4.233766233766234
2023,12,19790,DL,14771,14869,SFO,SLC,144,0,0,0,144,0,25,9,1423.0,0.0,0.0,0.1736111111111111,0.0625,9.881944444444445
2023,12,19790,DL,14869,10397,SLC,ATL,240,0,0,0,240,0,12,3,-2464.0,0.0,0.0,0.05,0.0125,-10.266666666666667
2023,12,19790,DL,14869,10721,SLC,BOS,76,0,0,0,76,0,9,3,-396.0,0.0,0.0,0.11842105263157894,0.039473684210526314,-5.2105263157894735
2023,12,19790,DL,14869,10821,SLC,BWI,31,0,0,0,31,0,7,1,84.0,0.0,0.0,0.22580645161290322,0.03225806451612903,2.7096774193548385
2023,12,19790,DL,14869,11278,SLC,DCA,31,0,0,0,31,0,3,1,-74.0,0.0,0.0,0.0967741935483871,0.03225806451612903,-2.3870967741935485
2023,12,19790,DL,14869,11292,SLC,DEN,128,0,0,0,128,0,16,3,-506.0,0.0,0.0,0.125,0.0234375,-3.953125
2023,12,19790,DL,14869,11298,SLC,DFW,155,0,0,0,155,0,12,4,-182.0,0.0,0.0,0.07741935483870968,0.025806451612903226,-1.1741935483870967
2023,12,19790,DL,14869,11433,SLC,DTW,124,0,0,0,124,0,10,2,-762.0,0.0,0.0,0.08064516129032258,0.016129032258064516,-6.145161290322581
2023,12,19790,DL,14869,11618,SLC,EWR,59,0,1,0,58,0,17,1,167.0,0.0,0.01694915254237288,0.29310344827586204,0.017241379310344827,2.8793103448275863
2023,12,19790,DL,14869,11697,SLC,FLL,31,0,1,0,30,0,3,1,-209.0,0.0,0.03225806451612903,0.1,0.03333333333333333,-6.966666666666667
2023,12,19790,DL,14869,12173,SLC,HNL,31,0,0,0,31,0,12,1,124.0,0.0,0.0,0.3870967741935484,0.03225806451612903,4.0
2023,12,19790,DL,14869,12266,SLC,IAH,83,0,0,0,83,0,11,2,-556.0,0.0,0.0,0.13253012048192772,0.024096385542168676,-6.698795180722891
2023,12,19790,DL,14869,12478,SLC,JFK,140,0,0,0,140,0,19,1,-735.0,0.0,0.0,0.1357142857142857,0.007142857142857143,-5.25
2023,12,19790,DL,14869,12889,SLC,LAS,141,0,1,0,140,0,18,4,206.0,0.0,0.0070921985815602835,0.12857142857142856,0.02857142857142857,1.4714285714285715
2023,12,19790,DL,14869,12892,SLC,LAX,204,0,1,0,203,0,16,6,-1359.0,0.0,0.004901960784313725,0.07881773399014778,0.029556650246305417,-6.694581280788177
2023,12,19790,DL,14869,12953,SLC,LGA,5,0,0,0,5,0,0,0,-21.0,0.0,0.0,0.0,0.0,-4.2
2023,12,19790,DL,14869,13204,SLC,MCO,128,0,0,0,128,0,13,2,-549.0,0.0,0.0,0.1015625,0.015625,-4.2890625
2023,12,19790,DL,14869,13303,SLC,MIA,31,0,0,0,31,0,1,0,-134.0,0.0,0.0,0.03225806451612903,0.0,-4.32258064516129
2023,12,19790,DL,14869,13487,SLC,MSP,124,0,0,0,124,0,11,1,-312.0,0.0,0.0,0.08870967741935484,0.008064516129032258,-2.5161290322580645
2023,12,19790,DL,14869,13796,SLC,OAK,46,0,0,0,46,0,2,1,-32.0,0.0,0.0,0.043478260869565216,0.021739130434782608,-0.6956521739130435
2023,12,19790,DL,14869,13930,SLC,ORD,82,0,0,0,82,0,8,2,-884.0,0.0,0.0,0.0975609756097561,0.024390243902439025,-10.78048780487805
2023,12,19790,DL,14869,14100,SLC,PHL,58,0,0,0,58,0,7,1,-167.0,0.0,0.0,0.1206896551724138,0.017241379310344827,-2.8793103448275863
2023,12,19790,DL,14869,14107,SLC,PHX,144,0,0,0,144,0,22,4,-537.0,0.0,0.0,0.1527777777777778,0.027777777777777776,-3.7291666666666665
2023,12,19790,DL,14869,14679,SLC,SAN,145,0,0,0,145,0,13,3,-1239.0,0.0,0.0,0.0896551724137931,0.020689655172413793,-8.544827586206896
2023,12,19790,DL,14869,14747,SLC,SEA,164,0,0,0,164,0,8,2,-2653.0,0.0,0.0,0.04878048780487805,0.012195121951219513,-16.176829268292682
2023,12,19790,DL,14869,14771,SLC,SFO,144,0,0,0,144,0,24,9,-151.0,0.0,0.0,0.16666666666666666,0.0625,-1.0486111111111112
2023,12,19790,DL,14869,15016,SLC,STL,70,0,0,0,70,0,8,3,-78.0,0.0,0.0,0.11428571428571428,0.04285714285714286,-1.1142857142857143
2023,12,19790,DL,14869,15304,SLC,TPA,31,0,0,0,31,0,4,0,-314.0,0.0,0.0,0.12903225806451613,0.0,-10.129032258064516
2023,12,19790,DL,15016,10397,STL,ATL,177,0,1,0,176,0,17,2,-952.0,0.0,0.005649717514124294,0.09659090909090909,0.011363636363636364,-5.409090909090909
2023,12,19790,DL,15016,11433,STL,DTW,84,0,0,0,84,0,6,5,-194.0,0.0,0.0,0.07142857142857142,0.05952380952380952,-2.3095238095238093
2023,12,19790,DL,15016,13487,STL,MSP,83,0,0,0,83,0,4,3,-696.0,0.0,0.0,0.04819277108433735,0.03614457831325301,-8.385542168674698
2023,12,19790,DL,15016,14869,STL,SLC,70,0,0,0,70,0,2,1,-1334.0,0.0,0.0,0.02857142857142857,0.014285714285714285,-19.057142857142857
2023,12,19790,DL,15304,10397,TPA,ATL,371,0,0,0,371,0,42,11,-1957.0,0.0,0.0,0.11320754716981132,0.029649595687331536,-5.274932614555256
2023,12,19790,DL,15304,10721,TPA,BOS,80,0,1,0,79,0,10,2,-229.0,0.0,0.0125,0.12658227848101267,0.02531645569620253,-2.8987341772151898
2023,12,19790,DL,15304,11433,TPA,DTW,139,0,0,0,139,0,14,2,-678.0,0.0,0.0,0.10071942446043165,0.014388489208633094,-4.877697841726619
2023,12,19790,DL,15304,12478,TPA,JFK,93,0,0,0,93,0,11,2,-204.0,0.0,0.0,0.11827956989247312,0.021505376344086023,-2.193548387096774
2023,12,19790,DL,15304,12892,TPA,LAX,49,0,0,0,49,0,8,2,-60.0,0.0,0.0,0.16326530612244897,0.04081632653061224,-1.2244897959183674
2023,12,19790,DL,15304,12953,TPA,LGA,118,1,0,0,117,0,16,4,242.0,0.00847457627118644,0.0,0.13675213675213677,0.03418803418803419,2.0683760683760686
2023,12,19790,DL,15304,13487,TPA,MSP,101,0,0,0,101,0,7,1,-1349.0,0.0,0.0,0.06930693069306931,0.009900990099009901,-13.356435643564357
2023,12,19790,DL,15304,14747,TPA,SEA,31,0,0,0,31,0,3,1,-313.0,0.0,0.0,0.0967741935483871,0.03225806451612903,-10.096774193548388
2023,12,19790,DL,15304,14869,TPA,SLC,31,0,0,0,31,0,1,0,-588.0,0.0,0.0,0.03225806451612903,0.0,-18.967741935483872
2023,12,19805,AA,10397,11278,ATL,DCA,19,0,0,0,19,0,1,0,-246.0,0.0,0.0,0.05263157894736842,0.0,-12.947368421052632
2023,12,19805,AA,10397,11298,ATL,DFW,210,0,0,0,210,0,29,7,-126.0,0.0,0.0,0.1380952380952381,0.03333333333333333,-0.6
2023,12,19805,AA,10397,12892,ATL,LAX,48,0,0,0,48,0,3,0,-563.0,0.0,0.0,0.0625,0.0,-11.729166666666666
2023,12,19805,AA,10397,13303,ATL,MIA,155,0,0,0,155,0,39,12,1760.0,0.0,0.0,0.25161290322580643,0.07741935483870968,11.35483870967742
2023,12,19805,AA,10397,13930,ATL,ORD,45,0,0,0,45,0,3,1,-161.0,0.0,0.0,0.06666666666666667,0.022222222222222223,-3.577777777777778
2023,12,19805,AA,10397,14100,ATL,PHL,22,0,0,0,22,0,1,1,-248.0,0.0,0.0,0.045454545454545456,0.045454545454545456,-11.272727272727273
2023,12,19805,AA,10397,14107,ATL,PHX,53,0,2,0,51,0,9,5,640.0,0.0,0.03773584905660377,0.17647058823529413,0.09803921568627451,12.549019607843137
2023,12,19805,AA,10721,11278,BOS,DCA,121,2,1,0,118,0,21,10,208.0,0.01652892561983471,0.008264462809917356,0.17796610169491525,0.0847457627118644,1.7627118644067796
2023,12,19805,AA,10721,11298,BOS,DFW,171,0,0,0,171,0,20,6,-1201.0,0.0,0.0,0.11695906432748537,0.03508771929824561,-7.023391812865497
2023,12,19805,AA,10721,12892,BOS,LAX,59,0,0,0,59,0,9,3,-465.0,0.0,0.0,0.15254237288135594,0.05084745762711865,-7.88135593220339
2023,12,19805,AA,10721,12953,BOS,LGA,108,1,0,0,107,0,15,6,-151.0,0.009259259259259259,0.0,0.14018691588785046,0.056074766355140186,-1.411214953271028
2023,12,19805,AA,10721,13303,BOS,MIA,199,0,0,0,199,0,38,10,776.0,0.0,0.0,0.19095477386934673,0.05025125628140704,3.899497487437186
2023,12,19805,AA,10721,13930,BOS,ORD,79,0,0,0,79,0,6,0,-967.0,0.0,0.0,0.0759493670886076,0.0,-12.240506329113924
2023,12,19805,AA,10721,14100,BOS,PHL,131,1,0,0,130,0,14,6,471.0,0.007633587786259542,0.0,0.1076923076923077,0.046153846153846156,3.623076923076923
2023,12,19805,AA,10721,14107,BOS,PHX,119,0,0,0,119,0,13,5,-1849.0,0.0,0.0,0.1092436974789916,0.04201680672268908,-15.53781512605042
2023,12,19805,AA,10821,11298,BWI,DFW,79,0,0,0,79,0,8,2,-949.0,0.0,0.0,0.10126582278481013,0.02531645569620253,-12.012658227848101
2023,12,19805,AA,10821,13303,BWI,MIA,29,0,0,0,29,0,4,2,334.0,0.0,0.0,0.13793103448275862,0.06896551724137931,11.517241379310345
2023,12,19805,AA,10821,13930,BWI,ORD,26,0,0,0,26,0,3,1,-59.0,0.0,0.0,0.11538461538461539,0.038461538461538464,-2.269230769230769
2023,12,19805,AA,11278,10397,DCA,ATL,19,0,0,0,19,0,1,0,-147.0,0.0,0.0,0.05263157894736842,0.0,-7.7368421052631575
2023,12,19805,AA,11278,10721,DCA,BOS,122,2,0,0,120,0,27,6,692.0,0.01639344262295082,0.0,0.225,0.05,5.766666666666667
2023,12,19805,AA,11278,11298,DCA,DFW,271,0,0,0,271,0,41,14,653.0,0.0,0.0,0.15129151291512916,0.05166051660516605,2.4095940959409594
2023,12,19805,AA,11278,11697,DCA,FLL,59,0,0,0,59,0,16,5,920.0,0.0,0.0,0.2711864406779661,0.0847457627118644,15.59322033898305
2023,12,19805,AA,11278,12889,DCA,LAS,31,0,0,0,31,0,0,0,-921.0,0.0,0.0,0.0,0.0,-29.70967741935484
2023,12,19805,AA,11278,12892,DCA,LAX,62,0,1,0,61,0,6,3,-189.0,0.0,0.016129032258064516,0.09836065573770492,0.04918032786885246,-3.098360655737705
2023,12,19805,AA,11278,12953,DCA,LGA,111,1,0,0,110,0,23,7,86.0,0.009009009009009009,0.0,0.20909090909090908,0.06363636363636363,0.7818181818181819
2023,12,19805,AA,11278,13204,DCA,MCO,183,0,1,0,182,0,31,12,-190.0,0.0,0.00546448087431694,0.17032967032967034,0.06593406593406594,-1.043956043956044
2023,12,19805,AA,11278,13303,DCA,MIA,275,0,0,0,275,0,48,15,481.0,0.0,0.0,0.17454545454545456,0.05454545454545454,1.749090909090909
2023,12,19805,AA,11278,13930,DCA,ORD,200,0,0,0,200,0,23,12,-1916.0,0.0,0.0,0.115,0.06,-9.58
2023,12,19805,AA,11278,14107,DCA,PHX,93,0,0,0,93,0,4,3,-1422.0,0.0,0.0,0.043010752688172046,0.03225806451612903,-15.290322580645162
2023,12,19805,AA,11278,14635,DCA,RSW,31,0,0,0,31,0,4,0,-277.0,0.0,0.0,0.12903225806451613,0.0,-8.935483870967742
2023,12,19805,AA,11278,15016,DCA,STL,13,0,0,0,13,0,5,1,114.0,0.0,0.0,0.38461538461538464,0.07692307692307693,8.76923076923077
2023,12,19805,AA,11278,15304,DCA,TPA,121,0,0,0,121,0,22,7,279.0,0.0,0.0,0.18181818181818182,0.05785123966942149,2.3057851239669422
2023,12,19805,AA,11292,11298,DEN,DFW,240,0,0,0,240,0,55,14,3426.0,0.0,0.0,0.22916666666666666,0.058333333333333334,14.275
2023,12,19805,AA,11292,13303,DEN,MIA,89,0,0,0,89,0,31,7,1225.0,0.0,0.0,0.34831460674157305,0.07865168539325842,13.764044943820224
2023,12,19805,AA,11292,13930,DEN,ORD,75,0,0,0,75,0,11,3,4.0,0.0,0.0,0.14666666666666667,0.04,0.05333333333333334
2023,12,19805,AA,11292,14100,DEN,PHL,57,1,0,0,56,0,11,5,863.0,0.017543859649122806,0.0,0.19642857142857142,0.08928571428571429,15.410714285714286
2023,12,19805,AA,11292,14107,DEN,PHX,94,0,0,0,94,0,22,5,680.0,0.0,0.0,0.23404255319148937,0.05319148936170213,7.23404255319149
2023,12,19805,AA,11298,10397,DFW,ATL,211,0,0,0,211,0,52,13,1806.0,0.0,0.0,0.24644549763033174,0.061611374407582936,8.559241706161137
2023,12,19805,AA,11298,10721,DFW,BOS,171,0,0,0,171,0,41,6,781.0,0.0,0.0,0.23976608187134502,0.03508771929824561,4.567251461988304
2023,12,19805,AA,11298,10821,DFW,BWI,79,0,0,0,79,0,12,2,6.0,0.0,0.0,0.1518987341772152,0.02531645569620253,0.0759493670886076
2023,12,19805,AA,11298,11278,DFW,DCA,273,0,2,0,271,0,46,14,1230.0,0.0,0.007326007326007326,0.16974169741697417,0.05166051660516605,4.538745387453875
2023,12,19805,AA,11298,11292,DFW,DEN,241,0,0,0,241,0,63,13,1925.0,0.0,0.0,0.26141078838174275,0.05394190871369295,7.987551867219917
2023,12,19805,AA,11298,11433,DFW,DTW,110,0,1,0,109,0,25,5,689.0,0.0,0.00909090909090909,0.22935779816513763,0.045871559633027525,6.321100917431193
2023,12,19805,AA,11298,11618,DFW,EWR,118,0,0,0,118,0,27,8,1031.0,0.0,0.0,0.2288135593220339,0.06779661016949153,8.73728813559322
2023,12,19805,AA,11298,11697,DFW,FLL,143,0,0,0,143,0,30,9,1051.0,0.0,0.0,0.2097902097902098,0.06293706293706294,7.34965034965035
2023,12,19805,AA,11298,12173,DFW,HNL,62,0,0,0,62,0,7,3,-332.0,0.0,0.0,0.11290322580645161,0.04838709677419355,-5.354838709677419
2023,12,19805,AA,11298,12266,DFW,IAH,168,0,0,0,168,0,36,11,1598.0,0.0,0.0,0.21428571428571427,0.06547619047619048,9.511904761904763
2023,12,19805,AA,11298,12478,DFW,JFK,91,0,1,0,90,0,16,3,148.0,0.0,0.01098901098901099,0.17777777777777778,0.03333333333333333,1.6444444444444444
2023,12,19805,AA,11298,12889,DFW,LAS,313,0,2,0,311,0,55,18,2053.0,0.0,0.006389776357827476,0.17684887459807075,0.05787781350482315,6.601286173633441
2023,12,19805,AA,11298,12892,DFW,LAX,408,0,1,0,407,0,72,17,364.0,0.0,0.0024509803921568627,0.1769041769041769,0.04176904176904177,0.8943488943488943
2023,12,19805,AA,11298,12953,DFW,LGA,233,0,2,0,231,0,35,8,-145.0,0.0,0.008583690987124463,0.15151515151515152,0.03463203463203463,-0.6277056277056277
2023,12,19805,AA,11298,13204,DFW,MCO,296,0,0,0,296,0,84,22,3640.0,0.0,0.0,0.28378378378378377,0.07432432432432433,12.297297297297296
2023,12,19805,AA,11298,13303,DFW,MIA,353,0,0,0,353,0,75,17,2056.0,0.0,0.0,0.21246458923512748,0.04815864022662889,5.824362606232294
2023,12,19805,AA,11298,13487,DFW,MSP,110,0,0,0,110,0,25,5,642.0,0.0,0.0,0.22727272727272727,0.045454545454545456,5.836363636363636
2023,12,19805,AA,11298,13930,DFW,ORD,336,0,0,0,336,0,47,12,-833.0,0.0,0.0,0.13988095238095238,0.03571428571428571,-2.4791666666666665
2023,12,19805,AA,11298,14100,DFW,PHL,243,0,0,0,243,0,50,8,592.0,0.0,0.0,0.205761316872428,0.03292181069958848,2.4362139917695473
2023,12,19805,AA,11298,14107,DFW,PHX,361,0,0,0,361,0,64,15,599.0,0.0,0.0,0.1772853185595568,0.04155124653739612,1.6592797783933517
2023,12,19805,AA,11298,14635,DFW,RSW,109,0,1,0,108,0,23,5,910.0,0.0,0.009174311926605505,0.21296296296296297,0.046296296296296294,8.425925925925926
2023,12,19805,AA,11298,14679,DFW,SAN,252,0,0,0,252,0,51,11,1035.0,0.0,0.0,0.20238095238095238,0.04365079365079365,4.107142857142857
2023,12,19805,AA,11298,14747,DFW,SEA,209,0,0,0,209,0,31,3,-962.0,0.0,0.0,0.14832535885167464,0.014354066985645933,-4.6028708133971294
2023,12,19805,AA,11298,14771,DFW,SFO,238,0,1,0,237,0,55,12,1042.0,0.0,0.004201680672268907,0.2320675105485232,0.05063291139240506,4.39662447257384
2023,12,19805,AA,11298,14869,DFW,SLC,183,0,0,0,183,0,37,12,1682.0,0.0,0.0,0.20218579234972678,0.06557377049180328,9.191256830601093
2023,12,19805,AA,11298,15016,DFW,STL,144,0,0,0,144,0,27,8,1036.0,0.0,0.0,0.1875,0.05555555555555555,7.194444444444445
2023,12,19805,AA,11298,15304,DFW,TPA,194,0,0,0,194,0,30,7,1170.0,0.0,0.0,0.15463917525773196,0.03608247422680412,6.030927835051546
2023,12,19805,AA,11433,11298,DTW,DFW,109,0,0,0,109,0,10,4,-815.0,0.0,0.0,0.09174311926605505,0.03669724770642202,-7.477064220183486
2023,12,19805,AA,11433,12953,DTW,LGA,17,0,0,0,17,0,4,2,92.0,0.0,0.0,0.23529411764705882,0.11764705882352941,5.411764705882353
2023,12,19805,AA,11433,13303,DTW,MIA,35,0,0,0,35,0,7,0,-188.0,0.0,0.0,0.2,0.0,-5.371428571428571
2023,12,19805,AA,11433,13930,DTW,ORD,27,0,0,0,27,0,10,4,456.0,0.0,0.0,0.37037037037037035,0.14814814814814814,16.88888888888889
2023,12,19805,AA,11433,14100,DTW,PHL,38,0,0,0,38,0,11,4,694.0,0.0,0.0,0.2894736842105263,0.10526315789473684,18.263157894736842
2023,12,19805,AA,11433,14107,DTW,PHX,31,0,0,0,31,0,3,1,-611.0,0.0,0.0,0.0967741935483871,0.03225806451612903,-19.70967741935484
2023,12,19805,AA,11618,11298,EWR,DFW,117,0,0,0,117,0,16,8,-849.0,0.0,0.0,0.13675213675213677,0.06837606837606838,-7.256410256410256
2023,12,19805,AA,11618,13303,EWR,MIA,113,0,0,0,113,0,34,8,2606.0,0.0,0.0,0.3008849557522124,0.07079646017699115,23.061946902654867
2023,12,19805,AA,11618,13930,EWR,ORD,34,0,0,0,34,0,6,2,-193.0,0.0,0.0,0.17647058823529413,0.058823529411764705,-5.676470588235294
2023,12,19805,AA,11618,14107,EWR,PHX,93,0,0,0,93,0,13,3,90.0,0.0,0.0,0.13978494623655913,0.03225806451612903,0.967741935483871
2023,12,19805,AA,11697,11278,FLL,DCA,59,0,2,0,57,0,15,4,997.0,0.0,0.03389830508474576,0.2631578947368421,0.07017543859649122,17.49122807017544
2023,12,19805,AA,11697,11298,FLL,DFW,142,0,0,0,142,0,28,10,1393.0,0.0,0.0,0.19718309859154928,0.07042253521126761,9.809859154929578
2023,12,19805,AA,11697,13930,FLL,ORD,56,0,0,0,56,0,11,1,-158.0,0.0,0.0,0.19642857142857142,0.017857142857142856,-2.8214285714285716
2023,12,19805,AA,11697,14100,FLL,PHL,105,0,0,0,105,0,15,6,683.0,0.0,0.0,0.14285714285714285,0.05714285714285714,6.504761904761905
2023,12,19805,AA,12173,11298,HNL,DFW,62,0,0,0,62,0,1,1,-1427.0,0.0,0.0,0.016129032258064516,0.016129032258064516,-23.016129032258064
2023,12,19805,AA,12173,12892,HNL,LAX,105,0,0,0,105,0,8,2,-837.0,0.0,0.0,0.0761904761904762,0.01904761904761905,-7.9714285714285715
2023,12,19805,AA,12173,14107,HNL,PHX,47,0,0,0,47,0,2,0,-1335.0,0.0,0.0,0.0425531914893617,0.0,-28.404255319148938
2023,12,19805,AA,12266,11298,IAH,DFW,167,0,0,0,167,0,36,10,651.0,0.0,0.0,0.2155688622754491,0.059880239520958084,3.8982035928143715
2023,12,19805,AA,12266,13303,IAH,MIA,94,0,0,0,94,0,26,11,2496.0,0.0,0.0,0.2765957446808511,0.11702127659574468,26.5531914893617
2023,12,19805,AA,12266,13930,IAH,ORD,17,0,0,0,17,0,1,0,-101.0,0.0,0.0,0.058823529411764705,0.0,-5.9411764705882355
2023,12,19805,AA,12266,14100,IAH,PHL,31,0,0,0,31,0,0,0,-448.0,0.0,0.0,0.0,0.0,-14.451612903225806
2023,12,19805,AA,12478,11298,JFK,DFW,91,0,0,0,91,0,11,2,-1319.0,0.0,0.0,0.12087912087912088,0.02197802197802198,-14.494505494505495
2023,12,19805,AA,12478,12892,JFK,LAX,283,0,0,0,283,0,17,1,-7256.0,0.0,0.0,0.06007067137809187,0.0035335689045936395,-25.63957597173145
2023,12,19805,AA,12478,13303,JFK,MIA,250,0,0,0,250,0,45,10,42.0,0.0,0.0,0.18,0.04,0.168
2023,12,19805,AA,12478,13930,JFK,ORD,63,0,0,0,63,0,3,2,-1018.0,0.0,0.0,0.047619047619047616,0.031746031746031744,-16.158730158730158
2023,12,19805,AA,12478,14107,JFK,PHX,109,0,0,0,109,0,7,4,-2108.0,0.0,0.0,0.06422018348623854,0.03669724770642202,-19.339449541284402
2023,12,19805,AA,12478,14771,JFK,SFO,119,0,0,0,119,0,4,1,-3380.0,0.0,0.0,0.03361344537815126,0.008403361344537815,-28.403361344537814
2023,12,19805,AA,12889,11278,LAS,DCA,31,0,0,0,31,0,6,1,133.0,0.0,0.0,0.1935483870967742,0.03225806451612903,4.290322580645161
2023,12,19805,AA,12889,11298,LAS,DFW,313,0,0,0,313,0,42,18,2352.0,0.0,0.0,0.134185303514377,0.05750798722044728,7.514376996805112
2023,12,19805,AA,12889,12892,LAS,LAX,84,0,0,0,84,0,16,8,1863.0,0.0,0.0,0.19047619047619047,0.09523809523809523,22.178571428571427
2023,12,19805,AA,12889,13303,LAS,MIA,89,0,0,0,89,0,19,5,852.0,0.0,0.0,0.21348314606741572,0.056179775280898875,9.573033707865168
2023,12,19805,AA,12889,13930,LAS,ORD,116,0,0,0,116,0,15,6,-232.0,0.0,0.0,0.12931034482758622,0.05172413793103448,-2.0
2023,12,19805,AA,12889,14100,LAS,PHL,59,0,0,0,59,0,5,1,-51.0,0.0,0.0,0.0847457627118644,0.01694915254237288,-0.864406779661017
2023,12,19805,AA,12889,14107,LAS,PHX,133,0,0,0,133,0,20,12,1230.0,0.0,0.0,0.15037593984962405,0.09022556390977443,9.24812030075188
2023,12,19805,AA,12892,10397,LAX,ATL,47,0,0,0,47,0,7,2,136.0,0.0,0.0,0.14893617021276595,0.0425531914893617,2.893617021276596
2023,12,19805,AA,12892,10721,LAX,BOS,59,0,0,0,59,0,8,1,-30.0,0.0,0.0,0.13559322033898305,0.01694915254237288,-0.5084745762711864
2023,12,19805,AA,12892,11278,LAX,DCA,62,0,1,0,61,0,7,0,-65.0,0.0,0.016129032258064516,0.11475409836065574,0.0,-1.0655737704918034
2023,12,19805,AA,12892,11298,LAX,DFW,405,1,0,0,404,0,53,20,2863.0,0.0024691358024691358,0.0,0.1311881188118812,0.04950495049504951,7.086633663366337
2023,12,19805,AA,12892,12173,LAX,HNL,105,0,0,0,105,0,27,3,420.0,0.0,0.0,0.2571428571428571,0.02857142857142857,4.0
2023,12,19805,AA,12892,12478,LAX,JFK,282,0,0,0,282,0,66,14,2679.0,0.0,0.0,0.23404255319148937,0.04964539007092199,9.5
2023,12,19805,AA,12892,12889,LAX,LAS,84,0,0,0,84,0,17,5,835.0,0.0,0.0,0.20238095238095238,0.05952380952380952,9.94047619047619
2023,12,19805,AA,12892,13204,LAX,MCO,60,0,1,0,59,0,11,2,523.0,0.0,0.016666666666666666,0.1864406779661017,0.03389830508474576,8.864406779661017
2023,12,19805,AA,12892,13303,LAX,MIA,229,0,1,0,228,0,50,12,1580.0,0.0,0.004366812227074236,0.21929824561403508,0.05263157894736842,6.9298245614035086
2023,12,19805,AA,12892,13930,LAX,ORD,204,0,0,0,204,0,31,12,248.0,0.0,0.0,0.15196078431372548,0.058823529411764705,1.2156862745098038
2023,12,19805,AA,12892,14100,LAX,PHL,138,0,1,0,137,0,31,9,2123.0,0.0,0.007246376811594203,0.22627737226277372,0.06569343065693431,15.496350364963504
2023,12,19805,AA,12892,14107,LAX,PHX,157,0,0,0,157,0,21,3,-31.0,0.0,0.0,0.1337579617834395,0.01910828025477707,-0.19745222929936307
2023,12,19805,AA,12892,15016,LAX,STL,21,0,0,0,21,0,5,1,137.0,0.0,0.0,0.23809523809523808,0.047619047619047616,6.523809523809524
2023,12,19805,AA,12892,15304,LAX,TPA,11,0,0,0,11,0,4,0,-14.0,0.0,0.0,0.36363636363636365,0.0,-1.2727272727272727
2023,12,19805,AA,12953,10721,LGA,BOS,108,1,0,0,107,0,12,8,-12.0,0.009259259259259259,0.0,0.11214953271028037,0.07476635514018691,-0.11214953271028037
2023,12,19805,AA,12953,11278,LGA,DCA,113,1,0,0,112,0,19,10,-171.0,0.008849557522123894,0.0,0.16964285714285715,0.08928571428571429,-1.5267857142857142
2023,12,19805,AA,12953,11298,LGA,DFW,233,0,0,0,233,0,23,5,-3696.0,0.0,0.0,0.09871244635193133,0.02145922746781116,-15.86266094420601
2023,12,19805,AA,12953,11433,LGA,DTW,17,0,0,0,17,0,1,1,-138.0,0.0,0.0,0.058823529411764705,0.058823529411764705,-8.117647058823529
2023,12,19805,AA,12953,13303,LGA,MIA,272,0,1,0,271,0,43,3,-1553.0,0.0,0.003676470588235294,0.15867158671586715,0.01107011070110701,-5.730627306273063
2023,12,19805,AA,12953,13930,LGA,ORD,179,0,0,0,179,0,28,13,-713.0,0.0,0.0,0.1564245810055866,0.07262569832402235,-3.983240223463687
2023,12,19805,AA,12953,15016,LGA,STL,45,0,0,0,45,0,7,3,-254.0,0.0,0.0,0.15555555555555556,0.06666666666666667,-5.644444444444445
2023,12,19805,AA,13204,11278,MCO,DCA,183,0,0,0,183,0,34,10,778.0,0.0,0.0,0.18579234972677597,0.0546448087431694,4.251366120218579
2023,12,19805,AA,13204,11298,MCO,DFW,293,0,1,0,292,0,55,8,229.0,0.0,0.0034129692832764505,0.18835616438356165,0.0273972602739726,0.7842465753424658
2023,12,19805,AA,13204,12892,MCO,LAX,59,0,0,0,59,0,16,4,672.0,0.0,0.0,0.2711864406779661,0.06779661016949153,11.389830508474576
2023,12,19805,AA,13204,13303,MCO,MIA,218,0,0,0,218,0,47,10,2009.0,0.0,0.0,0.21559633027522937,0.045871559633027525,9.215596330275229
2023,12,19805,AA,13204,13930,MCO,ORD,110,0,0,0,110,0,21,6,-167.0,0.0,0.0,0.19090909090909092,0.05454545454545454,-1.518181818181818
2023,12,19805,AA,13204,14100,MCO,PHL,205,0,1,0,204,0,34,11,719.0,0.0,0.004878048780487805,0.16666666666666666,0.05392156862745098,3.5245098039215685
2023,12,19805,AA,13204,14107,MCO,PHX,88,0,0,0,88,0,20,2,379.0,0.0,0.0,0.22727272727272727,0.022727272727272728,4.306818181818182
2023,12,19805,AA,13303,10397,MIA,ATL,156,0,0,0,156,0,36,12,2301.0,0.0,0.0,0.23076923076923078,0.07692307692307693,14.75
2023,12,19805,AA,13303,10721,MIA,BOS,199,0,1,0,198,0,44,12,1903.0,0.0,0.005025125628140704,0.2222222222222222,0.06060606060606061,9.61111111111111
2023,12,19805,AA,13303,10821,MIA,BWI,29,0,0,0,29,0,6,1,14.0,0.0,0.0,0.20689655172413793,0.034482758620689655,0.4827586206896552
2023,12,19805,AA,13303,11278,MIA,DCA,273,0,1,0,272,0,43,10,-112.0,0.0,0.003663003663003663,0.15808823529411764,0.03676470588235294,-0.4117647058823529
2023,12,19805,AA,13303,11292,MIA,DEN,88,0,0,0,88,0,19,6,1128.0,0.0,0.0,0.2159090909090909,0.06818181818181818,12.818181818181818
2023,12,19805,AA,13303,11298,MIA,DFW,349,0,0,0,349,0,92,28,3191.0,0.0,0.0,0.2636103151862464,0.08022922636103152,9.1432664756447
2023,12,19805,AA,13303,11433,MIA,DTW,35,0,0,0,35,0,9,0,97.0,0.0,0.0,0.2571428571428571,0.0,2.7714285714285714
2023,12,19805,AA,13303,11618,MIA,EWR,113,0,0,0,113,0,28,8,1873.0,0.0,0.0,0.24778761061946902,0.07079646017699115,16.575221238938052
2023,12,19805,AA,13303,12266,MIA,IAH,94,0,0,0,94,0,38,10,2744.0,0.0,0.0,0.40425531914893614,0.10638297872340426,29.19148936170213
2023,12,19805,AA,13303,12478,MIA,JFK,247,0,1,0,246,0,50,12,1154.0,0.0,0.004048582995951417,0.2032520325203252,0.04878048780487805,4.691056910569106
2023,12,19805,AA,13303,12889,MIA,LAS,89,0,0,0,89,0,26,6,985.0,0.0,0.0,0.29213483146067415,0.06741573033707865,11.067415730337078
2023,12,19805,AA,13303,12892,MIA,LAX,227,0,1,0,226,0,60,15,1805.0,0.0,0.004405286343612335,0.26548672566371684,0.06637168141592921,7.986725663716814
2023,12,19805,AA,13303,12953,MIA,LGA,270,0,1,0,269,0,58,16,914.0,0.0,0.003703703703703704,0.21561338289962825,0.05947955390334572,3.3977695167286246
2023,12,19805,AA,13303,13204,MIA,MCO,218,0,0,0,218,0,53,18,2186.0,0.0,0.0,0.24311926605504589,0.08256880733944955,10.027522935779816
2023,12,19805,AA,13303,13487,MIA,MSP,31,0,0,0,31,0,4,1,-327.0,0.0,0.0,0.12903225806451613,0.03225806451612903,-10.548387096774194
2023,12,19805,AA,13303,13930,MIA,ORD,254,0,0,0,254,0,34,8,-1586.0,0.0,0.0,0.13385826771653545,0.031496062992125984,-6.244094488188976
2023,12,19805,AA,13303,14100,MIA,PHL,188,0,0,0,188,0,49,17,1744.0,0.0,0.0,0.26063829787234044,0.09042553191489362,9.27659574468085
2023,12,19805,AA,13303,14107,MIA,PHX,152,0,0,0,152,0,44,9,2877.0,0.0,0.0,0.2894736842105263,0.05921052631578947,18.92763157894737
2023,12,19805,AA,13303,14679,MIA,SAN,43,0,0,0,43,0,17,0,461.0,0.0,0.0,0.3953488372093023,0.0,10.720930232558139
2023,12,19805,AA,13303,14747,MIA,SEA,43,0,1,0,42,0,8,2,-251.0,0.0,0.023255813953488372,0.19047619047619047,0.047619047619047616,-5.976190476190476
2023,12,19805,AA,13303,14771,MIA,SFO,89,0,0,0,89,0,22,8,1257.0,0.0,0.0,0.24719101123595505,0.0898876404494382,14.123595505617978
2023,12,19805,AA,13303,14869,MIA,SLC,24,0,0,0,24,0,4,1,-173.0,0.0,0.0,0.16666666666666666,0.041666666666666664,-7.208333333333333
2023,12,19805,AA,13303,15016,MIA,STL,44,0,0,0,44,0,12,5,393.0,0.0,0.0,0.2727272727272727,0.11363636363636363,8.931818181818182
2023,12,19805,AA,13303,15304,MIA,TPA,140,0,0,0,140,0,45,17,2863.0,0.0,0.0,0.32142857142857145,0.12142857142857143,20.45
2023,12,19805,AA,13487,11298,MSP,DFW,110,0,0,0,110,0,15,4,-724.0,0.0,0.0,0.13636363636363635,0.03636363636363636,-6.581818181818182
2023,12,19805,AA,13487,13303,MSP,MIA,31,0,0,0,31,0,7,0,-94.0,0.0,0.0,0.22580645161290322,0.0,-3.032258064516129
2023,12,19805,AA,13487,13930,MSP,ORD,30,0,0,0,30,0,2,0,-681.0,0.0,0.0,0.06666666666666667,0.0,-22.7
2023,12,19805,AA,13487,14107,MSP,PHX,36,0,0,0,36,0,1,0,-731.0,0.0,0.0,0.027777777777777776,0.0,-20.305555555555557
2023,12,19805,AA,13930,10397,ORD,ATL,45,0,0,0,45,0,11,2,236.0,0.0,0.0,0.24444444444444444,0.044444444444444446,5.2444444444444445
2023,12,19805,AA,13930,10721,ORD,BOS,79,0,0,0,79,0,17,2,442.0,0.0,0.0,0.21518987341772153,0.02531645569620253,5.594936708860759
2023,12,19805,AA,13930,10821,ORD,BWI,27,0,0,0,27,0,5,2,984.0,0.0,0.0,0.18518518518518517,0.07407407407407407,36.44444444444444
2023,12,19805,AA,13930,11278,ORD,DCA,201,0,0,0,201,0,35,13,2980.0,0.0,0.0,0.17412935323383086,0.06467661691542288,14.82587064676617
2023,12,19805,AA,13930,11292,ORD,DEN,75,0,0,0,75,0,6,2,-471.0,0.0,0.0,0.08,0.02666666666666667,-6.28
2023,12,19805,AA,13930,11298,ORD,DFW,335,0,0,0,335,0,28,8,-972.0,0.0,0.0,0.08358208955223881,0.023880597014925373,-2.901492537313433
2023,12,19805,AA,13930,11433,ORD,DTW,27,0,0,0,27,0,8,2,395.0,0.0,0.0,0.2962962962962963,0.07407407407407407,14.62962962962963
2023,12,19805,AA,13930,11618,ORD,EWR,33,0,0,0,33,0,11,2,329.0,0.0,0.0,0.3333333333333333,0.06060606060606061,9.969696969696969
2023,12,19805,AA,13930,11697,ORD,FLL,56,0,0,0,56,0,14,5,366.0,0.0,0.0,0.25,0.08928571428571429,6.535714285714286
2023,12,19805,AA,13930,12266,ORD,IAH,16,0,0,0,16,0,1,0,-83.0,0.0,0.0,0.0625,0.0,-5.1875
2023,12,19805,AA,13930,12478,ORD,JFK,62,0,0,0,62,0,19,3,616.0,0.0,0.0,0.3064516129032258,0.04838709677419355,9.935483870967742
2023,12,19805,AA,13930,12889,ORD,LAS,116,0,0,0,116,0,13,3,-928.0,0.0,0.0,0.11206896551724138,0.02586206896551724,-8.0
2023,12,19805,AA,13930,12892,ORD,LAX,203,0,1,0,202,0,26,5,-997.0,0.0,0.0049261083743842365,0.12871287128712872,0.024752475247524754,-4.935643564356436
2023,12,19805,AA,13930,12953,ORD,LGA,179,0,0,0,179,0,41,16,1764.0,0.0,0.0,0.22905027932960895,0.0893854748603352,9.854748603351956
2023,12,19805,AA,13930,13204,ORD,MCO,110,0,0,0,110,0,23,5,458.0,0.0,0.0,0.20909090909090908,0.045454545454545456,4.163636363636364
2023,12,19805,AA,13930,13303,ORD,MIA,255,0,0,0,255,0,60,7,959.0,0.0,0.0,0.23529411764705882,0.027450980392156862,3.76078431372549
2023,12,19805,AA,13930,13487,ORD,MSP,30,0,0,0,30,0,5,1,96.0,0.0,0.0,0.16666666666666666,0.03333333333333333,3.2
2023,12,19805,AA,13930,14100,ORD,PHL,167,0,0,0,167,0,39,9,3798.0,0.0,0.0,0.23353293413173654,0.05389221556886228,22.74251497005988
2023,12,19805,AA,13930,14107,ORD,PHX,218,0,1,0,217,0,17,9,-1730.0,0.0,0.0045871559633027525,0.07834101382488479,0.041474654377880185,-7.972350230414746
2023,12,19805,AA,13930,14635,ORD,RSW,88,0,0,0,88,0,18,5,209.0,0.0,0.0,0.20454545454545456,0.056818181818181816,2.375
2023,12,19805,AA,13930,14679,ORD,SAN,80,0,0,0,80,0,14,4,-179.0,0.0,0.0,0.175,0.05,-2.2375
2023,12,19805,AA,13930,14747,ORD,SEA,31,0,0,0,31,0,2,0,-283.0,0.0,0.0,0.06451612903225806,0.0,-9.129032258064516
2023,12,19805,AA,13930,14771,ORD,SFO,70,0,0,0,70,0,9,3,-480.0,0.0,0.0,0.12857142857142856,0.04285714285714286,-6.857142857142857
2023,12,19805,AA,13930,14869,ORD,SLC,24,0,0,0,24,0,3,0,-233.0,0.0,0.0,0.125,0.0,-9.708333333333334
2023,12,19805,AA,13930,15016,ORD,STL,39,0,0,0,39,0,11,3,542.0,0.0,0.0,0.28205128205128205,0.07692307692307693,13.897435897435898
2023,12,19805,AA,13930,15304,ORD,TPA,92,0,1,0,91,0,20,4,461.0,0.0,0.010869565217391304,0.21978021978021978,0.04395604395604396,5.065934065934066
2023,12,19805,AA,14100,10397,PHL,ATL,21,0,0,0,21,0,2,1,55.0,0.0,0.0,0.09523809523809523,0.047619047619047616,2.619047619047619
2023,12,19805,AA,14100,10721,PHL,BOS,130,1,0,0,129,0,24,9,213.0,0.007692307692307693,0.0,0.18604651162790697,0.06976744186046512,1.6511627906976745
2023,12,19805,AA,14100,11292,PHL,DEN,57,0,0,0,57,0,10,4,2.0,0.0,0.0,0.17543859649122806,0.07017543859649122,0.03508771929824561
2023,12,19805,AA,14100,11298,PHL,DFW,242,0,0,0,242,0,22,8,-2952.0,0.0,0.0,0.09090909090909091,0.03305785123966942,-12.198347107438016
2023,12,19805,AA,14100,11433,PHL,DTW,38,0,0,0,38,0,11,3,454.0,0.0,0.0,0.2894736842105263,0.07894736842105263,11.947368421052632
2023,12,19805,AA,14100,11697,PHL,FLL,105,0,0,0,105,0,20,8,745.0,0.0,0.0,0.19047619047619047,0.0761904761904762,7.095238095238095
2023,12,19805,AA,14100,12266,PHL,IAH,31,0,0,0,31,0,9,3,1178.0,0.0,0.0,0.2903225806451613,0.0967741935483871,38.0
2023,12,19805,AA,14100,12889,PHL,LAS,59,0,0,0,59,0,4,1,-641.0,0.0,0.0,0.06779661016949153,0.01694915254237288,-10.864406779661017
2023,12,19805,AA,14100,12892,PHL,LAX,137,0,0,0,137,0,13,3,-459.0,0.0,0.0,0.0948905109489051,0.021897810218978103,-3.3503649635036497
2023,12,19805,AA,14100,13204,PHL,MCO,205,0,0,0,205,0,35,12,661.0,0.0,0.0,0.17073170731707318,0.05853658536585366,3.2243902439024392
2023,12,19805,AA,14100,13303,PHL,MIA,189,0,0,0,189,0,46,11,1279.0,0.0,0.0,0.24338624338624337,0.0582010582010582,6.767195767195767
2023,12,19805,AA,14100,13930,PHL,ORD,168,0,0,0,168,0,21,8,-1560.0,0.0,0.0,0.125,0.047619047619047616,-9.285714285714286
2023,12,19805,AA,14100,14107,PHL,PHX,206,0,1,0,205,0,16,5,-4163.0,0.0,0.0048543689320388345,0.07804878048780488,0.024390243902439025,-20.307317073170733
2023,12,19805,AA,14100,14635,PHL,RSW,71,0,1,0,70,0,7,3,-467.0,0.0,0.014084507042253521,0.1,0.04285714285714286,-6.671428571428572
2023,12,19805,AA,14100,14679,PHL,SAN,78,0,1,0,77,0,6,1,-1274.0,0.0,0.01282051282051282,0.07792207792207792,0.012987012987012988,-16.545454545454547
2023,12,19805,AA,14100,14747,PHL,SEA,31,0,1,0,30,0,0,0,-574.0,0.0,0.03225806451612903,0.0,0.0,-19.133333333333333
2023,12,19805,AA,14100,14771,PHL,SFO,63,0,0,0,63,0,4,1,-907.0,0.0,0.0,0.06349206349206349,0.015873015873015872,-14.396825396825397
2023,12,19805,AA,14100,14869,PHL,SLC,12,0,0,0,12,0,4,1,208.0,0.0,0.0,0.3333333333333333,0.08333333333333333,17.333333333333332
2023,12,19805,AA,14100,15016,PHL,STL,31,0,0,0,31,0,9,3,53.0,0.0,0.0,0.2903225806451613,0.0967741935483871,1.7096774193548387
2023,12,19805,AA,14100,15304,PHL,TPA,123,0,0,0,123,0,22,5,199.0,0.0,0.0,0.17886178861788618,0.04065040650406504,1.6178861788617886
2023,12,19805,AA,14107,10397,PHX,ATL,53,0,0,0,53,0,9,1,101.0,0.0,0.0,0.16981132075471697,0.018867924528301886,1.9056603773584906
2023,12,19805,AA,14107,10721,PHX,BOS,120,0,0,0,120,0,29,6,873.0,0.0,0.0,0.24166666666666667,0.05,7.275
2023,12,19805,AA,14107,11278,PHX,DCA,93,0,1,0,92,0,13,3,-186.0,0.0,0.010752688172043012,0.14130434782608695,0.03260869565217391,-2.0217391304347827
2023,12,19805,AA,14107,11292,PHX,DEN,94,0,1,0,93,0,12,3,292.0,0.0,0.010638297872340425,0.12903225806451613,0.03225806451612903,3.139784946236559
2023,12,19805,AA,14107,11298,PHX,DFW,361,0,0,0,361,0,49,12,-100.0,0.0,0.0,0.13573407202216067,0.0332409972299169,-0.2770083102493075
2023,12,19805,AA,14107,11433,PHX,DTW,31,0,0,0,31,0,5,2,164.0,0.0,0.0,0.16129032258064516,0.06451612903225806,5.290322580645161
2023,12,19805,AA,14107,11618,PHX,EWR,93,0,0,0,93,0,20,5,539.0,0.0,0.0,0.21505376344086022,0.053763440860215055,5.795698924731183
2023,12,19805,AA,14107,12173,PHX,HNL,47,0,0,0,47,0,1,0,-591.0,0.0,0.0,0.02127659574468085,0.0,-12.574468085106384
2023,12,19805,AA,14107,12478,PHX,JFK,109,0,0,0,109,0,25,5,1509.0,0.0,0.0,0.22935779816513763,0.045871559633027525,13.844036697247706
2023,12,19805,AA,14107,12889,PHX,LAS,132,0,0,0,132,0,27,14,1533.0,0.0,0.0,0.20454545454545456,0.10606060606060606,11.613636363636363
2023,12,19805,AA,14107,12892,PHX,LAX,157,0,1,0,156,0,22,4,337.0,0.0,0.006369426751592357,0.14102564102564102,0.02564102564102564,2.16025641025641
2023,12,19805,AA,14107,13204,PHX,MCO,93,0,0,0,93,0,12,3,-112.0,0.0,0.0,0.12903225806451613,0.03225806451612903,-1.2043010752688172
2023,12,19805,AA,14107,13303,PHX,MIA,152,0,0,0,152,0,18,4,-484.0,0.0,0.0,0.11842105263157894,0.02631578947368421,-3.1842105263157894
2023,12,19805,AA,14107,13487,PHX,MSP,36,0,0,0,36,0,7,2,163.0,0.0,0.0,0.19444444444444445,0.05555555555555555,4.527777777777778
2023,12,19805,AA,14107,13930,PHX,ORD,217,0,1,0,216,0,20,3,-1769.0,0.0,0.004608294930875576,0.09259259259259259,0.013888888888888888,-8.189814814814815
2023,12,19805,AA,14107,14100,PHX,PHL,207,0,0,0,207,0,32,12,613.0,0.0,0.0,0.15458937198067632,0.057971014492753624,2.9613526570048307
2023,12,19805,AA,14107,14679,PHX,SAN,141,0,0,0,141,0,19,3,-40.0,0.0,0.0,0.1347517730496454,0.02127659574468085,-0.28368794326241137
2023,12,19805,AA,14107,14747,PHX,SEA,56,0,0,0,56,0,7,1,21.0,0.0,0.0,0.125,0.017857142857142856,0.375
2023,12,19805,AA,14107,14771,PHX,SFO,79,0,0,0,79,0,21,3,557.0,0.0,0.0,0.26582278481012656,0.0379746835443038,7.050632911392405
2023,12,19805,AA,14107,14869,PHX,SLC,26,0,0,0,26,0,3,3,240.0,0.0,0.0,0.11538461538461539,0.11538461538461539,9.23076923076923
2023,12,19805,AA,14107,15016,PHX,STL,60,0,0,0,60,0,12,6,453.0,0.0,0.0,0.2,0.1,7.55
2023,12,19805,AA,14107,15304,PHX,TPA,59,0,0,0,59,0,14,2,337.0,0.0,0.0,0.23728813559322035,0.03389830508474576,5.711864406779661
2023,12,19805,AA,14635,11278,RSW,DCA,31,0,0,0,31,0,5,0,83.0,0.0,0.0,0.16129032258064516,0.0,2.6774193548387095
2023,12,19805,AA,14635,11298,RSW,DFW,109,0,0,0,109,0,20,7,1247.0,0.0,0.0,0.1834862385321101,0.06422018348623854,11.440366972477063
2023,12,19805,AA,14635,13930,RSW,ORD,88,0,0,0,88,0,17,7,-69.0,0.0,0.0,0.19318181818181818,0.07954545454545454,-0.7840909090909091
2023,12,19805,AA,14635,14100,RSW,PHL,71,0,0,0,71,0,10,6,447.0,0.0,0.0,0.14084507042253522,0.08450704225352113,6.295774647887324
2023,12,19805,AA,14679,11298,SAN,DFW,252,0,0,0,252,0,39,16,792.0,0.0,0.0,0.15476190476190477,0.06349206349206349,3.142857142857143
2023,12,19805,AA,14679,13303,SAN,MIA,43,0,0,0,43,0,5,1,-141.0,0.0,0.0,0.11627906976744186,0.023255813953488372,-3.2790697674418605
2023,12,19805,AA,14679,13930,SAN,ORD,80,0,0,0,80,0,9,2,653.0,0.0,0.0,0.1125,0.025,8.1625
2023,12,19805,AA,14679,14100,SAN,PHL,79,0,0,0,79,0,4,1,-42.0,0.0,0.0,0.05063291139240506,0.012658227848101266,-0.5316455696202531
2023,12,19805,AA,14679,14107,SAN,PHX,140,0,1,0,139,0,19,3,35.0,0.0,0.007142857142857143,0.1366906474820144,0.02158273381294964,0.2517985611510791
2023,12,19805,AA,14747,11298,SEA,DFW,208,0,0,0,208,0,19,3,-1387.0,0.0,0.0,0.09134615384615384,0.014423076923076924,-6.668269230769231
2023,12,19805,AA,14747,12892,SEA,LAX,1,0,0,0,1,0,0,0,-4.0,0.0,0.0,0.0,0.0,-4.0
2023,12,19805,AA,14747,13303,SEA,MIA,43,0,0,0,43,0,14,2,382.0,0.0,0.0,0.32558139534883723,0.046511627906976744,8.883720930232558
2023,12,19805,AA,14747,13930,SEA,ORD,31,0,0,0,31,0,4,0,-18.0,0.0,0.0,0.12903225806451613,0.0,-0.5806451612903226
2023,12,19805,AA,14747,14100,SEA,PHL,31,0,1,0,30,0,5,1,114.0,0.0,0.03225806451612903,0.16666666666666666,0.03333333333333333,3.8
2023,12,19805,AA,14747,14107,SEA,PHX,57,0,0,0,57,0,5,1,-400.0,0.0,0.0,0.08771929824561403,0.017543859649122806,-7.017543859649122
2023,12,19805,AA,14771,11298,SFO,DFW,238,0,1,0,237,0,30,8,-590.0,0.0,0.004201680672268907,0.12658227848101267,0.03375527426160337,-2.4894514767932487
2023,12,19805,AA,14771,12478,SFO,JFK,119,0,0,0,119,0,12,2,277.0,0.0,0.0,0.10084033613445378,0.01680672268907563,2.327731092436975
2023,12,19805,AA,14771,13303,SFO,MIA,89,0,0,0,89,0,19,2,240.0,0.0,0.0,0.21348314606741572,0.02247191011235955,2.696629213483146
2023,12,19805,AA,14771,13930,SFO,ORD,70,0,0,0,70,0,11,1,-281.0,0.0,0.0,0.15714285714285714,0.014285714285714285,-4.014285714285714
2023,12,19805,AA,14771,14100,SFO,PHL,63,0,0,0,63,0,10,0,-94.0,0.0,0.0,0.15873015873015872,0.0,-1.492063492063492
2023,12,19805,AA,14771,14107,SFO,PHX,79,0,0,0,79,0,16,8,2072.0,0.0,0.0,0.20253164556962025,0.10126582278481013,26.227848101265824
2023,12,19805,AA,14869,11298,SLC,DFW,182,0,0,0,182,0,24,5,-768.0,0.0,0.0,0.13186813186813187,0.027472527472527472,-4.21978021978022
2023,12,19805,AA,14869,13303,SLC,MIA,24,0,0,0,24,0,6,3,787.0,0.0,0.0,0.25,0.125,32.791666666666664
2023,12,19805,AA,14869,13930,SLC,ORD,24,0,0,0,24,0,7,1,173.0,0.0,0.0,0.2916666666666667,0.041666666666666664,7.208333333333333
2023,12,19805,AA,14869,14100,SLC,PHL,12,0,0,0,12,0,7,2,626.0,0.0,0.0,0.5833333333333334,0.16666666666666666,52.166666666666664
2023,12,19805,AA,14869,14107,SLC,PHX,27,0,0,0,27,0,4,2,-272.0,0.0,0.0,0.14814814814814814,0.07407407407407407,-10.074074074074074
2023,12,19805,AA,15016,11278,STL,DCA,14,0,0,0,14,0,1,0,72.0,0.0,0.0,0.07142857142857142,0.0,5.142857142857143
2023,12,19805,AA,15016,11298,STL,DFW,144,0,0,0,144,0,20,7,587.0,0.0,0.0,0.1388888888888889,0.04861111111111111,4.076388888888889
2023,12,19805,AA,15016,12892,STL,LAX,21,0,0,0,21,0,7,2,109.0,0.0,0.0,0.3333333333333333,0.09523809523809523,5.190476190476191
2023,12,19805,AA,15016,12953,STL,LGA,45,0,0,0,45,0,5,1,-260.0,0.0,0.0,0.1111111111111111,0.022222222222222223,-5.777777777777778
2023,12,19805,AA,15016,13303,STL,MIA,45,0,0,0,45,0,5,0,-42.0,0.0,0.0,0.1111111111111111,0.0,-0.9333333333333333
2023,12,19805,AA,15016,13930,STL,ORD,39,0,0,0,39,0,5,1,139.0,0.0,0.0,0.1282051282051282,0.02564102564102564,3.5641025641025643
2023,12,19805,AA,15016,14100,STL,PHL,30,0,0,0,30,0,2,0,-226.0,0.0,0.0,0.06666666666666667,0.0,-7.533333333333333
2023,12,19805,AA,15016,14107,STL,PHX,60,0,0,0,60,0,10,6,373.0,0.0,0.0,0.16666666666666666,0.1,6.216666666666667
2023,12,19805,AA,15304,11278,TPA,DCA,121,0,0,0,121,0,22,12,1062.0,0.0,0.0,0.18181818181818182,0.09917355371900827,8.776859504132231
2023,12,19805,AA,15304,11298,TPA,DFW,193,0,0,0,193,0,29,8,-10.0,0.0,0.0,0.15025906735751296,0.04145077720207254,-0.05181347150259067
2023,12,19805,AA,15304,12892,TPA,LAX,11,0,0,0,11,0,2,1,942.0,0.0,0.0,0.18181818181818182,0.09090909090909091,85.63636363636364
2023,12,19805,AA,15304,13303,TPA,MIA,139,0,0,0,139,0,26,7,1825.0,0.0,0.0,0.18705035971223022,0.050359712230215826,13.129496402877697
2023,12,19805,AA,15304,13930,TPA,ORD,92,0,0,0,92,0,7,4,-385.0,0.0,0.0,0.07608695652173914,0.043478260869565216,-4.184782608695652
2023,12,19805,AA,15304,14100,TPA,PHL,123,0,0,0,123,0,20,8,3496.0,0.0,0.0,0.16260162601626016,0.06504065040650407,28.422764227642276
2023,12,19805,AA,15304,14107,TPA,PHX,60,0,0,0,60,0,13,2,289.0,0.0,0.0,0.21666666666666667,0.03333333333333333,4.816666666666666
2023,12,19930,AS,10397,14747,ATL,SEA,88,0,0,0,88,0,8,2,-772.0,0.0,0.0,0.09090909090909091,0.022727272727272728,-8.772727272727273
2023,12,19930,AS,10721,14679,BOS,SAN,26,0,0,0,26,0,4,4,-268.0,0.0,0.0,0.15384615384615385,0.15384615384615385,-10.307692307692308
2023,12,19930,AS,10721,14747,BOS,SEA,85,1,1,0,83,0,8,1,-1604.0,0.011764705882352941,0.011764705882352941,0.0963855421686747,0.012048192771084338,-19.325301204819276
2023,12,19930,AS,10721,14771,BOS,SFO,29,1,1,0,27,0,3,1,-474.0,0.034482758620689655,0.034482758620689655,0.1111111111111111,0.037037037037037035,-17.555555555555557
2023,12,19930,AS,10821,14747,BWI,SEA,31,1,0,0,30,0,6,1,-62.0,0.03225806451612903,0.0,0.2,0.03333333333333333,-2.066666666666667
2023,12,19930,AS,11278,12892,DCA,LAX,31,0,0,0,31,0,6,1,-276.0,0.0,0.0,0.1935483870967742,0.03225806451612903,-8.903225806451612
2023,12,19930,AS,11278,14747,DCA,SEA,62,0,0,0,62,0,3,1,-1560.0,0.0,0.0,0.04838709677419355,0.016129032258064516,-25.161290322580644
2023,12,19930,AS,11278,14771,DCA,SFO,31,0,0,0,31,0,6,3,-96.0,0.0,0.0,0.1935483870967742,0.0967741935483871,-3.096774193548387
2023,12,19930,AS,11292,14747,DEN,SEA,133,1,1,0,131,0,18,1,-1183.0,0.007518796992481203,0.007518796992481203,0.13740458015267176,0.007633587786259542,-9.030534351145038
2023,12,19930,AS,11298,14747,DFW,SEA,124,0,0,0,124,0,15,6,-347.0,0.0,0.0,0.12096774193548387,0.04838709677419355,-2.7983870967741935
2023,12,19930,AS,11433,14747,DTW,SEA,31,0,0,0,31,0,1,0,-478.0,0.0,0.0,0.03225806451612903,0.0,-15.419354838709678
2023,12,19930,AS,11618,12892,EWR,LAX,57,0,0,0,57,0,14,1,-394.0,0.0,0.0,0.24561403508771928,0.017543859649122806,-6.912280701754386
2023,12,19930,AS,11618,14679,EWR,SAN,31,0,0,0,31,0,6,1,-384.0,0.0,0.0,0.1935483870967742,0.03225806451612903,-12.387096774193548
2023,12,19930,AS,11618,14747,EWR,SEA,86,0,0,0,86,0,10,2,-1607.0,0.0,0.0,0.11627906976744186,0.023255813953488372,-18.686046511627907
2023,12,19930,AS,11618,14771,EWR,SFO,59,0,0,0,59,0,5,1,-1401.0,0.0,0.0,0.0847457627118644,0.01694915254237288,-23.74576271186441
2023,12,19930,AS,11697,12892,FLL,LAX,31,1,0,0,30,0,14,6,920.0,0.03225806451612903,0.0,0.4666666666666667,0.2,30.666666666666668
2023,12,19930,AS,11697,14679,FLL,SAN,31,2,0,0,29,0,7,4,283.0,0.06451612903225806,0.0,0.2413793103448276,0.13793103448275862,9.758620689655173
2023,12,19930,AS,11697,14747,FLL,SEA,62,0,1,0,61,0,20,5,379.0,0.0,0.016129032258064516,0.32786885245901637,0.08196721311475409,6.213114754098361
2023,12,19930,AS,11697,14771,FLL,SFO,27,1,0,0,26,0,13,5,760.0,0.037037037037037035,0.0,0.5,0.19230769230769232,29.23076923076923
2023,12,19930,AS,12173,12892,HNL,LAX,31,0,0,0,31,0,6,2,261.0,0.0,0.0,0.1935483870967742,0.06451612903225806,8.419354838709678
2023,12,19930,AS,12173,14679,HNL,SAN,31,0,0,0,31,0,7,1,45.0,0.0,0.0,0.22580645161290322,0.03225806451612903,1.4516129032258065
2023,12,19930,AS,12173,14747,HNL,SEA,155,0,0,0,155,0,20,5,-1511.0,0.0,0.0,0.12903225806451613,0.03225806451612903,-9.748387096774193
2023,12,19930,AS,12173,14771,HNL,SFO,31,0,0,0,31,0,2,1,-357.0,0.0,0.0,0.06451612903225806,0.03225806451612903,-11.516129032258064
2023,12,19930,AS,12266,14747,IAH,SEA,62,0,0,0,62,0,5,1,-762.0,0.0,0.0,0.08064516129032258,0.016129032258064516,-12.290322580645162
2023,12,19930,AS,12478,14679,JFK,SAN,62,0,0,0,62,0,4,1,-1581.0,0.0,0.0,0.06451612903225806,0.016129032258064516,-25.5
2023,12,19930,AS,12478,14747,JFK,SEA,123,0,0,0,123,0,3,0,-3682.0,0.0,0.0,0.024390243902439025,0.0,-29.934959349593495
2023,12,19930,AS,12478,14771,JFK,SFO,111,0,0,0,111,0,6,1,-2944.0,0.0,0.0,0.05405405405405406,0.009009009009009009,-26.52252252252252
2023,12,19930,AS,12889,12892,LAS,LAX,28,0,0,0,28,0,10,2,341.0,0.0,0.0,0.35714285714285715,0.07142857142857142,12.178571428571429
2023,12,19930,AS,12889,14747,LAS,SEA,229,0,0,0,229,0,38,7,-774.0,0.0,0.0,0.16593886462882096,0.03056768558951965,-3.3799126637554586
2023,12,19930,AS,12889,14771,LAS,SFO,61,0,0,0,61,0,13,5,-64.0,0.0,0.0,0.21311475409836064,0.08196721311475409,-1.0491803278688525
2023,12,19930,AS,12892,11278,LAX,DCA,31,0,0,0,31,0,10,3,366.0,0.0,0.0,0.3225806451612903,0.0967741935483871,11.806451612903226
2023,12,19930,AS,12892,11618,LAX,EWR,58,0,0,0,58,0,24,5,901.0,0.0,0.0,0.41379310344827586,0.08620689655172414,15.53448275862069
2023,12,19930,AS,12892,11697,LAX,FLL,31,0,0,0,31,0,19,6,1533.0,0.0,0.0,0.6129032258064516,0.1935483870967742,49.45161290322581
2023,12,19930,AS,12892,12173,LAX,HNL,31,0,0,0,31,0,6,1,-32.0,0.0,0.0,0.1935483870967742,0.03225806451612903,-1.032258064516129
2023,12,19930,AS,12892,12889,LAX,LAS,28,0,0,0,28,0,4,2,227.0,0.0,0.0,0.14285714285714285,0.07142857142857142,8.107142857142858
2023,12,19930,AS,12892,14635,LAX,RSW,8,0,0,0,8,0,1,0,37.0,0.0,0.0,0.125,0.0,4.625
2023,12,19930,AS,12892,14747,LAX,SEA,274,0,0,0,274,0,61,4,-245.0,0.0,0.0,0.22262773722627738,0.014598540145985401,-0.8941605839416058
2023,12,19930,AS,12892,15304,LAX,TPA,24,0,0,0,24,0,9,1,291.0,0.0,0.0,0.375,0.041666666666666664,12.125
2023,12,19930,AS,13204,14679,MCO,SAN,55,0,0,0,55,0,7,2,-225.0,0.0,0.0,0.12727272727272726,0.03636363636363636,-4.090909090909091
2023,12,19930,AS,13204,14747,MCO,SEA,124,0,0,0,124,0,12,3,-1543.0,0.0,0.0,0.0967741935483871,0.024193548387096774,-12.443548387096774
2023,12,19930,AS,13204,14771,MCO,SFO,44,0,0,0,44,0,7,1,-439.0,0.0,0.0,0.1590909090909091,0.022727272727272728,-9.977272727272727
2023,12,19930,AS,13303,14747,MIA,SEA,31,0,0,0,31,0,8,3,-49.0,0.0,0.0,0.25806451612903225,0.0967741935483871,-1.5806451612903225
2023,12,19930,AS,13487,14747,MSP,SEA,56,0,0,0,56,0,4,0,-1227.0,0.0,0.0,0.07142857142857142,0.0,-21.910714285714285
2023,12,19930,AS,13796,14747,OAK,SEA,62,0,0,0,62,0,11,3,263.0,0.0,0.0,0.1774193548387097,0.04838709677419355,4.241935483870968
2023,12,19930,AS,13930,14747,ORD,SEA,132,0,0,0,132,0,24,4,-998.0,0.0,0.0,0.18181818181818182,0.030303030303030304,-7.5606060606060606
2023,12,19930,AS,13930,14771,ORD,SFO,31,1,0,0,30,0,4,0,-387.0,0.03225806451612903,0.0,0.13333333333333333,0.0,-12.9
2023,12,19930,AS,14100,14747,PHL,SEA,31,0,0,0,31,0,4,0,-235.0,0.0,0.0,0.12903225806451613,0.0,-7.580645161290323
2023,12,19930,AS,14107,14747,PHX,SEA,260,1,0,0,259,0,45,9,536.0,0.0038461538461538464,0.0,0.17374517374517376,0.03474903474903475,2.0694980694980694
2023,12,19930,AS,14635,12892,RSW,LAX,8,0,0,0,8,0,3,0,14.0,0.0,0.0,0.375,0.0,1.75
2023,12,19930,AS,14635,14747,RSW,SEA,31,0,0,0,31,0,9,2,17.0,0.0,0.0,0.2903225806451613,0.06451612903225806,0.5483870967741935
2023,12,19930,AS,14679,10721,SAN,BOS,26,0,0,0,26,0,10,1,284.0,0.0,0.0,0.38461538461538464,0.038461538461538464,10.923076923076923
2023,12,19930,AS,14679,11618,SAN,EWR,31,0,0,0,31,0,7,2,163.0,0.0,0.0,0.22580645161290322,0.06451612903225806,5.258064516129032
2023,12,19930,AS,14679,11697,SAN,FLL,31,0,0,0,31,0,7,2,345.0,0.0,0.0,0.22580645161290322,0.06451612903225806,11.129032258064516
2023,12,19930,AS,14679,12173,SAN,HNL,31,0,3,0,28,0,9,0,42.0,0.0,0.0967741935483871,0.32142857142857145,0.0,1.5
2023,12,19930,AS,14679,12478,SAN,JFK,62,0,2,0,60,0,17,1,293.0,0.0,0.03225806451612903,0.2833333333333333,0.016666666666666666,4.883333333333334
2023,12,19930,AS,14679,13204,SAN,MCO,55,0,0,0,55,0,5,3,-34.0,0.0,0.0,0.09090909090909091,0.05454545454545454,-0.6181818181818182
2023,12,19930,AS,14679,14747,SAN,SEA,235,0,0,0,235,0,31,7,-1204.0,0.0,0.0,0.13191489361702127,0.029787234042553193,-5.123404255319149
2023,12,19930,AS,14679,15304,SAN,TPA,31,0,0,0,31,0,2,2,230.0,0.0,0.0,0.06451612903225806,0.06451612903225806,7.419354838709677
2023,12,19930,AS,14747,10397,SEA,ATL,88,0,0,0,88,0,17,4,-117.0,0.0,0.0,0.19318181818181818,0.045454545454545456,-1.3295454545454546
2023,12,19930,AS,14747,10721,SEA,BOS,85,0,0,0,85,0,18,2,332.0,0.0,0.0,0.21176470588235294,0.023529411764705882,3.9058823529411764
2023,12,19930,AS,14747,10821,SEA,BWI,31,0,0,0,31,0,6,2,267.0,0.0,0.0,0.1935483870967742,0.06451612903225806,8.612903225806452
2023,12,19930,AS,14747,11278,SEA,DCA,62,0,0,0,62,0,14,3,272.0,0.0,0.0,0.22580645161290322,0.04838709677419355,4.387096774193548
2023,12,19930,AS,14747,11292,SEA,DEN,133,1,0,0,132,0,22,5,-104.0,0.007518796992481203,0.0,0.16666666666666666,0.03787878787878788,-0.7878787878787878
2023,12,19930,AS,14747,11298,SEA,DFW,124,0,0,0,124,0,21,3,181.0,0.0,0.0,0.1693548387096774,0.024193548387096774,1.4596774193548387
2023,12,19930,AS,14747,11433,SEA,DTW,31,0,0,0,31,0,6,0,40.0,0.0,0.0,0.1935483870967742,0.0,1.2903225806451613
2023,12,19930,AS,14747,11618,SEA,EWR,85,0,0,0,85,0,20,1,115.0,0.0,0.0,0.23529411764705882,0.011764705882352941,1.3529411764705883
2023,12,19930,AS,14747,11697,SEA,FLL,62,0,0,0,62,0,14,4,176.0,0.0,0.0,0.22580645161290322,0.06451612903225806,2.838709677419355
2023,12,19930,AS,14747,12173,SEA,HNL,154,0,3,0,151,0,45,4,585.0,0.0,0.01948051948051948,0.2980132450331126,0.026490066225165563,3.8741721854304636
2023,12,19930,AS,14747,12266,SEA,IAH,62,0,0,0,62,0,7,0,-459.0,0.0,0.0,0.11290322580645161,0.0,-7.403225806451613
2023,12,19930,AS,14747,12478,SEA,JFK,124,0,0,0,124,0,32,4,814.0,0.0,0.0,0.25806451612903225,0.03225806451612903,6.564516129032258
2023,12,19930,AS,14747,12889,SEA,LAS,229,0,1,0,228,0,49,10,483.0,0.0,0.004366812227074236,0.2149122807017544,0.043859649122807015,2.1184210526315788
2023,12,19930,AS,14747,12892,SEA,LAX,274,0,0,0,274,0,75,12,1754.0,0.0,0.0,0.2737226277372263,0.043795620437956206,6.401459854014599
2023,12,19930,AS,14747,13204,SEA,MCO,124,0,0,0,124,0,23,5,64.0,0.0,0.0,0.18548387096774194,0.04032258064516129,0.5161290322580645
2023,12,19930,AS,14747,13303,SEA,MIA,31,0,0,0,31,0,9,2,537.0,0.0,0.0,0.2903225806451613,0.06451612903225806,17.322580645161292
2023,12,19930,AS,14747,13487,SEA,MSP,56,0,0,0,56,0,7,0,-88.0,0.0,0.0,0.125,0.0,-1.5714285714285714
2023,12,19930,AS,14747,13796,SEA,OAK,62,0,0,0,62,0,12,2,319.0,0.0,0.0,0.1935483870967742,0.03225806451612903,5.145161290322581
2023,12,19930,AS,14747,13930,SEA,ORD,132,0,0,0,132,0,25,4,217.0,0.0,0.0,0.1893939393939394,0.030303030303030304,1.643939393939394
2023,12,19930,AS,14747,14100,SEA,PHL,31,0,0,0,31,0,5,0,-70.0,0.0,0.0,0.16129032258064516,0.0,-2.2580645161290325
2023,12,19930,AS,14747,14107,SEA,PHX,260,1,0,0,259,0,51,4,136.0,0.0038461538461538464,0.0,0.1969111969111969,0.015444015444015444,0.525096525096525
2023,12,19930,AS,14747,14635,SEA,RSW,31,0,0,0,31,0,12,3,491.0,0.0,0.0,0.3870967741935484,0.0967741935483871,15.838709677419354
2023,12,19930,AS,14747,14679,SEA,SAN,236,1,0,0,235,0,34,9,10.0,0.00423728813559322,0.0,0.14468085106382977,0.03829787234042553,0.0425531914893617
2023,12,19930,AS,14747,14771,SEA,SFO,240,1,0,0,239,0,53,23,1340.0,0.004166666666666667,0.0,0.2217573221757322,0.09623430962343096,5.606694560669456
2023,12,19930,AS,14747,14869,SEA,SLC,90,0,0,0,90,0,18,4,367.0,0.0,0.0,0.2,0.044444444444444446,4.0777777777777775
2023,12,19930,AS,14747,15016,SEA,STL,56,0,0,0,56,0,8,3,339.0,0.0,0.0,0.14285714285714285,0.05357142857142857,6.053571428571429
2023,12,19930,AS,14747,15304,SEA,TPA,62,0,0,0,62,0,15,1,367.0,0.0,0.0,0.24193548387096775,0.016129032258064516,5.919354838709677
2023,12,19930,AS,14771,10721,SFO,BOS,29,0,0,0,29,0,6,4,232.0,0.0,0.0,0.20689655172413793,0.13793103448275862,8.0
2023,12,19930,AS,14771,11278,SFO,DCA,31,0,1,0,30,0,7,1,109.0,0.0,0.03225806451612903,0.23333333333333334,0.03333333333333333,3.6333333333333333
2023,12,19930,AS,14771,11618,SFO,EWR,59,0,0,0,59,0,13,4,549.0,0.0,0.0,0.22033898305084745,0.06779661016949153,9.305084745762711
2023,12,19930,AS,14771,11697,SFO,FLL,27,0,0,0,27,0,7,2,67.0,0.0,0.0,0.25925925925925924,0.07407407407407407,2.4814814814814814
2023,12,19930,AS,14771,12173,SFO,HNL,31,0,0,0,31,0,8,1,-92.0,0.0,0.0,0.25806451612903225,0.03225806451612903,-2.967741935483871
2023,12,19930,AS,14771,12478,SFO,JFK,111,0,0,0,111,0,27,8,928.0,0.0,0.0,0.24324324324324326,0.07207207207207207,8.36036036036036
2023,12,19930,AS,14771,12889,SFO,LAS,61,0,0,0,61,0,9,1,127.0,0.0,0.0,0.14754098360655737,0.01639344262295082,2.081967213114754
2023,12,19930,AS,14771,13204,SFO,MCO,44,0,0,0,44,0,6,3,-153.0,0.0,0.0,0.13636363636363635,0.06818181818181818,-3.477272727272727
2023,12,19930,AS,14771,13930,SFO,ORD,31,0,0,0,31,0,3,1,-127.0,0.0,0.0,0.0967741935483871,0.03225806451612903,-4.096774193548387
2023,12,19930,AS,14771,14747,SFO,SEA,237,5,0,0,232,0,45,14,364.0,0.02109704641350211,0.0,0.1939655172413793,0.0603448275862069,1.5689655172413792
2023,12,19930,AS,14771,15304,SFO,TPA,22,0,0,0,22,0,8,2,405.0,0.0,0.0,0.36363636363636365,0.09090909090909091,18.40909090909091
2023,12,19930,AS,14869,14747,SLC,SEA,91,0,0,0,91,0,17,5,367.0,0.0,0.0,0.18681318681318682,0.054945054945054944,4.032967032967033
2023,12,19930,AS,15016,14747,STL,SEA,56,0,0,0,56,0,7,1,-537.0,0.0,0.0,0.125,0.017857142857142856,-9.589285714285714
2023,12,19930,AS,15304,12892,TPA,LAX,24,0,0,0,24,0,4,2,72.0,0.0,0.0,0.16666666666666666,0.08333333333333333,3.0
2023,12,19930,AS,15304,14679,TPA,SAN,31,0,0,0,31,0,2,2,69.0,0.0,0.0,0.06451612903225806,0.06451612903225806,2.225806451612903
2023,12,19930,AS,15304,14747,TPA,SEA,62,0,0,0,62,0,10,5,-219.0,0.0,0.0,0.16129032258064516,0.08064516129032258,-3.532258064516129
2023,12,19930,AS,15304,14771,TPA,SFO,22,0,0,0,22,0,6,0,-99.0,0.0,0.0,0.2727272727272727,0.0,-4.5
2023,12,19977,UA,10397,11292,ATL,DEN,87,0,0,0,87,0,9,0,-636.0,0.0,0.0,0.10344827586206896,0.0,-7.310344827586207
2023,12,19977,UA,10397,11618,ATL,EWR,142,0,0,0,142,0,7,2,-1755.0,0.0,0.0,0.04929577464788732,0.014084507042253521,-12.359154929577464
2023,12,19977,UA,10397,12266,ATL,IAH,53,0,0,0,53,0,10,3,300.0,0.0,0.0,0.18867924528301888,0.05660377358490566,5.660377358490566
2023,12,19977,UA,10397,13930,ATL,ORD,124,0,0,0,124,0,12,6,-272.0,0.0,0.0,0.0967741935483871,0.04838709677419355,-2.193548387096774
2023,12,19977,UA,10397,14771,ATL,SFO,42,0,1,0,41,0,9,4,720.0,0.0,0.023809523809523808,0.21951219512195122,0.0975609756097561,17.5609756097561
2023,12,19977,UA,10721,11292,BOS,DEN,146,2,0,0,144,0,7,4,-2794.0,0.0136986301369863,0.0,0.04861111111111111,0.027777777777777776,-19.40277777777778
2023,12,19977,UA,10721,11618,BOS,EWR,168,0,0,0,168,0,19,7,-874.0,0.0,0.0,0.1130952380952381,0.041666666666666664,-5.2023809523809526
2023,12,19977,UA,10721,12266,BOS,IAH,112,0,0,0,112,0,15,2,-1323.0,0.0,0.0,0.13392857142857142,0.017857142857142856,-11.8125
2023,12,19977,UA,10721,12892,BOS,LAX,60,0,0,0,60,0,4,2,-725.0,0.0,0.0,0.06666666666666667,0.03333333333333333,-12.083333333333334
2023,12,19977,UA,10721,13930,BOS,ORD,160,1,0,0,159,0,9,4,-1849.0,0.00625,0.0,0.05660377358490566,0.025157232704402517,-11.628930817610064
2023,12,19977,UA,10721,14771,BOS,SFO,135,1,1,0,133,0,15,5,-2057.0,0.007407407407407408,0.007407407407407408,0.11278195488721804,0.03759398496240601,-15.466165413533835
2023,12,19977,UA,10821,11292,BWI,DEN,72,0,0,0,72,0,5,1,-1080.0,0.0,0.0,0.06944444444444445,0.013888888888888888,-15.0
2023,12,19977,UA,10821,12266,BWI,IAH,44,0,0,0,44,0,3,1,-302.0,0.0,0.0,0.06818181818181818,0.022727272727272728,-6.863636363636363
2023,12,19977,UA,10821,12892,BWI,LAX,31,0,0,0,31,0,1,0,-540.0,0.0,0.0,0.03225806451612903,0.0,-17.419354838709676
2023,12,19977,UA,10821,13930,BWI,ORD,82,0,0,0,82,0,12,5,-43.0,0.0,0.0,0.14634146341463414,0.06097560975609756,-0.524390243902439
2023,12,19977,UA,10821,14771,BWI,SFO,42,1,1,0,40,0,5,2,-332.0,0.023809523809523808,0.023809523809523808,0.125,0.05,-8.3
2023,12,19977,UA,11278,11292,DCA,DEN,31,0,0,0,31,0,3,0,-259.0,0.0,0.0,0.0967741935483871,0.0,-8.35483870967742
2023,12,19977,UA,11278,12266,DCA,IAH,181,0,0,0,181,0,12,5,-1418.0,0.0,0.0,0.06629834254143646,0.027624309392265192,-7.834254143646409
2023,12,19977,UA,11278,13930,DCA,ORD,250,0,0,0,250,0,9,2,-3035.0,0.0,0.0,0.036,0.008,-12.14
2023,12,19977,UA,11278,14771,DCA,SFO,31,0,0,0,31,0,2,1,-630.0,0.0,0.0,0.06451612903225806,0.03225806451612903,-20.322580645161292
2023,12,19977,UA,11292,10397,DEN,ATL,87,0,0,0,87,0,12,1,-65.0,0.0,0.0,0.13793103448275862,0.011494252873563218,-0.7471264367816092
2023,12,19977,UA,11292,10721,DEN,BOS,146,1,1,0,144,0,29,8,1199.0,0.00684931506849315,0.00684931506849315,0.2013888888888889,0.05555555555555555,8.32638888888889
2023,12,19977,UA,11292,10821,DEN,BWI,72,0,0,0,72,0,5,3,-132.0,0.0,0.0,0.06944444444444445,0.041666666666666664,-1.8333333333333333
2023,12,19977,UA,11292,11278,DEN,DCA,31,0,0,0,31,0,7,1,242.0,0.0,0.0,0.22580645161290322,0.03225806451612903,7.806451612903226
2023,12,19977,UA,11292,11298,DEN,DFW,130,0,0,0,130,0,17,6,-14.0,0.0,0.0,0.13076923076923078,0.046153846153846156,-0.1076923076923077
2023,12,19977,UA,11292,11433,DEN,DTW,62,0,0,0,62,0,13,6,617.0,0.0,0.0,0.20967741935483872,0.0967741935483871,9.951612903225806
2023,12,19977,UA,11292,11618,DEN,EWR,254,0,0,0,254,0,41,14,943.0,0.0,0.0,0.16141732283464566,0.05511811023622047,3.7125984251968505
2023,12,19977,UA,11292,11697,DEN,FLL,107,0,0,0,107,0,29,9,1282.0,0.0,0.0,0.27102803738317754,0.08411214953271028,11.981308411214954
2023,12,19977,UA,11292,12173,DEN,HNL,69,1,0,0,68,0,16,6,290.0,0.014492753623188406,0.0,0.23529411764705882,0.08823529411764706,4.264705882352941
2023,12,19977,UA,11292,12266,DEN,IAH,286,0,0,0,286,0,52,16,1020.0,0.0,0.0,0.18181818181818182,0.055944055944055944,3.5664335664335662
2023,12,19977,UA,11292,12889,DEN,LAS,195,0,0,0,195,0,26,8,-746.0,0.0,0.0,0.13333333333333333,0.041025641025641026,-3.825641025641026
2023,12,19977,UA,11292,12892,DEN,LAX,259,0,0,0,259,0,26,7,-711.0,0.0,0.0,0.10038610038610038,0.02702702702702703,-2.7451737451737452
2023,12,19977,UA,11292,12953,DEN,LGA,182,1,0,0,181,0,27,9,802.0,0.005494505494505495,0.0,0.14917127071823205,0.049723756906077346,4.430939226519337
2023,12,19977,UA,11292,13204,DEN,MCO,150,0,0,0,150,0,20,7,308.0,0.0,0.0,0.13333333333333333,0.04666666666666667,2.0533333333333332
2023,12,19977,UA,11292,13303,DEN,MIA,73,0,0,0,73,0,25,7,927.0,0.0,0.0,0.3424657534246575,0.0958904109589041,12.698630136986301
2023,12,19977,UA,11292,13487,DEN,MSP,124,0,0,0,124,0,25,4,645.0,0.0,0.0,0.20161290322580644,0.03225806451612903,5.201612903225806
2023,12,19977,UA,11292,13930,DEN,ORD,257,0,0,0,257,0,31,9,11.0,0.0,0.0,0.12062256809338522,0.03501945525291829,0.042801556420233464
2023,12,19977,UA,11292,14100,DEN,PHL,72,0,0,0,72,0,9,5,302.0,0.0,0.0,0.125,0.06944444444444445,4.194444444444445
2023,12,19977,UA,11292,14107,DEN,PHX,198,0,0,0,198,0,25,8,-729.0,0.0,0.0,0.12626262626262627,0.04040404040404041,-3.6818181818181817
2023,12,19977,UA,11292,14635,DEN,RSW,74,0,2,0,72,0,12,3,174.0,0.0,0.02702702702702703,0.16666666666666666,0.041666666666666664,2.4166666666666665
2023,12,19977,UA,11292,14679,DEN,SAN,166,0,0,0,166,0,14,6,-1034.0,0.0,0.0,0.08433734939759036,0.03614457831325301,-6.228915662650603
2023,12,19977,UA,11292,14747,DEN,SEA,155,0,0,0,155,0,13,3,-1324.0,0.0,0.0,0.08387096774193549,0.01935483870967742,-8.541935483870967
2023,12,19977,UA,11292,14771,DEN,SFO,265,0,0,0,265,0,57,16,418.0,0.0,0.0,0.21509433962264152,0.06037735849056604,1.5773584905660378
2023,12,19977,UA,11292,14869,DEN,SLC,108,0,0,0,108,0,11,2,-544.0,0.0,0.0,0.10185185185185185,0.018518518518518517,-5.037037037037037
2023,12,19977,UA,11292,15016,DEN,STL,112,0,0,0,112,0,16,4,112.0,0.0,0.0,0.14285714285714285,0.03571428571428571,1.0
2023,12,19977,UA,11292,15304,DEN,TPA,128,0,0,0,128,0,19,6,46.0,0.0,0.0,0.1484375,0.046875,0.359375
2023,12,19977,UA,11298,11292,DFW,DEN,130,0,0,0,130,0,26,5,804.0,0.0,0.0,0.2,0.038461538461538464,6.184615384615385
2023,12,19977,UA,11298,11618,DFW,EWR,120,0,0,0,120,0,12,5,-742.0,0.0,0.0,0.1,0.041666666666666664,-6.183333333333334
2023,12,19977,UA,11298,12266,DFW,IAH,96,1,0,0,95,0,13,5,1115.0,0.010416666666666666,0.0,0.1368421052631579,0.05263157894736842,11.736842105263158
2023,12,19977,UA,11298,13930,DFW,ORD,135,0,0,0,135,0,12,4,-498.0,0.0,0.0,0.08888888888888889,0.02962962962962963,-3.688888888888889
2023,12,19977,UA,11298,14771,DFW,SFO,62,0,0,0,62,0,13,7,654.0,0.0,0.0,0.20967741935483872,0.11290322580645161,10.548387096774194
2023,12,19977,UA,11433,11292,DTW,DEN,62,0,0,0,62,0,4,0,-936.0,0.0,0.0,0.06451612903225806,0.0,-15.096774193548388
2023,12,19977,UA,11433,11618,DTW,EWR,38,0,0,0,38,0,0,0,-636.0,0.0,0.0,0.0,0.0,-16.736842105263158
2023,12,19977,UA,11433,12266,DTW,IAH,31,0,0,0,31,0,2,0,-395.0,0.0,0.0,0.06451612903225806,0.0,-12.741935483870968
2023,12,19977,UA,11433,13930,DTW,ORD,22,0,0,0,22,0,6,3,146.0,0.0,0.0,0.2727272727272727,0.13636363636363635,6.636363636363637
2023,12,19977,UA,11618,10397,EWR,ATL,131,0,0,0,131,0,11,3,-1277.0,0.0,0.0,0.08396946564885496,0.022900763358778626,-9.748091603053435
2023,12,19977,UA,11618,10721,EWR,BOS,168,1,1,0,166,0,21,5,-374.0,0.005952380952380952,0.005952380952380952,0.12650602409638553,0.030120481927710843,-2.253012048192771
2023,12,19977,UA,11618,11292,EWR,DEN,253,0,1,0,252,0,17,5,-4999.0,0.0,0.003952569169960474,0.06746031746031746,0.01984126984126984,-19.83730158730159
2023,12,19977,UA,11618,11298,EWR,DFW,120,0,0,0,120,0,12,4,-1448.0,0.0,0.0,0.1,0.03333333333333333,-12.066666666666666
2023,12,19977,UA,11618,11433,EWR,DTW,38,0,0,0,38,0,7,0,-320.0,0.0,0.0,0.18421052631578946,0.0,-8.421052631578947
2023,12,19977,UA,11618,11697,EWR,FLL,279,0,0,0,279,0,46,10,164.0,0.0,0.0,0.16487455197132617,0.035842293906810034,0.5878136200716846
2023,12,19977,UA,11618,12173,EWR,HNL,31,0,0,0,31,0,4,2,100.0,0.0,0.0,0.12903225806451613,0.06451612903225806,3.225806451612903
2023,12,19977,UA,11618,12266,EWR,IAH,292,1,0,0,291,0,27,3,-3377.0,0.003424657534246575,0.0,0.09278350515463918,0.010309278350515464,-11.604810996563574
2023,12,19977,UA,11618,12889,EWR,LAS,196,0,0,0,196,0,19,6,-3259.0,0.0,0.0,0.09693877551020408,0.030612244897959183,-16.627551020408163
2023,12,19977,UA,11618,12892,EWR,LAX,261,0,0,0,261,0,44,14,-191.0,0.0,0.0,0.1685823754789272,0.05363984674329502,-0.7318007662835249
2023,12,19977,UA,11618,13204,EWR,MCO,372,1,0,0,371,0,52,16,-1350.0,0.002688172043010753,0.0,0.14016172506738545,0.0431266846361186,-3.638814016172507
2023,12,19977,UA,11618,13303,EWR,MIA,236,0,0,0,236,0,68,14,1509.0,0.0,0.0,0.288135593220339,0.059322033898305086,6.3940677966101696
2023,12,19977,UA,11618,13487,EWR,MSP,42,0,0,0,42,0,3,0,-744.0,0.0,0.0,0.07142857142857142,0.0,-17.714285714285715
2023,12,19977,UA,11618,13930,EWR,ORD,310,0,0,0,310,0,21,4,-3435.0,0.0,0.0,0.06774193548387097,0.012903225806451613,-11.080645161290322
2023,12,19977,UA,11618,14107,EWR,PHX,124,0,0,0,124,0,5,0,-3359.0,0.0,0.0,0.04032258064516129,0.0,-27.088709677419356
2023,12,19977,UA,11618,14635,EWR,RSW,171,0,3,0,168,0,21,6,-790.0,0.0,0.017543859649122806,0.125,0.03571428571428571,-4.7023809523809526
2023,12,19977,UA,11618,14679,EWR,SAN,93,0,0,0,93,0,4,2,-2375.0,0.0,0.0,0.043010752688172046,0.021505376344086023,-25.537634408602152
2023,12,19977,UA,11618,14747,EWR,SEA,62,0,0,0,62,0,3,2,-1578.0,0.0,0.0,0.04838709677419355,0.03225806451612903,-25.451612903225808
2023,12,19977,UA,11618,14771,EWR,SFO,277,0,1,0,276,0,37,18,-2438.0,0.0,0.0036101083032490976,0.13405797101449277,0.06521739130434782,-8.833333333333334
2023,12,19977,UA,11618,14869,EWR,SLC,42,0,0,0,42,0,3,2,-745.0,0.0,0.0,0.07142857142857142,0.047619047619047616,-17.738095238095237
2023,12,19977,UA,11618,15016,EWR,STL,20,0,0,0,20,0,3,3,130.0,0.0,0.0,0.15,0.15,6.5
2023,12,19977,UA,11618,15304,EWR,TPA,215,0,0,0,215,0,34,6,-1048.0,0.0,0.0,0.15813953488372093,0.027906976744186046,-4.874418604651162
2023,12,19977,UA,11697,11292,FLL,DEN,107,0,0,0,107,0,10,4,-331.0,0.0,0.0,0.09345794392523364,0.037383177570093455,-3.0934579439252334
2023,12,19977,UA,11697,11618,FLL,EWR,279,1,0,0,278,0,27,10,-2697.0,0.0035842293906810036,0.0,0.09712230215827339,0.03597122302158273,-9.701438848920864
2023,12,19977,UA,11697,12266,FLL,IAH,141,0,0,0,141,0,24,2,107.0,0.0,0.0,0.1702127659574468,0.014184397163120567,0.7588652482269503
2023,12,19977,UA,11697,13930,FLL,ORD,127,0,0,0,127,0,8,2,-1161.0,0.0,0.0,0.06299212598425197,0.015748031496062992,-9.141732283464567
2023,12,19977,UA,11697,14771,FLL,SFO,41,0,0,0,41,0,5,3,10.0,0.0,0.0,0.12195121951219512,0.07317073170731707,0.24390243902439024
2023,12,19977,UA,12173,11292,HNL,DEN,69,2,0,0,67,0,9,2,-534.0,0.028985507246376812,0.0,0.13432835820895522,0.029850746268656716,-7.970149253731344
2023,12,19977,UA,12173,11618,HNL,EWR,31,1,0,0,30,0,2,1,-51.0,0.03225806451612903,0.0,0.06666666666666667,0.03333333333333333,-1.7
2023,12,19977,UA,12173,12266,HNL,IAH,31,0,0,0,31,0,0,0,-963.0,0.0,0.0,0.0,0.0,-31.06451612903226
2023,12,19977,UA,12173,12892,HNL,LAX,104,0,0,0,104,0,11,2,-1445.0,0.0,0.0,0.10576923076923077,0.019230769230769232,-13.89423076923077
2023,12,19977,UA,12173,13930,HNL,ORD,31,0,0,0,31,0,0,0,-552.0,0.0,0.0,0.0,0.0,-17.806451612903224
2023,12,19977,UA,12173,14771,HNL,SFO,156,0,0,0,156,0,18,8,439.0,0.0,0.0,0.11538461538461539,0.05128205128205128,2.8141025641025643
2023,12,19977,UA,12266,10397,IAH,ATL,53,0,0,0,53,0,9,3,-16.0,0.0,0.0,0.16981132075471697,0.05660377358490566,-0.3018867924528302
2023,12,19977,UA,12266,10721,IAH,BOS,113,0,0,0,113,0,16,5,288.0,0.0,0.0,0.1415929203539823,0.04424778761061947,2.5486725663716814
2023,12,19977,UA,12266,10821,IAH,BWI,44,0,0,0,44,0,6,3,-21.0,0.0,0.0,0.13636363636363635,0.06818181818181818,-0.4772727272727273
2023,12,19977,UA,12266,11278,IAH,DCA,180,0,0,0,180,0,27,10,-347.0,0.0,0.0,0.15,0.05555555555555555,-1.9277777777777778
2023,12,19977,UA,12266,11292,IAH,DEN,286,0,0,0,286,0,33,10,-672.0,0.0,0.0,0.11538461538461539,0.03496503496503497,-2.3496503496503496
2023,12,19977,UA,12266,11298,IAH,DFW,96,0,0,0,96,0,30,3,935.0,0.0,0.0,0.3125,0.03125,9.739583333333334
2023,12,19977,UA,12266,11433,IAH,DTW,31,0,0,0,31,0,5,0,-19.0,0.0,0.0,0.16129032258064516,0.0,-0.6129032258064516
2023,12,19977,UA,12266,11618,IAH,EWR,290,0,0,0,290,0,31,6,-2196.0,0.0,0.0,0.10689655172413794,0.020689655172413793,-7.572413793103448
2023,12,19977,UA,12266,11697,IAH,FLL,142,0,0,0,142,0,25,6,287.0,0.0,0.0,0.176056338028169,0.04225352112676056,2.0211267605633805
2023,12,19977,UA,12266,12173,IAH,HNL,31,0,0,0,31,0,13,3,772.0,0.0,0.0,0.41935483870967744,0.0967741935483871,24.903225806451612
2023,12,19977,UA,12266,12889,IAH,LAS,189,0,0,0,189,0,18,3,-600.0,0.0,0.0,0.09523809523809523,0.015873015873015872,-3.1746031746031744
2023,12,19977,UA,12266,12892,IAH,LAX,275,0,0,0,275,0,29,8,-547.0,0.0,0.0,0.10545454545454545,0.02909090909090909,-1.989090909090909
2023,12,19977,UA,12266,12953,IAH,LGA,103,0,0,0,103,0,14,2,-485.0,0.0,0.0,0.13592233009708737,0.019417475728155338,-4.70873786407767
2023,12,19977,UA,12266,13204,IAH,MCO,195,0,0,0,195,0,30,7,193.0,0.0,0.0,0.15384615384615385,0.035897435897435895,0.9897435897435898
2023,12,19977,UA,12266,13303,IAH,MIA,122,0,0,0,122,0,28,4,902.0,0.0,0.0,0.22950819672131148,0.03278688524590164,7.39344262295082
2023,12,19977,UA,12266,13487,IAH,MSP,48,0,0,0,48,0,8,3,257.0,0.0,0.0,0.16666666666666666,0.0625,5.354166666666667
2023,12,19977,UA,12266,13930,IAH,ORD,306,0,0,0,306,0,24,10,-1437.0,0.0,0.0,0.0784313725490196,0.032679738562091505,-4.696078431372549
2023,12,19977,UA,12266,14100,IAH,PHL,68,1,0,0,67,0,6,2,-338.0,0.014705882352941176,0.0,0.08955223880597014,0.029850746268656716,-5.044776119402985
2023,12,19977,UA,12266,14107,IAH,PHX,119,0,0,0,119,0,14,4,-231.0,0.0,0.0,0.11764705882352941,0.03361344537815126,-1.9411764705882353
2023,12,19977,UA,12266,14635,IAH,RSW,94,0,1,0,93,0,24,5,430.0,0.0,0.010638297872340425,0.25806451612903225,0.053763440860215055,4.623655913978495
2023,12,19977,UA,12266,14679,IAH,SAN,148,0,0,0,148,0,11,2,-736.0,0.0,0.0,0.07432432432432433,0.013513513513513514,-4.972972972972973
2023,12,19977,UA,12266,14747,IAH,SEA,93,0,0,0,93,0,10,4,-382.0,0.0,0.0,0.10752688172043011,0.043010752688172046,-4.10752688172043
2023,12,19977,UA,12266,14771,IAH,SFO,281,0,1,0,280,0,42,9,-873.0,0.0,0.0035587188612099642,0.15,0.03214285714285714,-3.117857142857143
2023,12,19977,UA,12266,14869,IAH,SLC,51,0,0,0,51,0,6,2,-283.0,0.0,0.0,0.11764705882352941,0.0392156862745098,-5.549019607843137
2023,12,19977,UA,12266,15016,IAH,STL,48,0,0,0,48,0,6,0,-70.0,0.0,0.0,0.125,0.0,-1.4583333333333333
2023,12,19977,UA,12266,15304,IAH,TPA,124,0,0,0,124,0,21,5,71.0,0.0,0.0,0.1693548387096774,0.04032258064516129,0.5725806451612904
2023,12,19977,UA,12889,11292,LAS,DEN,195,0,0,0,195,0,20,5,40.0,0.0,0.0,0.10256410256410256,0.02564102564102564,0.20512820512820512
2023,12,19977,UA,12889,11618,LAS,EWR,196,0,0,0,196,0,35,11,127.0,0.0,0.0,0.17857142857142858,0.05612244897959184,0.6479591836734694
2023,12,19977,UA,12889,12266,LAS,IAH,189,0,0,0,189,0,19,3,-1535.0,0.0,0.0,0.10052910052910052,0.015873015873015872,-8.121693121693122
2023,12,19977,UA,12889,12892,LAS,LAX,131,0,0,0,131,0,22,6,286.0,0.0,0.0,0.16793893129770993,0.04580152671755725,2.183206106870229
2023,12,19977,UA,12889,13930,LAS,ORD,152,0,0,0,152,0,8,3,-1156.0,0.0,0.0,0.05263157894736842,0.019736842105263157,-7.605263157894737
2023,12,19977,UA,12889,14771,LAS,SFO,181,1,0,0,180,0,52,21,2282.0,0.0055248618784530384,0.0,0.28888888888888886,0.11666666666666667,12.677777777777777
2023,12,19977,UA,12892,10721,LAX,BOS,60,0,0,0,60,0,8,1,201.0,0.0,0.0,0.13333333333333333,0.016666666666666666,3.35
2023,12,19977,UA,12892,10821,LAX,BWI,31,0,0,0,31,0,5,0,-89.0,0.0,0.0,0.16129032258064516,0.0,-2.870967741935484
2023,12,19977,UA,12892,11292,LAX,DEN,260,0,0,0,260,0,19,6,-1751.0,0.0,0.0,0.07307692307692308,0.023076923076923078,-6.734615384615385
2023,12,19977,UA,12892,11618,LAX,EWR,261,0,1,0,260,0,62,21,3878.0,0.0,0.0038314176245210726,0.23846153846153847,0.08076923076923077,14.915384615384616
2023,12,19977,UA,12892,12173,LAX,HNL,104,0,0,0,104,0,35,10,1485.0,0.0,0.0,0.33653846153846156,0.09615384615384616,14.278846153846153
2023,12,19977,UA,12892,12266,LAX,IAH,274,0,0,0,274,0,23,7,-1635.0,0.0,0.0,0.08394160583941605,0.025547445255474453,-5.967153284671533
2023,12,19977,UA,12892,12889,LAX,LAS,129,0,0,0,129,0,25,7,548.0,0.0,0.0,0.1937984496124031,0.05426356589147287,4.248062015503876
2023,12,19977,UA,12892,13204,LAX,MCO,62,0,0,0,62,0,11,2,-10.0,0.0,0.0,0.1774193548387097,0.03225806451612903,-0.16129032258064516
2023,12,19977,UA,12892,13930,LAX,ORD,270,3,1,0,266,0,31,10,969.0,0.011111111111111112,0.003703703703703704,0.11654135338345864,0.03759398496240601,3.642857142857143
2023,12,19977,UA,12892,14107,LAX,PHX,82,0,0,0,82,0,11,5,-212.0,0.0,0.0,0.13414634146341464,0.06097560975609756,-2.5853658536585367
2023,12,19977,UA,12892,14635,LAX,RSW,5,0,0,0,5,0,0,0,-196.0,0.0,0.0,0.0,0.0,-39.2
2023,12,19977,UA,12892,14747,LAX,SEA,40,0,0,0,40,0,4,0,-109.0,0.0,0.0,0.1,0.0,-2.725
2023,12,19977,UA,12892,14771,LAX,SFO,215,0,0,0,215,0,60,15,2258.0,0.0,0.0,0.27906976744186046,0.06976744186046512,10.502325581395349
2023,12,19977,UA,12892,15304,LAX,TPA,31,0,0,0,31,0,3,0,-615.0,0.0,0.0,0.0967741935483871,0.0,-19.838709677419356
2023,12,19977,UA,12953,11292,LGA,DEN,183,2,1,0,180,0,10,2,-3924.0,0.01092896174863388,0.00546448087431694,0.05555555555555555,0.011111111111111112,-21.8
2023,12,19977,UA,12953,12266,LGA,IAH,104,0,1,0,103,0,9,3,-1739.0,0.0,0.009615384615384616,0.08737864077669903,0.02912621359223301,-16.883495145631066
2023,12,19977,UA,12953,13930,LGA,ORD,256,0,0,0,256,0,20,6,-2569.0,0.0,0.0,0.078125,0.0234375,-10.03515625
2023,12,19977,UA,13204,11292,MCO,DEN,151,0,0,0,151,0,17,6,-455.0,0.0,0.0,0.11258278145695365,0.039735099337748346,-3.013245033112583
2023,12,19977,UA,13204,11618,MCO,EWR,372,1,0,0,371,0,41,18,-1334.0,0.002688172043010753,0.0,0.1105121293800539,0.04851752021563342,-3.595687331536388
2023,12,19977,UA,13204,12266,MCO,IAH,195,0,1,0,194,0,23,6,278.0,0.0,0.005128205128205128,0.11855670103092783,0.030927835051546393,1.4329896907216495
2023,12,19977,UA,13204,12892,MCO,LAX,62,0,0,0,62,0,10,2,-77.0,0.0,0.0,0.16129032258064516,0.03225806451612903,-1.2419354838709677
2023,12,19977,UA,13204,13930,MCO,ORD,189,0,0,0,189,0,35,7,462.0,0.0,0.0,0.18518518518518517,0.037037037037037035,2.4444444444444446
2023,12,19977,UA,13204,14771,MCO,SFO,62,0,0,0,62,0,7,3,141.0,0.0,0.0,0.11290322580645161,0.04838709677419355,2.274193548387097
2023,12,19977,UA,13303,11292,MIA,DEN,73,0,0,0,73,0,10,4,447.0,0.0,0.0,0.136986301369863,0.0547945205479452,6.123287671232877
2023,12,19977,UA,13303,11618,MIA,EWR,236,0,0,0,236,0,38,13,-425.0,0.0,0.0,0.16101694915254236,0.05508474576271186,-1.8008474576271187
2023,12,19977,UA,13303,12266,MIA,IAH,122,0,0,0,122,0,26,6,775.0,0.0,0.0,0.21311475409836064,0.04918032786885246,6.352459016393443
2023,12,19977,UA,13303,13930,MIA,ORD,121,0,0,0,121,0,29,10,696.0,0.0,0.0,0.2396694214876033,0.08264462809917356,5.75206611570248
2023,12,19977,UA,13303,14771,MIA,SFO,41,0,0,0,41,0,10,2,175.0,0.0,0.0,0.24390243902439024,0.04878048780487805,4.2682926829268295
2023,12,19977,UA,13487,11292,MSP,DEN,124,1,0,0,123,0,10,2,-1191.0,0.008064516129032258,0.0,0.08130081300813008,0.016260162601626018,-9.682926829268293
2023,12,19977,UA,13487,11618,MSP,EWR,41,0,0,0,41,0,2,0,-385.0,0.0,0.0,0.04878048780487805,0.0,-9.390243902439025
2023,12,19977,UA,13487,12266,MSP,IAH,48,0,0,0,48,0,1,1,-521.0,0.0,0.0,0.020833333333333332,0.020833333333333332,-10.854166666666666
2023,12,19977,UA,13487,13930,MSP,ORD,138,0,0,0,138,0,14,1,-362.0,0.0,0.0,0.10144927536231885,0.007246376811594203,-2.6231884057971016
2023,12,19977,UA,13487,14771,MSP,SFO,20,0,0,0,20,0,7,3,362.0,0.0,0.0,0.35,0.15,18.1
2023,12,19977,UA,13930,10397,ORD,ATL,124,0,0,0,124,0,12,3,-825.0,0.0,0.0,0.0967741935483871,0.024193548387096774,-6.653225806451613
2023,12,19977,UA,13930,10721,ORD,BOS,161,1,0,0,160,0,29,9,854.0,0.006211180124223602,0.0,0.18125,0.05625,5.3375
2023,12,19977,UA,13930,10821,ORD,BWI,82,0,1,0,81,0,14,3,226.0,0.0,0.012195121951219513,0.1728395061728395,0.037037037037037035,2.7901234567901234
2023,12,19977,UA,13930,11278,ORD,DCA,250,0,0,0,250,0,36,4,-318.0,0.0,0.0,0.144,0.016,-1.272
2023,12,19977,UA,13930,11292,ORD,DEN,256,0,0,0,256,0,11,2,-3043.0,0.0,0.0,0.04296875,0.0078125,-11.88671875
2023,12,19977,UA,13930,11298,ORD,DFW,135,0,1,0,134,0,14,2,-794.0,0.0,0.007407407407407408,0.1044776119402985,0.014925373134328358,-5.925373134328358
2023,12,19977,UA,13930,11433,ORD,DTW,22,0,0,0,22,0,4,2,33.0,0.0,0.0,0.18181818181818182,0.09090909090909091,1.5
2023,12,19977,UA,13930,11618,ORD,EWR,313,1,0,0,312,0,28,6,-2985.0,0.003194888178913738,0.0,0.08974358974358974,0.019230769230769232,-9.567307692307692
2023,12,19977,UA,13930,11697,ORD,FLL,128,0,0,0,128,0,27,3,568.0,0.0,0.0,0.2109375,0.0234375,4.4375
2023,12,19977,UA,13930,12173,ORD,HNL,31,0,0,0,31,0,1,0,-501.0,0.0,0.0,0.03225806451612903,0.0,-16.161290322580644
2023,12,19977,UA,13930,12266,ORD,IAH,306,0,0,0,306,0,23,7,-2677.0,0.0,0.0,0.07516339869281045,0.02287581699346405,-8.748366013071895
2023,12,19977,UA,13930,12889,ORD,LAS,152,0,1,0,151,0,9,3,-2061.0,0.0,0.006578947368421052,0.059602649006622516,0.019867549668874173,-13.649006622516556
2023,12,19977,UA,13930,12892,ORD,LAX,269,3,0,0,266,0,41,13,-822.0,0.011152416356877323,0.0,0.15413533834586465,0.04887218045112782,-3.0902255639097747
2023,12,19977,UA,13930,12953,ORD,LGA,255,0,1,0,254,0,44,14,566.0,0.0,0.00392156862745098,0.1732283464566929,0.05511811023622047,2.2283464566929134
2023,12,19977,UA,13930,13204,ORD,MCO,190,0,0,0,190,0,35,14,910.0,0.0,0.0,0.18421052631578946,0.07368421052631578,4.7894736842105265
2023,12,19977,UA,13930,13303,ORD,MIA,123,0,1,0,122,0,43,6,1661.0,0.0,0.008130081300813009,0.3524590163934426,0.04918032786885246,13.614754098360656
2023,12,19977,UA,13930,13487,ORD,MSP,138,0,0,0,138,0,17,1,-360.0,0.0,0.0,0.12318840579710146,0.007246376811594203,-2.608695652173913
2023,12,19977,UA,13930,14100,ORD,PHL,118,0,0,0,118,0,22,6,427.0,0.0,0.0,0.1864406779661017,0.05084745762711865,3.6186440677966103
2023,12,19977,UA,13930,14107,ORD,PHX,170,0,0,0,170,0,16,4,-2063.0,0.0,0.0,0.09411764705882353,0.023529411764705882,-12.135294117647058
2023,12,19977,UA,13930,14635,ORD,RSW,138,0,1,0,137,0,26,7,242.0,0.0,0.007246376811594203,0.1897810218978102,0.051094890510948905,1.7664233576642336
2023,12,19977,UA,13930,14679,ORD,SAN,134,0,1,0,133,0,10,3,-1713.0,0.0,0.007462686567164179,0.07518796992481203,0.022556390977443608,-12.8796992481203
2023,12,19977,UA,13930,14747,ORD,SEA,102,0,0,0,102,0,4,2,-2191.0,0.0,0.0,0.0392156862745098,0.0196078431372549,-21.480392156862745
2023,12,19977,UA,13930,14771,ORD,SFO,248,0,0,0,248,0,42,14,-297.0,0.0,0.0,0.1693548387096774,0.056451612903225805,-1.1975806451612903
2023,12,19977,UA,13930,14869,ORD,SLC,84,0,0,0,84,0,4,1,-1288.0,0.0,0.0,0.047619047619047616,0.011904761904761904,-15.333333333333334
2023,12,19977,UA,13930,15016,ORD,STL,31,0,0,0,31,0,2,1,-65.0,0.0,0.0,0.06451612903225806,0.03225806451612903,-2.096774193548387
2023,12,19977,UA,13930,15304,ORD,TPA,128,0,0,0,128,0,24,8,312.0,0.0,0.0,0.1875,0.0625,2.4375
2023,12,19977,UA,14100,11292,PHL,DEN,72,0,0,0,72,0,2,2,-1275.0,0.0,0.0,0.027777777777777776,0.027777777777777776,-17.708333333333332
2023,12,19977,UA,14100,12266,PHL,IAH,69,1,0,0,68,0,7,2,-676.0,0.014492753623188406,0.0,0.10294117647058823,0.029411764705882353,-9.941176470588236
2023,12,19977,UA,14100,13930,PHL,ORD,117,0,0,0,117,0,14,3,-724.0,0.0,0.0,0.11965811965811966,0.02564102564102564,-6.188034188034188
2023,12,19977,UA,14100,14771,PHL,SFO,38,0,0,0,38,0,2,0,-847.0,0.0,0.0,0.05263157894736842,0.0,-22.289473684210527
2023,12,19977,UA,14107,11292,PHX,DEN,198,0,0,0,198,0,10,4,-1139.0,0.0,0.0,0.050505050505050504,0.020202020202020204,-5.752525252525253
2023,12,19977,UA,14107,11618,PHX,EWR,124,0,0,0,124,0,9,2,-721.0,0.0,0.0,0.07258064516129033,0.016129032258064516,-5.814516129032258
2023,12,19977,UA,14107,12266,PHX,IAH,119,0,0,0,119,0,10,4,-26.0,0.0,0.0,0.08403361344537816,0.03361344537815126,-0.2184873949579832
2023,12,19977,UA,14107,12892,PHX,LAX,82,0,0,0,82,0,11,4,55.0,0.0,0.0,0.13414634146341464,0.04878048780487805,0.6707317073170732
2023,12,19977,UA,14107,13930,PHX,ORD,168,0,0,0,168,0,16,2,-759.0,0.0,0.0,0.09523809523809523,0.011904761904761904,-4.517857142857143
2023,12,19977,UA,14107,14771,PHX,SFO,89,0,0,0,89,0,23,6,332.0,0.0,0.0,0.25842696629213485,0.06741573033707865,3.730337078651685
2023,12,19977,UA,14635,11292,RSW,DEN,73,0,0,0,73,0,10,2,90.0,0.0,0.0,0.136986301369863,0.0273972602739726,1.2328767123287672
2023,12,19977,UA,14635,11618,RSW,EWR,170,0,0,0,170,0,17,5,-1930.0,0.0,0.0,0.1,0.029411764705882353,-11.352941176470589
2023,12,19977,UA,14635,12266,RSW,IAH,93,0,0,0,93,0,13,2,-191.0,0.0,0.0,0.13978494623655913,0.021505376344086023,-2.053763440860215
2023,12,19977,UA,14635,12892,RSW,LAX,5,0,0,0,5,0,0,0,-29.0,0.0,0.0,0.0,0.0,-5.8
2023,12,19977,UA,14635,13930,RSW,ORD,137,0,0,0,137,0,18,7,-190.0,0.0,0.0,0.13138686131386862,0.051094890510948905,-1.3868613138686132
2023,12,19977,UA,14635,14771,RSW,SFO,6,0,0,0,6,0,1,1,-4.0,0.0,0.0,0.16666666666666666,0.16666666666666666,-0.6666666666666666
2023,12,19977,UA,14679,11292,SAN,DEN,166,0,0,0,166,0,12,5,-32.0,0.0,0.0,0.07228915662650602,0.030120481927710843,-0.1927710843373494
2023,12,19977,UA,14679,11618,SAN,EWR,93,0,0,0,93,0,8,1,-606.0,0.0,0.0,0.08602150537634409,0.010752688172043012,-6.516129032258065
2023,12,19977,UA,14679,12266,SAN,IAH,148,0,0,0,148,0,14,5,-698.0,0.0,0.0,0.0945945945945946,0.033783783783783786,-4.716216216216216
2023,12,19977,UA,14679,13930,SAN,ORD,133,0,0,0,133,0,11,2,-297.0,0.0,0.0,0.08270676691729323,0.015037593984962405,-2.2330827067669174
2023,12,19977,UA,14679,14771,SAN,SFO,184,1,0,0,183,0,38,10,369.0,0.005434782608695652,0.0,0.20765027322404372,0.0546448087431694,2.0163934426229506
2023,12,19977,UA,14747,11292,SEA,DEN,156,0,0,0,156,0,16,4,-349.0,0.0,0.0,0.10256410256410256,0.02564102564102564,-2.2371794871794872
2023,12,19977,UA,14747,11618,SEA,EWR,62,0,0,0,62,0,9,4,111.0,0.0,0.0,0.14516129032258066,0.06451612903225806,1.7903225806451613
2023,12,19977,UA,14747,12266,SEA,IAH,93,0,0,0,93,0,9,3,-168.0,0.0,0.0,0.0967741935483871,0.03225806451612903,-1.8064516129032258
2023,12,19977,UA,14747,12892,SEA,LAX,41,0,0,0,41,0,2,0,-225.0,0.0,0.0,0.04878048780487805,0.0,-5.487804878048781
2023,12,19977,UA,14747,13930,SEA,ORD,101,0,0,0,101,0,11,4,24.0,0.0,0.0,0.10891089108910891,0.039603960396039604,0.2376237623762376
2023,12,19977,UA,14747,14771,SEA,SFO,167,0,0,0,167,0,40,14,1069.0,0.0,0.0,0.23952095808383234,0.08383233532934131,6.401197604790419
2023,12,19977,UA,14771,10397,SFO,ATL,42,0,0,0,42,0,11,6,1238.0,0.0,0.0,0.2619047619047619,0.14285714285714285,29.476190476190474
2023,12,19977,UA,14771,10721,SFO,BOS,133,0,0,0,133,0,38,11,1633.0,0.0,0.0,0.2857142857142857,0.08270676691729323,12.278195488721805
2023,12,19977,UA,14771,10821,SFO,BWI,42,0,0,0,42,0,5,1,-173.0,0.0,0.0,0.11904761904761904,0.023809523809523808,-4.119047619047619
2023,12,19977,UA,14771,11278,SFO,DCA,31,0,0,0,31,0,2,1,154.0,0.0,0.0,0.06451612903225806,0.03225806451612903,4.967741935483871
2023,12,19977,UA,14771,11292,SFO,DEN,263,1,0,0,262,0,42,15,997.0,0.0038022813688212928,0.0,0.16030534351145037,0.05725190839694656,3.8053435114503817
2023,12,19977,UA,14771,11298,SFO,DFW,62,0,0,0,62,0,21,5,835.0,0.0,0.0,0.3387096774193548,0.08064516129032258,13.46774193548387
2023,12,19977,UA,14771,11618,SFO,EWR,275,0,2,0,273,0,79,30,4519.0,0.0,0.007272727272727273,0.2893772893772894,0.10989010989010989,16.553113553113555
2023,12,19977,UA,14771,11697,SFO,FLL,42,0,0,0,42,0,12,1,216.0,0.0,0.0,0.2857142857142857,0.023809523809523808,5.142857142857143
2023,12,19977,UA,14771,12173,SFO,HNL,155,1,0,0,154,0,52,17,2850.0,0.0064516129032258064,0.0,0.33766233766233766,0.11038961038961038,18.506493506493506
2023,12,19977,UA,14771,12266,SFO,IAH,279,0,0,0,279,0,47,13,70.0,0.0,0.0,0.16845878136200718,0.04659498207885305,0.25089605734767023
2023,12,19977,UA,14771,12889,SFO,LAS,181,0,0,0,181,0,32,11,576.0,0.0,0.0,0.17679558011049723,0.06077348066298342,3.18232044198895
2023,12,19977,UA,14771,12892,SFO,LAX,215,0,0,0,215,0,48,21,2052.0,0.0,0.0,0.22325581395348837,0.09767441860465116,9.544186046511628
2023,12,19977,UA,14771,13204,SFO,MCO,62,0,0,0,62,0,10,2,556.0,0.0,0.0,0.16129032258064516,0.03225806451612903,8.96774193548387
2023,12,19977,UA,14771,13303,SFO,MIA,43,0,0,0,43,0,11,2,144.0,0.0,0.0,0.2558139534883721,0.046511627906976744,3.3488372093023258
2023,12,19977,UA,14771,13487,SFO,MSP,20,0,0,0,20,0,7,2,428.0,0.0,0.0,0.35,0.1,21.4
2023,12,19977,UA,14771,13930,SFO,ORD,250,0,0,0,250,0,69,20,3113.0,0.0,0.0,0.276,0.08,12.452
2023,12,19977,UA,14771,14100,SFO,PHL,38,0,0,0,38,0,0,0,-304.0,0.0,0.0,0.0,0.0,-8.0
2023,12,19977,UA,14771,14107,SFO,PHX,90,0,0,0,90,0,16,4,240.0,0.0,0.0,0.17777777777777778,0.044444444444444446,2.6666666666666665
2023,12,19977,UA,14771,14635,SFO,RSW,6,0,0,0,6,0,2,1,186.0,0.0,0.0,0.3333333333333333,0.16666666666666666,31.0
2023,12,19977,UA,14771,14679,SFO,SAN,183,1,1,0,181,0,28,10,-106.0,0.00546448087431694,0.00546448087431694,0.15469613259668508,0.055248618784530384,-0.585635359116022
2023,12,19977,UA,14771,14747,SFO,SEA,166,0,0,0,166,0,30,9,-7.0,0.0,0.0,0.18072289156626506,0.05421686746987952,-0.04216867469879518
2023,12,19977,UA,14771,14869,SFO,SLC,27,1,0,0,26,0,6,2,433.0,0.037037037037037035,0.0,0.23076923076923078,0.07692307692307693,16.653846153846153
2023,12,19977,UA,14771,15304,SFO,TPA,43,0,0,0,43,0,11,5,646.0,0.0,0.0,0.2558139534883721,0.11627906976744186,15.023255813953488
2023,12,19977,UA,14869,11292,SLC,DEN,109,0,0,0,109,0,16,2,-227.0,0.0,0.0,0.14678899082568808,0.01834862385321101,-2.0825688073394497
2023,12,19977,UA,14869,11618,SLC,EWR,41,0,0,0,41,0,5,1,-149.0,0.0,0.0,0.12195121951219512,0.024390243902439025,-3.6341463414634148
2023,12,19977,UA,14869,12266,SLC,IAH,51,0,0,0,51,0,3,0,-328.0,0.0,0.0,0.058823529411764705,0.0,-6.431372549019608
2023,12,19977,UA,14869,13930,SLC,ORD,84,0,0,0,84,0,10,2,-228.0,0.0,0.0,0.11904761904761904,0.023809523809523808,-2.7142857142857144
2023,12,19977,UA,14869,14771,SLC,SFO,27,1,0,0,26,0,8,4,470.0,0.037037037037037035,0.0,0.3076923076923077,0.15384615384615385,18.076923076923077
2023,12,19977,UA,15016,11292,STL,DEN,111,0,0,0,111,0,15,3,-299.0,0.0,0.0,0.13513513513513514,0.02702702702702703,-2.6936936936936937
2023,12,19977,UA,15016,11618,STL,EWR,20,0,0,0,20,0,5,2,376.0,0.0,0.0,0.25,0.1,18.8
2023,12,19977,UA,15016,12266,STL,IAH,48,0,0,0,48,0,8,2,86.0,0.0,0.0,0.16666666666666666,0.041666666666666664,1.7916666666666667
2023,12,19977,UA,15016,13930,STL,ORD,31,0,0,0,31,0,9,1,342.0,0.0,0.0,0.2903225806451613,0.03225806451612903,11.03225806451613
2023,12,19977,UA,15304,11292,TPA,DEN,128,0,0,0,128,0,14,7,-726.0,0.0,0.0,0.109375,0.0546875,-5.671875
2023,12,19977,UA,15304,11618,TPA,EWR,215,0,0,0,215,0,21,4,-1988.0,0.0,0.0,0.09767441860465116,0.018604651162790697,-9.246511627906976
2023,12,19977,UA,15304,12266,TPA,IAH,124,0,0,0,124,0,13,5,-288.0,0.0,0.0,0.10483870967741936,0.04032258064516129,-2.3225806451612905
2023,12,19977,UA,15304,12892,TPA,LAX,31,0,0,0,31,0,3,2,-468.0,0.0,0.0,0.0967741935483871,0.06451612903225806,-15.096774193548388
2023,12,19977,UA,15304,13930,TPA,ORD,126,0,0,0,126,0,9,4,-1198.0,0.0,0.0,0.07142857142857142,0.031746031746031744,-9.507936507936508
2023,12,19977,UA,15304,14771,TPA,SFO,42,0,0,0,42,0,7,4,107.0,0.0,0.0,0.16666666666666666,0.09523809523809523,2.5476190476190474
2023,12,20304,OO,10721,12478,BOS,JFK,30,0,0,0,30,0,5,1,-151.0,0.0,0.0,0.16666666666666666,0.03333333333333333,-5.033333333333333
2023,12,20304,OO,10821,13930,BWI,ORD,1,0,0,0,1,0,0,0,1.0,0.0,0.0,0.0,0.0,1.0
2023,12,20304,OO,11278,13930,DCA,ORD,23,0,0,0,23,0,3,1,375.0,0.0,0.0,0.13043478260869565,0.043478260869565216,16.304347826086957
2023,12,20304,OO,11292,12892,DEN,LAX,67,0,0,0,67,0,6,2,-943.0,0.0,0.0,0.08955223880597014,0.029850746268656716,-14.074626865671641
2023,12,20304,OO,11292,14869,DEN,SLC,113,0,0,0,113,0,13,5,-740.0,0.0,0.0,0.11504424778761062,0.04424778761061947,-6.548672566371682
2023,12,20304,OO,11292,15016,DEN,STL,12,0,0,0,12,0,2,1,-33.0,0.0,0.0,0.16666666666666666,0.08333333333333333,-2.75
2023,12,20304,OO,11433,10397,DTW,ATL,1,0,0,0,1,0,0,0,-22.0,0.0,0.0,0.0,0.0,-22.0
2023,12,20304,OO,11433,13232,DTW,MDW,75,0,1,0,74,0,9,6,749.0,0.0,0.013333333333333334,0.12162162162162163,0.08108108108108109,10.121621621621621
2023,12,20304,OO,11433,13930,DTW,ORD,206,1,0,0,205,0,23,12,-1291.0,0.0048543689320388345,0.0,0.11219512195121951,0.05853658536585366,-6.297560975609756
2023,12,20304,OO,11618,13487,EWR,MSP,2,0,0,0,2,0,0,0,4.0,0.0,0.0,0.0,0.0,2.0
2023,12,20304,OO,12266,12892,IAH,LAX,28,0,0,0,28,0,4,0,-329.0,0.0,0.0,0.14285714285714285,0.0,-11.75
2023,12,20304,OO,12266,14107,IAH,PHX,54,0,1,0,53,0,2,0,-328.0,0.0,0.018518518518518517,0.03773584905660377,0.0,-6.188679245283019
2023,12,20304,OO,12266,14869,IAH,SLC,11,0,0,0,11,0,3,2,150.0,0.0,0.0,0.2727272727272727,0.18181818181818182,13.636363636363637
2023,12,20304,OO,12266,15016,IAH,STL,17,0,0,0,17,0,2,1,-145.0,0.0,0.0,0.11764705882352941,0.058823529411764705,-8.529411764705882
2023,12,20304,OO,12478,10721,JFK,BOS,29,0,0,0,29,0,4,2,33.0,0.0,0.0,0.13793103448275862,0.06896551724137931,1.1379310344827587
2023,12,20304,OO,12478,13487,JFK,MSP,1,0,0,0,1,0,0,0,8.0,0.0,0.0,0.0,0.0,8.0
2023,12,20304,OO,12478,13930,JFK,ORD,84,2,1,0,81,0,11,3,-210.0,0.023809523809523808,0.011904761904761904,0.13580246913580246,0.037037037037037035,-2.5925925925925926
2023,12,20304,OO,12889,12892,LAS,LAX,25,0,0,0,25,0,11,4,1031.0,0.0,0.0,0.44,0.16,41.24
2023,12,20304,OO,12889,14679,LAS,SAN,62,0,0,0,62,0,11,1,167.0,0.0,0.0,0.1774193548387097,0.016129032258064516,2.693548387096774
2023,12,20304,OO,12889,14771,LAS,SFO,26,1,0,0,25,0,4,0,-68.0,0.038461538461538464,0.0,0.16,0.0,-2.72
2023,12,20304,OO,12892,11292,LAX,DEN,67,0,0,0,67,0,7,0,-241.0,0.0,0.0,0.1044776119402985,0.0,-3.5970149253731343
2023,12,20304,OO,12892,12266,LAX,IAH,28,0,0,0,28,0,3,0,-125.0,0.0,0.0,0.10714285714285714,0.0,-4.464285714285714
2023,12,20304,OO,12892,12889,LAX,LAS,26,0,0,0,26,0,8,1,233.0,0.0,0.0,0.3076923076923077,0.038461538461538464,8.961538461538462
2023,12,20304,OO,12892,13796,LAX,OAK,82,0,2,0,80,0,8,5,-511.0,0.0,0.024390243902439025,0.1,0.0625,-6.3875
2023,12,20304,OO,12892,14107,LAX,PHX,134,0,0,0,134,0,17,4,17.0,0.0,0.0,0.12686567164179105,0.029850746268656716,0.12686567164179105
2023,12,20304,OO,12892,14679,LAX,SAN,168,1,0,0,167,0,19,4,-589.0,0.005952380952380952,0.0,0.11377245508982035,0.023952095808383235,-3.5269461077844313
2023,12,20304,OO,12892,14747,LAX,SEA,69,0,0,0,69,0,7,1,121.0,0.0,0.0,0.10144927536231885,0.014492753623188406,1.7536231884057971
2023,12,20304,OO,12892,14771,LAX,SFO,318,1,3,0,314,0,62,19,1406.0,0.0031446540880503146,0.009433962264150943,0.19745222929936307,0.06050955414012739,4.477707006369426
2023,12,20304,OO,12892,14869,LAX,SLC,52,0,0,0,52,0,10,5,592.0,0.0,0.0,0.19230769230769232,0.09615384615384616,11.384615384615385
2023,12,20304,OO,12953,13930,LGA,ORD,54,2,0,0,52,0,8,3,-163.0,0.037037037037037035,0.0,0.15384615384615385,0.057692307692307696,-3.1346153846153846
2023,12,20304,OO,13232,11433,MDW,DTW,74,0,0,0,74,0,12,5,609.0,0.0,0.0,0.16216216216216217,0.06756756756756757,8.22972972972973
2023,12,20304,OO,13232,13487,MDW,MSP,70,0,0,0,70,0,6,4,0.0,0.0,0.0,0.08571428571428572,0.05714285714285714,0.0
2023,12,20304,OO,13487,11433,MSP,DTW,1,0,0,0,1,0,0,0,-10.0,0.0,0.0,0.0,0.0,-10.0
2023,12,20304,OO,13487,11618,MSP,EWR,2,0,0,0,2,0,0,0,-39.0,0.0,0.0,0.0,0.0,-19.5
2023,12,20304,OO,13487,13232,MSP,MDW,69,0,1,0,68,0,9,3,-277.0,0.0,0.014492753623188406,0.1323529411764706,0.04411764705882353,-4.073529411764706
2023,12,20304,OO,13487,13930,MSP,ORD,28,0,0,0,28,0,6,1,-50.0,0.0,0.0,0.21428571428571427,0.03571428571428571,-1.7857142857142858
2023,12,20304,OO,13487,14771,MSP,SFO,12,0,0,0,12,0,1,1,-248.0,0.0,0.0,0.08333333333333333,0.08333333333333333,-20.666666666666668
2023,12,20304,OO,13487,15016,MSP,STL,1,0,0,0,1,0,0,0,13.0,0.0,0.0,0.0,0.0,13.0
2023,12,20304,OO,13796,12892,OAK,LAX,82,0,0,0,82,0,9,4,-210.0,0.0,0.0,0.10975609756097561,0.04878048780487805,-2.5609756097560976
2023,12,20304,OO,13796,14679,OAK,SAN,1,0,0,0,1,0,1,0,24.0,0.0,0.0,1.0,0.0,24.0
2023,12,20304,OO,13796,14869,OAK,SLC,47,0,0,0,47,0,6,2,-191.0,0.0,0.0,0.1276595744680851,0.0425531914893617,-4.0638297872340425
2023,12,20304,OO,13930,10821,ORD,BWI,1,0,0,0,1,0,0,0,7.0,0.0,0.0,0.0,0.0,7.0
2023,12,20304,OO,13930,11278,ORD,DCA,23,0,0,0,23,0,3,1,-45.0,0.0,0.0,0.13043478260869565,0.043478260869565216,-1.9565217391304348
2023,12,20304,OO,13930,11433,ORD,DTW,207,0,0,0,207,0,33,14,1897.0,0.0,0.0,0.15942028985507245,0.06763285024154589,9.16425120772947
2023,12,20304,OO,13930,12478,ORD,JFK,84,1,0,0,83,0,14,4,-167.0,0.011904761904761904,0.0,0.1686746987951807,0.04819277108433735,-2.0120481927710845
2023,12,20304,OO,13930,12953,ORD,LGA,53,3,0,0,50,0,5,3,-68.0,0.05660377358490566,0.0,0.1,0.06,-1.36
2023,12,20304,OO,13930,13487,ORD,MSP,29,0,0,0,29,0,3,1,-204.0,0.0,0.0,0.10344827586206896,0.034482758620689655,-7.0344827586206895
2023,12,20304,OO,13930,14100,ORD,PHL,1,0,0,0,1,0,0,0,-16.0,0.0,0.0,0.0,0.0,-16.0
2023,12,20304,OO,13930,14869,ORD,SLC,39,0,0,0,39,0,6,4,-358.0,0.0,0.0,0.15384615384615385,0.10256410256410256,-9.179487179487179
2023,12,20304,OO,13930,15016,ORD,STL,1,0,0,0,1,0,0,0,14.0,0.0,0.0,0.0,0.0,14.0
2023,12,20304,OO,14100,13930,PHL,ORD,1,0,0,0,1,0,0,0,-25.0,0.0,0.0,0.0,0.0,-25.0
2023,12,20304,OO,14107,12266,PHX,IAH,54,0,0,0,54,0,6,3,-21.0,0.0,0.0,0.1111111111111111,0.05555555555555555,-0.3888888888888889
2023,12,20304,OO,14107,12892,PHX,LAX,134,0,0,0,134,0,15,4,-279.0,0.0,0.0,0.11194029850746269,0.029850746268656716,-2.082089552238806
2023,12,20304,OO,14107,14747,PHX,SEA,19,1,1,0,17,0,3,2,973.0,0.05263157894736842,0.05263157894736842,0.17647058823529413,0.11764705882352941,57.23529411764706
2023,12,20304,OO,14107,14771,PHX,SFO,46,0,0,0,46,0,7,3,959.0,0.0,0.0,0.15217391304347827,0.06521739130434782,20.847826086956523
2023,12,20304,OO,14107,14869,PHX,SLC,140,0,0,0,140,0,10,3,-1038.0,0.0,0.0,0.07142857142857142,0.02142857142857143,-7.414285714285715
2023,12,20304,OO,14679,12889,SAN,LAS,62,0,0,0,62,0,9,1,113.0,0.0,0.0,0.14516129032258066,0.016129032258064516,1.8225806451612903
2023,12,20304,OO,14679,12892,SAN,LAX,168,1,0,0,167,0,15,2,-621.0,0.005952380952380952,0.0,0.08982035928143713,0.011976047904191617,-3.718562874251497
2023,12,20304,OO,14679,14771,SAN,SFO,209,0,1,0,208,0,39,13,-58.0,0.0,0.004784688995215311,0.1875,0.0625,-0.27884615384615385
2023,12,20304,OO,14679,14869,SAN,SLC,23,0,0,0,23,0,2,0,-236.0,0.0,0.0,0.08695652173913043,0.0,-10.26086956521739
2023,12,20304,OO,14747,12892,SEA,LAX,69,1,0,0,68,0,3,0,-652.0,0.014492753623188406,0.0,0.04411764705882353,0.0,-9.588235294117647
2023,12,20304,OO,14747,14107,SEA,PHX,20,0,0,0,20,0,7,3,2483.0,0.0,0.0,0.35,0.15,124.15
2023,12,20304,OO,14747,14771,SEA,SFO,62,0,0,0,62,0,21,12,1427.0,0.0,0.0,0.3387096774193548,0.1935483870967742,23.016129032258064
2023,12,20304,OO,14747,14869,SEA,SLC,20,0,0,0,20,0,7,1,210.0,0.0,0.0,0.35,0.05,10.5
2023,12,20304,OO,14771,12889,SFO,LAS,26,1,0,0,25,0,6,0,148.0,0.038461538461538464,0.0,0.24,0.0,5.92
2023,12,20304,OO,14771,12892,SFO,LAX,315,2,0,0,313,0,60,16,1388.0,0.006349206349206349,0.0,0.19169329073482427,0.051118210862619806,4.434504792332269
2023,12,20304,OO,14771,13487,SFO,MSP,11,0,0,0,11,0,7,1,413.0,0.0,0.0,0.6363636363636364,0.09090909090909091,37.54545454545455
2023,12,20304,OO,14771,14107,SFO,PHX,46,0,1,0,45,0,3,2,-202.0,0.0,0.021739130434782608,0.06666666666666667,0.044444444444444446,-4.488888888888889
2023,12,20304,OO,14771,14679,SFO,SAN,208,0,0,0,208,0,23,6,-94.0,0.0,0.0,0.11057692307692307,0.028846153846153848,-0.4519230769230769
2023,12,20304,OO,14771,14747,SFO,SEA,62,1,0,0,61,0,18,7,1082.0,0.016129032258064516,0.0,0.29508196721311475,0.11475409836065574,17.737704918032787
2023,12,20304,OO,14771,14869,SFO,SLC,150,0,0,0,150,0,33,18,1296.0,0.0,0.0,0.22,0.12,8.64
2023,12,20304,OO,14869,11292,SLC,DEN,113,0,0,0,113,0,19,6,324.0,0.0,0.0,0.168141592920354,0.05309734513274336,2.8672566371681416
2023,12,20304,OO,14869,12266,SLC,IAH,10,0,0,0,10,0,2,1,45.0,0.0,0.0,0.2,0.1,4.5
2023,12,20304,OO,14869,12892,SLC,LAX,52,0,0,0,52,0,14,3,288.0,0.0,0.0,0.2692307692307692,0.057692307692307696,5.538461538461538
2023,12,20304,OO,14869,13796,SLC,OAK,47,0,0,0,47,0,4,2,-368.0,0.0,0.0,0.0851063829787234,0.0425531914893617,-7.829787234042553
2023,12,20304,OO,14869,13930,SLC,ORD,38,0,0,0,38,0,5,0,-326.0,0.0,0.0,0.13157894736842105,0.0,-8.578947368421053
2023,12,20304,OO,14869,14107,SLC,PHX,138,0,1,0,137,0,14,5,-305.0,0.0,0.007246376811594203,0.10218978102189781,0.0364963503649635,-2.2262773722627736
2023,12,20304,OO,14869,14679,SLC,SAN,23,0,0,0,23,0,2,0,-247.0,0.0,0.0,0.08695652173913043,0.0,-10.73913043478261
2023,12,20304,OO,14869,14747,SLC,SEA,18,0,1,0,17,0,2,0,13.0,0.0,0.05555555555555555,0.11764705882352941,0.0,0.7647058823529411
2023,12,20304,OO,14869,14771,SLC,SFO,149,0,2,0,147,0,36,16,1002.0,0.0,0.013422818791946308,0.24489795918367346,0.10884353741496598,6.816326530612245
2023,12,20304,OO,15016,11292,STL,DEN,13,0,0,0,13,0,3,0,-59.0,0.0,0.0,0.23076923076923078,0.0,-4.538461538461538
2023,12,20304,OO,15016,12266,STL,IAH,17,0,0,0,17,0,1,0,-168.0,0.0,0.0,0.058823529411764705,0.0,-9.882352941176471
2023,12,20304,OO,15016,13487,STL,MSP,1,0,0,0,1,0,0,0,5.0,0.0,0.0,0.0,0.0,5.0
2023,12,20304,OO,15016,13930,STL,ORD,1,0,0,0,1,0,1,0,52.0,0.0,0.0,1.0,0.0,52.0
2023,12,20363,9E,10397,13487,ATL,MSP,1,0,0,0,1,0,0,0,9.0,0.0,0.0,0.0,0.0,9.0
2023,12,20363,9E,10821,11433,BWI,DTW,1,0,0,0,1,0,0,0,-16.0,0.0,0.0,0.0,0.0,-16.0
2023,12,20363,9E,10821,12478,BWI,JFK,70,1,0,0,69,0,11,5,-58.0,0.014285714285714285,0.0,0.15942028985507245,0.07246376811594203,-0.8405797101449275
2023,12,20363,9E,11278,11433,DCA,DTW,1,0,0,0,1,0,0,0,-17.0,0.0,0.0,0.0,0.0,-17.0
2023,12,20363,9E,11278,12953,DCA,LGA,2,0,0,0,2,0,0,0,-43.0,0.0,0.0,0.0,0.0,-21.5
2023,12,20363,9E,11278,13487,DCA,MSP,2,0,0,0,2,0,0,0,-52.0,0.0,0.0,0.0,0.0,-26.0
2023,12,20363,9E,11433,10821,DTW,BWI,1,0,0,0,1,0,0,0,-16.0,0.0,0.0,0.0,0.0,-16.0
2023,12,20363,9E,11433,11278,DTW,DCA,1,0,0,0,1,0,0,0,-9.0,0.0,0.0,0.0,0.0,-9.0
2023,12,20363,9E,11433,12478,DTW,JFK,116,1,0,0,115,0,11,5,92.0,0.008620689655172414,0.0,0.09565217391304348,0.043478260869565216,0.8
2023,12,20363,9E,11433,13930,DTW,ORD,1,0,0,0,1,0,0,0,-7.0,0.0,0.0,0.0,0.0,-7.0
2023,12,20363,9E,11433,14100,DTW,PHL,13,0,0,0,13,0,1,1,-3.0,0.0,0.0,0.07692307692307693,0.07692307692307693,-0.23076923076923078
2023,12,20363,9E,11433,15016,DTW,STL,18,0,0,0,18,0,2,0,-156.0,0.0,0.0,0.1111111111111111,0.0,-8.666666666666666
2023,12,20363,9E,11618,13487,EWR,MSP,2,0,0,0,2,0,1,0,3.0,0.0,0.0,0.5,0.0,1.5
2023,12,20363,9E,12478,10821,JFK,BWI,69,1,0,0,68,0,8,5,-656.0,0.014492753623188406,0.0,0.11764705882352941,0.07352941176470588,-9.647058823529411
2023,12,20363,9E,12478,11433,JFK,DTW,117,1,1,0,115,0,10,3,-1503.0,0.008547008547008548,0.008547008547008548,0.08695652173913043,0.02608695652173913,-13.069565217391304
2023,12,20363,9E,12953,11278,LGA,DCA,2,0,0,0,2,0,0,0,-17.0,0.0,0.0,0.0,0.0,-8.5
2023,12,20363,9E,12953,15016,LGA,STL,97,2,0,0,95,0,9,1,-1831.0,0.020618556701030927,0.0,0.09473684210526316,0.010526315789473684,-19.273684210526316
2023,12,20363,9E,13487,11278,MSP,DCA,2,0,0,0,2,0,0,0,-11.0,0.0,0.0,0.0,0.0,-5.5
2023,12,20363,9E,13487,11618,MSP,EWR,2,0,0,0,2,0,2,0,58.0,0.0,0.0,1.0,0.0,29.0
2023,12,20363,9E,13487,13930,MSP,ORD,12,0,0,0,12,0,2,1,151.0,0.0,0.0,0.16666666666666666,0.08333333333333333,12.583333333333334
2023,12,20363,9E,13487,15016,MSP,STL,17,0,0,0,17,0,3,0,-118.0,0.0,0.0,0.17647058823529413,0.0,-6.9411764705882355
2023,12,20363,9E,13930,11433,ORD,DTW,1,0,0,0,1,0,1,1,214.0,0.0,0.0,1.0,1.0,214.0
2023,12,20363,9E,13930,13487,ORD,MSP,12,0,0,0,12,0,0,0,-120.0,0.0,0.0,0.0,0.0,-10.0
2023,12,20363,9E,14100,11433,PHL,DTW,13,0,0,0,13,0,1,1,-105.0,0.0,0.0,0.07692307692307693,0.07692307692307693,-8.076923076923077
2023,12,20363,9E,15016,11433,STL,DTW,17,0,0,0,17,0,4,1,103.0,0.0,0.0,0.23529411764705882,0.058823529411764705,6.0588235294117645
2023,12,20363,9E,15016,12953,STL,LGA,97,2,0,0,95,0,9,3,-923.0,0.020618556701030927,0.0,0.09473684210526316,0.031578947368421054,-9.715789473684211
2023,12,20363,9E,15016,13487,STL,MSP,17,0,0,0,17,0,2,0,-28.0,0.0,0.0,0.11764705882352941,0.0,-1.6470588235294117
2023,12,20368,G4,12889,13796,LAS,OAK,4,0,0,0,4,0,0,0,9.0,0.0,0.0,0.0,0.0,2.25
2023,12,20368,G4,13796,12889,OAK,LAS,4,0,0,0,4,0,1,1,327.0,0.0,0.0,0.25,0.25,81.75
2023,12,20397,OH,10397,11278,ATL,DCA,39,0,0,0,39,0,4,1,-616.0,0.0,0.0,0.10256410256410256,0.02564102564102564,-15.794871794871796
2023,12,20397,OH,10397,14100,ATL,PHL,11,0,0,0,11,0,0,0,-240.0,0.0,0.0,0.0,0.0,-21.818181818181817
2023,12,20397,OH,11278,10397,DCA,ATL,38,1,0,0,37,0,3,1,-189.0,0.02631578947368421,0.0,0.08108108108108109,0.02702702702702703,-5.108108108108108
2023,12,20397,OH,11278,11433,DCA,DTW,75,0,0,0,75,0,9,1,-651.0,0.0,0.0,0.12,0.013333333333333334,-8.68
2023,12,20397,OH,11278,13487,DCA,MSP,15,0,0,0,15,0,1,0,-333.0,0.0,0.0,0.06666666666666667,0.0,-22.2
2023,12,20397,OH,11278,14100,DCA,PHL,46,0,0,0,46,0,11,2,603.0,0.0,0.0,0.2391304347826087,0.043478260869565216,13.108695652173912
2023,12,20397,OH,11278,14635,DCA,RSW,9,0,0,0,9,0,3,2,216.0,0.0,0.0,0.3333333333333333,0.2222222222222222,24.0
2023,12,20397,OH,11278,15016,DCA,STL,44,0,0,0,44,0,7,3,-19.0,0.0,0.0,0.1590909090909091,0.06818181818181818,-0.4318181818181818
2023,12,20397,OH,11433,11278,DTW,DCA,75,0,0,0,75,0,13,4,-342.0,0.0,0.0,0.17333333333333334,0.05333333333333334,-4.56
2023,12,20397,OH,11433,14100,DTW,PHL,38,0,0,0,38,0,2,2,-351.0,0.0,0.0,0.05263157894736842,0.05263157894736842,-9.236842105263158
2023,12,20397,OH,13487,11278,MSP,DCA,15,0,0,0,15,0,3,1,-16.0,0.0,0.0,0.2,0.06666666666666667,-1.0666666666666667
2023,12,20397,OH,13487,14100,MSP,PHL,29,0,0,0,29,0,4,1,-125.0,0.0,0.0,0.13793103448275862,0.034482758620689655,-4.310344827586207
2023,12,20397,OH,14100,10397,PHL,ATL,11,0,0,0,11,0,0,0,-159.0,0.0,0.0,0.0,0.0,-14.454545454545455
2023,12,20397,OH,14100,11278,PHL,DCA,46,0,0,0,46,0,11,6,152.0,0.0,0.0,0.2391304347826087,0.13043478260869565,3.3043478260869565
2023,12,20397,OH,14100,11433,PHL,DTW,39,0,0,0,39,0,2,0,-634.0,0.0,0.0,0.05128205128205128,0.0,-16.256410256410255
2023,12,20397,OH,14100,13487,PHL,MSP,29,0,0,0,29,0,2,1,-407.0,0.0,0.0,0.06896551724137931,0.034482758620689655,-14.03448275862069
2023,12,20397,OH,14635,11278,RSW,DCA,9,0,0,0,9,0,3,1,57.0,0.0,0.0,0.3333333333333333,0.1111111111111111,6.333333333333333
2023,12,20397,OH,15016,11278,STL,DCA,43,0,0,0,43,0,10,1,124.0,0.0,0.0,0.23255813953488372,0.023255813953488372,2.883720930232558
2023,12,20398,MQ,10397,13303,ATL,MIA,15,0,0,0,15,0,2,1,67.0,0.0,0.0,0.13333333333333333,0.06666666666666667,4.466666666666667
2023,12,20398,MQ,10397,13930,ATL,ORD,30,0,0,0,30,0,3,1,-108.0,0.0,0.0,0.1,0.03333333333333333,-3.6
2023,12,20398,MQ,10721,13303,BOS,MIA,7,0,0,0,7,0,2,1,21.0,0.0,0.0,0.2857142857142857,0.14285714285714285,3.0
2023,12,20398,MQ,10721,13930,BOS,ORD,57,2,0,0,55,0,5,2,-614.0,0.03508771929824561,0.0,0.09090909090909091,0.03636363636363636,-11.163636363636364
2023,12,20398,MQ,10721,15016,BOS,STL,52,2,0,0,50,0,5,1,-366.0,0.038461538461538464,0.0,0.1,0.02,-7.32
2023,12,20398,MQ,10821,13303,BWI,MIA,11,0,0,0,11,0,5,0,2.0,0.0,0.0,0.45454545454545453,0.0,0.18181818181818182
2023,12,20398,MQ,10821,13930,BWI,ORD,36,0,0,0,36,0,8,2,-152.0,0.0,0.0,0.2222222222222222,0.05555555555555555,-4.222222222222222
2023,12,20398,MQ,11278,11433,DCA,DTW,2,0,0,0,2,0,0,0,-30.0,0.0,0.0,0.0,0.0,-15.0
2023,12,20398,MQ,11278,13303,DCA,MIA,9,0,0,0,9,0,4,0,53.0,0.0,0.0,0.4444444444444444,0.0,5.888888888888889
2023,12,20398,MQ,11278,13487,DCA,MSP,3,0,0,0,3,0,0,0,-54.0,0.0,0.0,0.0,0.0,-18.0
2023,12,20398,MQ,11278,15016,DCA,STL,2,0,0,0,2,0,0,0,-46.0,0.0,0.0,0.0,0.0,-23.0
2023,12,20398,MQ,11298,11433,DFW,DTW,4,0,0,0,4,0,0,0,-85.0,0.0,0.0,0.0,0.0,-21.25
2023,12,20398,MQ,11298,12266,DFW,IAH,85,0,0,0,85,0,5,1,-445.0,0.0,0.0,0.058823529411764705,0.011764705882352941,-5.235294117647059
2023,12,20398,MQ,11298,13487,DFW,MSP,4,0,0,0,4,0,0,0,-55.0,0.0,0.0,0.0,0.0,-13.75
2023,12,20398,MQ,11298,15016,DFW,STL,30,0,0,0,30,0,3,0,-147.0,0.0,0.0,0.1,0.0,-4.9
2023,12,20398,MQ,11433,11278,DTW,DCA,2,0,0,0,2,0,0,0,-26.0,0.0,0.0,0.0,0.0,-13.0
2023,12,20398,MQ,11433,11298,DTW,DFW,4,0,0,0,4,0,1,0,-16.0,0.0,0.0,0.25,0.0,-4.0
2023,12,20398,MQ,11433,13303,DTW,MIA,24,0,0,0,24,0,6,2,196.0,0.0,0.0,0.25,0.08333333333333333,8.166666666666666
2023,12,20398,MQ,11618,13303,EWR,MIA,3,0,0,0,3,0,0,0,-6.0,0.0,0.0,0.0,0.0,-2.0
2023,12,20398,MQ,11618,13930,EWR,ORD,94,1,0,0,93,0,27,4,8.0,0.010638297872340425,0.0,0.2903225806451613,0.043010752688172046,0.08602150537634409
2023,12,20398,MQ,12266,11298,IAH,DFW,85,0,0,0,85,0,11,0,-826.0,0.0,0.0,0.12941176470588237,0.0,-9.717647058823529
2023,12,20398,MQ,12266,13303,IAH,MIA,22,0,0,0,22,0,8,3,394.0,0.0,0.0,0.36363636363636365,0.13636363636363635,17.90909090909091
2023,12,20398,MQ,12266,13930,IAH,ORD,32,0,0,0,32,0,3,1,-265.0,0.0,0.0,0.09375,0.03125,-8.28125
2023,12,20398,MQ,12266,14107,IAH,PHX,25,0,0,0,25,0,1,0,-556.0,0.0,0.0,0.04,0.0,-22.24
2023,12,20398,MQ,13303,10397,MIA,ATL,15,0,0,0,15,0,2,0,19.0,0.0,0.0,0.13333333333333333,0.0,1.2666666666666666
2023,12,20398,MQ,13303,10721,MIA,BOS,7,0,0,0,7,0,3,0,60.0,0.0,0.0,0.42857142857142855,0.0,8.571428571428571
2023,12,20398,MQ,13303,10821,MIA,BWI,12,0,0,0,12,0,3,1,90.0,0.0,0.0,0.25,0.08333333333333333,7.5
2023,12,20398,MQ,13303,11278,MIA,DCA,9,0,0,0,9,0,2,0,-57.0,0.0,0.0,0.2222222222222222,0.0,-6.333333333333333
2023,12,20398,MQ,13303,11433,MIA,DTW,24,0,0,0,24,0,6,3,214.0,0.0,0.0,0.25,0.125,8.916666666666666
2023,12,20398,MQ,13303,11618,MIA,EWR,3,0,0,0,3,0,0,0,-9.0,0.0,0.0,0.0,0.0,-3.0
2023,12,20398,MQ,13303,12266,MIA,IAH,22,0,0,0,22,0,5,1,156.0,0.0,0.0,0.22727272727272727,0.045454545454545456,7.090909090909091
2023,12,20398,MQ,13303,15016,MIA,STL,2,0,0,0,2,0,0,0,-10.0,0.0,0.0,0.0,0.0,-5.0
2023,12,20398,MQ,13303,15304,MIA,TPA,37,0,0,0,37,0,7,2,177.0,0.0,0.0,0.1891891891891892,0.05405405405405406,4.783783783783784
2023,12,20398,MQ,13487,11278,MSP,DCA,3,0,0,0,3,0,0,0,-101.0,0.0,0.0,0.0,0.0,-33.666666666666664
2023,12,20398,MQ,13487,11298,MSP,DFW,4,0,0,0,4,0,1,0,-25.0,0.0,0.0,0.25,0.0,-6.25
2023,12,20398,MQ,13487,13930,MSP,ORD,4,0,0,0,4,0,0,0,-27.0,0.0,0.0,0.0,0.0,-6.75
2023,12,20398,MQ,13930,10397,ORD,ATL,30,0,0,0,30,0,8,0,66.0,0.0,0.0,0.26666666666666666,0.0,2.2
2023,12,20398,MQ,13930,10721,ORD,BOS,57,1,3,0,53,0,10,1,66.0,0.017543859649122806,0.05263157894736842,0.18867924528301888,0.018867924528301886,1.2452830188679245
2023,12,20398,MQ,13930,10821,ORD,BWI,35,0,0,0,35,0,9,3,229.0,0.0,0.0,0.2571428571428571,0.08571428571428572,6.542857142857143
2023,12,20398,MQ,13930,11618,ORD,EWR,94,1,0,0,93,0,28,5,909.0,0.010638297872340425,0.0,0.3010752688172043,0.053763440860215055,9.774193548387096
2023,12,20398,MQ,13930,12266,ORD,IAH,32,0,0,0,32,0,3,1,-293.0,0.0,0.0,0.09375,0.03125,-9.15625
2023,12,20398,MQ,13930,13487,ORD,MSP,3,0,0,0,3,0,0,0,-37.0,0.0,0.0,0.0,0.0,-12.333333333333334
2023,12,20398,MQ,13930,15016,ORD,STL,26,0,0,0,26,0,3,1,-84.0,0.0,0.0,0.11538461538461539,0.038461538461538464,-3.230769230769231
2023,12,20398,MQ,14107,12266,PHX,IAH,25,0,0,0,25,0,2,0,-63.0,0.0,0.0,0.08,0.0,-2.52
2023,12,20398,MQ,14107,14869,PHX,SLC,10,0,0,0,10,0,0,0,-65.0,0.0,0.0,0.0,0.0,-6.5
2023,12,20398,MQ,14107,15016,PHX,STL,6,0,0,0,6,0,3,0,123.0,0.0,0.0,0.5,0.0,20.5
2023,12,20398,MQ,14869,14107,SLC,PHX,10,0,0,0,10,0,2,1,49.0,0.0,0.0,0.2,0.1,4.9
2023,12,20398,MQ,15016,10721,STL,BOS,52,2,0,0,50,0,14,2,417.0,0.038461538461538464,0.0,0.28,0.04,8.34
2023,12,20398,MQ,15016,11278,STL,DCA,2,0,0,0,2,0,0,0,-32.0,0.0,0.0,0.0,0.0,-16.0
2023,12,20398,MQ,15016,11298,STL,DFW,30,0,0,0,30,0,5,0,-264.0,0.0,0.0,0.16666666666666666,0.0,-8.8
2023,12,20398,MQ,15016,13303,STL,MIA,2,0,0,0,2,0,0,0,-38.0,0.0,0.0,0.0,0.0,-19.0
2023,12,20398,MQ,15016,13930,STL,ORD,26,0,0,0,26,0,3,1,-101.0,0.0,0.0,0.11538461538461539,0.038461538461538464,-3.8846153846153846
2023,12,20398,MQ,15016,14107,STL,PHX,6,0,0,0,6,0,1,0,-29.0,0.0,0.0,0.16666666666666666,0.0,-4.833333333333333
2023,12,20398,MQ,15304,13303,TPA,MIA,38,0,0,0,38,0,13,1,392.0,0.0,0.0,0.34210526315789475,0.02631578947368421,10.31578947368421
2023,12,20409,B6,10397,10721,ATL,BOS,53,0,0,0,53,0,12,6,718.0,0.0,0.0,0.22641509433962265,0.11320754716981132,13.547169811320755
2023,12,20409,B6,10397,11697,ATL,FLL,60,0,0,0,60,0,23,8,1460.0,0.0,0.0,0.38333333333333336,0.13333333333333333,24.333333333333332
2023,12,20409,B6,10397,12478,ATL,JFK,92,0,0,0,92,0,38,19,1927.0,0.0,0.0,0.41304347826086957,0.20652173913043478,20.945652173913043
2023,12,20409,B6,10397,12953,ATL,LGA,107,0,0,0,107,0,25,8,850.0,0.0,0.0,0.2336448598130841,0.07476635514018691,7.94392523364486
2023,12,20409,B6,10721,10397,BOS,ATL,53,0,0,0,53,0,8,4,-447.0,0.0,0.0,0.1509433962264151,0.07547169811320754,-8.433962264150944
2023,12,20409,B6,10721,10821,BOS,BWI,53,0,0,0,53,0,7,2,-77.0,0.0,0.0,0.1320754716981132,0.03773584905660377,-1.4528301886792452
2023,12,20409,B6,10721,11278,BOS,DCA,256,3,0,0,253,0,62,19,1929.0,0.01171875,0.0,0.2450592885375494,0.07509881422924901,7.624505928853755
2023,12,20409,B6,10721,11292,BOS,DEN,38,0,0,0,38,0,2,0,-680.0,0.0,0.0,0.05263157894736842,0.0,-17.894736842105264
2023,12,20409,B6,10721,11298,BOS,DFW,31,0,0,0,31,0,12,4,350.0,0.0,0.0,0.3870967741935484,0.12903225806451613,11.290322580645162
2023,12,20409,B6,10721,11433,BOS,DTW,52,1,0,0,51,0,13,6,542.0,0.019230769230769232,0.0,0.2549019607843137,0.11764705882352941,10.627450980392156
2023,12,20409,B6,10721,11697,BOS,FLL,136,1,0,0,135,0,54,22,3342.0,0.007352941176470588,0.0,0.4,0.16296296296296298,24.755555555555556
2023,12,20409,B6,10721,12266,BOS,IAH,31,0,0,0,31,0,10,2,362.0,0.0,0.0,0.3225806451612903,0.06451612903225806,11.67741935483871
2023,12,20409,B6,10721,12478,BOS,JFK,247,0,0,0,247,0,74,25,2993.0,0.0,0.0,0.29959514170040485,0.10121457489878542,12.117408906882591
2023,12,20409,B6,10721,12889,BOS,LAS,60,0,0,0,60,0,14,5,-214.0,0.0,0.0,0.23333333333333334,0.08333333333333333,-3.566666666666667
2023,12,20409,B6,10721,12892,BOS,LAX,126,0,0,0,126,0,21,10,-1648.0,0.0,0.0,0.16666666666666666,0.07936507936507936,-13.079365079365079
2023,12,20409,B6,10721,12953,BOS,LGA,164,3,0,0,161,0,33,12,328.0,0.018292682926829267,0.0,0.20496894409937888,0.07453416149068323,2.0372670807453415
2023,12,20409,B6,10721,13204,BOS,MCO,243,1,1,0,241,0,69,21,2465.0,0.00411522633744856,0.00411522633744856,0.2863070539419087,0.08713692946058091,10.228215767634854
2023,12,20409,B6,10721,13303,BOS,MIA,55,0,0,0,55,0,19,6,1043.0,0.0,0.0,0.34545454545454546,0.10909090909090909,18.963636363636365
2023,12,20409,B6,10721,13487,BOS,MSP,31,0,0,0,31,0,12,6,708.0,0.0,0.0,0.3870967741935484,0.1935483870967742,22.838709677419356
2023,12,20409,B6,10721,13930,BOS,ORD,54,0,0,0,54,0,11,5,332.0,0.0,0.0,0.2037037037037037,0.09259259259259259,6.148148148148148
2023,12,20409,B6,10721,14100,BOS,PHL,78,1,0,0,77,0,17,6,863.0,0.01282051282051282,0.0,0.22077922077922077,0.07792207792207792,11.207792207792208
2023,12,20409,B6,10721,14107,BOS,PHX,31,0,0,0,31,0,5,0,-585.0,0.0,0.0,0.16129032258064516,0.0,-18.870967741935484
2023,12,20409,B6,10721,14635,BOS,RSW,114,0,2,0,112,0,37,11,1249.0,0.0,0.017543859649122806,0.33035714285714285,0.09821428571428571,11.151785714285714
2023,12,20409,B6,10721,14679,BOS,SAN,59,0,1,0,58,0,8,4,-933.0,0.0,0.01694915254237288,0.13793103448275862,0.06896551724137931,-16.086206896551722
2023,12,20409,B6,10721,14747,BOS,SEA,31,0,0,0,31,0,7,6,268.0,0.0,0.0,0.22580645161290322,0.1935483870967742,8.64516129032258
2023,12,20409,B6,10721,14771,BOS,SFO,123,1,1,0,121,0,17,4,-1339.0,0.008130081300813009,0.008130081300813009,0.14049586776859505,0.03305785123966942,-11.066115702479339
2023,12,20409,B6,10721,14869,BOS,SLC,31,0,0,0,31,0,6,2,-115.0,0.0,0.0,0.1935483870967742,0.06451612903225806,-3.7096774193548385
2023,12,20409,B6,10721,15304,BOS,TPA,140,1,0,0,139,0,39,14,963.0,0.007142857142857143,0.0,0.2805755395683453,0.10071942446043165,6.928057553956834
2023,12,20409,B6,10821,10721,BWI,BOS,53,0,0,0,53,0,12,3,159.0,0.0,0.0,0.22641509433962265,0.05660377358490566,3.0
2023,12,20409,B6,11278,10721,DCA,BOS,256,4,1,0,251,0,70,28,3522.0,0.015625,0.00390625,0.2788844621513944,0.11155378486055777,14.03187250996016
2023,12,20409,B6,11278,11697,DCA,FLL,136,0,0,0,136,0,44,22,2022.0,0.0,0.0,0.3235294117647059,0.16176470588235295,14.867647058823529
2023,12,20409,B6,11278,12478,DCA,JFK,83,1,0,0,82,0,30,11,2342.0,0.012048192771084338,0.0,0.36585365853658536,0.13414634146341464,28.5609756097561
2023,12,20409,B6,11278,13204,DCA,MCO,148,1,0,0,147,0,41,18,2311.0,0.006756756756756757,0.0,0.2789115646258503,0.12244897959183673,15.72108843537415
2023,12,20409,B6,11278,14635,DCA,RSW,31,2,0,0,29,0,8,5,628.0,0.06451612903225806,0.0,0.27586206896551724,0.1724137931034483,21.655172413793103
2023,12,20409,B6,11292,10721,DEN,BOS,38,0,0,0,38,0,9,3,404.0,0.0,0.0,0.23684210526315788,0.07894736842105263,10.631578947368421
2023,12,20409,B6,11292,12478,DEN,JFK,31,1,0,0,30,0,9,0,193.0,0.03225806451612903,0.0,0.3,0.0,6.433333333333334
2023,12,20409,B6,11292,12953,DEN,LGA,43,0,1,0,42,0,15,5,947.0,0.0,0.023255813953488372,0.35714285714285715,0.11904761904761904,22.547619047619047
2023,12,20409,B6,11298,10721,DFW,BOS,31,0,0,0,31,0,13,4,651.0,0.0,0.0,0.41935483870967744,0.12903225806451613,21.0
2023,12,20409,B6,11433,10721,DTW,BOS,53,1,0,0,52,0,6,2,-174.0,0.018867924528301886,0.0,0.11538461538461539,0.038461538461538464,-3.3461538461538463
2023,12,20409,B6,11433,12478,DTW,JFK,60,1,0,0,59,0,15,7,1409.0,0.016666666666666666,0.0,0.2542372881355932,0.11864406779661017,23.88135593220339
2023,12,20409,B6,11618,11697,EWR,FLL,110,0,0,0,110,0,37,15,2220.0,0.0,0.0,0.33636363636363636,0.13636363636363635,20.181818181818183
2023,12,20409,B6,11618,12892,EWR,LAX,81,0,0,0,81,0,1,0,-1828.0,0.0,0.0,0.012345679012345678,0.0,-22.567901234567902
2023,12,20409,B6,11618,13204,EWR,MCO,182,0,0,0,182,0,53,18,1479.0,0.0,0.0,0.29120879120879123,0.0989010989010989,8.126373626373626
2023,12,20409,B6,11618,13303,EWR,MIA,42,0,1,0,41,0,16,4,596.0,0.0,0.023809523809523808,0.3902439024390244,0.0975609756097561,14.536585365853659
2023,12,20409,B6,11618,14635,EWR,RSW,37,1,0,0,36,0,14,6,770.0,0.02702702702702703,0.0,0.3888888888888889,0.16666666666666666,21.38888888888889
2023,12,20409,B6,11618,15304,EWR,TPA,41,0,0,0,41,0,16,6,630.0,0.0,0.0,0.3902439024390244,0.14634146341463414,15.365853658536585
2023,12,20409,B6,11697,10397,FLL,ATL,60,0,0,0,60,0,25,9,964.0,0.0,0.0,0.4166666666666667,0.15,16.066666666666666
2023,12,20409,B6,11697,10721,FLL,BOS,135,1,1,0,133,0,54,23,3405.0,0.007407407407407408,0.007407407407407408,0.40601503759398494,0.17293233082706766,25.601503759398497
2023,12,20409,B6,11697,11278,FLL,DCA,136,0,0,0,136,0,28,15,848.0,0.0,0.0,0.20588235294117646,0.11029411764705882,6.235294117647059
2023,12,20409,B6,11697,11618,FLL,EWR,110,1,0,0,109,0,48,16,2364.0,0.00909090909090909,0.0,0.44036697247706424,0.14678899082568808,21.68807339449541
2023,12,20409,B6,11697,12478,FLL,JFK,205,0,0,0,205,0,71,31,4439.0,0.0,0.0,0.3463414634146341,0.15121951219512195,21.653658536585365
2023,12,20409,B6,11697,12889,FLL,LAS,31,0,0,0,31,0,8,4,597.0,0.0,0.0,0.25806451612903225,0.12903225806451613,19.258064516129032
2023,12,20409,B6,11697,12892,FLL,LAX,101,0,0,0,101,0,30,9,777.0,0.0,0.0,0.297029702970297,0.0891089108910891,7.693069306930693
2023,12,20409,B6,11697,12953,FLL,LGA,142,0,1,0,141,0,33,14,1341.0,0.0,0.007042253521126761,0.23404255319148937,0.09929078014184398,9.51063829787234
2023,12,20409,B6,11697,14679,FLL,SAN,31,0,0,0,31,0,12,3,216.0,0.0,0.0,0.3870967741935484,0.0967741935483871,6.967741935483871
2023,12,20409,B6,11697,14771,FLL,SFO,84,0,0,0,84,0,20,9,877.0,0.0,0.0,0.23809523809523808,0.10714285714285714,10.44047619047619
2023,12,20409,B6,11697,14869,FLL,SLC,25,0,0,0,25,0,10,2,437.0,0.0,0.0,0.4,0.08,17.48
2023,12,20409,B6,12266,10721,IAH,BOS,31,0,0,0,31,0,7,2,371.0,0.0,0.0,0.22580645161290322,0.06451612903225806,11.96774193548387
2023,12,20409,B6,12266,12478,IAH,JFK,31,0,0,0,31,0,17,7,2915.0,0.0,0.0,0.5483870967741935,0.22580645161290322,94.03225806451613
2023,12,20409,B6,12478,10397,JFK,ATL,90,0,0,0,90,0,34,12,1394.0,0.0,0.0,0.37777777777777777,0.13333333333333333,15.488888888888889
2023,12,20409,B6,12478,10721,JFK,BOS,243,1,1,0,241,0,67,25,2530.0,0.00411522633744856,0.00411522633744856,0.27800829875518673,0.1037344398340249,10.49792531120332
2023,12,20409,B6,12478,11278,JFK,DCA,82,1,0,0,81,0,25,11,1019.0,0.012195121951219513,0.0,0.30864197530864196,0.13580246913580246,12.580246913580247
2023,12,20409,B6,12478,11292,JFK,DEN,31,0,0,0,31,0,6,0,-144.0,0.0,0.0,0.1935483870967742,0.0,-4.645161290322581
2023,12,20409,B6,12478,11433,JFK,DTW,61,1,0,0,60,0,16,8,817.0,0.01639344262295082,0.0,0.26666666666666666,0.13333333333333333,13.616666666666667
2023,12,20409,B6,12478,11697,JFK,FLL,208,0,0,0,208,0,72,34,4650.0,0.0,0.0,0.34615384615384615,0.16346153846153846,22.35576923076923
2023,12,20409,B6,12478,12266,JFK,IAH,31,0,0,0,31,0,10,8,770.0,0.0,0.0,0.3225806451612903,0.25806451612903225,24.838709677419356
2023,12,20409,B6,12478,12889,JFK,LAS,66,0,0,0,66,0,10,2,-1097.0,0.0,0.0,0.15151515151515152,0.030303030303030304,-16.62121212121212
2023,12,20409,B6,12478,12892,JFK,LAX,281,1,1,0,279,0,37,12,-3862.0,0.0035587188612099642,0.0035587188612099642,0.13261648745519714,0.043010752688172046,-13.842293906810037
2023,12,20409,B6,12478,13204,JFK,MCO,232,0,0,0,232,0,90,44,4751.0,0.0,0.0,0.3879310344827586,0.1896551724137931,20.478448275862068
2023,12,20409,B6,12478,13303,JFK,MIA,76,1,0,0,75,0,36,15,2824.0,0.013157894736842105,0.0,0.48,0.2,37.653333333333336
2023,12,20409,B6,12478,13930,JFK,ORD,45,0,0,0,45,0,6,2,-188.0,0.0,0.0,0.13333333333333333,0.044444444444444446,-4.177777777777778
2023,12,20409,B6,12478,14107,JFK,PHX,31,0,0,0,31,0,8,4,62.0,0.0,0.0,0.25806451612903225,0.12903225806451613,2.0
2023,12,20409,B6,12478,14635,JFK,RSW,76,0,1,0,75,0,25,13,1508.0,0.0,0.013157894736842105,0.3333333333333333,0.17333333333333334,20.106666666666666
2023,12,20409,B6,12478,14679,JFK,SAN,69,0,0,0,69,0,11,3,-1051.0,0.0,0.0,0.15942028985507245,0.043478260869565216,-15.231884057971014
2023,12,20409,B6,12478,14747,JFK,SEA,31,0,0,0,31,0,6,3,-53.0,0.0,0.0,0.1935483870967742,0.0967741935483871,-1.7096774193548387
2023,12,20409,B6,12478,14771,JFK,SFO,133,0,0,0,133,0,26,7,-706.0,0.0,0.0,0.19548872180451127,0.05263157894736842,-5.30827067669173
2023,12,20409,B6,12478,14869,JFK,SLC,40,0,0,0,40,0,7,3,-77.0,0.0,0.0,0.175,0.075,-1.925
2023,12,20409,B6,12478,15304,JFK,TPA,133,0,0,0,133,0,43,15,2446.0,0.0,0.0,0.3233082706766917,0.11278195488721804,18.39097744360902
2023,12,20409,B6,12889,10721,LAS,BOS,60,0,0,0,60,0,15,6,229.0,0.0,0.0,0.25,0.1,3.816666666666667
2023,12,20409,B6,12889,11697,LAS,FLL,31,0,0,0,31,0,13,5,923.0,0.0,0.0,0.41935483870967744,0.16129032258064516,29.774193548387096
2023,12,20409,B6,12889,12478,LAS,JFK,66,0,0,0,66,0,17,2,341.0,0.0,0.0,0.25757575757575757,0.030303030303030304,5.166666666666667
2023,12,20409,B6,12889,12892,LAS,LAX,46,0,0,0,46,0,13,6,773.0,0.0,0.0,0.2826086956521739,0.13043478260869565,16.804347826086957
2023,12,20409,B6,12892,10721,LAX,BOS,125,0,0,0,125,0,47,18,2815.0,0.0,0.0,0.376,0.144,22.52
2023,12,20409,B6,12892,11618,LAX,EWR,80,0,0,0,80,0,28,6,942.0,0.0,0.0,0.35,0.075,11.775
2023,12,20409,B6,12892,11697,LAX,FLL,102,0,0,0,102,0,36,9,1652.0,0.0,0.0,0.35294117647058826,0.08823529411764706,16.19607843137255
2023,12,20409,B6,12892,12478,LAX,JFK,283,0,0,0,283,0,89,18,3692.0,0.0,0.0,0.31448763250883394,0.0636042402826855,13.045936395759718
2023,12,20409,B6,12892,12889,LAX,LAS,46,0,0,0,46,0,13,3,878.0,0.0,0.0,0.2826086956521739,0.06521739130434782,19.08695652173913
2023,12,20409,B6,12892,13204,LAX,MCO,31,0,0,0,31,0,15,3,660.0,0.0,0.0,0.4838709677419355,0.0967741935483871,21.29032258064516
2023,12,20409,B6,12892,13303,LAX,MIA,55,0,0,0,55,0,16,2,507.0,0.0,0.0,0.2909090909090909,0.03636363636363636,9.218181818181819
2023,12,20409,B6,12892,14771,LAX,SFO,61,0,0,0,61,0,15,6,864.0,0.0,0.0,0.2459016393442623,0.09836065573770492,14.163934426229508
2023,12,20409,B6,12892,14869,LAX,SLC,31,0,0,0,31,0,3,0,-104.0,0.0,0.0,0.0967741935483871,0.0,-3.3548387096774195
2023,12,20409,B6,12953,10397,LGA,ATL,107,0,0,0,107,0,27,9,577.0,0.0,0.0,0.2523364485981308,0.08411214953271028,5.392523364485982
2023,12,20409,B6,12953,10721,LGA,BOS,166,3,0,0,163,0,27,13,-156.0,0.018072289156626505,0.0,0.1656441717791411,0.07975460122699386,-0.9570552147239264
2023,12,20409,B6,12953,11292,LGA,DEN,43,0,2,0,41,0,6,1,-373.0,0.0,0.046511627906976744,0.14634146341463414,0.024390243902439025,-9.097560975609756
2023,12,20409,B6,12953,11697,LGA,FLL,143,0,0,0,143,0,45,10,1182.0,0.0,0.0,0.3146853146853147,0.06993006993006994,8.265734265734265
2023,12,20409,B6,12953,13204,LGA,MCO,159,1,0,0,158,0,34,14,937.0,0.006289308176100629,0.0,0.21518987341772153,0.08860759493670886,5.930379746835443
2023,12,20409,B6,12953,14635,LGA,RSW,51,0,1,0,50,0,11,6,106.0,0.0,0.0196078431372549,0.22,0.12,2.12
2023,12,20409,B6,12953,15304,LGA,TPA,91,0,1,0,90,0,20,6,510.0,0.0,0.01098901098901099,0.2222222222222222,0.06666666666666667,5.666666666666667
2023,12,20409,B6,13204,10721,MCO,BOS,241,0,3,0,238,0,53,21,1330.0,0.0,0.012448132780082987,0.22268907563025211,0.08823529411764706,5.588235294117647
2023,12,20409,B6,13204,11278,MCO,DCA,148,1,0,0,147,0,40,18,2037.0,0.006756756756756757,0.0,0.272108843537415,0.12244897959183673,13.857142857142858
2023,12,20409,B6,13204,11618,MCO,EWR,181,0,0,0,181,0,61,23,2714.0,0.0,0.0,0.3370165745856354,0.1270718232044199,14.994475138121548
2023,12,20409,B6,13204,12478,MCO,JFK,230,3,0,0,227,0,75,36,6218.0,0.013043478260869565,0.0,0.3303964757709251,0.15859030837004406,27.3920704845815
2023,12,20409,B6,13204,12892,MCO,LAX,31,0,0,0,31,0,10,7,1205.0,0.0,0.0,0.3225806451612903,0.22580645161290322,38.87096774193548
2023,12,20409,B6,13204,12953,MCO,LGA,156,0,0,0,156,0,32,12,204.0,0.0,0.0,0.20512820512820512,0.07692307692307693,1.3076923076923077
2023,12,20409,B6,13204,14869,MCO,SLC,31,0,0,0,31,0,10,4,670.0,0.0,0.0,0.3225806451612903,0.12903225806451613,21.612903225806452
2023,12,20409,B6,13303,10721,MIA,BOS,55,1,0,0,54,0,28,14,2358.0,0.01818181818181818,0.0,0.5185185185185185,0.25925925925925924,43.666666666666664
2023,12,20409,B6,13303,11618,MIA,EWR,42,0,0,0,42,0,13,7,1410.0,0.0,0.0,0.30952380952380953,0.16666666666666666,33.57142857142857
2023,12,20409,B6,13303,12478,MIA,JFK,76,1,0,0,75,0,29,15,3003.0,0.013157894736842105,0.0,0.38666666666666666,0.2,40.04
2023,12,20409,B6,13303,12892,MIA,LAX,55,0,0,0,55,0,12,5,1512.0,0.0,0.0,0.21818181818181817,0.09090909090909091,27.490909090909092
2023,12,20409,B6,13487,10721,MSP,BOS,31,0,0,0,31,0,16,7,1049.0,0.0,0.0,0.5161290322580645,0.22580645161290322,33.83870967741935
2023,12,20409,B6,13930,10721,ORD,BOS,54,0,1,0,53,0,14,5,663.0,0.0,0.018518518518518517,0.2641509433962264,0.09433962264150944,12.50943396226415
2023,12,20409,B6,13930,12478,ORD,JFK,45,0,0,0,45,0,9,3,330.0,0.0,0.0,0.2,0.06666666666666667,7.333333333333333
2023,12,20409,B6,14100,10721,PHL,BOS,78,1,0,0,77,0,17,4,362.0,0.01282051282051282,0.0,0.22077922077922077,0.05194805194805195,4.701298701298701
2023,12,20409,B6,14107,10721,PHX,BOS,31,0,0,0,31,0,8,2,254.0,0.0,0.0,0.25806451612903225,0.06451612903225806,8.193548387096774
2023,12,20409,B6,14107,12478,PHX,JFK,31,0,0,0,31,0,17,7,1036.0,0.0,0.0,0.5483870967741935,0.22580645161290322,33.41935483870968
2023,12,20409,B6,14635,10721,RSW,BOS,114,1,1,0,112,0,32,14,3236.0,0.008771929824561403,0.008771929824561403,0.2857142857142857,0.125,28.892857142857142
2023,12,20409,B6,14635,11278,RSW,DCA,31,2,0,0,29,0,4,1,89.0,0.06451612903225806,0.0,0.13793103448275862,0.034482758620689655,3.0689655172413794
2023,12,20409,B6,14635,11618,RSW,EWR,37,1,0,0,36,0,12,6,676.0,0.02702702702702703,0.0,0.3333333333333333,0.16666666666666666,18.77777777777778
2023,12,20409,B6,14635,12478,RSW,JFK,78,0,0,0,78,0,24,11,1664.0,0.0,0.0,0.3076923076923077,0.14102564102564102,21.333333333333332
2023,12,20409,B6,14635,12953,RSW,LGA,51,0,0,0,51,0,11,6,244.0,0.0,0.0,0.21568627450980393,0.11764705882352941,4.784313725490196
2023,12,20409,B6,14679,10721,SAN,BOS,59,0,4,0,55,0,26,7,2319.0,0.0,0.06779661016949153,0.4727272727272727,0.12727272727272726,42.163636363636364
2023,12,20409,B6,14679,11697,SAN,FLL,31,0,0,0,31,0,15,3,499.0,0.0,0.0,0.4838709677419355,0.0967741935483871,16.096774193548388
2023,12,20409,B6,14679,12478,SAN,JFK,69,0,2,0,67,0,19,7,1611.0,0.0,0.028985507246376812,0.2835820895522388,0.1044776119402985,24.044776119402986
2023,12,20409,B6,14747,10721,SEA,BOS,31,0,1,0,30,0,10,7,729.0,0.0,0.03225806451612903,0.3333333333333333,0.23333333333333334,24.3
2023,12,20409,B6,14747,12478,SEA,JFK,31,0,0,0,31,0,16,5,1727.0,0.0,0.0,0.5161290322580645,0.16129032258064516,55.70967741935484
2023,12,20409,B6,14771,10721,SFO,BOS,123,1,0,0,122,0,32,10,1030.0,0.008130081300813009,0.0,0.26229508196721313,0.08196721311475409,8.442622950819672
2023,12,20409,B6,14771,11697,SFO,FLL,85,0,0,0,85,0,22,7,912.0,0.0,0.0,0.25882352941176473,0.08235294117647059,10.729411764705882
2023,12,20409,B6,14771,12478,SFO,JFK,133,0,1,0,132,0,44,13,1934.0,0.0,0.007518796992481203,0.3333333333333333,0.09848484848484848,14.651515151515152
2023,12,20409,B6,14771,12892,SFO,LAX,61,0,0,0,61,0,17,5,1021.0,0.0,0.0,0.2786885245901639,0.08196721311475409,16.737704918032787
2023,12,20409,B6,14869,10721,SLC,BOS,31,0,0,0,31,0,11,3,404.0,0.0,0.0,0.3548387096774194,0.0967741935483871,13.03225806451613
2023,12,20409,B6,14869,11697,SLC,FLL,25,0,0,0,25,0,14,5,1301.0,0.0,0.0,0.56,0.2,52.04
2023,12,20409,B6,14869,12478,SLC,JFK,40,0,0,0,40,0,19,8,2217.0,0.0,0.0,0.475,0.2,55.425
2023,12,20409,B6,14869,12892,SLC,LAX,31,0,0,0,31,0,2,0,-321.0,0.0,0.0,0.06451612903225806,0.0,-10.35483870967742
2023,12,20409,B6,14869,13204,SLC,MCO,31,0,0,0,31,0,12,0,284.0,0.0,0.0,0.3870967741935484,0.0,9.161290322580646
2023,12,20409,B6,15304,10721,TPA,BOS,140,3,2,0,135,0,36,13,1919.0,0.02142857142857143,0.014285714285714285,0.26666666666666666,0.0962962962962963,14.214814814814815
2023,12,20409,B6,15304,11618,TPA,EWR,41,0,0,0,41,0,11,7,472.0,0.0,0.0,0.2682926829268293,0.17073170731707318,11.512195121951219
2023,12,20409,B6,15304,12478,TPA,JFK,132,0,0,0,132,0,30,11,1494.0,0.0,0.0,0.22727272727272727,0.08333333333333333,11.318181818181818
2023,12,20409,B6,15304,12953,TPA,LGA,89,1,0,0,88,0,12,4,-101.0,0.011235955056179775,0.0,0.13636363636363635,0.045454545454545456,-1.1477272727272727
2023,12,20416,NK,10397,10721,ATL,BOS,31,0,0,0,31,0,2,1,-217.0,0.0,0.0,0.06451612903225806,0.03225806451612903,-7.0
2023,12,20416,NK,10397,10821,ATL,BWI,38,0,0,0,38,0,12,4,579.0,0.0,0.0,0.3157894736842105,0.10526315789473684,15.236842105263158
2023,12,20416,NK,10397,11298,ATL,DFW,36,0,0,0,36,0,9,2,180.0,0.0,0.0,0.25,0.05555555555555555,5.0
2023,12,20416,NK,10397,11433,ATL,DTW,122,0,0,0,122,0,27,5,1140.0,0.0,0.0,0.22131147540983606,0.040983606557377046,9.344262295081966
2023,12,20416,NK,10397,11618,ATL,EWR,61,0,0,0,61,0,9,1,-226.0,0.0,0.0,0.14754098360655737,0.01639344262295082,-3.7049180327868854
2023,12,20416,NK,10397,11697,ATL,FLL,152,0,0,0,152,0,63,22,4040.0,0.0,0.0,0.4144736842105263,0.14473684210526316,26.57894736842105
2023,12,20416,NK,10397,12266,ATL,IAH,61,0,0,0,61,0,21,8,967.0,0.0,0.0,0.3442622950819672,0.13114754098360656,15.852459016393443
2023,12,20416,NK,10397,12889,ATL,LAS,60,0,0,0,60,0,29,11,1565.0,0.0,0.0,0.48333333333333334,0.18333333333333332,26.083333333333332
2023,12,20416,NK,10397,12892,ATL,LAX,90,0,0,0,90,0,14,5,-579.0,0.0,0.0,0.15555555555555556,0.05555555555555555,-6.433333333333334
2023,12,20416,NK,10397,12953,ATL,LGA,31,0,0,0,31,0,0,0,-813.0,0.0,0.0,0.0,0.0,-26.225806451612904
2023,12,20416,NK,10397,13204,ATL,MCO,87,1,0,0,86,0,25,7,1091.0,0.011494252873563218,0.0,0.29069767441860467,0.08139534883720931,12.686046511627907
2023,12,20416,NK,10397,13303,ATL,MIA,40,0,0,0,40,0,10,5,334.0,0.0,0.0,0.25,0.125,8.35
2023,12,20416,NK,10397,13487,ATL,MSP,34,0,0,0,34,0,6,1,-38.0,0.0,0.0,0.17647058823529413,0.029411764705882353,-1.1176470588235294
2023,12,20416,NK,10397,13930,ATL,ORD,30,0,0,0,30,0,2,1,-133.0,0.0,0.0,0.06666666666666667,0.03333333333333333,-4.433333333333334
2023,12,20416,NK,10397,14100,ATL,PHL,31,0,0,0,31,0,7,2,168.0,0.0,0.0,0.22580645161290322,0.06451612903225806,5.419354838709677
2023,12,20416,NK,10397,14635,ATL,RSW,31,0,0,0,31,0,9,3,212.0,0.0,0.0,0.2903225806451613,0.0967741935483871,6.838709677419355
2023,12,20416,NK,10397,15304,ATL,TPA,28,0,0,0,28,0,10,5,830.0,0.0,0.0,0.35714285714285715,0.17857142857142858,29.642857142857142
2023,12,20416,NK,10721,10397,BOS,ATL,31,0,0,0,31,0,7,2,1.0,0.0,0.0,0.22580645161290322,0.06451612903225806,0.03225806451612903
2023,12,20416,NK,10721,11697,BOS,FLL,61,4,0,0,57,0,30,10,1710.0,0.06557377049180328,0.0,0.5263157894736842,0.17543859649122806,30.0
2023,12,20416,NK,10721,12889,BOS,LAS,30,0,0,0,30,0,3,1,-66.0,0.0,0.0,0.1,0.03333333333333333,-2.2
2023,12,20416,NK,10721,13204,BOS,MCO,124,4,0,0,120,0,50,16,2359.0,0.03225806451612903,0.0,0.4166666666666667,0.13333333333333333,19.658333333333335
2023,12,20416,NK,10721,13303,BOS,MIA,27,0,0,0,27,0,7,4,557.0,0.0,0.0,0.25925925925925924,0.14814814814814814,20.62962962962963
2023,12,20416,NK,10721,14635,BOS,RSW,31,0,0,0,31,0,8,5,460.0,0.0,0.0,0.25806451612903225,0.16129032258064516,14.838709677419354
2023,12,20416,NK,10721,15304,BOS,TPA,27,0,0,0,27,0,10,4,494.0,0.0,0.0,0.37037037037037035,0.14814814814814814,18.296296296296298
2023,12,20416,NK,10821,10397,BWI,ATL,38,0,0,0,38,0,9,0,59.0,0.0,0.0,0.23684210526315788,0.0,1.5526315789473684
2023,12,20416,NK,10821,11298,BWI,DFW,34,0,0,0,34,0,5,3,31.0,0.0,0.0,0.14705882352941177,0.08823529411764706,0.9117647058823529
2023,12,20416,NK,10821,11433,BWI,DTW,1,0,0,0,1,0,0,0,-7.0,0.0,0.0,0.0,0.0,-7.0
2023,12,20416,NK,10821,11697,BWI,FLL,91,2,0,0,89,0,21,8,445.0,0.02197802197802198,0.0,0.23595505617977527,0.0898876404494382,5.0
2023,12,20416,NK,10821,12266,BWI,IAH,30,0,0,0,30,0,5,4,124.0,0.0,0.0,0.16666666666666666,0.13333333333333333,4.133333333333334
2023,12,20416,NK,10821,12889,BWI,LAS,30,0,0,0,30,0,3,1,-514.0,0.0,0.0,0.1,0.03333333333333333,-17.133333333333333
2023,12,20416,NK,10821,12892,BWI,LAX,29,0,0,0,29,0,6,1,-184.0,0.0,0.0,0.20689655172413793,0.034482758620689655,-6.344827586206897
2023,12,20416,NK,10821,13204,BWI,MCO,121,0,0,0,121,0,25,9,853.0,0.0,0.0,0.2066115702479339,0.0743801652892562,7.049586776859504
2023,12,20416,NK,10821,13303,BWI,MIA,31,0,0,0,31,0,13,6,642.0,0.0,0.0,0.41935483870967744,0.1935483870967742,20.70967741935484
2023,12,20416,NK,10821,15304,BWI,TPA,34,0,0,0,34,0,5,3,433.0,0.0,0.0,0.14705882352941177,0.08823529411764706,12.735294117647058
2023,12,20416,NK,11292,11697,DEN,FLL,31,0,0,0,31,0,18,12,1460.0,0.0,0.0,0.5806451612903226,0.3870967741935484,47.096774193548384
2023,12,20416,NK,11292,12889,DEN,LAS,62,0,0,0,62,0,15,8,561.0,0.0,0.0,0.24193548387096775,0.12903225806451613,9.048387096774194
2023,12,20416,NK,11292,13303,DEN,MIA,31,0,0,0,31,0,7,4,378.0,0.0,0.0,0.22580645161290322,0.12903225806451613,12.193548387096774
2023,12,20416,NK,11298,10397,DFW,ATL,36,0,0,0,36,0,6,1,-164.0,0.0,0.0,0.16666666666666666,0.027777777777777776,-4.555555555555555
2023,12,20416,NK,11298,10821,DFW,BWI,34,0,0,0,34,0,12,2,468.0,0.0,0.0,0.35294117647058826,0.058823529411764705,13.764705882352942
2023,12,20416,NK,11298,11433,DFW,DTW,13,0,0,0,13,0,1,0,-76.0,0.0,0.0,0.07692307692307693,0.0,-5.846153846153846
2023,12,20416,NK,11298,11618,DFW,EWR,31,0,0,0,31,0,6,0,-119.0,0.0,0.0,0.1935483870967742,0.0,-3.838709677419355
2023,12,20416,NK,11298,11697,DFW,FLL,94,1,0,0,93,0,26,7,1105.0,0.010638297872340425,0.0,0.27956989247311825,0.07526881720430108,11.881720430107526
2023,12,20416,NK,11298,12889,DFW,LAS,89,0,0,0,89,0,19,6,578.0,0.0,0.0,0.21348314606741572,0.06741573033707865,6.49438202247191
2023,12,20416,NK,11298,12892,DFW,LAX,121,0,0,0,121,0,18,3,-802.0,0.0,0.0,0.1487603305785124,0.024793388429752067,-6.628099173553719
2023,12,20416,NK,11298,12953,DFW,LGA,31,0,0,0,31,0,9,2,276.0,0.0,0.0,0.2903225806451613,0.06451612903225806,8.903225806451612
2023,12,20416,NK,11298,13204,DFW,MCO,93,1,0,0,92,0,24,6,632.0,0.010752688172043012,0.0,0.2608695652173913,0.06521739130434782,6.869565217391305
2023,12,20416,NK,11298,13303,DFW,MIA,60,0,0,0,60,0,15,2,252.0,0.0,0.0,0.25,0.03333333333333333,4.2
2023,12,20416,NK,11298,13930,DFW,ORD,31,0,0,0,31,0,8,1,4.0,0.0,0.0,0.25806451612903225,0.03225806451612903,0.12903225806451613
2023,12,20416,NK,11298,14107,DFW,PHX,30,0,0,0,30,0,8,0,162.0,0.0,0.0,0.26666666666666666,0.0,5.4
2023,12,20416,NK,11298,15304,DFW,TPA,29,0,0,0,29,0,10,3,376.0,0.0,0.0,0.3448275862068966,0.10344827586206896,12.96551724137931
2023,12,20416,NK,11433,10397,DTW,ATL,122,0,0,0,122,0,21,6,159.0,0.0,0.0,0.1721311475409836,0.04918032786885246,1.3032786885245902
2023,12,20416,NK,11433,11298,DTW,DFW,13,0,0,0,13,0,1,1,-53.0,0.0,0.0,0.07692307692307693,0.07692307692307693,-4.076923076923077
2023,12,20416,NK,11433,11618,DTW,EWR,13,0,0,0,13,0,0,0,-271.0,0.0,0.0,0.0,0.0,-20.846153846153847
2023,12,20416,NK,11433,11697,DTW,FLL,92,0,0,0,92,0,23,5,204.0,0.0,0.0,0.25,0.05434782608695652,2.217391304347826
2023,12,20416,NK,11433,12266,DTW,IAH,30,0,0,0,30,0,5,0,-117.0,0.0,0.0,0.16666666666666666,0.0,-3.9
2023,12,20416,NK,11433,12889,DTW,LAS,45,0,0,0,45,0,7,3,-190.0,0.0,0.0,0.15555555555555556,0.06666666666666667,-4.222222222222222
2023,12,20416,NK,11433,12892,DTW,LAX,58,0,0,0,58,0,3,1,-1408.0,0.0,0.0,0.05172413793103448,0.017241379310344827,-24.275862068965516
2023,12,20416,NK,11433,12953,DTW,LGA,124,1,0,0,123,0,15,8,-615.0,0.008064516129032258,0.0,0.12195121951219512,0.06504065040650407,-5.0
2023,12,20416,NK,11433,13204,DTW,MCO,122,0,0,0,122,0,11,3,-1225.0,0.0,0.0,0.09016393442622951,0.02459016393442623,-10.040983606557377
2023,12,20416,NK,11433,13303,DTW,MIA,27,0,0,0,27,0,8,3,170.0,0.0,0.0,0.2962962962962963,0.1111111111111111,6.296296296296297
2023,12,20416,NK,11433,13487,DTW,MSP,27,0,0,0,27,0,1,1,-124.0,0.0,0.0,0.037037037037037035,0.037037037037037035,-4.592592592592593
2023,12,20416,NK,11433,14100,DTW,PHL,31,0,0,0,31,0,4,2,44.0,0.0,0.0,0.12903225806451613,0.06451612903225806,1.4193548387096775
2023,12,20416,NK,11433,14635,DTW,RSW,57,0,0,0,57,0,10,4,-117.0,0.0,0.0,0.17543859649122806,0.07017543859649122,-2.0526315789473686
2023,12,20416,NK,11433,15304,DTW,TPA,62,0,1,0,61,0,14,4,115.0,0.0,0.016129032258064516,0.22950819672131148,0.06557377049180328,1.8852459016393444
2023,12,20416,NK,11618,10397,EWR,ATL,61,0,0,0,61,0,10,6,-105.0,0.0,0.0,0.16393442622950818,0.09836065573770492,-1.721311475409836
2023,12,20416,NK,11618,11298,EWR,DFW,30,0,0,0,30,0,4,1,-327.0,0.0,0.0,0.13333333333333333,0.03333333333333333,-10.9
2023,12,20416,NK,11618,11433,EWR,DTW,13,0,0,0,13,0,0,0,-245.0,0.0,0.0,0.0,0.0,-18.846153846153847
2023,12,20416,NK,11618,11697,EWR,FLL,151,2,0,0,149,0,45,14,1492.0,0.013245033112582781,0.0,0.30201342281879195,0.09395973154362416,10.013422818791947
2023,12,20416,NK,11618,12266,EWR,IAH,31,0,0,0,31,0,9,3,73.0,0.0,0.0,0.2903225806451613,0.0967741935483871,2.3548387096774195
2023,12,20416,NK,11618,12889,EWR,LAS,30,1,0,0,29,0,4,2,-278.0,0.03333333333333333,0.0,0.13793103448275862,0.06896551724137931,-9.586206896551724
2023,12,20416,NK,11618,12892,EWR,LAX,52,0,0,0,52,0,11,3,-126.0,0.0,0.0,0.21153846153846154,0.057692307692307696,-2.423076923076923
2023,12,20416,NK,11618,13204,EWR,MCO,151,0,0,0,151,0,43,16,2457.0,0.0,0.0,0.2847682119205298,0.10596026490066225,16.271523178807946
2023,12,20416,NK,11618,13303,EWR,MIA,61,0,0,0,61,0,13,3,-34.0,0.0,0.0,0.21311475409836064,0.04918032786885246,-0.5573770491803278
2023,12,20416,NK,11618,13796,EWR,OAK,20,0,0,0,20,0,4,3,98.0,0.0,0.0,0.2,0.15,4.9
2023,12,20416,NK,11618,14107,EWR,PHX,60,1,0,0,59,0,10,5,-551.0,0.016666666666666666,0.0,0.1694915254237288,0.0847457627118644,-9.338983050847459
2023,12,20416,NK,11697,10397,FLL,ATL,152,0,0,0,152,0,72,33,4241.0,0.0,0.0,0.47368421052631576,0.21710526315789475,27.901315789473685
2023,12,20416,NK,11697,10721,FLL,BOS,61,4,0,0,57,0,29,14,1931.0,0.06557377049180328,0.0,0.5087719298245614,0.24561403508771928,33.87719298245614
2023,12,20416,NK,11697,10821,FLL,BWI,91,2,1,0,88,0,31,12,1492.0,0.02197802197802198,0.01098901098901099,0.3522727272727273,0.13636363636363635,16.954545454545453
2023,12,20416,NK,11697,11292,FLL,DEN,31,0,0,0,31,0,16,8,917.0,0.0,0.0,0.5161290322580645,0.25806451612903225,29.580645161290324
2023,12,20416,NK,11697,11298,FLL,DFW,94,1,0,0,93,0,42,18,2751.0,0.010638297872340425,0.0,0.45161290322580644,0.1935483870967742,29.580645161290324
2023,12,20416,NK,11697,11433,FLL,DTW,91,0,0,0,91,0,13,4,535.0,0.0,0.0,0.14285714285714285,0.04395604395604396,5.8791208791208796
2023,12,20416,NK,11697,11618,FLL,EWR,151,2,0,0,149,0,51,18,2279.0,0.013245033112582781,0.0,0.3422818791946309,0.12080536912751678,15.295302013422818
2023,12,20416,NK,11697,12266,FLL,IAH,91,0,0,0,91,0,43,10,2441.0,0.0,0.0,0.4725274725274725,0.10989010989010989,26.824175824175825
2023,12,20416,NK,11697,12889,FLL,LAS,29,0,0,0,29,0,15,6,818.0,0.0,0.0,0.5172413793103449,0.20689655172413793,28.20689655172414
2023,12,20416,NK,11697,12892,FLL,LAX,29,0,0,0,29,0,17,5,719.0,0.0,0.0,0.5862068965517241,0.1724137931034483,24.79310344827586
2023,12,20416,NK,11697,12953,FLL,LGA,124,0,1,0,123,0,40,13,1822.0,0.0,0.008064516129032258,0.3252032520325203,0.10569105691056911,14.8130081300813
2023,12,20416,NK,11697,13204,FLL,MCO,64,0,0,0,64,0,34,17,2142.0,0.0,0.0,0.53125,0.265625,33.46875
2023,12,20416,NK,11697,13930,FLL,ORD,121,0,0,0,121,0,56,19,2951.0,0.0,0.0,0.4628099173553719,0.15702479338842976,24.388429752066116
2023,12,20416,NK,11697,14100,FLL,PHL,92,0,0,0,92,0,38,12,1679.0,0.0,0.0,0.41304347826086957,0.13043478260869565,18.25
2023,12,20416,NK,11697,14107,FLL,PHX,26,0,1,0,25,0,10,5,557.0,0.0,0.038461538461538464,0.4,0.2,22.28
2023,12,20416,NK,11697,15304,FLL,TPA,59,0,0,0,59,0,21,7,1002.0,0.0,0.0,0.3559322033898305,0.11864406779661017,16.983050847457626
2023,12,20416,NK,12266,10397,IAH,ATL,61,0,0,0,61,0,20,9,1030.0,0.0,0.0,0.32786885245901637,0.14754098360655737,16.885245901639344
2023,12,20416,NK,12266,10821,IAH,BWI,30,0,0,0,30,0,7,3,242.0,0.0,0.0,0.23333333333333334,0.1,8.066666666666666
2023,12,20416,NK,12266,11433,IAH,DTW,30,0,0,0,30,0,5,3,139.0,0.0,0.0,0.16666666666666666,0.1,4.633333333333334
2023,12,20416,NK,12266,11618,IAH,EWR,31,0,0,0,31,0,7,2,-14.0,0.0,0.0,0.22580645161290322,0.06451612903225806,-0.45161290322580644
2023,12,20416,NK,12266,11697,IAH,FLL,92,0,0,0,92,0,35,13,1945.0,0.0,0.0,0.3804347826086957,0.14130434782608695,21.141304347826086
2023,12,20416,NK,12266,12889,IAH,LAS,72,0,0,0,72,0,11,6,393.0,0.0,0.0,0.1527777777777778,0.08333333333333333,5.458333333333333
2023,12,20416,NK,12266,12892,IAH,LAX,63,0,0,0,63,0,9,5,-83.0,0.0,0.0,0.14285714285714285,0.07936507936507936,-1.3174603174603174
2023,12,20416,NK,12266,12953,IAH,LGA,31,0,0,0,31,0,11,3,504.0,0.0,0.0,0.3548387096774194,0.0967741935483871,16.258064516129032
2023,12,20416,NK,12266,13204,IAH,MCO,94,0,0,0,94,0,20,7,369.0,0.0,0.0,0.2127659574468085,0.07446808510638298,3.925531914893617
2023,12,20416,NK,12266,13303,IAH,MIA,30,0,0,0,30,0,4,1,-14.0,0.0,0.0,0.13333333333333333,0.03333333333333333,-0.4666666666666667
2023,12,20416,NK,12266,13930,IAH,ORD,31,0,0,0,31,0,6,1,-27.0,0.0,0.0,0.1935483870967742,0.03225806451612903,-0.8709677419354839
2023,12,20416,NK,12266,14100,IAH,PHL,27,0,0,0,27,0,4,0,-9.0,0.0,0.0,0.14814814814814814,0.0,-0.3333333333333333
2023,12,20416,NK,12266,15304,IAH,TPA,30,0,0,0,30,0,3,1,-150.0,0.0,0.0,0.1,0.03333333333333333,-5.0
2023,12,20416,NK,12889,10397,LAS,ATL,60,0,0,0,60,0,10,1,127.0,0.0,0.0,0.16666666666666666,0.016666666666666666,2.1166666666666667
2023,12,20416,NK,12889,10721,LAS,BOS,29,0,0,0,29,0,4,1,-43.0,0.0,0.0,0.13793103448275862,0.034482758620689655,-1.4827586206896552
2023,12,20416,NK,12889,10821,LAS,BWI,30,0,0,0,30,0,2,1,15.0,0.0,0.0,0.06666666666666667,0.03333333333333333,0.5
2023,12,20416,NK,12889,11292,LAS,DEN,62,0,0,0,62,0,15,6,600.0,0.0,0.0,0.24193548387096775,0.0967741935483871,9.67741935483871
2023,12,20416,NK,12889,11298,LAS,DFW,88,0,0,0,88,0,15,3,166.0,0.0,0.0,0.17045454545454544,0.03409090909090909,1.8863636363636365
2023,12,20416,NK,12889,11433,LAS,DTW,45,0,1,0,44,0,11,0,83.0,0.0,0.022222222222222223,0.25,0.0,1.8863636363636365
2023,12,20416,NK,12889,11618,LAS,EWR,29,1,0,0,28,0,5,1,-90.0,0.034482758620689655,0.0,0.17857142857142858,0.03571428571428571,-3.2142857142857144
2023,12,20416,NK,12889,11697,LAS,FLL,29,0,0,0,29,0,14,3,575.0,0.0,0.0,0.4827586206896552,0.10344827586206896,19.82758620689655
2023,12,20416,NK,12889,12266,LAS,IAH,72,0,0,0,72,0,12,4,202.0,0.0,0.0,0.16666666666666666,0.05555555555555555,2.8055555555555554
2023,12,20416,NK,12889,12892,LAS,LAX,142,0,0,0,142,0,26,9,-184.0,0.0,0.0,0.18309859154929578,0.06338028169014084,-1.295774647887324
2023,12,20416,NK,12889,13204,LAS,MCO,29,0,0,0,29,0,11,3,601.0,0.0,0.0,0.3793103448275862,0.10344827586206896,20.724137931034484
2023,12,20416,NK,12889,13303,LAS,MIA,30,0,0,0,30,0,0,0,-304.0,0.0,0.0,0.0,0.0,-10.133333333333333
2023,12,20416,NK,12889,13487,LAS,MSP,28,0,0,0,28,0,7,1,243.0,0.0,0.0,0.25,0.03571428571428571,8.678571428571429
2023,12,20416,NK,12889,13796,LAS,OAK,98,0,1,0,97,0,15,6,76.0,0.0,0.01020408163265306,0.15463917525773196,0.061855670103092786,0.7835051546391752
2023,12,20416,NK,12889,13930,LAS,ORD,57,0,0,0,57,0,16,2,342.0,0.0,0.0,0.2807017543859649,0.03508771929824561,6.0
2023,12,20416,NK,12889,14100,LAS,PHL,26,0,0,0,26,0,3,0,-14.0,0.0,0.0,0.11538461538461539,0.0,-0.5384615384615384
2023,12,20416,NK,12889,14107,LAS,PHX,36,0,0,0,36,0,6,0,-42.0,0.0,0.0,0.16666666666666666,0.0,-1.1666666666666667
2023,12,20416,NK,12889,14679,LAS,SAN,121,0,0,0,121,0,17,9,-856.0,0.0,0.0,0.14049586776859505,0.0743801652892562,-7.074380165289257
2023,12,20416,NK,12889,14747,LAS,SEA,63,0,0,0,63,0,7,5,-44.0,0.0,0.0,0.1111111111111111,0.07936507936507936,-0.6984126984126984
2023,12,20416,NK,12889,14869,LAS,SLC,31,0,0,0,31,0,1,1,-59.0,0.0,0.0,0.03225806451612903,0.03225806451612903,-1.903225806451613
2023,12,20416,NK,12889,15304,LAS,TPA,30,0,0,0,30,0,1,0,-110.0,0.0,0.0,0.03333333333333333,0.0,-3.6666666666666665
2023,12,20416,NK,12892,10397,LAX,ATL,90,0,0,0,90,0,14,4,494.0,0.0,0.0,0.15555555555555556,0.044444444444444446,5.488888888888889
2023,12,20416,NK,12892,10821,LAX,BWI,29,0,0,0,29,0,13,1,265.0,0.0,0.0,0.4482758620689655,0.034482758620689655,9.137931034482758
2023,12,20416,NK,12892,11298,LAX,DFW,121,1,0,0,120,0,17,3,-526.0,0.008264462809917356,0.0,0.14166666666666666,0.025,-4.383333333333334
2023,12,20416,NK,12892,11433,LAX,DTW,57,0,0,0,57,0,25,8,1500.0,0.0,0.0,0.43859649122807015,0.14035087719298245,26.31578947368421
2023,12,20416,NK,12892,11618,LAX,EWR,51,0,0,0,51,0,11,2,272.0,0.0,0.0,0.21568627450980393,0.0392156862745098,5.333333333333333
2023,12,20416,NK,12892,11697,LAX,FLL,30,0,0,0,30,0,2,1,-120.0,0.0,0.0,0.06666666666666667,0.03333333333333333,-4.0
2023,12,20416,NK,12892,12266,LAX,IAH,63,0,0,0,63,0,12,1,-131.0,0.0,0.0,0.19047619047619047,0.015873015873015872,-2.0793650793650795
2023,12,20416,NK,12892,12889,LAX,LAS,142,0,0,0,142,0,24,5,-336.0,0.0,0.0,0.16901408450704225,0.035211267605633804,-2.3661971830985915
2023,12,20416,NK,12892,13796,LAX,OAK,31,0,0,0,31,0,5,2,86.0,0.0,0.0,0.16129032258064516,0.06451612903225806,2.774193548387097
2023,12,20416,NK,12892,13930,LAX,ORD,60,0,0,0,60,0,10,0,-217.0,0.0,0.0,0.16666666666666666,0.0,-3.6166666666666667
2023,12,20416,NK,12892,14100,LAX,PHL,26,0,0,0,26,0,9,1,277.0,0.0,0.0,0.34615384615384615,0.038461538461538464,10.653846153846153
2023,12,20416,NK,12892,14869,LAX,SLC,49,0,0,0,49,0,8,4,454.0,0.0,0.0,0.16326530612244897,0.08163265306122448,9.26530612244898
2023,12,20416,NK,12953,10397,LGA,ATL,31,0,0,0,31,0,2,0,-439.0,0.0,0.0,0.06451612903225806,0.0,-14.161290322580646
2023,12,20416,NK,12953,11298,LGA,DFW,31,0,0,0,31,0,2,1,-328.0,0.0,0.0,0.06451612903225806,0.03225806451612903,-10.580645161290322
2023,12,20416,NK,12953,11433,LGA,DTW,124,1,0,0,123,0,14,7,-1332.0,0.008064516129032258,0.0,0.11382113821138211,0.056910569105691054,-10.829268292682928
2023,12,20416,NK,12953,11697,LGA,FLL,124,0,0,0,124,0,41,8,1090.0,0.0,0.0,0.33064516129032256,0.06451612903225806,8.790322580645162
2023,12,20416,NK,12953,12266,LGA,IAH,31,0,1,0,30,0,14,4,527.0,0.0,0.03225806451612903,0.4666666666666667,0.13333333333333333,17.566666666666666
2023,12,20416,NK,12953,13204,LGA,MCO,93,0,0,0,93,0,29,13,1074.0,0.0,0.0,0.3118279569892473,0.13978494623655913,11.548387096774194
2023,12,20416,NK,12953,13303,LGA,MIA,62,0,0,0,62,0,22,8,621.0,0.0,0.0,0.3548387096774194,0.12903225806451613,10.016129032258064
2023,12,20416,NK,12953,13930,LGA,ORD,31,1,0,0,30,0,5,1,-10.0,0.03225806451612903,0.0,0.16666666666666666,0.03333333333333333,-0.3333333333333333
2023,12,20416,NK,13204,10397,MCO,ATL,87,1,0,0,86,0,32,7,1159.0,0.011494252873563218,0.0,0.37209302325581395,0.08139534883720931,13.476744186046512
2023,12,20416,NK,13204,10721,MCO,BOS,124,3,2,0,119,0,28,9,869.0,0.024193548387096774,0.016129032258064516,0.23529411764705882,0.07563025210084033,7.302521008403361
2023,12,20416,NK,13204,10821,MCO,BWI,121,0,1,0,120,0,39,12,1705.0,0.0,0.008264462809917356,0.325,0.1,14.208333333333334
2023,12,20416,NK,13204,11298,MCO,DFW,94,1,0,0,93,0,40,14,2007.0,0.010638297872340425,0.0,0.43010752688172044,0.15053763440860216,21.580645161290324
2023,12,20416,NK,13204,11433,MCO,DTW,122,0,0,0,122,0,34,11,961.0,0.0,0.0,0.2786885245901639,0.09016393442622951,7.877049180327869
2023,12,20416,NK,13204,11618,MCO,EWR,153,0,0,0,153,0,33,15,1463.0,0.0,0.0,0.21568627450980393,0.09803921568627451,9.562091503267974
2023,12,20416,NK,13204,11697,MCO,FLL,64,0,0,0,64,0,18,4,695.0,0.0,0.0,0.28125,0.0625,10.859375
2023,12,20416,NK,13204,12266,MCO,IAH,95,0,0,0,95,0,21,10,1051.0,0.0,0.0,0.22105263157894736,0.10526315789473684,11.063157894736841
2023,12,20416,NK,13204,12889,MCO,LAS,29,0,0,0,29,0,13,2,384.0,0.0,0.0,0.4482758620689655,0.06896551724137931,13.241379310344827
2023,12,20416,NK,13204,12953,MCO,LGA,93,0,0,0,93,0,11,4,90.0,0.0,0.0,0.11827956989247312,0.043010752688172046,0.967741935483871
2023,12,20416,NK,13204,13930,MCO,ORD,64,0,0,0,64,0,26,8,1314.0,0.0,0.0,0.40625,0.125,20.53125
2023,12,20416,NK,13204,14100,MCO,PHL,91,1,0,0,90,0,14,1,-357.0,0.01098901098901099,0.0,0.15555555555555556,0.011111111111111112,-3.966666666666667
2023,12,20416,NK,13204,14869,MCO,SLC,31,0,0,0,31,0,11,1,237.0,0.0,0.0,0.3548387096774194,0.03225806451612903,7.645161290322581
2023,12,20416,NK,13204,15016,MCO,STL,31,1,0,0,30,0,11,6,827.0,0.03225806451612903,0.0,0.36666666666666664,0.2,27.566666666666666
2023,12,20416,NK,13303,10397,MIA,ATL,40,0,0,0,40,0,4,1,4.0,0.0,0.0,0.1,0.025,0.1
2023,12,20416,NK,13303,10721,MIA,BOS,27,1,1,0,25,0,6,3,201.0,0.037037037037037035,0.037037037037037035,0.24,0.12,8.04
2023,12,20416,NK,13303,10821,MIA,BWI,31,0,0,0,31,0,3,2,0.0,0.0,0.0,0.0967741935483871,0.06451612903225806,0.0
2023,12,20416,NK,13303,11292,MIA,DEN,31,0,0,0,31,0,1,0,-362.0,0.0,0.0,0.03225806451612903,0.0,-11.67741935483871
2023,12,20416,NK,13303,11298,MIA,DFW,59,0,0,0,59,0,17,5,753.0,0.0,0.0,0.288135593220339,0.0847457627118644,12.76271186440678
2023,12,20416,NK,13303,11433,MIA,DTW,28,0,0,0,28,0,8,4,258.0,0.0,0.0,0.2857142857142857,0.14285714285714285,9.214285714285714
2023,12,20416,NK,13303,11618,MIA,EWR,61,0,0,0,61,0,10,3,-315.0,0.0,0.0,0.16393442622950818,0.04918032786885246,-5.163934426229508
2023,12,20416,NK,13303,12266,MIA,IAH,30,0,0,0,30,0,6,2,9.0,0.0,0.0,0.2,0.06666666666666667,0.3
2023,12,20416,NK,13303,12889,MIA,LAS,30,0,0,0,30,0,4,0,-230.0,0.0,0.0,0.13333333333333333,0.0,-7.666666666666667
2023,12,20416,NK,13303,12953,MIA,LGA,62,0,0,0,62,0,17,8,534.0,0.0,0.0,0.27419354838709675,0.12903225806451613,8.612903225806452
2023,12,20416,NK,13303,13487,MIA,MSP,28,0,0,0,28,0,14,2,622.0,0.0,0.0,0.5,0.07142857142857142,22.214285714285715
2023,12,20416,NK,13303,13930,MIA,ORD,61,0,0,0,61,0,17,4,240.0,0.0,0.0,0.2786885245901639,0.06557377049180328,3.9344262295081966
2023,12,20416,NK,13303,14100,MIA,PHL,30,1,0,0,29,0,9,6,589.0,0.03333333333333333,0.0,0.3103448275862069,0.20689655172413793,20.310344827586206
2023,12,20416,NK,13487,10397,MSP,ATL,34,1,0,0,33,0,10,3,521.0,0.029411764705882353,0.0,0.30303030303030304,0.09090909090909091,15.787878787878787
2023,12,20416,NK,13487,11433,MSP,DTW,27,0,0,0,27,0,4,3,55.0,0.0,0.0,0.14814814814814814,0.1111111111111111,2.037037037037037
2023,12,20416,NK,13487,12889,MSP,LAS,28,0,0,0,28,0,4,1,-388.0,0.0,0.0,0.14285714285714285,0.03571428571428571,-13.857142857142858
2023,12,20416,NK,13487,13303,MSP,MIA,28,0,0,0,28,0,11,2,229.0,0.0,0.0,0.39285714285714285,0.07142857142857142,8.178571428571429
2023,12,20416,NK,13796,11618,OAK,EWR,20,0,0,0,20,0,4,1,-104.0,0.0,0.0,0.2,0.05,-5.2
2023,12,20416,NK,13796,12889,OAK,LAS,99,1,0,0,98,0,23,9,982.0,0.010101010101010102,0.0,0.23469387755102042,0.09183673469387756,10.020408163265307
2023,12,20416,NK,13796,12892,OAK,LAX,31,0,0,0,31,0,3,1,-80.0,0.0,0.0,0.0967741935483871,0.03225806451612903,-2.5806451612903225
2023,12,20416,NK,13796,14679,OAK,SAN,22,0,0,0,22,0,4,1,114.0,0.0,0.0,0.18181818181818182,0.045454545454545456,5.181818181818182
2023,12,20416,NK,13930,10397,ORD,ATL,30,0,0,0,30,0,6,2,3.0,0.0,0.0,0.2,0.06666666666666667,0.1
2023,12,20416,NK,13930,11298,ORD,DFW,31,0,0,0,31,0,11,0,279.0,0.0,0.0,0.3548387096774194,0.0,9.0
2023,12,20416,NK,13930,11697,ORD,FLL,122,0,0,0,122,0,32,11,1045.0,0.0,0.0,0.26229508196721313,0.09016393442622951,8.565573770491802
2023,12,20416,NK,13930,12266,ORD,IAH,31,0,0,0,31,0,2,2,-184.0,0.0,0.0,0.06451612903225806,0.06451612903225806,-5.935483870967742
2023,12,20416,NK,13930,12889,ORD,LAS,57,0,0,0,57,0,10,3,427.0,0.0,0.0,0.17543859649122806,0.05263157894736842,7.491228070175438
2023,12,20416,NK,13930,12892,ORD,LAX,60,0,0,0,60,0,8,5,-714.0,0.0,0.0,0.13333333333333333,0.08333333333333333,-11.9
2023,12,20416,NK,13930,12953,ORD,LGA,31,1,0,0,30,0,10,2,192.0,0.03225806451612903,0.0,0.3333333333333333,0.06666666666666667,6.4
2023,12,20416,NK,13930,13204,ORD,MCO,64,0,0,0,64,0,11,2,-66.0,0.0,0.0,0.171875,0.03125,-1.03125
2023,12,20416,NK,13930,13303,ORD,MIA,61,0,0,0,61,0,15,5,351.0,0.0,0.0,0.2459016393442623,0.08196721311475409,5.754098360655738
2023,12,20416,NK,13930,14107,ORD,PHX,30,0,0,0,30,0,9,4,24.0,0.0,0.0,0.3,0.13333333333333333,0.8
2023,12,20416,NK,13930,14635,ORD,RSW,61,0,0,0,61,0,12,7,319.0,0.0,0.0,0.19672131147540983,0.11475409836065574,5.229508196721311
2023,12,20416,NK,13930,15304,ORD,TPA,60,0,0,0,60,0,26,6,887.0,0.0,0.0,0.43333333333333335,0.1,14.783333333333333
2023,12,20416,NK,14100,10397,PHL,ATL,31,0,0,0,31,0,3,2,-16.0,0.0,0.0,0.0967741935483871,0.06451612903225806,-0.5161290322580645
2023,12,20416,NK,14100,11433,PHL,DTW,31,0,0,0,31,0,6,2,164.0,0.0,0.0,0.1935483870967742,0.06451612903225806,5.290322580645161
2023,12,20416,NK,14100,11697,PHL,FLL,93,0,0,0,93,0,20,7,428.0,0.0,0.0,0.21505376344086022,0.07526881720430108,4.602150537634409
2023,12,20416,NK,14100,12266,PHL,IAH,27,0,1,0,26,0,8,2,284.0,0.0,0.037037037037037035,0.3076923076923077,0.07692307692307693,10.923076923076923
2023,12,20416,NK,14100,12889,PHL,LAS,26,0,0,0,26,0,4,1,-380.0,0.0,0.0,0.15384615384615385,0.038461538461538464,-14.615384615384615
2023,12,20416,NK,14100,12892,PHL,LAX,26,0,0,0,26,0,2,0,-349.0,0.0,0.0,0.07692307692307693,0.0,-13.423076923076923
2023,12,20416,NK,14100,13204,PHL,MCO,91,1,0,0,90,0,18,3,-91.0,0.01098901098901099,0.0,0.2,0.03333333333333333,-1.011111111111111
2023,12,20416,NK,14100,13303,PHL,MIA,30,0,0,0,30,0,5,0,-76.0,0.0,0.0,0.16666666666666666,0.0,-2.533333333333333
2023,12,20416,NK,14100,14635,PHL,RSW,13,0,0,0,13,0,4,2,265.0,0.0,0.0,0.3076923076923077,0.15384615384615385,20.384615384615383
2023,12,20416,NK,14100,15304,PHL,TPA,31,0,0,0,31,0,12,5,577.0,0.0,0.0,0.3870967741935484,0.16129032258064516,18.612903225806452
2023,12,20416,NK,14107,11298,PHX,DFW,30,0,0,0,30,0,7,2,412.0,0.0,0.0,0.23333333333333334,0.06666666666666667,13.733333333333333
2023,12,20416,NK,14107,11618,PHX,EWR,60,1,0,0,59,0,13,5,497.0,0.016666666666666666,0.0,0.22033898305084745,0.0847457627118644,8.423728813559322
2023,12,20416,NK,14107,11697,PHX,FLL,26,0,0,0,26,0,12,3,645.0,0.0,0.0,0.46153846153846156,0.11538461538461539,24.807692307692307
2023,12,20416,NK,14107,12889,PHX,LAS,36,0,0,0,36,0,9,2,150.0,0.0,0.0,0.25,0.05555555555555555,4.166666666666667
2023,12,20416,NK,14107,13930,PHX,ORD,30,0,0,0,30,0,11,0,215.0,0.0,0.0,0.36666666666666664,0.0,7.166666666666667
2023,12,20416,NK,14635,10397,RSW,ATL,31,0,0,0,31,0,9,3,245.0,0.0,0.0,0.2903225806451613,0.0967741935483871,7.903225806451613
2023,12,20416,NK,14635,10721,RSW,BOS,31,1,0,0,30,0,9,4,226.0,0.03225806451612903,0.0,0.3,0.13333333333333333,7.533333333333333
2023,12,20416,NK,14635,11433,RSW,DTW,57,0,0,0,57,0,9,3,-113.0,0.0,0.0,0.15789473684210525,0.05263157894736842,-1.9824561403508771
2023,12,20416,NK,14635,12266,RSW,IAH,1,0,0,0,1,0,0,0,-44.0,0.0,0.0,0.0,0.0,-44.0
2023,12,20416,NK,14635,13930,RSW,ORD,61,0,0,0,61,0,9,6,65.0,0.0,0.0,0.14754098360655737,0.09836065573770492,1.0655737704918034
2023,12,20416,NK,14635,14100,RSW,PHL,13,0,0,0,13,0,2,1,-45.0,0.0,0.0,0.15384615384615385,0.07692307692307693,-3.4615384615384617
2023,12,20416,NK,14679,12889,SAN,LAS,122,0,0,0,122,0,18,3,-685.0,0.0,0.0,0.14754098360655737,0.02459016393442623,-5.614754098360656
2023,12,20416,NK,14679,13796,SAN,OAK,22,0,0,0,22,0,4,1,34.0,0.0,0.0,0.18181818181818182,0.045454545454545456,1.5454545454545454
2023,12,20416,NK,14747,12889,SEA,LAS,63,0,0,0,63,0,8,4,-211.0,0.0,0.0,0.12698412698412698,0.06349206349206349,-3.3492063492063493
2023,12,20416,NK,14869,12889,SLC,LAS,31,0,0,0,31,0,8,4,302.0,0.0,0.0,0.25806451612903225,0.12903225806451613,9.741935483870968
2023,12,20416,NK,14869,12892,SLC,LAX,49,0,0,0,49,0,9,2,45.0,0.0,0.0,0.1836734693877551,0.04081632653061224,0.9183673469387755
2023,12,20416,NK,14869,13204,SLC,MCO,31,0,0,0,31,0,1,1,-550.0,0.0,0.0,0.03225806451612903,0.03225806451612903,-17.741935483870968
2023,12,20416,NK,15016,13204,STL,MCO,31,1,0,0,30,0,11,7,814.0,0.03225806451612903,0.0,0.36666666666666664,0.23333333333333334,27.133333333333333
2023,12,20416,NK,15304,10397,TPA,ATL,28,0,0,0,28,0,6,1,81.0,0.0,0.0,0.21428571428571427,0.03571428571428571,2.892857142857143
2023,12,20416,NK,15304,10721,TPA,BOS,27,0,0,0,27,0,7,3,297.0,0.0,0.0,0.25925925925925924,0.1111111111111111,11.0
2023,12,20416,NK,15304,10821,TPA,BWI,35,0,0,0,35,0,6,3,176.0,0.0,0.0,0.17142857142857143,0.08571428571428572,5.0285714285714285
2023,12,20416,NK,15304,11298,TPA,DFW,29,0,0,0,29,0,11,1,272.0,0.0,0.0,0.3793103448275862,0.034482758620689655,9.379310344827585
2023,12,20416,NK,15304,11433,TPA,DTW,62,0,0,0,62,0,6,3,-270.0,0.0,0.0,0.0967741935483871,0.04838709677419355,-4.354838709677419
2023,12,20416,NK,15304,11697,TPA,FLL,59,0,0,0,59,0,19,6,846.0,0.0,0.0,0.3220338983050847,0.1016949152542373,14.338983050847459
2023,12,20416,NK,15304,12266,TPA,IAH,30,0,0,0,30,0,6,3,-23.0,0.0,0.0,0.2,0.1,-0.7666666666666667
2023,12,20416,NK,15304,12889,TPA,LAS,30,0,1,0,29,0,2,1,-335.0,0.0,0.03333333333333333,0.06896551724137931,0.034482758620689655,-11.551724137931034
2023,12,20416,NK,15304,13930,TPA,ORD,60,0,0,0,60,0,6,0,-619.0,0.0,0.0,0.1,0.0,-10.316666666666666
2023,12,20416,NK,15304,14100,TPA,PHL,31,0,0,0,31,0,7,3,307.0,0.0,0.0,0.22580645161290322,0.0967741935483871,9.903225806451612
2023,12,20436,F9,10397,10821,ATL,BWI,45,0,0,0,45,0,9,4,149.0,0.0,0.0,0.2,0.08888888888888889,3.311111111111111
2023,12,20436,F9,10397,11292,ATL,DEN,62,0,0,0,62,0,17,4,825.0,0.0,0.0,0.27419354838709675,0.06451612903225806,13.306451612903226
2023,12,20436,F9,10397,11298,ATL,DFW,30,0,0,0,30,0,9,2,288.0,0.0,0.0,0.3,0.06666666666666667,9.6
2023,12,20436,F9,10397,11433,ATL,DTW,31,0,0,0,31,0,2,1,-197.0,0.0,0.0,0.06451612903225806,0.03225806451612903,-6.354838709677419
2023,12,20436,F9,10397,11697,ATL,FLL,38,0,0,0,38,0,15,9,1253.0,0.0,0.0,0.39473684210526316,0.23684210526315788,32.973684210526315
2023,12,20436,F9,10397,12266,ATL,IAH,17,0,0,0,17,0,7,1,389.0,0.0,0.0,0.4117647058823529,0.058823529411764705,22.88235294117647
2023,12,20436,F9,10397,12889,ATL,LAS,30,0,0,0,30,0,6,3,-116.0,0.0,0.0,0.2,0.1,-3.8666666666666667
2023,12,20436,F9,10397,12953,ATL,LGA,30,0,0,0,30,0,3,1,-131.0,0.0,0.0,0.1,0.03333333333333333,-4.366666666666666
2023,12,20436,F9,10397,13204,ATL,MCO,93,0,0,0,93,0,21,11,1865.0,0.0,0.0,0.22580645161290322,0.11827956989247312,20.053763440860216
2023,12,20436,F9,10397,13232,ATL,MDW,31,1,0,0,30,0,8,2,300.0,0.03225806451612903,0.0,0.26666666666666666,0.06666666666666667,10.0
2023,12,20436,F9,10397,13303,ATL,MIA,62,1,0,0,61,0,18,5,665.0,0.016129032258064516,0.0,0.29508196721311475,0.08196721311475409,10.901639344262295
2023,12,20436,F9,10397,13930,ATL,ORD,31,0,0,0,31,0,6,1,-39.0,0.0,0.0,0.1935483870967742,0.03225806451612903,-1.2580645161290323
2023,12,20436,F9,10397,14100,ATL,PHL,65,0,0,0,65,0,17,5,843.0,0.0,0.0,0.26153846153846155,0.07692307692307693,12.96923076923077
2023,12,20436,F9,10397,14107,ATL,PHX,31,0,0,0,31,0,17,4,585.0,0.0,0.0,0.5483870967741935,0.12903225806451613,18.870967741935484
2023,12,20436,F9,10397,14679,ATL,SAN,31,0,0,0,31,0,13,2,537.0,0.0,0.0,0.41935483870967744,0.06451612903225806,17.322580645161292
2023,12,20436,F9,10397,14771,ATL,SFO,31,0,0,0,31,0,8,5,322.0,0.0,0.0,0.25806451612903225,0.16129032258064516,10.387096774193548
2023,12,20436,F9,10397,15304,ATL,TPA,56,1,0,0,55,0,18,9,1424.0,0.017857142857142856,0.0,0.32727272727272727,0.16363636363636364,25.89090909090909
2023,12,20436,F9,10721,13204,BOS,MCO,25,0,0,0,25,0,9,2,286.0,0.0,0.0,0.36,0.08,11.44
2023,12,20436,F9,10721,14100,BOS,PHL,13,0,0,0,13,0,5,1,94.0,0.0,0.0,0.38461538461538464,0.07692307692307693,7.230769230769231
2023,12,20436,F9,10821,10397,BWI,ATL,45,0,0,0,45,0,7,5,300.0,0.0,0.0,0.15555555555555556,0.1111111111111111,6.666666666666667
2023,12,20436,F9,10821,11292,BWI,DEN,11,0,0,0,11,0,0,0,-284.0,0.0,0.0,0.0,0.0,-25.818181818181817
2023,12,20436,F9,10821,11298,BWI,DFW,16,0,0,0,16,0,3,0,-67.0,0.0,0.0,0.1875,0.0,-4.1875
2023,12,20436,F9,10821,13204,BWI,MCO,75,0,0,0,75,0,16,6,298.0,0.0,0.0,0.21333333333333335,0.08,3.973333333333333
2023,12,20436,F9,10821,13303,BWI,MIA,31,1,0,0,30,0,10,4,1332.0,0.03225806451612903,0.0,0.3333333333333333,0.13333333333333333,44.4
2023,12,20436,F9,10821,14107,BWI,PHX,17,0,0,0,17,0,5,3,1100.0,0.0,0.0,0.29411764705882354,0.17647058823529413,64.70588235294117
2023,12,20436,F9,10821,15304,BWI,TPA,31,0,0,0,31,0,5,4,282.0,0.0,0.0,0.16129032258064516,0.12903225806451613,9.096774193548388
2023,12,20436,F9,11278,11292,DCA,DEN,93,0,0,0,93,0,7,1,-2337.0,0.0,0.0,0.07526881720430108,0.010752688172043012,-25.129032258064516
2023,12,20436,F9,11292,10397,DEN,ATL,62,0,0,0,62,0,26,4,1179.0,0.0,0.0,0.41935483870967744,0.06451612903225806,19.016129032258064
2023,12,20436,F9,11292,10821,DEN,BWI,11,0,0,0,11,0,4,0,92.0,0.0,0.0,0.36363636363636365,0.0,8.363636363636363
2023,12,20436,F9,11292,11278,DEN,DCA,93,0,0,0,93,0,9,1,6.0,0.0,0.0,0.0967741935483871,0.010752688172043012,0.06451612903225806
2023,12,20436,F9,11292,11298,DEN,DFW,97,0,0,0,97,0,19,4,131.0,0.0,0.0,0.1958762886597938,0.041237113402061855,1.3505154639175259
2023,12,20436,F9,11292,11433,DEN,DTW,9,0,0,0,9,0,3,0,125.0,0.0,0.0,0.3333333333333333,0.0,13.88888888888889
2023,12,20436,F9,11292,12266,DEN,IAH,31,0,0,0,31,0,4,2,287.0,0.0,0.0,0.12903225806451613,0.06451612903225806,9.258064516129032
2023,12,20436,F9,11292,12889,DEN,LAS,140,0,0,0,140,0,34,5,-595.0,0.0,0.0,0.24285714285714285,0.03571428571428571,-4.25
2023,12,20436,F9,11292,13204,DEN,MCO,91,0,0,0,91,0,19,4,-22.0,0.0,0.0,0.2087912087912088,0.04395604395604396,-0.24175824175824176
2023,12,20436,F9,11292,13232,DEN,MDW,31,1,0,0,30,0,10,3,449.0,0.03225806451612903,0.0,0.3333333333333333,0.1,14.966666666666667
2023,12,20436,F9,11292,13303,DEN,MIA,31,0,0,0,31,0,8,1,190.0,0.0,0.0,0.25806451612903225,0.03225806451612903,6.129032258064516
2023,12,20436,F9,11292,13487,DEN,MSP,38,0,0,0,38,0,3,0,-218.0,0.0,0.0,0.07894736842105263,0.0,-5.7368421052631575
2023,12,20436,F9,11292,14100,DEN,PHL,31,0,0,0,31,0,12,2,589.0,0.0,0.0,0.3870967741935484,0.06451612903225806,19.0
2023,12,20436,F9,11292,14107,DEN,PHX,130,0,0,0,130,0,21,7,87.0,0.0,0.0,0.16153846153846155,0.05384615384615385,0.6692307692307692
2023,12,20436,F9,11292,14635,DEN,RSW,18,0,0,0,18,0,3,0,-60.0,0.0,0.0,0.16666666666666666,0.0,-3.3333333333333335
2023,12,20436,F9,11292,14679,DEN,SAN,62,0,0,0,62,0,6,3,-610.0,0.0,0.0,0.0967741935483871,0.04838709677419355,-9.838709677419354
2023,12,20436,F9,11292,14747,DEN,SEA,30,0,0,0,30,0,6,1,-64.0,0.0,0.0,0.2,0.03333333333333333,-2.1333333333333333
2023,12,20436,F9,11292,14771,DEN,SFO,61,0,0,0,61,0,7,2,-735.0,0.0,0.0,0.11475409836065574,0.03278688524590164,-12.049180327868852
2023,12,20436,F9,11292,14869,DEN,SLC,66,0,0,0,66,0,12,4,192.0,0.0,0.0,0.18181818181818182,0.06060606060606061,2.909090909090909
2023,12,20436,F9,11292,15016,DEN,STL,31,0,0,0,31,0,2,0,-106.0,0.0,0.0,0.06451612903225806,0.0,-3.4193548387096775
2023,12,20436,F9,11292,15304,DEN,TPA,62,0,0,0,62,0,22,8,1122.0,0.0,0.0,0.3548387096774194,0.12903225806451613,18.096774193548388
2023,12,20436,F9,11298,10397,DFW,ATL,30,0,0,0,30,0,13,4,573.0,0.0,0.0,0.43333333333333335,0.13333333333333333,19.1
2023,12,20436,F9,11298,10821,DFW,BWI,16,0,0,0,16,0,2,1,57.0,0.0,0.0,0.125,0.0625,3.5625
2023,12,20436,F9,11298,11292,DFW,DEN,97,0,0,0,97,0,14,5,-365.0,0.0,0.0,0.14432989690721648,0.05154639175257732,-3.7628865979381443
2023,12,20436,F9,11298,12889,DFW,LAS,62,0,0,0,62,0,5,1,-383.0,0.0,0.0,0.08064516129032258,0.016129032258064516,-6.17741935483871
2023,12,20436,F9,11298,12953,DFW,LGA,31,0,0,0,31,0,4,4,265.0,0.0,0.0,0.12903225806451613,0.12903225806451613,8.548387096774194
2023,12,20436,F9,11298,13204,DFW,MCO,62,0,0,0,62,0,13,10,1241.0,0.0,0.0,0.20967741935483872,0.16129032258064516,20.016129032258064
2023,12,20436,F9,11298,13232,DFW,MDW,37,0,0,0,37,0,12,5,780.0,0.0,0.0,0.32432432432432434,0.13513513513513514,21.08108108108108
2023,12,20436,F9,11298,13303,DFW,MIA,20,0,0,0,20,0,4,2,251.0,0.0,0.0,0.2,0.1,12.55
2023,12,20436,F9,11298,14100,DFW,PHL,17,0,0,0,17,0,1,0,-73.0,0.0,0.0,0.058823529411764705,0.0,-4.294117647058823
2023,12,20436,F9,11298,14107,DFW,PHX,31,0,0,0,31,0,7,0,-64.0,0.0,0.0,0.22580645161290322,0.0,-2.064516129032258
2023,12,20436,F9,11298,14679,DFW,SAN,35,0,0,0,35,0,3,1,-484.0,0.0,0.0,0.08571428571428572,0.02857142857142857,-13.82857142857143
2023,12,20436,F9,11298,14771,DFW,SFO,31,0,0,0,31,0,5,0,-338.0,0.0,0.0,0.16129032258064516,0.0,-10.903225806451612
2023,12,20436,F9,11298,15304,DFW,TPA,18,0,1,0,17,0,2,1,-34.0,0.0,0.05555555555555555,0.11764705882352941,0.058823529411764705,-2.0
2023,12,20436,F9,11433,10397,DTW,ATL,31,0,0,0,31,0,9,1,144.0,0.0,0.0,0.2903225806451613,0.03225806451612903,4.645161290322581
2023,12,20436,F9,11433,11292,DTW,DEN,9,0,0,0,9,0,0,0,-249.0,0.0,0.0,0.0,0.0,-27.666666666666668
2023,12,20436,F9,11433,13204,DTW,MCO,62,0,0,0,62,0,13,7,1189.0,0.0,0.0,0.20967741935483872,0.11290322580645161,19.177419354838708
2023,12,20436,F9,11433,14107,DTW,PHX,31,0,0,0,31,0,8,3,150.0,0.0,0.0,0.25806451612903225,0.0967741935483871,4.838709677419355
2023,12,20436,F9,11433,14635,DTW,RSW,13,0,1,0,12,0,4,2,612.0,0.0,0.07692307692307693,0.3333333333333333,0.16666666666666666,51.0
2023,12,20436,F9,11433,14771,DTW,SFO,17,0,0,0,17,0,7,2,390.0,0.0,0.0,0.4117647058823529,0.11764705882352941,22.941176470588236
2023,12,20436,F9,11433,15304,DTW,TPA,28,0,0,0,28,0,10,5,655.0,0.0,0.0,0.35714285714285715,0.17857142857142858,23.392857142857142
2023,12,20436,F9,11697,10397,FLL,ATL,38,0,0,0,38,0,16,5,1408.0,0.0,0.0,0.42105263157894735,0.13157894736842105,37.05263157894737
2023,12,20436,F9,11697,14100,FLL,PHL,31,0,0,0,31,0,14,2,661.0,0.0,0.0,0.45161290322580644,0.06451612903225806,21.322580645161292
2023,12,20436,F9,12266,10397,IAH,ATL,17,0,0,0,17,0,6,3,462.0,0.0,0.0,0.35294117647058826,0.17647058823529413,27.176470588235293
2023,12,20436,F9,12266,11292,IAH,DEN,31,0,0,0,31,0,5,3,437.0,0.0,0.0,0.16129032258064516,0.0967741935483871,14.096774193548388
2023,12,20436,F9,12266,12889,IAH,LAS,7,0,0,0,7,0,0,0,-214.0,0.0,0.0,0.0,0.0,-30.571428571428573
2023,12,20436,F9,12266,13204,IAH,MCO,62,0,0,0,62,0,11,6,907.0,0.0,0.0,0.1774193548387097,0.0967741935483871,14.629032258064516
2023,12,20436,F9,12266,14107,IAH,PHX,20,0,0,0,20,0,3,1,339.0,0.0,0.0,0.15,0.05,16.95
2023,12,20436,F9,12889,10397,LAS,ATL,31,0,0,0,31,0,6,2,457.0,0.0,0.0,0.1935483870967742,0.06451612903225806,14.741935483870968
2023,12,20436,F9,12889,11292,LAS,DEN,140,0,0,0,140,0,40,11,1139.0,0.0,0.0,0.2857142857142857,0.07857142857142857,8.135714285714286
2023,12,20436,F9,12889,11298,LAS,DFW,62,0,0,0,62,0,5,1,-122.0,0.0,0.0,0.08064516129032258,0.016129032258064516,-1.967741935483871
2023,12,20436,F9,12889,12266,LAS,IAH,7,0,0,0,7,0,0,0,-49.0,0.0,0.0,0.0,0.0,-7.0
2023,12,20436,F9,12889,13204,LAS,MCO,31,0,0,0,31,0,5,1,-82.0,0.0,0.0,0.16129032258064516,0.03225806451612903,-2.6451612903225805
2023,12,20436,F9,12889,13232,LAS,MDW,31,0,0,0,31,0,7,2,972.0,0.0,0.0,0.22580645161290322,0.06451612903225806,31.35483870967742
2023,12,20436,F9,12889,14107,LAS,PHX,73,0,0,0,73,0,10,4,157.0,0.0,0.0,0.136986301369863,0.0547945205479452,2.1506849315068495
2023,12,20436,F9,12889,14679,LAS,SAN,30,0,0,0,30,0,2,0,-253.0,0.0,0.0,0.06666666666666667,0.0,-8.433333333333334
2023,12,20436,F9,12889,14747,LAS,SEA,38,0,0,0,38,0,4,0,-670.0,0.0,0.0,0.10526315789473684,0.0,-17.63157894736842
2023,12,20436,F9,12889,14771,LAS,SFO,62,0,0,0,62,0,18,10,696.0,0.0,0.0,0.2903225806451613,0.16129032258064516,11.225806451612904
2023,12,20436,F9,12889,14869,LAS,SLC,29,0,0,0,29,0,8,1,30.0,0.0,0.0,0.27586206896551724,0.034482758620689655,1.0344827586206897
2023,12,20436,F9,12889,15016,LAS,STL,9,0,0,0,9,0,0,0,-68.0,0.0,0.0,0.0,0.0,-7.555555555555555
2023,12,20436,F9,12953,10397,LGA,ATL,30,0,0,0,30,0,5,1,-17.0,0.0,0.0,0.16666666666666666,0.03333333333333333,-0.5666666666666667
2023,12,20436,F9,12953,11298,LGA,DFW,31,0,0,0,31,0,5,3,-342.0,0.0,0.0,0.16129032258064516,0.0967741935483871,-11.03225806451613
2023,12,20436,F9,12953,13204,LGA,MCO,31,0,0,0,31,0,11,5,638.0,0.0,0.0,0.3548387096774194,0.16129032258064516,20.580645161290324
2023,12,20436,F9,12953,13303,LGA,MIA,29,0,0,0,29,0,10,9,1697.0,0.0,0.0,0.3448275862068966,0.3103448275862069,58.51724137931034
2023,12,20436,F9,13204,10397,MCO,ATL,93,0,0,0,93,0,31,13,2097.0,0.0,0.0,0.3333333333333333,0.13978494623655913,22.548387096774192
2023,12,20436,F9,13204,10721,MCO,BOS,25,0,0,0,25,0,6,2,159.0,0.0,0.0,0.24,0.08,6.36
2023,12,20436,F9,13204,10821,MCO,BWI,75,0,0,0,75,0,8,3,-300.0,0.0,0.0,0.10666666666666667,0.04,-4.0
2023,12,20436,F9,13204,11292,MCO,DEN,91,0,0,0,91,0,21,6,206.0,0.0,0.0,0.23076923076923078,0.06593406593406594,2.2637362637362637
2023,12,20436,F9,13204,11298,MCO,DFW,63,0,0,0,63,0,19,7,697.0,0.0,0.0,0.30158730158730157,0.1111111111111111,11.063492063492063
2023,12,20436,F9,13204,11433,MCO,DTW,62,0,0,0,62,0,11,6,175.0,0.0,0.0,0.1774193548387097,0.0967741935483871,2.8225806451612905
2023,12,20436,F9,13204,12266,MCO,IAH,62,0,0,0,62,0,17,5,1429.0,0.0,0.0,0.27419354838709675,0.08064516129032258,23.048387096774192
2023,12,20436,F9,13204,12889,MCO,LAS,31,0,0,0,31,0,5,3,-15.0,0.0,0.0,0.16129032258064516,0.0967741935483871,-0.4838709677419355
2023,12,20436,F9,13204,12953,MCO,LGA,31,0,0,0,31,0,10,3,390.0,0.0,0.0,0.3225806451612903,0.0967741935483871,12.580645161290322
2023,12,20436,F9,13204,13232,MCO,MDW,38,0,0,0,38,0,9,1,28.0,0.0,0.0,0.23684210526315788,0.02631578947368421,0.7368421052631579
2023,12,20436,F9,13204,13487,MCO,MSP,30,0,0,0,30,0,5,1,-81.0,0.0,0.0,0.16666666666666666,0.03333333333333333,-2.7
2023,12,20436,F9,13204,13930,MCO,ORD,31,0,1,0,30,0,14,1,354.0,0.0,0.03225806451612903,0.4666666666666667,0.03333333333333333,11.8
2023,12,20436,F9,13204,14100,MCO,PHL,202,1,0,0,201,0,64,27,4410.0,0.0049504950495049506,0.0,0.31840796019900497,0.13432835820895522,21.940298507462686
2023,12,20436,F9,13204,14107,MCO,PHX,31,0,0,0,31,0,15,4,789.0,0.0,0.0,0.4838709677419355,0.12903225806451613,25.451612903225808
2023,12,20436,F9,13204,15016,MCO,STL,40,0,0,0,40,0,4,2,-38.0,0.0,0.0,0.1,0.05,-0.95
2023,12,20436,F9,13232,10397,MDW,ATL,31,1,0,0,30,0,6,2,142.0,0.03225806451612903,0.0,0.2,0.06666666666666667,4.733333333333333
2023,12,20436,F9,13232,11292,MDW,DEN,31,1,0,0,30,0,1,1,-149.0,0.03225806451612903,0.0,0.03333333333333333,0.03333333333333333,-4.966666666666667
2023,12,20436,F9,13232,11298,MDW,DFW,37,0,0,0,37,0,7,4,543.0,0.0,0.0,0.1891891891891892,0.10810810810810811,14.675675675675675
2023,12,20436,F9,13232,12889,MDW,LAS,31,0,0,0,31,0,8,6,1929.0,0.0,0.0,0.25806451612903225,0.1935483870967742,62.225806451612904
2023,12,20436,F9,13232,13204,MDW,MCO,38,0,0,0,38,0,13,6,614.0,0.0,0.0,0.34210526315789475,0.15789473684210525,16.157894736842106
2023,12,20436,F9,13232,13303,MDW,MIA,27,1,0,0,26,0,8,3,335.0,0.037037037037037035,0.0,0.3076923076923077,0.11538461538461539,12.884615384615385
2023,12,20436,F9,13232,14100,MDW,PHL,31,0,0,0,31,0,7,2,308.0,0.0,0.0,0.22580645161290322,0.06451612903225806,9.935483870967742
2023,12,20436,F9,13232,14107,MDW,PHX,24,0,0,0,24,0,2,1,65.0,0.0,0.0,0.08333333333333333,0.041666666666666664,2.7083333333333335
2023,12,20436,F9,13232,14771,MDW,SFO,31,1,0,0,30,0,15,6,438.0,0.03225806451612903,0.0,0.5,0.2,14.6
2023,12,20436,F9,13232,15304,MDW,TPA,27,1,0,0,26,0,2,0,5.0,0.037037037037037035,0.0,0.07692307692307693,0.0,0.19230769230769232
2023,12,20436,F9,13303,10397,MIA,ATL,62,0,0,0,62,0,14,1,-91.0,0.0,0.0,0.22580645161290322,0.016129032258064516,-1.467741935483871
2023,12,20436,F9,13303,10821,MIA,BWI,31,1,1,0,29,0,5,1,175.0,0.03225806451612903,0.03225806451612903,0.1724137931034483,0.034482758620689655,6.0344827586206895
2023,12,20436,F9,13303,11292,MIA,DEN,30,0,0,0,30,0,3,1,-143.0,0.0,0.0,0.1,0.03333333333333333,-4.766666666666667
2023,12,20436,F9,13303,11298,MIA,DFW,20,0,0,0,20,0,5,3,456.0,0.0,0.0,0.25,0.15,22.8
2023,12,20436,F9,13303,12953,MIA,LGA,29,0,0,0,29,0,9,7,609.0,0.0,0.0,0.3103448275862069,0.2413793103448276,21.0
2023,12,20436,F9,13303,13232,MIA,MDW,27,0,0,0,27,0,6,1,290.0,0.0,0.0,0.2222222222222222,0.037037037037037035,10.74074074074074
2023,12,20436,F9,13303,14100,MIA,PHL,35,0,0,0,35,0,8,1,-54.0,0.0,0.0,0.22857142857142856,0.02857142857142857,-1.542857142857143
2023,12,20436,F9,13487,11292,MSP,DEN,38,0,0,0,38,0,5,0,-527.0,0.0,0.0,0.13157894736842105,0.0,-13.868421052631579
2023,12,20436,F9,13487,13204,MSP,MCO,30,0,0,0,30,0,7,3,58.0,0.0,0.0,0.23333333333333334,0.1,1.9333333333333333
2023,12,20436,F9,13487,14107,MSP,PHX,7,0,0,0,7,0,0,0,-245.0,0.0,0.0,0.0,0.0,-35.0
2023,12,20436,F9,13487,14635,MSP,RSW,31,0,1,0,30,0,6,1,-182.0,0.0,0.03225806451612903,0.2,0.03333333333333333,-6.066666666666666
2023,12,20436,F9,13930,10397,ORD,ATL,31,0,0,0,31,0,7,2,472.0,0.0,0.0,0.22580645161290322,0.06451612903225806,15.225806451612904
2023,12,20436,F9,13930,13204,ORD,MCO,31,0,0,0,31,0,9,3,431.0,0.0,0.0,0.2903225806451613,0.0967741935483871,13.903225806451612
2023,12,20436,F9,13930,14107,ORD,PHX,19,0,0,0,19,0,3,1,10.0,0.0,0.0,0.15789473684210525,0.05263157894736842,0.5263157894736842
2023,12,20436,F9,14100,10397,PHL,ATL,65,0,0,0,65,0,28,7,1404.0,0.0,0.0,0.4307692307692308,0.1076923076923077,21.6
2023,12,20436,F9,14100,10721,PHL,BOS,13,0,0,0,13,0,7,1,214.0,0.0,0.0,0.5384615384615384,0.07692307692307693,16.46153846153846
2023,12,20436,F9,14100,11292,PHL,DEN,31,0,0,0,31,0,6,4,59.0,0.0,0.0,0.1935483870967742,0.12903225806451613,1.903225806451613
2023,12,20436,F9,14100,11298,PHL,DFW,17,0,0,0,17,0,2,1,-105.0,0.0,0.0,0.11764705882352941,0.058823529411764705,-6.176470588235294
2023,12,20436,F9,14100,11697,PHL,FLL,31,0,0,0,31,0,11,2,515.0,0.0,0.0,0.3548387096774194,0.06451612903225806,16.612903225806452
2023,12,20436,F9,14100,13204,PHL,MCO,202,1,0,0,201,0,58,31,4639.0,0.0049504950495049506,0.0,0.2885572139303483,0.15422885572139303,23.079601990049753
2023,12,20436,F9,14100,13232,PHL,MDW,31,0,1,0,30,0,11,6,538.0,0.0,0.03225806451612903,0.36666666666666664,0.2,17.933333333333334
2023,12,20436,F9,14100,13303,PHL,MIA,35,0,0,0,35,0,11,4,527.0,0.0,0.0,0.3142857142857143,0.11428571428571428,15.057142857142857
2023,12,20436,F9,14100,14635,PHL,RSW,79,1,0,0,78,0,21,9,1073.0,0.012658227848101266,0.0,0.2692307692307692,0.11538461538461539,13.756410256410257
2023,12,20436,F9,14100,15304,PHL,TPA,96,0,0,0,96,0,28,11,849.0,0.0,0.0,0.2916666666666667,0.11458333333333333,8.84375
2023,12,20436,F9,14107,10397,PHX,ATL,31,0,1,0,30,0,6,1,-53.0,0.0,0.03225806451612903,0.2,0.03333333333333333,-1.7666666666666666
2023,12,20436,F9,14107,10821,PHX,BWI,17,0,0,0,17,0,9,3,440.0,0.0,0.0,0.5294117647058824,0.17647058823529413,25.88235294117647
2023,12,20436,F9,14107,11292,PHX,DEN,129,0,0,0,129,0,21,9,1851.0,0.0,0.0,0.16279069767441862,0.06976744186046512,14.348837209302326
2023,12,20436,F9,14107,11298,PHX,DFW,31,0,0,0,31,0,5,0,-9.0,0.0,0.0,0.16129032258064516,0.0,-0.2903225806451613
2023,12,20436,F9,14107,11433,PHX,DTW,31,0,0,0,31,0,4,0,70.0,0.0,0.0,0.12903225806451613,0.0,2.2580645161290325
2023,12,20436,F9,14107,12266,PHX,IAH,20,0,0,0,20,0,3,1,217.0,0.0,0.0,0.15,0.05,10.85
2023,12,20436,F9,14107,12889,PHX,LAS,73,0,0,0,73,0,14,4,552.0,0.0,0.0,0.1917808219178082,0.0547945205479452,7.561643835616438
2023,12,20436,F9,14107,13204,PHX,MCO,31,0,0,0,31,0,7,1,371.0,0.0,0.0,0.22580645161290322,0.03225806451612903,11.96774193548387
2023,12,20436,F9,14107,13232,PHX,MDW,24,0,0,0,24,0,2,1,284.0,0.0,0.0,0.08333333333333333,0.041666666666666664,11.833333333333334
2023,12,20436,F9,14107,13487,PHX,MSP,7,0,0,0,7,0,0,0,-64.0,0.0,0.0,0.0,0.0,-9.142857142857142
2023,12,20436,F9,14107,13930,PHX,ORD,19,0,0,0,19,0,9,2,326.0,0.0,0.0,0.47368421052631576,0.10526315789473684,17.157894736842106
2023,12,20436,F9,14107,14679,PHX,SAN,64,0,0,0,64,0,8,3,-162.0,0.0,0.0,0.125,0.046875,-2.53125
2023,12,20436,F9,14107,14747,PHX,SEA,26,0,0,0,26,0,1,0,-247.0,0.0,0.0,0.038461538461538464,0.0,-9.5
2023,12,20436,F9,14107,14771,PHX,SFO,37,0,0,0,37,0,6,3,-64.0,0.0,0.0,0.16216216216216217,0.08108108108108109,-1.7297297297297298
2023,12,20436,F9,14107,14869,PHX,SLC,62,0,0,0,62,0,5,1,-308.0,0.0,0.0,0.08064516129032258,0.016129032258064516,-4.967741935483871
2023,12,20436,F9,14635,11292,RSW,DEN,18,0,0,0,18,0,3,0,-137.0,0.0,0.0,0.16666666666666666,0.0,-7.611111111111111
2023,12,20436,F9,14635,11433,RSW,DTW,13,0,0,0,13,0,6,4,972.0,0.0,0.0,0.46153846153846156,0.3076923076923077,74.76923076923077
2023,12,20436,F9,14635,13487,RSW,MSP,31,1,0,0,30,0,11,6,532.0,0.03225806451612903,0.0,0.36666666666666664,0.2,17.733333333333334
2023,12,20436,F9,14635,14100,RSW,PHL,79,1,0,0,78,0,19,9,1006.0,0.012658227848101266,0.0,0.24358974358974358,0.11538461538461539,12.897435897435898
2023,12,20436,F9,14679,10397,SAN,ATL,31,0,0,0,31,0,2,0,-665.0,0.0,0.0,0.06451612903225806,0.0,-21.451612903225808
2023,12,20436,F9,14679,11292,SAN,DEN,62,0,0,0,62,0,4,1,-333.0,0.0,0.0,0.06451612903225806,0.016129032258064516,-5.370967741935484
2023,12,20436,F9,14679,11298,SAN,DFW,35,0,0,0,35,0,4,1,-20.0,0.0,0.0,0.11428571428571428,0.02857142857142857,-0.5714285714285714
2023,12,20436,F9,14679,12889,SAN,LAS,31,0,0,0,31,0,5,1,-11.0,0.0,0.0,0.16129032258064516,0.03225806451612903,-0.3548387096774194
2023,12,20436,F9,14679,14107,SAN,PHX,64,0,0,0,64,0,20,5,555.0,0.0,0.0,0.3125,0.078125,8.671875
2023,12,20436,F9,14747,11292,SEA,DEN,30,0,0,0,30,0,7,2,244.0,0.0,0.0,0.23333333333333334,0.06666666666666667,8.133333333333333
2023,12,20436,F9,14747,12889,SEA,LAS,38,0,0,0,38,0,5,0,-327.0,0.0,0.0,0.13157894736842105,0.0,-8.605263157894736
2023,12,20436,F9,14747,14107,SEA,PHX,26,0,0,0,26,0,5,0,-2.0,0.0,0.0,0.19230769230769232,0.0,-0.07692307692307693
2023,12,20436,F9,14771,10397,SFO,ATL,31,0,0,0,31,0,12,3,485.0,0.0,0.0,0.3870967741935484,0.0967741935483871,15.64516129032258
2023,12,20436,F9,14771,11292,SFO,DEN,62,0,0,0,62,0,17,6,1361.0,0.0,0.0,0.27419354838709675,0.0967741935483871,21.951612903225808
2023,12,20436,F9,14771,11298,SFO,DFW,31,0,0,0,31,0,9,6,519.0,0.0,0.0,0.2903225806451613,0.1935483870967742,16.741935483870968
2023,12,20436,F9,14771,11433,SFO,DTW,17,0,0,0,17,0,10,1,282.0,0.0,0.0,0.5882352941176471,0.058823529411764705,16.58823529411765
2023,12,20436,F9,14771,12889,SFO,LAS,62,0,0,0,62,0,20,12,763.0,0.0,0.0,0.3225806451612903,0.1935483870967742,12.306451612903226
2023,12,20436,F9,14771,13232,SFO,MDW,31,0,1,0,30,0,12,6,671.0,0.0,0.03225806451612903,0.4,0.2,22.366666666666667
2023,12,20436,F9,14771,14107,SFO,PHX,37,0,0,0,37,0,5,5,198.0,0.0,0.0,0.13513513513513514,0.13513513513513514,5.351351351351352
2023,12,20436,F9,14869,11292,SLC,DEN,66,1,0,0,65,0,16,5,661.0,0.015151515151515152,0.0,0.24615384615384617,0.07692307692307693,10.169230769230769
2023,12,20436,F9,14869,12889,SLC,LAS,29,0,0,0,29,0,4,1,-164.0,0.0,0.0,0.13793103448275862,0.034482758620689655,-5.655172413793103
2023,12,20436,F9,14869,14107,SLC,PHX,62,0,0,0,62,0,10,3,-340.0,0.0,0.0,0.16129032258064516,0.04838709677419355,-5.483870967741935
2023,12,20436,F9,15016,11292,STL,DEN,31,0,0,0,31,0,4,0,-332.0,0.0,0.0,0.12903225806451613,0.0,-10.709677419354838
2023,12,20436,F9,15016,12889,STL,LAS,9,0,0,0,9,0,0,0,-188.0,0.0,0.0,0.0,0.0,-20.88888888888889
2023,12,20436,F9,15016,13204,STL,MCO,40,0,0,0,40,0,13,4,1529.0,0.0,0.0,0.325,0.1,38.225
2023,12,20436,F9,15304,10397,TPA,ATL,56,1,0,0,55,0,21,8,1262.0,0.017857142857142856,0.0,0.38181818181818183,0.14545454545454545,22.945454545454545
2023,12,20436,F9,15304,10821,TPA,BWI,31,0,0,0,31,0,8,4,542.0,0.0,0.0,0.25806451612903225,0.12903225806451613,17.483870967741936
2023,12,20436,F9,15304,11292,TPA,DEN,62,0,0,0,62,0,9,2,-330.0,0.0,0.0,0.14516129032258066,0.03225806451612903,-5.32258064516129
2023,12,20436,F9,15304,11298,TPA,DFW,18,0,0,0,18,0,5,3,192.0,0.0,0.0,0.2777777777777778,0.16666666666666666,10.666666666666666
2023,12,20436,F9,15304,11433,TPA,DTW,28,0,0,0,28,0,11,4,674.0,0.0,0.0,0.39285714285714285,0.14285714285714285,24.071428571428573
2023,12,20436,F9,15304,13232,TPA,MDW,27,1,0,0,26,0,5,2,314.0,0.037037037037037035,0.0,0.19230769230769232,0.07692307692307693,12.076923076923077
2023,12,20436,F9,15304,14100,TPA,PHL,96,0,0,0,96,0,24,6,47.0,0.0,0.0,0.25,0.0625,0.4895833333333333
2023,12,20452,YX,10397,11278,ATL,DCA,66,1,0,0,65,0,11,0,-156.0,0.015151515151515152,0.0,0.16923076923076924,0.0,-2.4
2023,12,20452,YX,10397,11618,ATL,EWR,14,0,0,0,14,0,1,0,-116.0,0.0,0.0,0.07142857142857142,0.0,-8.285714285714286
2023,12,20452,YX,10397,13303,ATL,MIA,3,0,0,0,3,0,0,0,-23.0,0.0,0.0,0.0,0.0,-7.666666666666667
2023,12,20452,YX,10397,13930,ATL,ORD,1,0,0,0,1,0,0,0,-5.0,0.0,0.0,0.0,0.0,-5.0
2023,12,20452,YX,10397,14100,ATL,PHL,50,0,0,0,50,0,5,0,-450.0,0.0,0.0,0.1,0.0,-9.0
2023,12,20452,YX,10721,10821,BOS,BWI,51,1,0,0,50,0,6,2,-200.0,0.0196078431372549,0.0,0.12,0.04,-4.0
2023,12,20452,YX,10721,11278,BOS,DCA,260,5,0,0,255,0,28,12,-1851.0,0.019230769230769232,0.0,0.10980392156862745,0.047058823529411764,-7.258823529411765
2023,12,20452,YX,10721,11618,BOS,EWR,66,0,0,0,66,0,3,2,-146.0,0.0,0.0,0.045454545454545456,0.030303030303030304,-2.212121212121212
2023,12,20452,YX,10721,12478,BOS,JFK,155,4,0,0,151,0,18,10,-202.0,0.025806451612903226,0.0,0.11920529801324503,0.06622516556291391,-1.3377483443708609
2023,12,20452,YX,10721,12953,BOS,LGA,254,8,0,0,246,0,25,7,-2791.0,0.031496062992125984,0.0,0.1016260162601626,0.028455284552845527,-11.345528455284553
2023,12,20452,YX,10721,13303,BOS,MIA,5,0,1,0,4,0,0,0,-18.0,0.0,0.2,0.0,0.0,-4.5
2023,12,20452,YX,10721,13930,BOS,ORD,57,2,0,0,55,0,1,1,-1305.0,0.03508771929824561,0.0,0.01818181818181818,0.01818181818181818,-23.727272727272727
2023,12,20452,YX,10721,14100,BOS,PHL,106,2,1,0,103,0,8,3,-1290.0,0.018867924528301886,0.009433962264150943,0.07766990291262135,0.02912621359223301,-12.524271844660195
2023,12,20452,YX,10721,15016,BOS,STL,4,0,0,0,4,0,0,0,-116.0,0.0,0.0,0.0,0.0,-29.0
2023,12,20452,YX,10821,10721,BWI,BOS,51,0,0,0,51,0,8,4,-146.0,0.0,0.0,0.1568627450980392,0.0784313725490196,-2.8627450980392157
2023,12,20452,YX,10821,12478,BWI,JFK,8,1,0,0,7,0,0,0,-85.0,0.125,0.0,0.0,0.0,-12.142857142857142
2023,12,20452,YX,11278,10397,DCA,ATL,67,1,0,0,66,0,3,1,-705.0,0.014925373134328358,0.0,0.045454545454545456,0.015151515151515152,-10.681818181818182
2023,12,20452,YX,11278,10721,DCA,BOS,260,6,2,0,252,0,13,5,-3229.0,0.023076923076923078,0.007692307692307693,0.051587301587301584,0.01984126984126984,-12.813492063492063
2023,12,20452,YX,11278,11618,DCA,EWR,19,0,0,0,19,0,5,1,-71.0,0.0,0.0,0.2631578947368421,0.05263157894736842,-3.736842105263158
2023,12,20452,YX,11278,12478,DCA,JFK,173,3,0,0,170,0,26,9,-463.0,0.017341040462427744,0.0,0.15294117647058825,0.052941176470588235,-2.723529411764706
2023,12,20452,YX,11278,12953,DCA,LGA,205,2,0,0,203,0,31,3,-1738.0,0.00975609756097561,0.0,0.15270935960591134,0.014778325123152709,-8.561576354679802
2023,12,20452,YX,11278,13303,DCA,MIA,8,0,0,0,8,0,2,1,-10.0,0.0,0.0,0.25,0.125,-1.25
2023,12,20452,YX,11278,13487,DCA,MSP,13,0,0,0,13,0,0,0,-380.0,0.0,0.0,0.0,0.0,-29.23076923076923
2023,12,20452,YX,11278,13930,DCA,ORD,19,0,0,0,19,0,0,0,-381.0,0.0,0.0,0.0,0.0,-20.05263157894737
2023,12,20452,YX,11278,14100,DCA,PHL,61,0,1,0,60,0,5,0,-483.0,0.0,0.01639344262295082,0.08333333333333333,0.0,-8.05
2023,12,20452,YX,11278,15016,DCA,STL,20,0,0,0,20,0,1,0,-288.0,0.0,0.0,0.05,0.0,-14.4
2023,12,20452,YX,11298,11618,DFW,EWR,3,0,0,0,3,0,0,0,-79.0,0.0,0.0,0.0,0.0,-26.333333333333332
2023,12,20452,YX,11433,11618,DTW,EWR,63,0,0,0,63,0,5,2,-842.0,0.0,0.0,0.07936507936507936,0.031746031746031744,-13.365079365079366
2023,12,20452,YX,11433,12953,DTW,LGA,55,0,1,0,54,0,3,1,-492.0,0.0,0.01818181818181818,0.05555555555555555,0.018518518518518517,-9.11111111111111
2023,12,20452,YX,11433,13930,DTW,ORD,41,0,0,0,41,0,1,1,-627.0,0.0,0.0,0.024390243902439025,0.024390243902439025,-15.292682926829269
2023,12,20452,YX,11433,14100,DTW,PHL,5,0,0,0,5,0,2,0,16.0,0.0,0.0,0.4,0.0,3.2
2023,12,20452,YX,11618,10397,EWR,ATL,25,0,1,0,24,0,2,0,-262.0,0.0,0.04,0.08333333333333333,0.0,-10.916666666666666
2023,12,20452,YX,11618,10721,EWR,BOS,66,0,0,0,66,0,5,2,-457.0,0.0,0.0,0.07575757575757576,0.030303030303030304,-6.924242424242424
2023,12,20452,YX,11618,11278,EWR,DCA,19,0,0,0,19,0,3,1,56.0,0.0,0.0,0.15789473684210525,0.05263157894736842,2.9473684210526314
2023,12,20452,YX,11618,11298,EWR,DFW,3,0,0,0,3,0,0,0,-2.0,0.0,0.0,0.0,0.0,-0.6666666666666666
2023,12,20452,YX,11618,11433,EWR,DTW,64,0,0,0,64,0,3,1,-650.0,0.0,0.0,0.046875,0.015625,-10.15625
2023,12,20452,YX,11618,13487,EWR,MSP,22,0,0,0,22,0,0,0,-394.0,0.0,0.0,0.0,0.0,-17.90909090909091
2023,12,20452,YX,11618,13930,EWR,ORD,5,0,0,0,5,0,1,0,-55.0,0.0,0.0,0.2,0.0,-11.0
2023,12,20452,YX,11618,14100,EWR,PHL,5,0,0,0,5,0,0,0,-80.0,0.0,0.0,0.0,0.0,-16.0
2023,12,20452,YX,11618,15016,EWR,STL,51,0,0,0,51,0,3,0,-1074.0,0.0,0.0,0.058823529411764705,0.0,-21.058823529411764
2023,12,20452,YX,12266,13930,IAH,ORD,2,0,0,0,2,0,0,0,-53.0,0.0,0.0,0.0,0.0,-26.5
2023,12,20452,YX,12478,10721,JFK,BOS,154,3,1,0,150,0,17,9,-610.0,0.01948051948051948,0.006493506493506494,0.11333333333333333,0.06,-4.066666666666666
2023,12,20452,YX,12478,10821,JFK,BWI,8,0,0,0,8,0,1,1,-118.0,0.0,0.0,0.125,0.125,-14.75
2023,12,20452,YX,12478,11278,JFK,DCA,173,4,0,0,169,0,17,5,-2907.0,0.023121387283236993,0.0,0.10059171597633136,0.029585798816568046,-17.201183431952664
2023,12,20452,YX,12478,13930,JFK,ORD,29,0,0,0,29,0,1,0,-564.0,0.0,0.0,0.034482758620689655,0.0,-19.448275862068964
2023,12,20452,YX,12953,10721,LGA,BOS,255,8,0,0,247,0,32,8,-2181.0,0.03137254901960784,0.0,0.12955465587044535,0.032388663967611336,-8.82995951417004
2023,12,20452,YX,12953,11278,LGA,DCA,204,3,0,0,201,0,13,5,-2818.0,0.014705882352941176,0.0,0.06467661691542288,0.024875621890547265,-14.019900497512438
2023,12,20452,YX,12953,11433,LGA,DTW,55,0,0,0,55,0,3,1,-942.0,0.0,0.0,0.05454545454545454,0.01818181818181818,-17.12727272727273
2023,12,20452,YX,12953,13303,LGA,MIA,5,0,0,0,5,0,0,0,-62.0,0.0,0.0,0.0,0.0,-12.4
2023,12,20452,YX,12953,13487,LGA,MSP,51,0,0,0,51,0,2,1,-1007.0,0.0,0.0,0.0392156862745098,0.0196078431372549,-19.745098039215687
2023,12,20452,YX,12953,13930,LGA,ORD,61,1,0,0,60,0,3,1,-1496.0,0.01639344262295082,0.0,0.05,0.016666666666666666,-24.933333333333334
2023,12,20452,YX,12953,14100,LGA,PHL,54,0,0,0,54,0,4,3,-553.0,0.0,0.0,0.07407407407407407,0.05555555555555555,-10.24074074074074
2023,12,20452,YX,12953,15016,LGA,STL,49,0,1,0,48,0,2,1,-863.0,0.0,0.02040816326530612,0.041666666666666664,0.020833333333333332,-17.979166666666668
2023,12,20452,YX,13303,10397,MIA,ATL,3,0,0,0,3,0,0,0,2.0,0.0,0.0,0.0,0.0,0.6666666666666666
2023,12,20452,YX,13303,10721,MIA,BOS,5,0,0,0,5,0,2,0,31.0,0.0,0.0,0.4,0.0,6.2
2023,12,20452,YX,13303,11278,MIA,DCA,8,0,0,0,8,0,0,0,-111.0,0.0,0.0,0.0,0.0,-13.875
2023,12,20452,YX,13303,12953,MIA,LGA,5,0,0,0,5,0,2,0,2.0,0.0,0.0,0.4,0.0,0.4
2023,12,20452,YX,13303,15304,MIA,TPA,3,0,0,0,3,0,0,0,-38.0,0.0,0.0,0.0,0.0,-12.666666666666666
2023,12,20452,YX,13487,11278,MSP,DCA,13,0,0,0,13,0,1,0,-229.0,0.0,0.0,0.07692307692307693,0.0,-17.615384615384617
2023,12,20452,YX,13487,11618,MSP,EWR,23,0,0,0,23,0,1,0,-418.0,0.0,0.0,0.043478260869565216,0.0,-18.17391304347826
2023,12,20452,YX,13487,12953,MSP,LGA,51,0,0,0,51,0,7,2,-564.0,0.0,0.0,0.13725490196078433,0.0392156862745098,-11.058823529411764
2023,12,20452,YX,13487,13930,MSP,ORD,33,0,0,0,33,0,2,0,-555.0,0.0,0.0,0.06060606060606061,0.0,-16.818181818181817
2023,12,20452,YX,13930,10397,ORD,ATL,1,0,0,0,1,0,1,1,105.0,0.0,0.0,1.0,1.0,105.0
2023,12,20452,YX,13930,10721,ORD,BOS,56,1,1,0,54,0,4,2,-127.0,0.017857142857142856,0.017857142857142856,0.07407407407407407,0.037037037037037035,-2.3518518518518516
2023,12,20452,YX,13930,11278,ORD,DCA,19,0,0,0,19,0,2,0,-214.0,0.0,0.0,0.10526315789473684,0.0,-11.263157894736842
2023,12,20452,YX,13930,11433,ORD,DTW,39,0,0,0,39,0,4,1,-210.0,0.0,0.0,0.10256410256410256,0.02564102564102564,-5.384615384615385
2023,12,20452,YX,13930,11618,ORD,EWR,5,0,0,0,5,0,1,0,36.0,0.0,0.0,0.2,0.0,7.2
2023,12,20452,YX,13930,12266,ORD,IAH,2,0,0,0,2,0,0,0,-51.0,0.0,0.0,0.0,0.0,-25.5
2023,12,20452,YX,13930,12478,ORD,JFK,28,0,0,0,28,0,4,1,-54.0,0.0,0.0,0.14285714285714285,0.03571428571428571,-1.9285714285714286
2023,12,20452,YX,13930,12953,ORD,LGA,62,0,0,0,62,0,4,0,-613.0,0.0,0.0,0.06451612903225806,0.0,-9.887096774193548
2023,12,20452,YX,13930,13487,ORD,MSP,33,0,0,0,33,0,2,0,-444.0,0.0,0.0,0.06060606060606061,0.0,-13.454545454545455
2023,12,20452,YX,13930,14100,ORD,PHL,1,0,0,0,1,0,0,0,-16.0,0.0,0.0,0.0,0.0,-16.0
2023,12,20452,YX,13930,15016,ORD,STL,34,0,0,0,34,0,1,0,-431.0,0.0,0.0,0.029411764705882353,0.0,-12.676470588235293
2023,12,20452,YX,14100,10397,PHL,ATL,51,0,0,0,51,0,2,0,-787.0,0.0,0.0,0.0392156862745098,0.0,-15.431372549019608
2023,12,20452,YX,14100,10721,PHL,BOS,108,2,0,0,106,0,10,4,-687.0,0.018518518518518517,0.0,0.09433962264150944,0.03773584905660377,-6.481132075471698
2023,12,20452,YX,14100,11278,PHL,DCA,62,0,0,0,62,0,8,2,-517.0,0.0,0.0,0.12903225806451613,0.03225806451612903,-8.338709677419354
2023,12,20452,YX,14100,11433,PHL,DTW,5,0,0,0,5,0,2,1,76.0,0.0,0.0,0.4,0.2,15.2
2023,12,20452,YX,14100,11618,PHL,EWR,5,0,0,0,5,0,1,0,-23.0,0.0,0.0,0.2,0.0,-4.6
2023,12,20452,YX,14100,12953,PHL,LGA,53,0,0,0,53,0,3,2,-380.0,0.0,0.0,0.05660377358490566,0.03773584905660377,-7.169811320754717
2023,12,20452,YX,14100,13930,PHL,ORD,1,0,0,0,1,0,0,0,-4.0,0.0,0.0,0.0,0.0,-4.0
2023,12,20452,YX,14100,15016,PHL,STL,1,0,0,0,1,0,0,0,-1.0,0.0,0.0,0.0,0.0,-1.0
2023,12,20452,YX,15016,10721,STL,BOS,4,0,0,0,4,0,0,0,-49.0,0.0,0.0,0.0,0.0,-12.25
2023,12,20452,YX,15016,11278,STL,DCA,21,0,0,0,21,0,0,0,-385.0,0.0,0.0,0.0,0.0,-18.333333333333332
2023,12,20452,YX,15016,11618,STL,EWR,51,0,0,0,51,0,5,2,-543.0,0.0,0.0,0.09803921568627451,0.0392156862745098,-10.647058823529411
2023,12,20452,YX,15016,12953,STL,LGA,49,0,0,0,49,0,6,3,-108.0,0.0,0.0,0.12244897959183673,0.061224489795918366,-2.204081632653061
2023,12,20452,YX,15016,13930,STL,ORD,53,0,0,0,53,0,2,0,-492.0,0.0,0.0,0.03773584905660377,0.0,-9.283018867924529
2023,12,20452,YX,15016,14100,STL,PHL,1,0,0,0,1,0,0,0,-10.0,0.0,0.0,0.0,0.0,-10.0
2023,12,20452,YX,15304,13303,TPA,MIA,3,0,0,0,3,0,1,0,4.0,0.0,0.0,0.3333333333333333,0.0,1.3333333333333333
